timestamp,cal_pm25_fa
1604681280,47.607506
1604681281,47.607506
1604681282,47.607506
1604681283,47.607506
1604681284,47.607506
1604681285,46.1498
1604681286,46.1498
1604681287,46.1498
1604681288,46.1498
1604681289,46.1498
1604681290,46.1498
1604681291,46.1498
1604681292,46.1498
1604681293,46.1498
1604681294,46.1498
1604681295,46.1498
1604681296,46.1498
1604681297,46.1498
1604681298,47.607506
1604681299,47.607506
1604681300,47.607506
1604681301,47.142212
1604681302,47.142212
1604681303,47.142212
1604681304,47.142212
1604681305,47.142212
1604681306,47.142212
1604681307,47.142212
1604681308,47.142212
1604681309,47.142212
1604681310,47.142212
1604681311,47.142212
1604681312,47.142212
1604681313,47.142212
1604681314,46.152275
1604681315,46.152275
1604681316,46.152275
1604681317,46.152275
1604681318,46.152275
1604681319,46.72857
1604681320,46.72857
1604681321,46.72857
1604681322,46.72857
1604681323,46.472214
1604681324,46.472214
1604681325,46.472214
1604681326,46.472214
1604681327,46.472214
1604681328,46.472214
1604681329,46.472214
1604681330,46.98543
1604681331,46.98543
1604681332,46.49674
1604681333,46.49674
1604681334,46.49674
1604681335,46.49674
1604681336,47.909203
1604681337,47.909203
1604681338,47.909203
1604681339,47.909203
1604681340,47.909203
1604681341,47.909203
1604681342,47.909203
1604681343,47.909203
1604681344,47.909203
1604681345,47.909203
1604681346,47.909203
1604681347,47.909203
1604681348,47.909203
1604681349,47.909203
1604681350,47.909203
1604681351,47.909203
1604681352,47.909203
1604681353,47.909203
1604681354,47.909203
1604681355,47.909203
1604681356,47.909203
1604681357,47.909203
1604681358,47.909203
1604681359,47.909203
1604681360,47.909203
1604681361,47.909203
1604681362,47.909203
1604681363,47.909203
1604681364,47.909203
1604681365,47.909203
1604681366,47.909203
1604681367,47.909203
1604681368,47.909203
1604681369,47.909203
1604681370,47.909203
1604681371,46.49674
1604681372,46.49674
1604681373,46.49674
1604681374,46.49674
1604681375,46.49674
1604681376,46.49674
1604681377,46.49674
1604681378,46.49674
1604681379,46.98543
1604681380,46.98543
1604681381,46.98543
1604681382,46.98543
1604681383,46.472214
1604681384,46.472214
1604681385,46.472214
1604681386,46.472214
1604681387,46.472214
1604681388,46.472214
1604681389,46.472214
1604681390,46.472214
1604681391,46.472214
1604681392,46.472214
1604681393,46.472214
1604681394,46.472214
1604681395,46.472214
1604681396,46.472214
1604681397,46.472214
1604681398,46.472214
1604681399,46.98543
1604681400,46.98543
1604681401,46.49674
1604681402,46.49674
1604681403,46.49674
1604681404,46.49674
1604681405,47.909203
1604681406,47.909203
1604681407,47.909203
1604681408,47.909203
1604681409,47.909203
1604681410,47.909203
1604681411,47.909203
1604681412,47.909203
1604681413,47.909203
1604681414,47.909203
1604681415,47.909203
1604681416,47.909203
1604681417,47.909203
1604681418,47.909203
1604681419,47.909203
1604681420,47.909203
1604681421,47.909203
1604681422,47.909203
1604681423,46.49674
1604681424,46.49674
1604681425,46.49674
1604681426,46.49674
1604681427,46.49674
1604681428,46.49674
1604681429,46.49674
1604681430,46.49674
1604681431,46.49674
1604681432,46.49674
1604681433,46.49674
1604681434,46.49674
1604681435,46.98543
1604681436,46.98543
1604681437,46.98543
1604681438,46.98543
1604681439,46.98543
1604681440,46.472214
1604681441,46.472214
1604681442,46.472214
1604681443,46.472214
1604681444,46.472214
1604681445,46.472214
1604681446,46.472214
1604681447,46.472214
1604681448,46.472214
1604681449,46.472214
1604681450,46.472214
1604681451,46.472214
1604681452,46.472214
1604681453,46.72857
1604681454,46.72857
1604681455,46.72857
1604681456,46.72857
1604681457,46.72857
1604681458,46.72857
1604681459,46.72857
1604681460,46.152275
1604681461,46.152275
1604681462,46.152275
1604681463,46.152275
1604681464,46.152275
1604681465,46.152275
1604681466,46.152275
1604681467,46.152275
1604681468,46.72857
1604681469,46.72857
1604681470,46.72857
1604681471,46.72857
1604681472,46.72857
1604681473,46.72857
1604681474,46.72857
1604681475,46.72857
1604681476,46.72857
1604681477,46.72857
1604681478,46.72857
1604681479,46.72857
1604681480,46.472214
1604681481,46.472214
1604681482,46.472214
1604681483,46.472214
1604681484,46.472214
1604681485,46.472214
1604681486,46.472214
1604681487,46.472214
1604681488,46.472214
1604681489,46.472214
1604681490,46.472214
1604681491,46.472214
1604681492,46.472214
1604681493,46.472214
1604681494,46.472214
1604681495,46.472214
1604681496,46.472214
1604681497,46.472214
1604681498,46.472214
1604681499,46.472214
1604681500,46.72857
1604681501,46.72857
1604681502,46.72857
1604681503,46.72857
1604681504,46.72857
1604681505,46.72857
1604681506,46.152275
1604681507,46.152275
1604681508,46.152275
1604681509,46.152275
1604681510,46.152275
1604681511,46.152275
1604681512,46.152275
1604681513,46.152275
1604681514,46.152275
1604681515,46.152275
1604681516,46.152275
1604681517,46.72857
1604681518,46.72857
1604681519,46.72857
1604681520,46.472214
1604681521,46.472214
1604681522,46.472214
1604681523,46.472214
1604681524,46.98543
1604681525,46.98543
1604681526,46.49674
1604681527,46.49674
1604681528,46.49674
1604681529,46.49674
1604681530,47.909203
1604681531,47.909203
1604681532,47.909203
1604681533,47.909203
1604681534,47.909203
1604681535,47.909203
1604681536,47.909203
1604681537,47.909203
1604681538,48.335026
1604681539,48.335026
1604681540,48.335026
1604681541,48.335026
1604681542,47.527126
1604681543,47.527126
1604681544,47.527126
1604681545,48.118366
1604681546,48.118366
1604681547,48.118366
1604681548,48.118366
1604681549,48.118366
1604681550,49.857655
1604681551,49.857655
1604681552,49.857655
1604681553,50.42538
1604681554,50.42538
1604681555,50.42538
1604681556,49.919395
1604681557,49.919395
1604681558,49.919395
1604681559,49.919395
1604681560,49.919395
1604681561,49.919395
1604681562,49.919395
1604681563,49.919395
1604681564,49.919395
1604681565,49.919395
1604681566,49.919395
1604681567,49.919395
1604681568,49.919395
1604681569,49.919395
1604681570,49.919395
1604681571,49.919395
1604681572,49.919395
1604681573,49.919395
1604681574,49.919395
1604681575,49.919395
1604681576,50.42538
1604681577,50.42538
1604681578,50.42538
1604681579,50.42538
1604681580,49.857655
1604681581,49.857655
1604681582,49.857655
1604681583,48.118366
1604681584,48.118366
1604681585,48.118366
1604681586,47.527126
1604681587,47.527126
1604681588,48.335026
1604681589,48.335026
1604681590,47.909203
1604681591,47.909203
1604681592,47.909203
1604681593,47.909203
1604681594,46.49674
1604681595,46.49674
1604681596,46.49674
1604681597,46.49674
1604681598,46.49674
1604681599,46.49674
1604681600,46.49674
1604681601,46.49674
1604681602,47.909203
1604681603,47.909203
1604681604,47.909203
1604681605,47.909203
1604681606,47.909203
1604681607,48.335026
1604681608,48.335026
1604681609,47.527126
1604681610,47.527126
1604681611,48.118366
1604681612,48.118366
1604681613,48.118366
1604681614,48.118366
1604681615,48.118366
1604681616,49.857655
1604681617,49.857655
1604681618,49.857655
1604681619,49.857655
1604681620,49.857655
1604681621,49.857655
1604681622,49.857655
1604681623,49.857655
1604681624,49.857655
1604681625,49.857655
1604681626,49.857655
1604681627,49.857655
1604681628,50.42538
1604681629,50.42538
1604681630,50.42538
1604681631,49.919395
1604681632,49.919395
1604681633,49.919395
1604681634,49.919395
1604681635,49.919395
1604681636,49.919395
1604681637,49.494644
1604681638,49.494644
1604681639,49.494644
1604681640,49.730846
1604681641,49.730846
1604681642,49.730846
1604681643,49.79289
1604681644,49.79289
1604681645,49.79289
1604681646,49.79289
1604681647,49.79289
1604681648,49.79289
1604681649,49.79289
1604681650,49.79289
1604681651,49.79289
1604681652,49.79289
1604681653,49.79289
1604681654,49.79289
1604681655,49.730846
1604681656,49.730846
1604681657,49.730846
1604681658,49.730846
1604681659,49.730846
1604681660,49.494644
1604681661,49.494644
1604681662,49.494644
1604681663,49.494644
1604681664,49.494644
1604681665,49.494644
1604681666,49.494644
1604681667,49.730846
1604681668,49.730846
1604681669,49.730846
1604681670,49.730846
1604681671,49.730846
1604681672,49.730846
1604681673,49.730846
1604681674,49.730846
1604681675,49.730846
1604681676,49.730846
1604681677,49.730846
1604681678,49.730846
1604681679,49.730846
1604681680,49.730846
1604681681,49.730846
1604681682,49.730846
1604681683,49.730846
1604681684,49.730846
1604681685,49.494644
1604681686,49.494644
1604681687,49.494644
1604681688,49.494644
1604681689,49.919395
1604681690,49.919395
1604681691,49.919395
1604681692,49.919395
1604681693,49.919395
1604681694,49.919395
1604681695,50.42538
1604681696,50.42538
1604681697,50.42538
1604681698,49.857655
1604681699,49.857655
1604681700,49.857655
1604681701,49.857655
1604681702,48.118366
1604681703,48.118366
1604681704,48.118366
1604681705,48.118366
1604681706,48.118366
1604681707,47.527126
1604681708,47.527126
1604681709,47.527126
1604681710,48.335026
1604681711,48.335026
1604681712,47.909203
1604681713,47.909203
1604681714,47.909203
1604681715,47.909203
1604681716,47.909203
1604681717,46.49674
1604681718,46.49674
1604681719,46.49674
1604681720,46.49674
1604681721,46.49674
1604681722,46.49674
1604681723,46.49674
1604681724,46.49674
1604681725,46.49674
1604681726,46.98543
1604681727,46.98543
1604681728,46.98543
1604681729,46.98543
1604681730,46.472214
1604681731,46.472214
1604681732,46.472214
1604681733,46.472214
1604681734,46.472214
1604681735,46.472214
1604681736,46.472214
1604681737,46.472214
1604681738,46.472214
1604681739,46.472214
1604681740,46.472214
1604681741,46.472214
1604681742,46.472214
1604681743,46.472214
1604681744,46.472214
1604681745,46.98543
1604681746,46.98543
1604681747,46.49674
1604681748,46.49674
1604681749,46.49674
1604681750,46.49674
1604681751,46.49674
1604681752,47.909203
1604681753,47.909203
1604681754,47.909203
1604681755,47.909203
1604681756,48.335026
1604681757,47.527126
1604681758,47.527126
1604681759,48.118366
1604681760,48.118366
1604681761,48.118366
1604681762,48.118366
1604681763,49.857655
1604681764,49.857655
1604681765,50.42538
1604681766,50.42538
1604681767,49.919395
1604681768,49.919395
1604681769,49.919395
1604681770,49.919395
1604681771,49.919395
1604681772,49.494644
1604681773,49.494644
1604681774,49.494644
1604681775,49.494644
1604681776,49.730846
1604681777,49.730846
1604681778,49.730846
1604681779,49.79289
1604681780,49.79289
1604681781,49.79289
1604681782,49.79289
1604681783,49.79289
1604681784,49.79289
1604681785,49.79289
1604681786,49.79289
1604681787,49.730846
1604681788,49.494644
1604681789,49.494644
1604681790,49.919395
1604681791,50.42538
1604681792,49.857655
1604681793,48.118366
1604681794,48.118366
1604681795,47.527126
1604681796,48.335026
1604681797,47.909203
1604681798,47.909203
1604681799,46.49674
1604681800,46.49674
1604681801,46.98543
1604681802,46.472214
1604681803,46.472214
1604681804,46.72857
1604681805,46.72857
1604681806,46.152275
1604681807,47.142212
1604681808,47.607506
1604681809,46.1498
1604681810,46.1498
1604681811,46.1498
1604681812,46.46377
1604681813,46.46377
1604681814,47.727013
1604681815,47.727013
1604681816,48.224
1604681817,48.224
1604681818,48.224
1604681819,48.224
1604681820,48.224
1604681821,48.224
1604681822,48.85198
1604681823,48.85198
1604681824,48.85198
1604681825,48.85198
1604681826,48.85198
1604681827,48.85198
1604681828,48.85198
1604681829,48.85198
1604681830,48.85198
1604681831,48.770763
1604681832,48.770763
1604681833,47.407715
1604681834,47.407715
1604681835,47.407715
1604681836,47.407715
1604681837,47.407715
1604681838,47.670647
1604681839,47.670647
1604681840,46.050053
1604681841,46.050053
1604681842,46.050053
1604681843,46.050053
1604681844,46.050053
1604681845,46.050053
1604681846,46.050053
1604681847,46.050053
1604681848,46.050053
1604681849,46.050053
1604681850,46.050053
1604681851,46.050053
1604681852,46.050053
1604681853,47.670647
1604681854,47.670647
1604681855,47.670647
1604681856,47.670647
1604681857,47.670647
1604681858,47.670647
1604681859,47.670647
1604681860,47.670647
1604681861,47.670647
1604681862,47.670647
1604681863,47.407715
1604681864,47.407715
1604681865,47.407715
1604681866,47.407715
1604681867,47.407715
1604681868,47.407715
1604681869,47.407715
1604681870,47.407715
1604681871,47.407715
1604681872,47.407715
1604681873,47.407715
1604681874,47.407715
1604681875,48.770763
1604681876,48.770763
1604681877,48.770763
1604681878,48.770763
1604681879,48.85198
1604681880,48.85198
1604681881,48.85198
1604681882,48.85198
1604681883,48.85198
1604681884,48.85198
1604681885,48.224
1604681886,48.224
1604681887,48.224
1604681888,48.224
1604681889,48.224
1604681890,48.224
1604681891,48.224
1604681892,47.727013
1604681893,47.727013
1604681894,47.727013
1604681895,47.727013
1604681896,47.727013
1604681897,46.46377
1604681898,46.46377
1604681899,46.46377
1604681900,46.46377
1604681901,46.46377
1604681902,47.727013
1604681903,47.727013
1604681904,47.727013
1604681905,47.727013
1604681906,47.727013
1604681907,47.727013
1604681908,48.224
1604681909,48.224
1604681910,48.224
1604681911,48.224
1604681912,48.224
1604681913,48.224
1604681914,48.224
1604681915,48.224
1604681916,48.224
1604681917,48.224
1604681918,48.224
1604681919,48.224
1604681920,48.224
1604681921,48.224
1604681922,47.727013
1604681923,47.727013
1604681924,47.727013
1604681925,46.46377
1604681926,46.46377
1604681927,46.1498
1604681928,46.1498
1604681929,46.1498
1604681930,46.1498
1604681931,46.1498
1604681932,47.607506
1604681933,47.607506
1604681934,47.607506
1604681935,47.142212
1604681936,47.142212
1604681937,47.142212
1604681938,47.142212
1604681939,46.152275
1604681940,46.152275
1604681941,46.152275
1604681942,46.72857
1604681943,46.72857
1604681944,46.72857
1604681945,46.72857
1604681946,46.72857
1604681947,46.472214
1604681948,46.472214
1604681949,46.472214
1604681950,46.472214
1604681951,46.472214
1604681952,46.472214
1604681953,46.472214
1604681954,46.472214
1604681955,46.472214
1604681956,46.472214
1604681957,46.472214
1604681958,46.472214
1604681959,46.472214
1604681960,46.472214
1604681961,46.472214
1604681962,46.472214
1604681963,46.72857
1604681964,46.72857
1604681965,46.72857
1604681966,46.72857
1604681967,46.72857
1604681968,46.72857
1604681969,46.72857
1604681970,46.72857
1604681971,46.72857
1604681972,46.152275
1604681973,46.152275
1604681974,46.152275
1604681975,46.152275
1604681976,46.152275
1604681977,46.152275
1604681978,47.142212
1604681979,47.142212
1604681980,47.142212
1604681981,47.142212
1604681982,47.142212
1604681983,47.142212
1604681984,47.142212
1604681985,47.142212
1604681986,47.142212
1604681987,47.142212
1604681988,47.142212
1604681989,47.142212
1604681990,47.142212
1604681991,47.142212
1604681992,47.142212
1604681993,47.142212
1604681994,47.142212
1604681995,47.142212
1604681996,47.142212
1604681997,47.142212
1604681998,47.142212
1604681999,47.142212
1604682000,47.142212
1604682001,47.142212
1604682002,46.152275
1604682003,46.152275
1604682004,46.152275
1604682005,46.152275
1604682006,46.152275
1604682007,46.152275
1604682008,46.152275
1604682009,46.152275
1604682010,46.152275
1604682011,46.152275
1604682012,46.152275
1604682013,46.152275
1604682014,46.152275
1604682015,46.152275
1604682016,47.142212
1604682017,47.142212
1604682018,47.142212
1604682019,47.142212
1604682020,47.142212
1604682021,47.142212
1604682022,47.142212
1604682023,47.142212
1604682024,47.607506
1604682025,47.607506
1604682026,47.142212
1604682027,47.142212
1604682028,47.142212
1604682029,47.142212
1604682030,47.142212
1604682031,46.152275
1604682032,46.152275
1604682033,46.152275
1604682034,46.152275
1604682035,46.72857
1604682036,46.72857
1604682037,46.72857
1604682038,46.472214
1604682039,46.472214
1604682040,46.472214
1604682041,46.472214
1604682042,46.472214
1604682043,46.72857
1604682044,46.72857
1604682045,46.72857
1604682046,46.72857
1604682047,46.72857
1604682048,46.72857
1604682049,46.72857
1604682050,46.72857
1604682051,46.72857
1604682052,46.72857
1604682053,46.72857
1604682054,46.72857
1604682055,46.72857
1604682056,46.72857
1604682057,46.72857
1604682058,46.72857
1604682059,46.72857
1604682060,46.72857
1604682061,46.72857
1604682062,46.72857
1604682063,46.72857
1604682064,46.72857
1604682065,46.72857
1604682066,46.72857
1604682067,46.72857
1604682068,46.472214
1604682069,46.472214
1604682070,46.472214
1604682071,46.472214
1604682072,46.472214
1604682073,46.472214
1604682074,46.472214
1604682075,46.472214
1604682076,46.472214
1604682077,46.98543
1604682078,46.98543
1604682079,46.98543
1604682080,46.98543
1604682081,46.98543
1604682082,46.98543
1604682083,46.98543
1604682084,46.98543
1604682085,46.472214
1604682086,46.472214
1604682087,46.472214
1604682088,46.472214
1604682089,46.472214
1604682090,46.472214
1604682091,46.472214
1604682092,46.472214
1604682093,46.472214
1604682094,46.472214
1604682095,46.472214
1604682096,46.472214
1604682097,46.472214
1604682098,46.472214
1604682099,46.72857
1604682100,46.72857
1604682101,46.72857
1604682102,46.72857
1604682103,46.72857
1604682104,46.72857
1604682105,46.72857
1604682106,46.152275
1604682107,46.152275
1604682108,46.152275
1604682109,46.152275
1604682110,46.152275
1604682111,47.142212
1604682112,47.142212
1604682113,47.142212
1604682114,47.142212
1604682115,47.142212
1604682116,47.142212
1604682117,47.142212
1604682118,47.142212
1604682119,47.142212
1604682120,47.142212
1604682121,47.142212
1604682122,47.142212
1604682123,47.142212
1604682124,47.142212
1604682125,47.142212
1604682126,47.142212
1604682127,47.142212
1604682128,47.142212
1604682129,47.142212
1604682130,47.142212
1604682131,47.142212
1604682132,47.142212
1604682133,47.142212
1604682134,47.142212
1604682135,47.142212
1604682136,47.142212
1604682137,47.142212
1604682138,47.142212
1604682139,47.607506
1604682140,47.607506
1604682141,47.607506
1604682142,47.607506
1604682143,47.607506
1604682144,47.607506
1604682145,46.1498
1604682146,46.1498
1604682147,46.1498
1604682148,46.1498
1604682149,46.1498
1604682150,46.1498
1604682151,46.1498
1604682152,46.1498
1604682153,46.1498
1604682154,46.1498
1604682155,46.1498
1604682156,46.1498
1604682157,46.1498
1604682158,46.1498
1604682159,46.1498
1604682160,46.1498
1604682161,46.1498
1604682162,51.080982
1604682163,51.080982
1604682164,51.080982
1604682165,51.080982
1604682166,51.080982
1604682167,51.080982
1604682168,51.080982
1604682169,51.080982
1604682170,50.202827
1604682171,50.202827
1604682172,47.607506
1604682173,47.607506
1604682174,47.607506
1604682175,47.607506
1604682176,47.607506
1604682177,47.607506
1604682178,46.1498
1604682179,46.1498
1604682180,47.607506
1604682181,47.607506
1604682182,47.607506
1604682183,47.607506
1604682184,46.1498
1604682185,46.1498
1604682186,46.1498
1604682187,46.1498
1604682188,46.1498
1604682189,46.1498
1604682190,46.1498
1604682191,46.1498
1604682192,46.1498
1604682193,46.1498
1604682194,46.1498
1604682195,46.1498
1604682196,46.1498
1604682197,46.46377
1604682198,46.46377
1604682199,46.46377
1604682200,46.46377
1604682201,46.46377
1604682202,46.46377
1604682203,46.46377
1604682204,47.727013
1604682205,47.727013
1604682206,47.727013
1604682207,47.727013
1604682208,47.727013
1604682209,47.727013
1604682210,47.727013
1604682211,47.727013
1604682212,47.727013
1604682213,46.46377
1604682214,47.727013
1604682215,47.727013
1604682216,47.727013
1604682217,47.727013
1604682218,47.727013
1604682219,47.727013
1604682220,47.727013
1604682221,46.46377
1604682222,46.46377
1604682223,46.46377
1604682224,46.46377
1604682225,46.46377
1604682226,46.46377
1604682227,46.46377
1604682228,46.1498
1604682229,46.1498
1604682230,46.1498
1604682231,46.1498
1604682232,46.1498
1604682233,46.1498
1604682234,46.1498
1604682235,47.607506
1604682236,47.607506
1604682237,47.607506
1604682238,47.607506
1604682239,47.142212
1604682240,47.142212
1604682241,47.142212
1604682242,47.142212
1604682243,46.152275
1604682244,46.152275
1604682245,46.152275
1604682246,46.152275
1604682247,46.72857
1604682248,46.72857
1604682249,46.72857
1604682250,46.72857
1604682251,46.72857
1604682252,46.72857
1604682253,46.72857
1604682254,46.72857
1604682255,46.152275
1604682256,46.152275
1604682257,46.152275
1604682258,46.152275
1604682259,46.152275
1604682260,46.152275
1604682261,46.152275
1604682262,46.152275
1604682263,46.152275
1604682264,46.152275
1604682265,46.152275
1604682266,46.152275
1604682267,46.152275
1604682268,46.152275
1604682269,46.152275
1604682270,47.142212
1604682271,47.142212
1604682272,47.142212
1604682273,47.142212
1604682274,47.142212
1604682275,47.142212
1604682276,47.607506
1604682277,47.607506
1604682278,47.607506
1604682279,47.607506
1604682280,47.607506
1604682281,46.1498
1604682282,46.1498
1604682283,46.1498
1604682284,46.1498
1604682285,46.1498
1604682286,46.1498
1604682287,46.1498
1604682288,47.607506
1604682289,47.607506
1604682290,47.607506
1604682291,47.607506
1604682292,47.142212
1604682293,47.142212
1604682294,47.142212
1604682295,47.142212
1604682296,46.152275
1604682297,46.152275
1604682298,46.152275
1604682299,46.152275
1604682300,46.152275
1604682301,46.152275
1604682302,47.142212
1604682303,47.142212
1604682304,47.142212
1604682305,47.142212
1604682306,47.142212
1604682307,47.142212
1604682308,47.142212
1604682309,47.142212
1604682310,47.607506
1604682311,47.607506
1604682312,47.607506
1604682313,47.607506
1604682314,47.607506
1604682315,47.607506
1604682316,47.607506
1604682317,46.1498
1604682318,46.1498
1604682319,46.1498
1604682320,46.1498
1604682321,46.1498
1604682322,46.1498
1604682323,46.1498
1604682324,46.1498
1604682325,46.1498
1604682326,46.1498
1604682327,46.1498
1604682328,47.607506
1604682329,47.607506
1604682330,47.607506
1604682331,47.607506
1604682332,47.607506
1604682333,47.607506
1604682334,47.607506
1604682335,47.607506
1604682336,47.607506
1604682337,47.142212
1604682338,47.142212
1604682339,47.142212
1604682340,47.142212
1604682341,47.142212
1604682342,47.142212
1604682343,47.142212
1604682344,47.142212
1604682345,46.152275
1604682346,46.152275
1604682347,46.152275
1604682348,46.152275
1604682349,46.152275
1604682350,46.152275
1604682351,46.72857
1604682352,46.72857
1604682353,46.72857
1604682354,46.72857
1604682355,46.72857
1604682356,46.72857
1604682357,46.72857
1604682358,46.472214
1604682359,46.472214
1604682360,46.472214
1604682361,46.472214
1604682362,46.472214
1604682363,46.472214
1604682364,46.472214
1604682365,46.472214
1604682366,46.472214
1604682367,46.472214
1604682368,46.98543
1604682369,46.98543
1604682370,46.49674
1604682371,46.49674
1604682372,46.49674
1604682373,46.49674
1604682374,46.49674
1604682375,46.49674
1604682376,47.909203
1604682377,47.909203
1604682378,47.909203
1604682379,47.909203
1604682380,47.909203
1604682381,47.909203
1604682382,47.909203
1604682383,47.909203
1604682384,47.909203
1604682385,47.909203
1604682386,47.909203
1604682387,48.335026
1604682388,48.335026
1604682389,48.335026
1604682390,48.335026
1604682391,48.335026
1604682392,48.335026
1604682393,48.335026
1604682394,48.335026
1604682395,48.335026
1604682396,48.335026
1604682397,48.335026
1604682398,48.335026
1604682399,48.335026
1604682400,48.335026
1604682401,48.335026
1604682402,48.335026
1604682403,48.335026
1604682404,48.335026
1604682405,47.527126
1604682406,47.527126
1604682407,47.527126
1604682408,47.527126
1604682409,47.527126
1604682410,47.527126
1604682411,47.527126
1604682412,47.527126
1604682413,47.527126
1604682414,48.118366
1604682415,48.118366
1604682416,48.118366
1604682417,48.118366
1604682418,48.118366
1604682419,48.118366
1604682420,48.118366
1604682421,48.118366
1604682422,48.118366
1604682423,48.118366
1604682424,48.118366
1604682425,48.118366
1604682426,49.857655
1604682427,49.857655
1604682428,49.857655
1604682429,49.857655
1604682430,49.857655
1604682431,49.857655
1604682432,49.857655
1604682433,49.857655
1604682434,49.857655
1604682435,49.857655
1604682436,49.857655
1604682437,49.857655
1604682438,49.857655
1604682439,49.857655
1604682440,48.118366
1604682441,48.118366
1604682442,48.118366
1604682443,48.118366
1604682444,47.527126
1604682445,47.527126
1604682446,48.335026
1604682447,48.335026
1604682448,47.909203
1604682449,47.909203
1604682450,46.49674
1604682451,46.49674
1604682452,46.49674
1604682453,46.98543
1604682454,46.472214
1604682455,46.472214
1604682456,46.472214
1604682457,46.472214
1604682458,46.72857
1604682459,46.72857
1604682460,46.152275
1604682461,46.152275
1604682462,46.152275
1604682463,46.152275
1604682464,46.152275
1604682465,47.142212
1604682466,46.152275
1604682467,46.152275
1604682468,46.152275
1604682469,46.152275
1604682470,46.152275
1604682471,46.152275
1604682472,46.152275
1604682473,46.72857
1604682474,46.72857
1604682475,46.72857
1604682476,46.72857
1604682477,46.72857
1604682478,46.72857
1604682479,46.72857
1604682480,46.72857
1604682481,46.472214
1604682482,46.472214
1604682483,46.472214
1604682484,46.472214
1604682485,46.472214
1604682486,46.472214
1604682487,46.72857
1604682488,46.72857
1604682489,46.72857
1604682490,46.72857
1604682491,46.72857
1604682492,46.72857
1604682493,46.72857
1604682494,46.72857
1604682495,46.72857
1604682496,46.152275
1604682497,46.152275
1604682498,46.152275
1604682499,46.152275
1604682500,46.152275
1604682501,46.152275
1604682502,46.152275
1604682503,46.152275
1604682504,46.152275
1604682505,46.72857
1604682506,46.72857
1604682507,46.72857
1604682508,46.72857
1604682509,46.72857
1604682510,46.72857
1604682511,46.72857
1604682512,46.72857
1604682513,46.72857
1604682514,46.72857
1604682515,46.72857
1604682516,46.72857
1604682517,46.72857
1604682518,46.72857
1604682519,46.472214
1604682520,46.472214
1604682521,46.472214
1604682522,46.472214
1604682523,46.472214
1604682524,46.472214
1604682525,46.98543
1604682526,46.98543
1604682527,46.98543
1604682528,46.98543
1604682529,46.49674
1604682530,46.49674
1604682531,46.49674
1604682532,46.49674
1604682533,46.49674
1604682534,46.49674
1604682535,46.49674
1604682536,46.49674
1604682537,46.49674
1604682538,46.49674
1604682539,46.49674
1604682540,46.49674
1604682541,46.49674
1604682542,46.49674
1604682543,46.49674
1604682544,46.49674
1604682545,46.49674
1604682546,46.49674
1604682547,47.909203
1604682548,47.909203
1604682549,47.909203
1604682550,47.909203
1604682551,48.335026
1604682552,48.335026
1604682553,47.527126
1604682554,47.527126
1604682555,47.527126
1604682556,48.118366
1604682557,48.118366
1604682558,48.118366
1604682559,48.118366
1604682560,48.118366
1604682561,49.857655
1604682562,49.857655
1604682563,50.42538
1604682564,50.42538
1604682565,50.42538
1604682566,49.919395
1604682567,49.919395
1604682568,49.919395
1604682569,49.919395
1604682570,49.919395
1604682571,49.919395
1604682572,49.919395
1604682573,49.919395
1604682574,49.919395
1604682575,49.919395
1604682576,49.919395
1604682577,49.919395
1604682578,49.919395
1604682579,49.919395
1604682580,49.919395
1604682581,49.494644
1604682582,49.494644
1604682583,49.494644
1604682584,49.494644
1604682585,49.494644
1604682586,49.494644
1604682587,49.494644
1604682588,49.494644
1604682589,49.494644
1604682590,49.494644
1604682591,49.494644
1604682592,49.494644
1604682593,49.494644
1604682594,49.494644
1604682595,49.494644
1604682596,49.494644
1604682597,49.494644
1604682598,49.494644
1604682599,49.494644
1604682600,49.494644
1604682601,49.494644
1604682602,49.494644
1604682603,49.494644
1604682604,49.494644
1604682605,49.730846
1604682606,49.730846
1604682607,49.730846
1604682608,49.730846
1604682609,49.730846
1604682610,49.79289
1604682611,49.79289
1604682612,49.79289
1604682613,49.79289
1604682614,49.79289
1604682615,49.79289
1604682616,49.730846
1604682617,49.730846
1604682618,49.494644
1604682619,49.494644
1604682620,49.919395
1604682621,49.919395
1604682622,49.919395
1604682623,50.42538
1604682624,49.857655
1604682625,48.118366
1604682626,48.118366
1604682627,48.118366
1604682628,47.527126
1604682629,47.527126
1604682630,48.335026
1604682631,47.909203
1604682632,47.909203
1604682633,47.909203
1604682634,47.909203
1604682635,46.49674
1604682636,46.49674
1604682637,46.98543
1604682638,46.472214
1604682639,46.472214
1604682640,46.472214
1604682641,46.72857
1604682642,46.152275
1604682643,47.142212
1604682644,47.607506
1604682645,47.607506
1604682646,46.1498
1604682647,46.1498
1604682648,46.46377
1604682649,46.46377
1604682650,47.727013
1604682651,47.727013
1604682652,48.224
1604682653,48.224
1604682654,48.224
1604682655,48.224
1604682656,48.224
1604682657,48.224
1604682658,48.224
1604682659,48.224
1604682660,48.224
1604682661,48.224
1604682662,48.224
1604682663,48.224
1604682664,48.224
1604682665,48.224
1604682666,48.224
1604682667,48.224
1604682668,48.224
1604682669,48.224
1604682670,48.224
1604682671,48.224
1604682672,48.224
1604682673,48.224
1604682674,48.224
1604682675,48.224
1604682676,48.224
1604682677,48.224
1604682678,48.224
1604682679,48.224
1604682680,48.224
1604682681,47.727013
1604682682,47.727013
1604682683,47.727013
1604682684,47.727013
1604682685,47.727013
1604682686,47.727013
1604682687,46.46377
1604682688,46.46377
1604682689,46.46377
1604682690,46.46377
1604682691,46.46377
1604682692,46.46377
1604682693,46.46377
1604682694,46.46377
1604682695,46.46377
1604682696,46.46377
1604682697,46.46377
1604682698,46.46377
1604682699,46.1498
1604682700,46.1498
1604682701,46.1498
1604682702,46.1498
1604682703,46.1498
1604682704,46.1498
1604682705,46.1498
1604682706,46.1498
1604682707,46.1498
1604682708,46.1498
1604682709,46.1498
1604682710,46.1498
1604682711,46.1498
1604682712,46.1498
1604682713,46.1498
1604682714,46.46377
1604682715,46.46377
1604682716,46.46377
1604682717,46.46377
1604682718,46.46377
1604682719,46.1498
1604682720,46.1498
1604682721,46.1498
1604682722,46.1498
1604682723,46.1498
1604682724,46.1498
1604682725,47.607506
1604682726,47.607506
1604682727,47.607506
1604682728,47.142212
1604682729,47.142212
1604682730,47.142212
1604682731,46.152275
1604682732,46.152275
1604682733,46.152275
1604682734,46.72857
1604682735,46.72857
1604682736,46.72857
1604682737,46.72857
1604682738,46.72857
1604682739,46.72857
1604682740,46.72857
1604682741,46.72857
1604682742,46.72857
1604682743,46.72857
1604682744,46.72857
1604682745,46.472214
1604682746,46.472214
1604682747,46.472214
1604682748,46.472214
1604682749,46.472214
1604682750,46.472214
1604682751,46.472214
1604682752,46.472214
1604682753,46.472214
1604682754,46.472214
1604682755,46.472214
1604682756,46.472214
1604682757,46.472214
1604682758,46.472214
1604682759,46.472214
1604682760,46.472214
1604682761,46.472214
1604682762,46.472214
1604682763,46.472214
1604682764,46.472214
1604682765,46.472214
1604682766,46.472214
1604682767,46.472214
1604682768,46.472214
1604682769,46.472214
1604682770,46.472214
1604682771,46.98543
1604682772,46.98543
1604682773,46.98543
1604682774,46.98543
1604682775,46.98543
1604682776,46.98543
1604682777,46.49674
1604682778,46.49674
1604682779,46.49674
1604682780,46.49674
1604682781,46.49674
1604682782,46.49674
1604682783,46.49674
1604682784,46.49674
1604682785,47.909203
1604682786,47.909203
1604682787,47.909203
1604682788,47.909203
1604682789,47.909203
1604682790,47.909203
1604682791,47.909203
1604682792,47.909203
1604682793,47.909203
1604682794,47.909203
1604682795,47.909203
1604682796,47.909203
1604682797,47.909203
1604682798,47.909203
1604682799,46.49674
1604682800,46.49674
1604682801,46.49674
1604682802,46.98543
1604682803,46.98543
1604682804,46.472214
1604682805,46.472214
1604682806,46.72857
1604682807,46.72857
1604682808,46.152275
1604682809,46.152275
1604682810,47.142212
1604682811,47.607506
1604682812,47.607506
1604682813,47.607506
1604682814,46.1498
1604682815,46.1498
1604682816,48.118366
1604682817,46.1498
1604682818,46.1498
1604682819,46.1498
1604682820,46.1498
1604682821,46.46377
1604682822,46.46377
1604682823,47.727013
1604682824,47.727013
1604682825,48.224
1604682826,48.224
1604682827,48.224
1604682828,48.224
1604682829,48.224
1604682830,48.85198
1604682831,48.85198
1604682832,48.85198
1604682833,48.85198
1604682834,48.85198
1604682835,48.85198
1604682836,48.85198
1604682837,48.85198
1604682838,48.85198
1604682839,48.85198
1604682840,48.85198
1604682841,48.85198
1604682842,48.85198
1604682843,48.85198
1604682844,48.85198
1604682845,48.85198
1604682846,48.770763
1604682847,48.770763
1604682848,48.770763
1604682849,47.407715
1604682850,47.407715
1604682851,47.407715
1604682852,47.407715
1604682853,47.407715
1604682854,47.407715
1604682855,47.407715
1604682856,47.407715
1604682857,47.407715
1604682858,47.407715
1604682859,47.407715
1604682860,47.407715
1604682861,47.407715
1604682862,47.407715
1604682863,47.670647
1604682864,47.670647
1604682865,47.670647
1604682866,47.670647
1604682867,47.670647
1604682868,47.670647
1604682869,47.670647
1604682870,46.050053
1604682871,46.050053
1604682872,46.050053
1604682873,46.050053
1604682874,46.050053
1604682875,46.050053
1604682876,46.050053
1604682877,46.050053
1604682878,46.050053
1604682879,46.050053
1604682880,47.670647
1604682881,47.670647
1604682882,47.670647
1604682883,47.670647
1604682884,48.118366
1604682885,48.118366
1604682886,48.118366
1604682887,48.118366
1604682888,48.118366
1604682889,47.670647
1604682890,47.670647
1604682891,47.670647
1604682892,47.670647
1604682893,46.050053
1604682894,46.050053
1604682895,46.050053
1604682896,46.050053
1604682897,46.050053
1604682898,46.050053
1604682899,46.050053
1604682900,46.050053
1604682901,46.050053
1604682902,46.050053
1604682903,46.050053
1604682904,46.050053
1604682905,46.050053
1604682906,47.670647
1604682907,47.670647
1604682908,47.670647
1604682909,47.407715
1604682910,47.407715
1604682911,47.407715
1604682912,47.407715
1604682913,47.407715
1604682914,48.770763
1604682915,48.770763
1604682916,48.770763
1604682917,48.770763
1604682918,48.770763
1604682919,48.770763
1604682920,48.770763
1604682921,48.770763
1604682922,48.770763
1604682923,47.407715
1604682924,47.407715
1604682925,47.407715
1604682926,47.407715
1604682927,47.407715
1604682928,47.407715
1604682929,47.407715
1604682930,47.407715
1604682931,47.407715
1604682932,47.407715
1604682933,47.407715
1604682934,47.407715
1604682935,47.407715
1604682936,47.407715
1604682937,47.407715
1604682938,47.407715
1604682939,47.407715
1604682940,47.407715
1604682941,48.770763
1604682942,48.770763
1604682943,48.770763
1604682944,48.770763
1604682945,48.770763
1604682946,48.770763
1604682947,48.770763
1604682948,48.85198
1604682949,48.85198
1604682950,48.85198
1604682951,48.85198
1604682952,48.85198
1604682953,48.85198
1604682954,48.85198
1604682955,48.85198
1604682956,48.85198
1604682957,48.85198
1604682958,48.85198
1604682959,48.85198
1604682960,48.85198
1604682961,48.85198
1604682962,48.85198
1604682963,48.85198
1604682964,48.85198
1604682965,48.85198
1604682966,48.85198
1604682967,48.85198
1604682968,48.85198
1604682969,48.224
1604682970,49.730846
1604682971,49.730846
1604682972,49.730846
1604682973,49.730846
1604682974,49.79289
1604682975,49.79289
1604682976,49.79289
1604682977,50.202827
1604682978,50.202827
1604682979,50.202827
1604682980,50.202827
1604682981,50.202827
1604682982,50.202827
1604682983,50.202827
1604682984,50.202827
1604682985,50.202827
1604682986,50.202827
1604682987,50.202827
1604682988,50.202827
1604682989,50.202827
1604682990,50.202827
1604682991,50.202827
1604682992,50.202827
1604682993,50.202827
1604682994,47.407715
1604682995,47.407715
1604682996,47.407715
1604682997,47.407715
1604682998,47.670647
1604682999,47.670647
1604683000,47.670647
1604683001,47.670647
1604683002,47.670647
1604683003,47.670647
1604683004,46.050053
1604683005,46.050053
1604683006,46.050053
1604683007,46.050053
1604683008,46.050053
1604683009,46.050053
1604683010,46.050053
1604683011,46.050053
1604683012,46.050053
1604683013,46.050053
1604683014,46.050053
1604683015,46.050053
1604683016,46.050053
1604683017,46.050053
1604683018,46.050053
1604683019,46.050053
1604683020,46.050053
1604683021,46.050053
1604683022,46.050053
1604683023,46.050053
1604683024,46.050053
1604683025,46.050053
1604683026,46.050053
1604683027,46.050053
1604683028,46.050053
1604683029,46.050053
1604683030,46.050053
1604683031,47.670647
1604683032,47.670647
1604683033,47.670647
1604683034,47.670647
1604683035,47.407715
1604683036,47.407715
1604683037,47.407715
1604683038,47.407715
1604683039,47.407715
1604683040,48.770763
1604683041,48.770763
1604683042,48.770763
1604683043,48.85198
1604683044,48.85198
1604683045,48.85198
1604683046,48.85198
1604683047,48.85198
1604683048,48.85198
1604683049,48.85198
1604683050,48.85198
1604683051,48.224
1604683052,48.224
1604683053,48.224
1604683054,48.224
1604683055,48.224
1604683056,48.224
1604683057,48.224
1604683058,48.224
1604683059,48.224
1604683060,48.224
1604683061,48.224
1604683062,48.224
1604683063,48.224
1604683064,48.224
1604683065,48.224
1604683066,47.727013
1604683067,47.727013
1604683068,47.727013
1604683069,46.46377
1604683070,46.46377
1604683071,46.46377
1604683072,46.1498
1604683073,46.1498
1604683074,46.1498
1604683075,46.1498
1604683076,46.1498
1604683077,46.1498
1604683078,46.1498
1604683079,46.1498
1604683080,46.1498
1604683081,46.1498
1604683082,46.1498
1604683083,46.1498
1604683084,46.1498
1604683085,46.1498
1604683086,46.1498
1604683087,46.1498
1604683088,46.1498
1604683089,46.1498
1604683090,46.1498
1604683091,46.1498
1604683092,46.1498
1604683093,46.1498
1604683094,46.1498
1604683095,46.1498
1604683096,46.1498
1604683097,46.1498
1604683098,46.1498
1604683099,46.1498
1604683100,46.1498
1604683101,46.1498
1604683102,46.1498
1604683103,47.607506
1604683104,47.607506
1604683105,47.607506
1604683106,47.607506
1604683107,47.607506
1604683108,47.607506
1604683109,46.1498
1604683110,46.1498
1604683111,46.1498
1604683112,46.1498
1604683113,46.1498
1604683114,46.1498
1604683115,46.1498
1604683116,46.1498
1604683117,46.1498
1604683118,46.1498
1604683119,46.1498
1604683120,46.1498
1604683121,46.1498
1604683122,46.1498
1604683123,46.1498
1604683124,46.1498
1604683125,46.1498
1604683126,46.1498
1604683127,46.1498
1604683128,46.1498
1604683129,46.1498
1604683130,46.1498
1604683131,46.1498
1604683132,47.607506
1604683133,47.607506
1604683134,47.607506
1604683135,47.607506
1604683136,47.142212
1604683137,47.142212
1604683138,47.142212
1604683139,46.152275
1604683140,46.152275
1604683141,46.72857
1604683142,46.72857
1604683143,46.472214
1604683144,46.472214
1604683145,46.472214
1604683146,46.98543
1604683147,46.98543
1604683148,46.49674
1604683149,46.49674
1604683150,46.49674
1604683151,46.49674
1604683152,46.49674
1604683153,46.49674
1604683154,46.49674
1604683155,47.909203
1604683156,47.909203
1604683157,47.909203
1604683158,47.909203
1604683159,47.909203
1604683160,47.909203
1604683161,47.909203
1604683162,47.909203
1604683163,47.909203
1604683164,47.909203
1604683165,47.909203
1604683166,47.909203
1604683167,47.909203
1604683168,46.49674
1604683169,46.49674
1604683170,46.49674
1604683171,46.49674
1604683172,46.98543
1604683173,46.98543
1604683174,46.472214
1604683175,46.472214
1604683176,46.472214
1604683177,46.472214
1604683178,46.472214
1604683179,46.472214
1604683180,46.72857
1604683181,46.72857
1604683182,46.72857
1604683183,46.152275
1604683184,46.152275
1604683185,46.152275
1604683186,47.142212
1604683187,47.142212
1604683188,47.607506
1604683189,47.607506
1604683190,47.607506
1604683191,46.1498
1604683192,46.1498
1604683193,46.1498
1604683194,46.1498
1604683195,46.1498
1604683196,46.1498
1604683197,46.1498
1604683198,46.46377
1604683199,46.46377
1604683200,46.46377
1604683201,47.727013
1604683202,47.727013
1604683203,47.727013
1604683204,47.727013
1604683205,47.727013
1604683206,47.727013
1604683207,47.727013
1604683208,47.727013
1604683209,48.224
1604683210,48.224
1604683211,48.224
1604683212,48.224
1604683213,48.224
1604683214,48.224
1604683215,48.224
1604683216,48.224
1604683217,48.224
1604683218,48.224
1604683219,48.224
1604683220,48.224
1604683221,48.224
1604683222,48.224
1604683223,48.224
1604683224,48.224
1604683225,48.224
1604683226,48.224
1604683227,48.224
1604683228,48.224
1604683229,48.224
1604683230,47.727013
1604683231,47.727013
1604683232,47.727013
1604683233,47.727013
1604683234,47.727013
1604683235,46.46377
1604683236,46.46377
1604683237,46.46377
1604683238,46.46377
1604683239,46.46377
1604683240,46.46377
1604683241,46.1498
1604683242,46.1498
1604683243,46.1498
1604683244,46.1498
1604683245,46.1498
1604683246,46.1498
1604683247,46.1498
1604683248,46.1498
1604683249,46.1498
1604683250,46.1498
1604683251,46.1498
1604683252,46.1498
1604683253,47.607506
1604683254,47.607506
1604683255,47.142212
1604683256,47.142212
1604683257,47.142212
1604683258,47.142212
1604683259,46.152275
1604683260,46.152275
1604683261,46.152275
1604683262,46.72857
1604683263,46.72857
1604683264,46.72857
1604683265,46.72857
1604683266,46.472214
1604683267,46.472214
1604683268,46.472214
1604683269,46.472214
1604683270,46.472214
1604683271,46.472214
1604683272,46.472214
1604683273,46.472214
1604683274,46.472214
1604683275,46.472214
1604683276,46.472214
1604683277,46.472214
1604683278,46.472214
1604683279,46.472214
1604683280,46.472214
1604683281,46.472214
1604683282,46.472214
1604683283,46.472214
1604683284,46.472214
1604683285,46.472214
1604683286,46.472214
1604683287,46.472214
1604683288,46.472214
1604683289,46.472214
1604683290,46.472214
1604683291,46.472214
1604683292,46.472214
1604683293,46.472214
1604683294,46.472214
1604683295,46.472214
1604683296,46.98543
1604683297,46.98543
1604683298,46.98543
1604683299,46.98543
1604683300,46.98543
1604683301,46.98543
1604683302,46.98543
1604683303,46.98543
1604683304,46.98543
1604683305,46.98543
1604683306,46.98543
1604683307,46.98543
1604683308,46.98543
1604683309,46.98543
1604683310,46.98543
1604683311,46.98543
1604683312,46.98543
1604683313,46.98543
1604683314,46.98543
1604683315,46.98543
1604683316,46.98543
1604683317,46.49674
1604683318,46.49674
1604683319,46.49674
1604683320,46.49674
1604683321,46.49674
1604683322,46.49674
1604683323,46.49674
1604683324,46.49674
1604683325,46.49674
1604683326,46.49674
1604683327,46.49674
1604683328,46.98543
1604683329,46.98543
1604683330,46.98543
1604683331,46.98543
1604683332,46.98543
1604683333,46.472214
1604683334,46.472214
1604683335,46.472214
1604683336,46.472214
1604683337,46.472214
1604683338,46.472214
1604683339,46.472214
1604683340,46.472214
1604683341,46.472214
1604683342,46.472214
1604683343,46.472214
1604683344,46.472214
1604683345,46.472214
1604683346,46.472214
1604683347,46.472214
1604683348,46.472214
1604683349,46.472214
1604683350,46.472214
1604683351,46.472214
1604683352,46.472214
1604683353,46.472214
1604683354,46.472214
1604683355,46.472214
1604683356,46.472214
1604683357,46.472214
1604683358,46.472214
1604683359,46.72857
1604683360,46.72857
1604683361,46.72857
1604683362,46.72857
1604683363,46.72857
1604683364,46.152275
1604683365,46.152275
1604683366,46.152275
1604683367,46.152275
1604683368,46.152275
1604683369,46.152275
1604683370,46.152275
1604683371,46.152275
1604683372,46.152275
1604683373,46.152275
1604683374,46.152275
1604683375,46.152275
1604683376,46.152275
1604683377,46.72857
1604683378,46.72857
1604683379,46.72857
1604683380,46.72857
1604683381,46.72857
1604683382,46.72857
1604683383,46.72857
1604683384,46.72857
1604683385,46.472214
1604683386,46.472214
1604683387,46.472214
1604683388,46.472214
1604683389,46.472214
1604683390,46.472214
1604683391,46.72857
1604683392,46.72857
1604683393,46.72857
1604683394,46.72857
1604683395,46.72857
1604683396,46.72857
1604683397,46.72857
1604683398,46.472214
1604683399,46.472214
1604683400,46.472214
1604683401,46.472214
1604683402,46.472214
1604683403,46.98543
1604683404,46.98543
1604683405,46.49674
1604683406,46.49674
1604683407,46.49674
1604683408,46.49674
1604683409,47.909203
1604683410,47.909203
1604683411,47.909203
1604683412,47.909203
1604683413,47.909203
1604683414,47.909203
1604683415,47.909203
1604683416,47.909203
1604683417,48.335026
1604683418,48.335026
1604683419,48.335026
1604683420,48.335026
1604683421,48.335026
1604683422,48.335026
1604683423,47.527126
1604683424,47.527126
1604683425,47.527126
1604683426,48.335026
1604683427,48.335026
1604683428,48.335026
1604683429,48.335026
1604683430,48.335026
1604683431,48.335026
1604683432,47.909203
1604683433,47.909203
1604683434,47.909203
1604683435,47.909203
1604683436,47.909203
1604683437,47.909203
1604683438,47.909203
1604683439,46.49674
1604683440,46.49674
1604683441,46.49674
1604683442,46.49674
1604683443,46.98543
1604683444,46.98543
1604683445,46.98543
1604683446,46.98543
1604683447,46.472214
1604683448,46.472214
1604683449,46.472214
1604683450,46.472214
1604683451,46.472214
1604683452,46.472214
1604683453,46.472214
1604683454,46.472214
1604683455,46.472214
1604683456,46.472214
1604683457,46.472214
1604683458,46.472214
1604683459,46.472214
1604683460,46.472214
1604683461,46.472214
1604683462,46.472214
1604683463,46.472214
1604683464,46.472214
1604683465,46.472214
1604683466,46.472214
1604683467,46.472214
1604683468,46.98543
1604683469,46.98543
1604683470,46.98543
1604683471,46.49674
1604683472,46.49674
1604683473,46.49674
1604683474,46.49674
1604683475,47.909203
1604683476,47.909203
1604683477,47.909203
1604683478,47.909203
1604683479,47.909203
1604683480,47.909203
1604683481,47.909203
1604683482,47.909203
1604683483,47.909203
1604683484,47.909203
1604683485,46.49674
1604683486,46.49674
1604683487,54.901237
1604683488,54.901237
1604683489,55.157776
1604683490,55.157776
1604683491,55.157776
1604683492,55.29102
1604683493,55.29102
1604683494,55.29102
1604683495,55.29102
1604683496,55.29102
1604683497,55.29102
1604683498,55.157776
1604683499,55.157776
1604683500,55.157776
1604683501,54.901237
1604683502,54.901237
1604683503,54.901237
1604683504,55.59423
1604683505,55.59423
1604683506,56.163357
1604683507,56.163357
1604683508,56.163357
1604683509,56.163357
1604683510,56.4928
1604683511,56.4928
1604683512,56.4928
1604683513,56.107277
1604683514,56.107277
1604683515,56.107277
1604683516,56.107277
1604683517,56.107277
1604683518,56.107277
1604683519,47.909203
1604683520,47.909203
1604683521,47.909203
1604683522,47.909203
1604683523,47.909203
1604683524,47.909203
1604683525,47.909203
1604683526,55.79384
1604683527,55.79384
1604683528,55.79384
1604683529,55.38004
1604683530,55.38004
1604683531,55.01284
1604683532,55.01284
1604683533,54.31358
1604683534,54.31358
1604683535,54.31358
1604683536,54.31358
1604683537,48.118366
1604683538,48.118366
1604683539,48.118366
1604683540,48.118366
1604683541,48.118366
1604683542,48.118366
1604683543,48.118366
1604683544,48.118366
1604683545,48.118366
1604683546,48.118366
1604683547,48.118366
1604683548,48.118366
1604683549,48.118366
1604683550,48.118366
1604683551,48.118366
1604683552,48.118366
1604683553,48.118366
1604683554,48.118366
1604683555,48.118366
1604683556,48.118366
1604683557,48.118366
1604683558,48.118366
1604683559,47.527126
1604683560,47.527126
1604683561,47.527126
1604683562,47.527126
1604683563,48.335026
1604683564,48.335026
1604683565,48.335026
1604683566,48.335026
1604683567,48.335026
1604683568,47.909203
1604683569,47.909203
1604683570,47.909203
1604683571,47.909203
1604683572,47.909203
1604683573,47.909203
1604683574,47.909203
1604683575,47.909203
1604683576,47.909203
1604683577,47.909203
1604683578,47.909203
1604683579,48.335026
1604683580,48.335026
1604683581,48.335026
1604683582,48.335026
1604683583,47.527126
1604683584,47.527126
1604683585,47.527126
1604683586,47.527126
1604683587,47.527126
1604683588,48.118366
1604683589,48.118366
1604683590,48.118366
1604683591,48.118366
1604683592,48.118366
1604683593,48.118366
1604683594,48.118366
1604683595,48.118366
1604683596,48.118366
1604683597,48.118366
1604683598,48.118366
1604683599,48.118366
1604683600,48.118366
1604683601,48.118366
1604683602,48.118366
1604683603,48.118366
1604683604,49.857655
1604683605,49.857655
1604683606,49.857655
1604683607,50.42538
1604683608,50.42538
1604683609,49.919395
1604683610,49.919395
1604683611,49.919395
1604683612,49.919395
1604683613,49.919395
1604683614,49.494644
1604683615,49.494644
1604683616,49.730846
1604683617,49.730846
1604683618,49.730846
1604683619,49.79289
1604683620,49.79289
1604683621,49.79289
1604683622,49.79289
1604683623,50.202827
1604683624,50.202827
1604683625,50.202827
1604683626,50.202827
1604683627,50.202827
1604683628,50.202827
1604683629,50.202827
1604683630,50.202827
1604683631,50.202827
1604683632,51.080982
1604683633,51.080982
1604683634,51.69357
1604683635,51.69357
1604683636,51.69357
1604683637,51.69357
1604683638,51.507553
1604683639,51.507553
1604683640,51.507553
1604683641,51.507553
1604683642,51.507553
1604683643,51.756474
1604683644,51.756474
1604683645,51.756474
1604683646,51.756474
1604683647,51.756474
1604683648,51.756474
1604683649,51.756474
1604683650,51.756474
1604683651,51.756474
1604683652,51.756474
1604683653,52.481667
1604683654,52.481667
1604683655,52.481667
1604683656,52.481667
1604683657,52.481667
1604683658,52.481667
1604683659,52.40492
1604683660,52.40492
1604683661,52.40492
1604683662,52.40492
1604683663,52.40492
1604683664,52.40492
1604683665,52.40492
1604683666,52.40492
1604683667,52.40492
1604683668,52.40492
1604683669,52.40492
1604683670,52.40492
1604683671,52.40492
1604683672,52.40492
1604683673,52.40492
1604683674,52.40492
1604683675,52.40492
1604683676,52.40492
1604683677,52.40492
1604683678,52.76713
1604683679,52.76713
1604683680,52.76713
1604683681,52.76713
1604683682,52.21534
1604683683,52.21534
1604683684,52.21534
1604683685,53.521072
1604683686,53.521072
1604683687,53.521072
1604683688,54.204357
1604683689,54.204357
1604683690,54.204357
1604683691,54.204357
1604683692,55.10609
1604683693,55.10609
1604683694,55.10609
1604683695,55.10609
1604683696,55.10609
1604683697,55.10609
1604683698,55.10609
1604683699,55.10609
1604683700,55.10609
1604683701,55.10609
1604683702,55.10609
1604683703,55.10609
1604683704,55.10609
1604683705,55.10609
1604683706,55.10609
1604683707,55.10609
1604683708,55.10609
1604683709,55.10609
1604683710,54.204357
1604683711,54.204357
1604683712,54.204357
1604683713,54.204357
1604683714,53.521072
1604683715,53.521072
1604683716,53.521072
1604683717,52.21534
1604683718,52.21534
1604683719,52.21534
1604683720,52.76713
1604683721,52.76713
1604683722,52.76713
1604683723,52.40492
1604683724,52.40492
1604683725,52.40492
1604683726,52.40492
1604683727,52.40492
1604683728,52.40492
1604683729,52.40492
1604683730,52.40492
1604683731,52.40492
1604683732,52.40492
1604683733,52.481667
1604683734,52.481667
1604683735,52.481667
1604683736,52.481667
1604683737,52.481667
1604683738,52.481667
1604683739,52.481667
1604683740,52.481667
1604683741,52.481667
1604683742,52.481667
1604683743,52.481667
1604683744,52.481667
1604683745,52.481667
1604683746,52.481667
1604683747,52.481667
1604683748,52.481667
1604683749,52.481667
1604683750,52.481667
1604683751,52.481667
1604683752,52.481667
1604683753,52.481667
1604683754,52.481667
1604683755,52.481667
1604683756,52.481667
1604683757,52.481667
1604683758,52.481667
1604683759,51.756474
1604683760,51.756474
1604683761,51.756474
1604683762,51.507553
1604683763,51.507553
1604683764,51.507553
1604683765,51.69357
1604683766,51.69357
1604683767,51.69357
1604683768,51.69357
1604683769,51.507553
1604683770,51.507553
1604683771,51.507553
1604683772,51.756474
1604683773,52.481667
1604683774,52.40492
1604683775,52.40492
1604683776,52.40492
1604683777,52.76713
1604683778,52.21534
1604683779,53.521072
1604683780,54.204357
1604683781,55.10609
1604683782,55.10609
1604683783,55.29102
1604683784,55.29102
1604683785,55.157776
1604683786,55.157776
1604683787,54.901237
1604683788,54.901237
1604683789,55.59423
1604683790,55.59423
1604683791,56.163357
1604683792,56.163357
1604683793,56.163357
1604683794,56.163357
1604683795,56.4928
1604683796,56.4928
1604683797,56.107277
1604683798,56.107277
1604683799,56.276367
1604683800,56.276367
1604683801,55.79384
1604683802,55.79384
1604683803,55.79384
1604683804,55.79384
1604683805,55.79384
1604683806,55.79384
1604683807,55.79384
1604683808,55.79384
1604683809,55.79384
1604683810,55.79384
1604683811,55.79384
1604683812,55.79384
1604683813,55.79384
1604683814,55.79384
1604683815,55.79384
1604683816,55.79384
1604683817,55.79384
1604683818,55.79384
1604683819,55.79384
1604683820,55.79384
1604683821,55.79384
1604683822,55.79384
1604683823,55.79384
1604683824,55.79384
1604683825,55.79384
1604683826,56.276367
1604683827,56.276367
1604683828,56.276367
1604683829,56.276367
1604683830,56.107277
1604683831,56.107277
1604683832,56.4928
1604683833,56.4928
1604683834,56.163357
1604683835,56.163357
1604683836,56.163357
1604683837,56.163357
1604683838,56.163357
1604683839,55.59423
1604683840,55.59423
1604683841,55.59423
1604683842,55.59423
1604683843,55.59423
1604683844,55.59423
1604683845,55.59423
1604683846,55.59423
1604683847,55.59423
1604683848,55.59423
1604683849,55.59423
1604683850,55.59423
1604683851,55.59423
1604683852,55.59423
1604683853,55.59423
1604683854,55.59423
1604683855,55.59423
1604683856,55.59423
1604683857,56.163357
1604683858,56.163357
1604683859,56.163357
1604683860,55.59423
1604683861,55.59423
1604683862,55.59423
1604683863,55.59423
1604683864,55.59423
1604683865,55.59423
1604683866,55.59423
1604683867,55.59423
1604683868,56.163357
1604683869,56.163357
1604683870,56.163357
1604683871,56.163357
1604683872,56.163357
1604683873,56.163357
1604683874,56.163357
1604683875,56.163357
1604683876,56.4928
1604683877,56.4928
1604683878,56.4928
1604683879,56.4928
1604683880,56.107277
1604683881,56.107277
1604683882,56.107277
1604683883,56.107277
1604683884,56.107277
1604683885,56.107277
1604683886,56.107277
1604683887,56.107277
1604683888,56.107277
1604683889,56.107277
1604683890,56.107277
1604683891,56.107277
1604683892,56.107277
1604683893,56.107277
1604683894,56.107277
1604683895,56.107277
1604683896,56.4928
1604683897,56.4928
1604683898,56.4928
1604683899,56.4928
1604683900,56.4928
1604683901,56.4928
1604683902,56.4928
1604683903,56.4928
1604683904,56.4928
1604683905,56.163357
1604683906,56.163357
1604683907,56.163357
1604683908,56.163357
1604683909,56.163357
1604683910,56.163357
1604683911,56.163357
1604683912,56.163357
1604683913,56.163357
1604683914,55.59423
1604683915,55.59423
1604683916,54.901237
1604683917,54.901237
1604683918,55.157776
1604683919,55.157776
1604683920,55.29102
1604683921,55.29102
1604683922,55.10609
1604683923,55.10609
1604683924,54.204357
1604683925,54.204357
1604683926,53.521072
1604683927,53.521072
1604683928,52.21534
1604683929,52.21534
1604683930,52.76713
1604683931,52.76713
1604683932,52.40492
1604683933,52.40492
1604683934,52.40492
1604683935,52.40492
1604683936,52.481667
1604683937,52.481667
1604683938,51.756474
1604683939,51.507553
1604683940,51.507553
1604683941,51.69357
1604683942,51.69357
1604683943,51.080982
1604683944,51.080982
1604683945,50.202827
1604683946,50.202827
1604683947,50.202827
1604683948,50.202827
1604683949,50.202827
1604683950,49.79289
1604683951,49.79289
1604683952,49.79289
1604683953,49.730846
1604683954,49.730846
1604683955,49.730846
1604683956,49.730846
1604683957,49.730846
1604683958,49.730846
1604683959,49.494644
1604683960,49.494644
1604683961,49.494644
1604683962,49.730846
1604683963,49.730846
1604683964,49.730846
1604683965,49.730846
1604683966,49.730846
1604683967,49.730846
1604683968,49.79289
1604683969,49.79289
1604683970,49.79289
1604683971,49.79289
1604683972,49.79289
1604683973,50.202827
1604683974,50.202827
1604683975,50.202827
1604683976,50.202827
1604683977,50.202827
1604683978,50.202827
1604683979,50.202827
1604683980,50.202827
1604683981,51.080982
1604683982,51.080982
1604683983,51.69357
1604683984,51.69357
1604683985,51.69357
1604683986,51.507553
1604683987,51.507553
1604683988,51.507553
1604683989,51.507553
1604683990,51.507553
1604683991,51.507553
1604683992,51.507553
1604683993,51.507553
1604683994,51.507553
1604683995,51.507553
1604683996,51.69357
1604683997,51.69357
1604683998,51.69357
1604683999,51.69357
1604684000,51.69357
1604684001,51.080982
1604684002,51.080982
1604684003,51.080982
1604684004,51.69357
1604684005,51.69357
1604684006,51.69357
1604684007,51.507553
1604684008,51.507553
1604684009,51.756474
1604684010,51.756474
1604684011,51.756474
1604684012,52.481667
1604684013,52.481667
1604684014,52.481667
1604684015,52.481667
1604684016,52.481667
1604684017,52.481667
1604684018,52.481667
1604684019,52.481667
1604684020,52.481667
1604684021,51.756474
1604684022,51.756474
1604684023,51.756474
1604684024,51.756474
1604684025,51.756474
1604684026,51.507553
1604684027,51.507553
1604684028,51.507553
1604684029,51.507553
1604684030,51.507553
1604684031,51.69357
1604684032,51.69357
1604684033,51.69357
1604684034,51.69357
1604684035,51.080982
1604684036,51.080982
1604684037,51.080982
1604684038,51.080982
1604684039,50.202827
1604684040,50.202827
1604684041,50.202827
1604684042,50.202827
1604684043,50.202827
1604684044,50.202827
1604684045,50.202827
1604684046,50.202827
1604684047,50.202827
1604684048,50.202827
1604684049,50.202827
1604684050,50.202827
1604684051,51.080982
1604684052,51.080982
1604684053,51.080982
1604684054,51.69357
1604684055,51.69357
1604684056,51.507553
1604684057,51.756474
1604684058,51.756474
1604684059,52.481667
1604684060,52.40492
1604684061,52.40492
1604684062,52.40492
1604684063,52.76713
1604684064,52.21534
1604684065,53.521072
1604684066,53.521072
1604684067,54.204357
1604684068,55.10609
1604684069,55.29102
1604684070,55.157776
1604684071,54.901237
1604684072,54.901237
1604684073,55.59423
1604684074,56.163357
1604684075,56.163357
1604684076,56.163357
1604684077,56.163357
1604684078,56.163357
1604684079,56.4928
1604684080,56.4928
1604684081,56.4928
1604684082,56.107277
1604684083,56.107277
1604684084,56.107277
1604684085,56.107277
1604684086,56.276367
1604684087,56.276367
1604684088,56.276367
1604684089,55.79384
1604684090,55.79384
1604684091,55.79384
1604684092,55.79384
1604684093,55.79384
1604684094,55.79384
1604684095,55.79384
1604684096,55.79384
1604684097,55.79384
1604684098,55.79384
1604684099,55.38004
1604684100,55.79384
1604684101,55.79384
1604684102,55.79384
1604684103,55.79384
1604684104,55.79384
1604684105,55.79384
1604684106,55.79384
1604684107,55.79384
1604684108,55.79384
1604684109,55.79384
1604684110,56.276367
1604684111,56.276367
1604684112,56.107277
1604684113,56.107277
1604684114,56.107277
1604684115,56.4928
1604684116,56.4928
1604684117,56.4928
1604684118,56.4928
1604684119,56.163357
1604684120,56.163357
1604684121,56.163357
1604684122,56.163357
1604684123,56.163357
1604684124,56.163357
1604684125,56.163357
1604684126,56.163357
1604684127,55.59423
1604684128,55.59423
1604684129,55.59423
1604684130,55.59423
1604684131,55.59423
1604684132,54.901237
1604684133,54.901237
1604684134,55.157776
1604684135,55.157776
1604684136,55.29102
1604684137,55.10609
1604684138,54.204357
1604684139,54.204357
1604684140,53.521072
1604684141,52.21534
1604684142,52.76713
1604684143,52.40492
1604684144,52.40492
1604684145,52.40492
1604684146,52.481667
1604684147,51.756474
1604684148,51.756474
1604684149,51.507553
1604684150,51.507553
1604684151,51.69357
1604684152,51.69357
1604684153,51.080982
1604684154,51.080982
1604684155,50.202827
1604684156,50.202827
1604684157,50.202827
1604684158,50.202827
1604684159,50.202827
1604684160,49.79289
1604684161,49.79289
1604684162,49.79289
1604684163,49.79289
1604684164,49.79289
1604684165,49.79289
1604684166,49.79289
1604684167,49.79289
1604684168,49.79289
1604684169,49.79289
1604684170,49.79289
1604684171,50.202827
1604684172,50.202827
1604684173,50.202827
1604684174,50.202827
1604684175,50.202827
1604684176,50.202827
1604684177,50.202827
1604684178,50.202827
1604684179,50.202827
1604684180,49.79289
1604684181,49.79289
1604684182,49.79289
1604684183,49.79289
1604684184,49.79289
1604684185,50.202827
1604684186,50.202827
1604684187,50.202827
1604684188,50.202827
1604684189,50.202827
1604684190,50.202827
1604684191,50.202827
1604684192,50.202827
1604684193,51.080982
1604684194,51.080982
1604684195,51.69357
1604684196,51.69357
1604684197,51.69357
1604684198,51.507553
1604684199,51.507553
1604684200,51.507553
1604684201,51.756474
1604684202,51.756474
1604684203,52.481667
1604684204,52.481667
1604684205,52.40492
1604684206,52.40492
1604684207,52.40492
1604684208,52.76713
1604684209,52.76713
1604684210,52.76713
1604684211,52.76713
1604684212,52.76713
1604684213,52.76713
1604684214,52.76713
1604684215,52.40492
1604684216,52.40492
1604684217,52.481667
1604684218,51.756474
1604684219,51.507553
1604684220,51.080982
1604684221,50.202827
1604684222,50.202827
1604684223,49.79289
1604684224,49.494644
1604684225,49.919395
1604684226,49.919395
1604684227,50.42538
1604684228,49.857655
1604684229,48.118366
1604684230,48.118366
1604684231,48.118366
1604684232,47.527126
1604684233,47.527126
1604684234,48.335026
1604684235,48.335026
1604684236,48.335026
1604684237,47.909203
1604684238,47.909203
1604684239,47.909203
1604684240,47.909203
1604684241,47.909203
1604684242,47.909203
1604684243,47.909203
1604684244,47.909203
1604684245,47.909203
1604684246,46.49674
1604684247,46.49674
1604684248,46.49674
1604684249,46.49674
1604684250,46.98543
1604684251,46.472214
1604684252,46.472214
1604684253,46.472214
1604684254,46.72857
1604684255,46.152275
1604684256,46.152275
1604684257,47.142212
1604684258,47.142212
1604684259,47.142212
1604684260,47.142212
1604684261,47.607506
1604684262,47.142212
1604684263,47.142212
1604684264,47.142212
1604684265,47.142212
1604684266,46.152275
1604684267,46.152275
1604684268,46.152275
1604684269,46.72857
1604684270,46.72857
1604684271,46.72857
1604684272,46.72857
1604684273,46.472214
1604684274,46.472214
1604684275,46.472214
1604684276,46.472214
1604684277,46.472214
1604684278,46.472214
1604684279,46.472214
1604684280,46.472214
1604684281,46.472214
1604684282,46.98543
1604684283,46.98543
1604684284,46.98543
1604684285,46.49674
1604684286,46.49674
1604684287,46.49674
1604684288,46.49674
1604684289,47.909203
1604684290,47.909203
1604684291,47.909203
1604684292,47.909203
1604684293,48.335026
1604684294,48.335026
1604684295,47.527126
1604684296,47.527126
1604684297,47.527126
1604684298,47.527126
1604684299,47.527126
1604684300,48.118366
1604684301,48.118366
1604684302,48.118366
1604684303,48.118366
1604684304,48.118366
1604684305,48.118366
1604684306,48.118366
1604684307,48.118366
1604684308,48.118366
1604684309,48.118366
1604684310,48.118366
1604684311,48.118366
1604684312,48.118366
1604684313,48.118366
1604684314,48.118366
1604684315,48.118366
1604684316,48.118366
1604684317,48.118366
1604684318,48.118366
1604684319,48.118366
1604684320,48.118366
1604684321,48.118366
1604684322,48.118366
1604684323,48.118366
1604684324,48.118366
1604684325,48.118366
1604684326,48.118366
1604684327,49.857655
1604684328,49.857655
1604684329,49.857655
1604684330,49.857655
1604684331,49.857655
1604684332,50.42538
1604684333,50.42538
1604684334,50.42538
1604684335,50.42538
1604684336,50.42538
1604684337,50.42538
1604684338,50.42538
1604684339,50.42538
1604684340,50.42538
1604684341,50.42538
1604684342,49.857655
1604684343,49.857655
1604684344,49.857655
1604684345,49.857655
1604684346,49.857655
1604684347,49.857655
1604684348,49.857655
1604684349,50.42538
1604684350,50.42538
1604684351,50.42538
1604684352,50.42538
1604684353,49.919395
1604684354,49.919395
1604684355,49.919395
1604684356,49.919395
1604684357,49.919395
1604684358,49.919395
1604684359,49.919395
1604684360,49.919395
1604684361,49.494644
1604684362,49.494644
1604684363,49.494644
1604684364,49.494644
1604684365,49.494644
1604684366,49.494644
1604684367,49.494644
1604684368,49.494644
1604684369,49.494644
1604684370,49.494644
1604684371,49.494644
1604684372,49.730846
1604684373,49.730846
1604684374,49.730846
1604684375,49.730846
1604684376,49.79289
1604684377,49.79289
1604684378,49.79289
1604684379,49.79289
1604684380,49.79289
1604684381,49.79289
1604684382,49.730846
1604684383,49.730846
1604684384,49.730846
1604684385,49.494644
1604684386,49.494644
1604684387,49.494644
1604684388,49.919395
1604684389,49.919395
1604684390,49.919395
1604684391,49.919395
1604684392,49.919395
1604684393,50.42538
1604684394,50.42538
1604684395,50.42538
1604684396,49.857655
1604684397,49.857655
1604684398,49.857655
1604684399,49.857655
1604684400,48.118366
1604684401,48.118366
1604684402,48.118366
1604684403,48.118366
1604684404,48.118366
1604684405,48.118366
1604684406,48.118366
1604684407,48.118366
1604684408,48.118366
1604684409,48.118366
1604684410,48.118366
1604684411,48.118366
1604684412,48.118366
1604684413,48.118366
1604684414,48.118366
1604684415,48.118366
1604684416,48.118366
1604684417,48.118366
1604684418,48.118366
1604684419,48.118366
1604684420,48.118366
1604684421,48.118366
1604684422,48.118366
1604684423,48.118366
1604684424,47.527126
1604684425,47.527126
1604684426,47.527126
1604684427,48.335026
1604684428,48.335026
1604684429,48.335026
1604684430,48.335026
1604684431,48.335026
1604684432,48.335026
1604684433,47.909203
1604684434,47.909203
1604684435,47.909203
1604684436,47.909203
1604684437,47.909203
1604684438,47.909203
1604684439,47.909203
1604684440,47.909203
1604684441,47.909203
1604684442,47.909203
1604684443,47.909203
1604684444,47.909203
1604684445,47.909203
1604684446,47.909203
1604684447,47.909203
1604684448,46.49674
1604684449,46.49674
1604684450,46.49674
1604684451,46.49674
1604684452,46.49674
1604684453,46.49674
1604684454,46.49674
1604684455,46.49674
1604684456,46.49674
1604684457,46.49674
1604684458,46.49674
1604684459,46.49674
1604684460,46.49674
1604684461,46.49674
1604684462,46.49674
1604684463,46.49674
1604684464,46.49674
1604684465,47.909203
1604684466,47.909203
1604684467,47.909203
1604684468,47.909203
1604684469,47.909203
1604684470,47.909203
1604684471,47.909203
1604684472,48.335026
1604684473,48.335026
1604684474,47.527126
1604684475,47.527126
1604684476,48.118366
1604684477,48.118366
1604684478,48.118366
1604684479,48.118366
1604684480,49.857655
1604684481,49.857655
1604684482,49.857655
1604684483,50.42538
1604684484,50.42538
1604684485,50.42538
1604684486,50.42538
1604684487,49.919395
1604684488,49.919395
1604684489,49.919395
1604684490,49.919395
1604684491,49.919395
1604684492,49.919395
1604684493,49.919395
1604684494,49.919395
1604684495,49.919395
1604684496,49.919395
1604684497,49.494644
1604684498,49.494644
1604684499,49.494644
1604684500,49.494644
1604684501,49.730846
1604684502,49.730846
1604684503,49.730846
1604684504,49.730846
1604684505,49.730846
1604684506,49.730846
1604684507,49.730846
1604684508,49.730846
1604684509,49.730846
1604684510,49.730846
1604684511,49.730846
1604684512,49.730846
1604684513,49.730846
1604684514,49.730846
1604684515,49.730846
1604684516,49.79289
1604684517,49.79289
1604684518,49.79289
1604684519,49.79289
1604684520,49.79289
1604684521,49.79289
1604684522,49.79289
1604684523,49.79289
1604684524,50.202827
1604684525,50.202827
1604684526,50.202827
1604684527,50.202827
1604684528,50.202827
1604684529,50.202827
1604684530,50.202827
1604684531,50.202827
1604684532,51.080982
1604684533,51.080982
1604684534,51.69357
1604684535,51.69357
1604684536,51.507553
1604684537,51.756474
1604684538,51.756474
1604684539,52.481667
1604684540,52.481667
1604684541,52.40492
1604684542,52.40492
1604684543,52.40492
1604684544,52.40492
1604684545,52.40492
1604684546,52.40492
1604684547,52.40492
1604684548,52.40492
1604684549,52.40492
1604684550,52.481667
1604684551,52.481667
1604684552,52.481667
1604684553,52.481667
1604684554,52.481667
1604684555,52.481667
1604684556,52.481667
1604684557,52.481667
1604684558,51.756474
1604684559,51.756474
1604684560,51.756474
1604684561,51.756474
1604684562,51.756474
1604684563,51.756474
1604684564,51.507553
1604684565,51.507553
1604684566,51.507553
1604684567,51.507553
1604684568,51.507553
1604684569,51.507553
1604684570,51.507553
1604684571,51.507553
1604684572,51.69357
1604684573,51.69357
1604684574,51.69357
1604684575,51.69357
1604684576,51.69357
1604684577,51.69357
1604684578,51.69357
1604684579,51.69357
1604684580,51.69357
1604684581,51.69357
1604684582,51.69357
1604684583,51.69357
1604684584,51.507553
1604684585,51.507553
1604684586,51.756474
1604684587,51.756474
1604684588,52.481667
1604684589,52.481667
1604684590,52.40492
1604684591,52.40492
1604684592,52.40492
1604684593,52.40492
1604684594,52.76713
1604684595,52.76713
1604684596,52.21534
1604684597,52.21534
1604684598,52.21534
1604684599,52.21534
1604684600,53.521072
1604684601,53.521072
1604684602,53.521072
1604684603,53.521072
1604684604,53.521072
1604684605,54.204357
1604684606,54.204357
1604684607,54.204357
1604684608,55.10609
1604684609,55.10609
1604684610,55.29102
1604684611,55.29102
1604684612,55.157776
1604684613,55.157776
1604684614,54.901237
1604684615,54.901237
1604684616,55.59423
1604684617,55.59423
1604684618,56.163357
1604684619,56.163357
1604684620,56.163357
1604684621,56.163357
1604684622,56.163357
1604684623,56.163357
1604684624,56.163357
1604684625,56.163357
1604684626,56.163357
1604684627,55.59423
1604684628,55.59423
1604684629,55.59423
1604684630,55.59423
1604684631,55.59423
1604684632,54.901237
1604684633,54.901237
1604684634,54.901237
1604684635,54.901237
1604684636,54.901237
1604684637,54.901237
1604684638,55.157776
1604684639,55.157776
1604684640,55.157776
1604684641,55.157776
1604684642,55.157776
1604684643,55.157776
1604684644,55.157776
1604684645,55.157776
1604684646,55.157776
1604684647,55.157776
1604684648,55.157776
1604684649,55.157776
1604684650,55.157776
1604684651,55.157776
1604684652,55.157776
1604684653,55.157776
1604684654,55.157776
1604684655,54.901237
1604684656,54.901237
1604684657,54.901237
1604684658,54.901237
1604684659,55.59423
1604684660,55.59423
1604684661,55.59423
1604684662,55.59423
1604684663,55.59423
1604684664,55.59423
1604684665,56.163357
1604684666,56.163357
1604684667,56.163357
1604684668,56.163357
1604684669,56.163357
1604684670,56.163357
1604684671,55.59423
1604684672,55.59423
1604684673,54.901237
1604684674,54.901237
1604684675,54.901237
1604684676,55.157776
1604684677,55.157776
1604684678,55.157776
1604684679,55.157776
1604684680,55.29102
1604684681,55.29102
1604684682,55.29102
1604684683,55.29102
1604684684,55.29102
1604684685,55.29102
1604684686,55.29102
1604684687,55.157776
1604684688,55.157776
1604684689,55.157776
1604684690,55.157776
1604684691,55.157776
1604684692,54.901237
1604684693,54.901237
1604684694,54.901237
1604684695,55.59423
1604684696,55.59423
1604684697,55.59423
1604684698,56.163357
1604684699,56.163357
1604684700,56.163357
1604684701,56.163357
1604684702,56.163357
1604684703,56.163357
1604684704,56.4928
1604684705,56.4928
1604684706,56.4928
1604684707,56.4928
1604684708,56.4928
1604684709,56.4928
1604684710,56.4928
1604684711,56.4928
1604684712,56.4928
1604684713,56.4928
1604684714,56.4928
1604684715,56.163357
1604684716,56.163357
1604684717,56.163357
1604684718,56.163357
1604684719,56.163357
1604684720,56.163357
1604684721,56.163357
1604684722,56.163357
1604684723,56.163357
1604684724,56.163357
1604684725,56.163357
1604684726,56.163357
1604684727,56.163357
1604684728,56.163357
1604684729,56.163357
1604684730,56.163357
1604684731,56.4928
1604684732,56.4928
1604684733,56.4928
1604684734,56.4928
1604684735,56.4928
1604684736,56.163357
1604684737,56.163357
1604684738,56.163357
1604684739,56.163357
1604684740,56.163357
1604684741,56.163357
1604684742,56.163357
1604684743,56.163357
1604684744,55.59423
1604684745,55.59423
1604684746,55.59423
1604684747,54.901237
1604684748,54.901237
1604684749,54.901237
1604684750,54.901237
1604684751,54.901237
1604684752,54.901237
1604684753,55.157776
1604684754,55.157776
1604684755,55.157776
1604684756,55.157776
1604684757,55.157776
1604684758,55.157776
1604684759,55.157776
1604684760,55.157776
1604684761,55.29102
1604684762,55.29102
1604684763,55.29102
1604684764,55.29102
1604684765,55.10609
1604684766,55.10609
1604684767,55.10609
1604684768,54.204357
1604684769,54.204357
1604684770,54.204357
1604684771,53.521072
1604684772,53.521072
1604684773,53.521072
1604684774,53.521072
1604684775,52.21534
1604684776,52.21534
1604684777,52.21534
1604684778,52.21534
1604684779,52.21534
1604684780,52.76713
1604684781,52.76713
1604684782,52.76713
1604684783,52.76713
1604684784,52.76713
1604684785,52.76713
1604684786,52.76713
1604684787,52.21534
1604684788,52.21534
1604684789,52.21534
1604684790,52.21534
1604684791,52.21534
1604684792,53.521072
1604684793,53.521072
1604684794,53.521072
1604684795,53.521072
1604684796,54.204357
1604684797,54.204357
1604684798,54.204357
1604684799,54.204357
1604684800,54.204357
1604684801,54.204357
1604684802,54.204357
1604684803,54.204357
1604684804,54.204357
1604684805,53.521072
1604684806,53.521072
1604684807,53.521072
1604684808,52.21534
1604684809,52.21534
1604684810,52.21534
1604684811,52.21534
1604684812,52.21534
1604684813,52.76713
1604684814,52.76713
1604684815,52.76713
1604684816,52.40492
1604684817,52.40492
1604684818,52.40492
1604684819,52.40492
1604684820,52.40492
1604684821,52.481667
1604684822,52.481667
1604684823,51.756474
1604684824,51.756474
1604684825,51.507553
1604684826,51.507553
1604684827,51.69357
1604684828,51.69357
1604684829,51.080982
1604684830,51.080982
1604684831,51.080982
1604684832,50.202827
1604684833,50.202827
1604684834,50.202827
1604684835,50.202827
1604684836,50.202827
1604684837,49.79289
1604684838,49.79289
1604684839,49.79289
1604684840,49.79289
1604684841,49.79289
1604684842,50.202827
1604684843,50.202827
1604684844,50.202827
1604684845,50.202827
1604684846,51.080982
1604684847,51.080982
1604684848,51.080982
1604684849,51.080982
1604684850,51.080982
1604684851,51.080982
1604684852,51.080982
1604684853,51.080982
1604684854,51.080982
1604684855,51.080982
1604684856,51.080982
1604684857,50.202827
1604684858,50.202827
1604684859,50.202827
1604684860,50.202827
1604684861,50.202827
1604684862,50.202827
1604684863,50.202827
1604684864,50.202827
1604684865,50.202827
1604684866,50.202827
1604684867,50.202827
1604684868,50.202827
1604684869,49.79289
1604684870,49.79289
1604684871,49.79289
1604684872,49.79289
1604684873,49.79289
1604684874,49.79289
1604684875,49.79289
1604684876,49.79289
1604684877,49.79289
1604684878,49.79289
1604684879,50.202827
1604684880,50.202827
1604684881,50.202827
1604684882,50.202827
1604684883,50.202827
1604684884,50.202827
1604684885,50.202827
1604684886,50.202827
1604684887,50.202827
1604684888,50.202827
1604684889,50.202827
1604684890,50.202827
1604684891,51.080982
1604684892,51.080982
1604684893,51.080982
1604684894,51.080982
1604684895,51.080982
1604684896,51.080982
1604684897,51.080982
1604684898,51.080982
1604684899,51.080982
1604684900,51.080982
1604684901,51.080982
1604684902,51.080982
1604684903,51.080982
1604684904,51.080982
1604684905,51.080982
1604684906,51.080982
1604684907,51.69357
1604684908,51.69357
1604684909,51.69357
1604684910,51.507553
1604684911,51.507553
1604684912,51.507553
1604684913,51.756474
1604684914,51.756474
1604684915,51.756474
1604684916,51.756474
1604684917,51.756474
1604684918,51.756474
1604684919,51.756474
1604684920,51.756474
1604684921,51.756474
1604684922,51.507553
1604684923,51.507553
1604684924,51.69357
1604684925,51.69357
1604684926,51.69357
1604684927,51.080982
1604684928,51.080982
1604684929,51.080982
1604684930,51.080982
1604684931,50.202827
1604684932,50.202827
1604684933,50.202827
1604684934,50.202827
1604684935,50.202827
1604684936,50.202827
1604684937,50.202827
1604684938,49.79289
1604684939,49.79289
1604684940,49.79289
1604684941,49.79289
1604684942,49.730846
1604684943,49.730846
1604684944,49.730846
1604684945,49.730846
1604684946,49.730846
1604684947,49.730846
1604684948,49.730846
1604684949,49.730846
1604684950,49.730846
1604684951,49.730846
1604684952,49.730846
1604684953,49.730846
1604684954,49.730846
1604684955,49.79289
1604684956,49.79289
1604684957,50.202827
1604684958,50.202827
1604684959,50.202827
1604684960,51.080982
1604684961,51.69357
1604684962,51.507553
1604684963,51.756474
1604684964,52.481667
1604684965,52.40492
1604684966,52.76713
1604684967,52.21534
1604684968,53.521072
1604684969,55.10609
1604684970,55.29102
1604684971,55.157776
1604684972,54.901237
1604684973,54.901237
1604684974,55.59423
1604684975,56.163357
1604684976,56.163357
1604684977,56.163357
1604684978,56.163357
1604684979,56.163357
1604684980,56.163357
1604684981,56.4928
1604684982,56.4928
1604684983,56.107277
1604684984,56.107277
1604684985,56.276367
1604684986,55.79384
1604684987,55.79384
1604684988,55.38004
1604684989,55.38004
1604684990,55.01284
1604684991,54.31358
1604684992,54.31358
1604684993,53.22494
1604684994,51.971718
1604684995,51.971718
1604684996,51.83317
1604684997,50.66875
1604684998,50.077454
1604684999,50.077454
1604685000,50.077454
1604685001,48.928448
1604685002,48.928448
1604685003,48.928448
1604685004,48.084698
1604685005,48.084698
1604685006,48.084698
1604685007,48.084698
1604685008,48.084698
1604685009,48.084698
1604685010,47.24168
1604685011,47.24168
1604685012,47.24168
1604685013,47.24168
1604685014,47.24168
1604685015,47.24168
1604685016,47.24168
1604685017,48.084698
1604685018,48.084698
1604685019,48.084698
1604685020,48.084698
1604685021,48.084698
1604685022,48.084698
1604685023,48.084698
1604685024,48.084698
1604685025,48.084698
1604685026,48.928448
1604685027,48.928448
1604685028,48.928448
1604685029,48.928448
1604685030,48.928448
1604685031,50.077454
1604685032,50.077454
1604685033,50.077454
1604685034,50.077454
1604685035,50.077454
1604685036,50.077454
1604685037,50.077454
1604685038,50.077454
1604685039,50.077454
1604685040,50.077454
1604685041,50.077454
1604685042,50.077454
1604685043,50.077454
1604685044,50.077454
1604685045,48.928448
1604685046,48.928448
1604685047,48.928448
1604685048,48.928448
1604685049,48.084698
1604685050,48.084698
1604685051,48.084698
1604685052,48.084698
1604685053,48.084698
1604685054,48.084698
1604685055,48.928448
1604685056,48.928448
1604685057,48.928448
1604685058,48.928448
1604685059,50.077454
1604685060,50.077454
1604685061,50.077454
1604685062,50.077454
1604685063,50.077454
1604685064,48.928448
1604685065,48.928448
1604685066,48.084698
1604685067,48.084698
1604685068,48.084698
1604685069,47.24168
1604685070,47.24168
1604685071,46.271515
1604685072,49.919395
1604685073,49.919395
1604685074,49.494644
1604685075,49.494644
1604685076,49.494644
1604685077,49.919395
1604685078,49.919395
1604685079,49.919395
1604685080,45.127308
1604685081,45.127308
1604685082,45.127308
1604685083,45.127308
1604685084,45.127308
1604685085,45.127308
1604685086,45.127308
1604685087,45.127308
1604685088,46.355186
1604685089,46.355186
1604685090,46.355186
1604685091,46.355186
1604685092,46.355186
1604685093,46.355186
1604685094,45.127308
1604685095,45.127308
1604685096,45.127308
1604685097,45.127308
1604685098,45.127308
1604685099,45.127308
1604685100,45.127308
1604685101,45.127308
1604685102,45.127308
1604685103,45.127308
1604685104,45.127308
1604685105,45.127308
1604685106,45.127308
1604685107,45.127308
1604685108,45.127308
1604685109,45.127308
1604685110,45.127308
1604685111,45.127308
1604685112,45.127308
1604685113,45.127308
1604685114,46.271515
1604685115,46.271515
1604685116,46.271515
1604685117,46.271515
1604685118,47.24168
1604685119,47.24168
1604685120,48.084698
1604685121,48.084698
1604685122,48.084698
1604685123,48.084698
1604685124,48.084698
1604685125,48.084698
1604685126,48.084698
1604685127,48.084698
1604685128,48.084698
1604685129,48.084698
1604685130,48.084698
1604685131,47.24168
1604685132,47.24168
1604685133,47.24168
1604685134,46.271515
1604685135,46.271515
1604685136,46.271515
1604685137,46.271515
1604685138,46.271515
1604685139,46.271515
1604685140,46.271515
1604685141,46.271515
1604685142,45.127308
1604685143,45.127308
1604685144,45.127308
1604685145,45.127308
1604685146,45.127308
1604685147,45.127308
1604685148,45.127308
1604685149,45.127308
1604685150,45.127308
1604685151,45.127308
1604685152,45.127308
1604685153,45.127308
1604685154,45.127308
1604685155,45.127308
1604685156,45.127308
1604685157,45.127308
1604685158,45.127308
1604685159,45.127308
1604685160,45.127308
1604685161,45.127308
1604685162,45.127308
1604685163,45.127308
1604685164,45.127308
1604685165,46.271515
1604685166,46.271515
1604685167,46.271515
1604685168,46.271515
1604685169,46.271515
1604685170,46.271515
1604685171,46.271515
1604685172,46.271515
1604685173,46.271515
1604685174,47.24168
1604685175,47.24168
1604685176,48.084698
1604685177,48.084698
1604685178,48.084698
1604685179,48.084698
1604685180,48.084698
1604685181,48.084698
1604685182,48.084698
1604685183,48.928448
1604685184,48.928448
1604685185,48.084698
1604685186,48.084698
1604685187,48.084698
1604685188,48.084698
1604685189,48.084698
1604685190,48.084698
1604685191,48.084698
1604685192,48.084698
1604685193,47.24168
1604685194,47.24168
1604685195,47.24168
1604685196,47.24168
1604685197,47.24168
1604685198,46.271515
1604685199,46.271515
1604685200,46.271515
1604685201,46.271515
1604685202,46.271515
1604685203,46.271515
1604685204,46.271515
1604685205,46.271515
1604685206,46.271515
1604685207,46.271515
1604685208,46.271515
1604685209,46.271515
1604685210,46.271515
1604685211,47.24168
1604685212,47.24168
1604685213,47.24168
1604685214,47.24168
1604685215,48.084698
1604685216,48.084698
1604685217,48.084698
1604685218,48.084698
1604685219,48.084698
1604685220,48.084698
1604685221,48.084698
1604685222,48.084698
1604685223,48.928448
1604685224,48.928448
1604685225,48.928448
1604685226,48.928448
1604685227,48.928448
1604685228,48.928448
1604685229,48.928448
1604685230,48.928448
1604685231,48.928448
1604685232,48.928448
1604685233,48.928448
1604685234,48.928448
1604685235,48.928448
1604685236,50.077454
1604685237,50.077454
1604685238,50.077454
1604685239,50.077454
1604685240,50.66875
1604685241,51.83317
1604685242,51.971718
1604685243,53.22494
1604685244,53.22494
1604685245,54.31358
1604685246,54.31358
1604685247,55.01284
1604685248,55.38004
1604685249,55.79384
1604685250,55.79384
1604685251,55.79384
1604685252,56.276367
1604685253,56.107277
1604685254,56.107277
1604685255,56.4928
1604685256,56.4928
1604685257,56.163357
1604685258,56.163357
1604685259,56.163357
1604685260,55.59423
1604685261,55.59423
1604685262,54.901237
1604685263,54.901237
1604685264,55.157776
1604685265,55.29102
1604685266,55.10609
1604685267,55.10609
1604685268,54.204357
1604685269,53.521072
1604685270,52.21534
1604685271,52.40492
1604685272,52.40492
1604685273,52.481667
1604685274,51.756474
1604685275,51.507553
1604685276,51.69357
1604685277,51.080982
1604685278,50.202827
1604685279,50.202827
1604685280,50.202827
1604685281,49.79289
1604685282,49.79289
1604685283,49.730846
1604685284,49.730846
1604685285,49.730846
1604685286,49.494644
1604685287,49.494644
1604685288,49.494644
1604685289,49.494644
1604685290,49.919395
1604685291,49.919395
1604685292,49.919395
1604685293,49.919395
1604685294,49.919395
1604685295,49.919395
1604685296,50.42538
1604685297,50.42538
1604685298,50.42538
1604685299,50.42538
1604685300,49.857655
1604685301,49.857655
1604685302,49.857655
1604685303,49.857655
1604685304,49.857655
1604685305,49.857655
1604685306,49.857655
1604685307,48.118366
1604685308,48.118366
1604685309,48.118366
1604685310,48.118366
1604685311,48.118366
1604685312,48.118366
1604685313,48.118366
1604685314,48.118366
1604685315,48.118366
1604685316,48.118366
1604685317,47.527126
1604685318,47.527126
1604685319,48.335026
1604685320,48.335026
1604685321,48.335026
1604685322,47.909203
1604685323,47.909203
1604685324,47.909203
1604685325,47.909203
1604685326,46.49674
1604685327,46.49674
1604685328,46.49674
1604685329,46.49674
1604685330,46.49674
1604685331,46.49674
1604685332,46.49674
1604685333,46.49674
1604685334,46.49674
1604685335,46.49674
1604685336,46.49674
1604685337,46.49674
1604685338,46.49674
1604685339,46.49674
1604685340,46.49674
1604685341,46.49674
1604685342,46.49674
1604685343,46.49674
1604685344,46.49674
1604685345,46.49674
1604685346,46.49674
1604685347,46.49674
1604685348,46.49674
1604685349,46.49674
1604685350,46.49674
1604685351,46.49674
1604685352,46.49674
1604685353,46.49674
1604685354,46.49674
1604685355,47.909203
1604685356,47.909203
1604685357,47.909203
1604685358,47.909203
1604685359,47.909203
1604685360,48.335026
1604685361,48.335026
1604685362,47.527126
1604685363,47.527126
1604685364,48.118366
1604685365,48.118366
1604685366,48.118366
1604685367,48.118366
1604685368,48.118366
1604685369,48.118366
1604685370,48.118366
1604685371,48.118366
1604685372,48.118366
1604685373,48.118366
1604685374,48.118366
1604685375,48.118366
1604685376,48.118366
1604685377,48.118366
1604685378,48.118366
1604685379,48.118366
1604685380,48.118366
1604685381,48.118366
1604685382,48.118366
1604685383,48.118366
1604685384,48.118366
1604685385,48.118366
1604685386,48.118366
1604685387,48.118366
1604685388,48.118366
1604685389,48.118366
1604685390,48.118366
1604685391,48.118366
1604685392,48.118366
1604685393,48.118366
1604685394,48.118366
1604685395,48.118366
1604685396,48.118366
1604685397,48.118366
1604685398,48.118366
1604685399,48.118366
1604685400,48.118366
1604685401,48.118366
1604685402,48.118366
1604685403,48.118366
1604685404,48.118366
1604685405,48.118366
1604685406,48.118366
1604685407,48.118366
1604685408,48.118366
1604685409,48.118366
1604685410,47.527126
1604685411,47.527126
1604685412,47.527126
1604685413,47.527126
1604685414,47.527126
1604685415,47.527126
1604685416,47.527126
1604685417,47.527126
1604685418,48.335026
1604685419,48.335026
1604685420,48.335026
1604685421,48.335026
1604685422,48.335026
1604685423,48.335026
1604685424,47.909203
1604685425,47.909203
1604685426,47.909203
1604685427,47.909203
1604685428,47.909203
1604685429,46.49674
1604685430,46.49674
1604685431,46.49674
1604685432,46.49674
1604685433,46.98543
1604685434,46.472214
1604685435,46.472214
1604685436,46.472214
1604685437,46.472214
1604685438,46.472214
1604685439,46.472214
1604685440,46.472214
1604685441,46.472214
1604685442,46.72857
1604685443,46.72857
1604685444,46.72857
1604685445,46.72857
1604685446,46.72857
1604685447,46.472214
1604685448,46.472214
1604685449,46.472214
1604685450,46.472214
1604685451,46.472214
1604685452,46.472214
1604685453,46.472214
1604685454,46.472214
1604685455,46.472214
1604685456,46.472214
1604685457,46.98543
1604685458,46.98543
1604685459,46.49674
1604685460,46.49674
1604685461,46.49674
1604685462,46.49674
1604685463,47.909203
1604685464,47.909203
1604685465,47.909203
1604685466,48.335026
1604685467,47.527126
1604685468,47.527126
1604685469,48.118366
1604685470,48.118366
1604685471,48.118366
1604685472,49.857655
1604685473,49.857655
1604685474,50.42538
1604685475,50.42538
1604685476,50.42538
1604685477,50.42538
1604685478,49.919395
1604685479,49.919395
1604685480,49.919395
1604685481,49.919395
1604685482,49.919395
1604685483,49.919395
1604685484,49.919395
1604685485,49.919395
1604685486,49.919395
1604685487,49.919395
1604685488,49.919395
1604685489,49.919395
1604685490,49.919395
1604685491,49.919395
1604685492,49.919395
1604685493,49.919395
1604685494,49.919395
1604685495,49.919395
1604685496,49.919395
1604685497,49.919395
1604685498,49.919395
1604685499,49.919395
1604685500,50.42538
1604685501,50.42538
1604685502,50.42538
1604685503,49.857655
1604685504,49.857655
1604685505,48.118366
1604685506,48.118366
1604685507,48.118366
1604685508,48.118366
1604685509,48.118366
1604685510,48.118366
1604685511,48.118366
1604685512,48.118366
1604685513,48.118366
1604685514,48.118366
1604685515,48.118366
1604685516,48.118366
1604685517,48.118366
1604685518,48.118366
1604685519,48.118366
1604685520,48.118366
1604685521,47.527126
1604685522,47.527126
1604685523,47.527126
1604685524,47.527126
1604685525,47.527126
1604685526,47.527126
1604685527,47.527126
1604685528,47.527126
1604685529,47.527126
1604685530,47.527126
1604685531,47.527126
1604685532,47.527126
1604685533,47.527126
1604685534,47.527126
1604685535,47.527126
1604685536,48.118366
1604685537,48.118366
1604685538,48.118366
1604685539,48.118366
1604685540,48.118366
1604685541,48.118366
1604685542,48.118366
1604685543,49.857655
1604685544,49.857655
1604685545,49.857655
1604685546,50.42538
1604685547,50.42538
1604685548,50.42538
1604685549,49.919395
1604685550,49.919395
1604685551,49.919395
1604685552,49.919395
1604685553,49.919395
1604685554,49.919395
1604685555,49.494644
1604685556,49.494644
1604685557,49.494644
1604685558,49.730846
1604685559,49.730846
1604685560,49.730846
1604685561,49.730846
1604685562,49.730846
1604685563,49.730846
1604685564,49.730846
1604685565,49.730846
1604685566,49.730846
1604685567,49.730846
1604685568,49.730846
1604685569,49.730846
1604685570,49.730846
1604685571,49.730846
1604685572,49.730846
1604685573,49.730846
1604685574,49.730846
1604685575,49.730846
1604685576,49.730846
1604685577,49.730846
1604685578,49.494644
1604685579,49.494644
1604685580,49.494644
1604685581,49.494644
1604685582,49.494644
1604685583,49.494644
1604685584,49.494644
1604685585,49.494644
1604685586,49.494644
1604685587,49.494644
1604685588,49.494644
1604685589,49.494644
1604685590,49.494644
1604685591,49.494644
1604685592,49.494644
1604685593,49.494644
1604685594,49.494644
1604685595,49.494644
1604685596,49.494644
1604685597,49.494644
1604685598,49.494644
1604685599,49.494644
1604685600,49.494644
1604685601,49.494644
1604685602,49.494644
1604685603,49.494644
1604685604,49.494644
1604685605,49.494644
1604685606,49.494644
1604685607,49.494644
1604685608,49.494644
1604685609,49.494644
1604685610,49.494644
1604685611,49.494644
1604685612,49.494644
1604685613,49.494644
1604685614,49.494644
1604685615,49.494644
1604685616,49.730846
1604685617,49.730846
1604685618,49.730846
1604685619,49.730846
1604685620,49.730846
1604685621,49.730846
1604685622,49.730846
1604685623,49.730846
1604685624,49.79289
1604685625,49.79289
1604685626,49.79289
1604685627,49.79289
1604685628,50.202827
1604685629,50.202827
1604685630,50.202827
1604685631,50.202827
1604685632,50.202827
1604685633,50.202827
1604685634,50.202827
1604685635,50.202827
1604685636,50.202827
1604685637,50.202827
1604685638,50.202827
1604685639,50.202827
1604685640,50.202827
1604685641,50.202827
1604685642,50.202827
1604685643,50.202827
1604685644,50.202827
1604685645,50.202827
1604685646,50.202827
1604685647,50.202827
1604685648,50.202827
1604685649,50.202827
1604685650,50.202827
1604685651,50.202827
1604685652,50.202827
1604685653,50.202827
1604685654,50.202827
1604685655,50.202827
1604685656,50.202827
1604685657,50.202827
1604685658,50.202827
1604685659,49.79289
1604685660,49.79289
1604685661,49.79289
1604685662,49.730846
1604685663,49.730846
1604685664,49.730846
1604685665,49.494644
1604685666,49.494644
1604685667,49.494644
1604685668,49.919395
1604685669,49.919395
1604685670,49.919395
1604685671,49.919395
1604685672,49.919395
1604685673,49.919395
1604685674,49.919395
1604685675,49.919395
1604685676,50.42538
1604685677,50.42538
1604685678,50.42538
1604685679,50.42538
1604685680,50.42538
1604685681,50.42538
1604685682,50.42538
1604685683,50.42538
1604685684,50.42538
1604685685,49.919395
1604685686,49.919395
1604685687,49.919395
1604685688,49.919395
1604685689,49.919395
1604685690,49.919395
1604685691,49.919395
1604685692,49.919395
1604685693,49.919395
1604685694,49.919395
1604685695,49.919395
1604685696,49.919395
1604685697,49.919395
1604685698,49.919395
1604685699,49.919395
1604685700,49.919395
1604685701,49.919395
1604685702,49.919395
1604685703,49.919395
1604685704,49.919395
1604685705,49.919395
1604685706,49.919395
1604685707,49.919395
1604685708,49.919395
1604685709,49.919395
1604685710,49.919395
1604685711,49.919395
1604685712,49.919395
1604685713,49.919395
1604685714,49.919395
1604685715,49.919395
1604685716,49.494644
1604685717,49.494644
1604685718,49.494644
1604685719,49.494644
1604685720,49.494644
1604685721,49.730846
1604685722,49.730846
1604685723,49.730846
1604685724,49.730846
1604685725,49.730846
1604685726,49.730846
1604685727,49.79289
1604685728,49.79289
1604685729,49.79289
1604685730,49.79289
1604685731,49.79289
1604685732,50.202827
1604685733,50.202827
1604685734,50.202827
1604685735,50.202827
1604685736,50.202827
1604685737,50.202827
1604685738,50.202827
1604685739,50.202827
1604685740,50.202827
1604685741,50.202827
1604685742,50.202827
1604685743,50.202827
1604685744,50.202827
1604685745,50.202827
1604685746,50.202827
1604685747,50.202827
1604685748,50.202827
1604685749,50.202827
1604685750,51.080982
1604685751,51.080982
1604685752,51.080982
1604685753,51.080982
1604685754,51.080982
1604685755,51.080982
1604685756,51.69357
1604685757,51.69357
1604685758,51.69357
1604685759,51.507553
1604685760,51.507553
1604685761,51.756474
1604685762,51.756474
1604685763,52.481667
1604685764,52.481667
1604685765,52.40492
1604685766,52.40492
1604685767,52.40492
1604685768,52.40492
1604685769,52.40492
1604685770,52.76713
1604685771,52.76713
1604685772,52.21534
1604685773,52.21534
1604685774,53.521072
1604685775,53.521072
1604685776,54.204357
1604685777,54.204357
1604685778,54.204357
1604685779,55.10609
1604685780,55.10609
1604685781,55.10609
1604685782,55.29102
1604685783,55.29102
1604685784,55.157776
1604685785,55.157776
1604685786,55.157776
1604685787,54.901237
1604685788,54.901237
1604685789,55.59423
1604685790,55.59423
1604685791,56.163357
1604685792,56.163357
1604685793,56.163357
1604685794,56.163357
1604685795,56.4928
1604685796,56.4928
1604685797,56.107277
1604685798,56.107277
1604685799,56.107277
1604685800,56.276367
1604685801,56.276367
1604685802,56.276367
1604685803,56.276367
1604685804,56.276367
1604685805,56.276367
1604685806,56.276367
1604685807,56.276367
1604685808,56.276367
1604685809,56.107277
1604685810,56.107277
1604685811,56.107277
1604685812,56.107277
1604685813,56.4928
1604685814,56.4928
1604685815,56.4928
1604685816,56.163357
1604685817,56.163357
1604685818,56.163357
1604685819,56.163357
1604685820,56.163357
1604685821,56.163357
1604685822,56.163357
1604685823,56.163357
1604685824,56.163357
1604685825,56.163357
1604685826,56.163357
1604685827,56.163357
1604685828,56.163357
1604685829,56.163357
1604685830,56.163357
1604685831,56.4928
1604685832,56.4928
1604685833,56.4928
1604685834,56.4928
1604685835,56.4928
1604685836,56.107277
1604685837,56.107277
1604685838,56.107277
1604685839,56.107277
1604685840,56.107277
1604685841,56.4928
1604685842,56.4928
1604685843,56.4928
1604685844,56.4928
1604685845,56.4928
1604685846,56.4928
1604685847,56.4928
1604685848,56.4928
1604685849,56.4928
1604685850,56.4928
1604685851,56.107277
1604685852,56.107277
1604685853,56.107277
1604685854,56.107277
1604685855,56.107277
1604685856,56.107277
1604685857,56.276367
1604685858,56.276367
1604685859,56.276367
1604685860,56.276367
1604685861,56.276367
1604685862,56.276367
1604685863,56.276367
1604685864,56.276367
1604685865,56.276367
1604685866,56.276367
1604685867,56.276367
1604685868,56.276367
1604685869,56.276367
1604685870,56.276367
1604685871,56.276367
1604685872,56.276367
1604685873,56.276367
1604685874,56.276367
1604685875,56.276367
1604685876,56.276367
1604685877,56.276367
1604685878,56.276367
1604685879,56.276367
1604685880,56.276367
1604685881,56.276367
1604685882,56.276367
1604685883,56.276367
1604685884,56.107277
1604685885,56.107277
1604685886,56.107277
1604685887,56.4928
1604685888,56.4928
1604685889,56.163357
1604685890,56.163357
1604685891,56.163357
1604685892,56.163357
1604685893,56.163357
1604685894,56.163357
1604685895,56.163357
1604685896,56.163357
1604685897,56.163357
1604685898,56.163357
1604685899,56.163357
1604685900,56.163357
1604685901,56.163357
1604685902,56.163357
1604685903,56.163357
1604685904,56.4928
1604685905,56.4928
1604685906,56.4928
1604685907,56.163357
1604685908,56.163357
1604685909,56.163357
1604685910,56.163357
1604685911,55.59423
1604685912,55.157776
1604685913,55.29102
1604685914,54.204357
1604685915,52.76713
1604685916,47.407715
1604685917,45.036568
1604685918,51.080982
1604685919,49.79289
1604685920,49.919395
1604685921,50.42538
1604685922,48.118366
1604685923,47.909203
1604685924,46.49674
1604685925,46.472214
1604685926,46.72857
1604685927,47.142212
1604685928,46.1498
1604685929,46.46377
1604685930,48.224
1604685931,48.85198
1604685932,48.770763
1604685933,47.407715
1604685934,47.670647
1604685935,46.050053
1604685936,44.39088
1604685937,44.052395
1604685938,43.723286
1604685939,42.969063
1604685940,42.968975
1604685941,43.274796
1604685942,43.49132
1604685943,43.086075
1604685944,43.548256
1604685945,43.548256
1604685946,44.271645
1604685947,45.013283
1604685948,44.829315
1604685949,44.502415
1604685950,44.502415
1604685951,44.516663
1604685952,44.469067
1604685953,44.466034
1604685954,43.747086
1604685955,43.747086
1604685956,43.542274
1604685957,42.713505
1604685958,42.713505
1604685959,42.489075
1604685960,41.928238
1604685961,41.928238
1604685962,41.338474
1604685963,41.338474
1604685964,40.96225
1604685965,40.96225
1604685966,40.96225
1604685967,40.696205
1604685968,40.696205
1604685969,40.3876
1604685970,40.3876
1604685971,40.3876
1604685972,40.05251
1604685973,40.05251
1604685974,39.724304
1604685975,40.003616
1604685976,40.003616
1604685977,39.367813
1604685978,39.36857
1604685979,39.36857
1604685980,39.17145
1604685981,38.853405
1604685982,38.853104
1604685983,38.826347
1604685984,38.863255
1604685985,38.863255
1604685986,38.600677
1604685987,38.690334
1604685988,38.46866
1604685989,37.97266
1604685990,37.97266
1604685991,37.823517
1604685992,37.489773
1604685993,37.489773
1604685994,37.489773
1604685995,37.204323
1604685996,37.204323
1604685997,37.204323
1604685998,37.489773
1604685999,37.489773
1604686000,37.823517
1604686001,37.823517
1604686002,37.97266
1604686003,38.46866
1604686004,38.690334
1604686005,38.863255
1604686006,38.863255
1604686007,38.826347
1604686008,38.853104
1604686009,38.853104
1604686010,38.853104
1604686011,38.853104
1604686012,38.826347
1604686013,38.826347
1604686014,38.863255
1604686015,38.863255
1604686016,38.863255
1604686017,38.600677
1604686018,38.600677
1604686019,38.600677
1604686020,38.600677
1604686021,38.863255
1604686022,38.863255
1604686023,38.863255
1604686024,38.826347
1604686025,38.826347
1604686026,38.826347
1604686027,38.863255
1604686028,38.863255
1604686029,38.863255
1604686030,38.600677
1604686031,38.600677
1604686032,38.690334
1604686033,38.46866
1604686034,38.46866
1604686035,37.97266
1604686036,37.97266
1604686037,37.823517
1604686038,37.489773
1604686039,37.204323
1604686040,37.204323
1604686041,37.377277
1604686042,36.917248
1604686043,37.213055
1604686044,37.29478
1604686045,38.295883
1604686046,38.295883
1604686047,38.52371
1604686048,38.810543
1604686049,39.327328
1604686050,39.554462
1604686051,41.29568
1604686052,41.29568
1604686053,41.29568
1604686054,41.57107
1604686055,41.57107
1604686056,42.171215
1604686057,42.067154
1604686058,42.067154
1604686059,42.067154
1604686060,42.271706
1604686061,42.271706
1604686062,41.4656
1604686063,41.4656
1604686064,41.4656
1604686065,40.39401
1604686066,40.39401
1604686067,40.39401
1604686068,39.774757
1604686069,39.774757
1604686070,39.774757
1604686071,39.774757
1604686072,39.774757
1604686073,39.643772
1604686074,39.643772
1604686075,39.643772
1604686076,49.494644
1604686077,49.494644
1604686078,49.494644
1604686079,49.494644
1604686080,49.494644
1604686081,49.730846
1604686082,49.730846
1604686083,49.730846
1604686084,49.79289
1604686085,49.79289
1604686086,49.79289
1604686087,50.202827
1604686088,50.202827
1604686089,50.202827
1604686090,50.202827
1604686091,50.202827
1604686092,51.080982
1604686093,51.080982
1604686094,51.080982
1604686095,51.080982
1604686096,51.080982
1604686097,51.080982
1604686098,51.080982
1604686099,51.080982
1604686100,51.080982
1604686101,51.080982
1604686102,51.080982
1604686103,51.080982
1604686104,50.202827
1604686105,50.202827
1604686106,50.202827
1604686107,50.202827
1604686108,50.202827
1604686109,50.202827
1604686110,49.79289
1604686111,49.79289
1604686112,49.79289
1604686113,49.79289
1604686114,49.730846
1604686115,49.730846
1604686116,49.730846
1604686117,49.730846
1604686118,49.494644
1604686119,49.494644
1604686120,49.494644
1604686121,49.494644
1604686122,49.494644
1604686123,49.919395
1604686124,49.919395
1604686125,49.919395
1604686126,49.919395
1604686127,49.919395
1604686128,49.919395
1604686129,49.919395
1604686130,49.494644
1604686131,49.494644
1604686132,49.494644
1604686133,49.494644
1604686134,49.494644
1604686135,49.494644
1604686136,49.494644
1604686137,49.494644
1604686138,49.494644
1604686139,49.730846
1604686140,49.730846
1604686141,49.730846
1604686142,49.730846
1604686143,49.730846
1604686144,49.79289
1604686145,49.79289
1604686146,50.202827
1604686147,50.202827
1604686148,50.202827
1604686149,50.202827
1604686150,50.202827
1604686151,51.080982
1604686152,51.080982
1604686153,51.080982
1604686154,51.080982
1604686155,51.080982
1604686156,51.080982
1604686157,51.080982
1604686158,51.080982
1604686159,51.080982
1604686160,51.080982
1604686161,51.080982
1604686162,50.202827
1604686163,50.202827
1604686164,50.202827
1604686165,50.202827
1604686166,50.202827
1604686167,50.202827
1604686168,50.202827
1604686169,50.202827
1604686170,50.202827
1604686171,50.202827
1604686172,49.79289
1604686173,49.79289
1604686174,49.79289
1604686175,49.79289
1604686176,49.79289
1604686177,49.79289
1604686178,49.79289
1604686179,49.79289
1604686180,49.79289
1604686181,49.79289
1604686182,49.79289
1604686183,49.79289
1604686184,49.730846
1604686185,49.730846
1604686186,49.730846
1604686187,49.730846
1604686188,49.494644
1604686189,49.494644
1604686190,49.919395
1604686191,49.919395
1604686192,49.919395
1604686193,49.919395
1604686194,50.42538
1604686195,50.42538
1604686196,50.42538
1604686197,49.857655
1604686198,49.857655
1604686199,49.857655
1604686200,49.857655
1604686201,48.118366
1604686202,48.118366
1604686203,49.857655
1604686204,49.857655
1604686205,49.857655
1604686206,49.857655
1604686207,49.857655
1604686208,49.857655
1604686209,49.857655
1604686210,49.857655
1604686211,49.857655
1604686212,49.857655
1604686213,49.857655
1604686214,48.118366
1604686215,48.118366
1604686216,48.118366
1604686217,48.118366
1604686218,48.118366
1604686219,48.118366
1604686220,47.527126
1604686221,47.527126
1604686222,48.335026
1604686223,48.335026
1604686224,47.909203
1604686225,47.909203
1604686226,47.909203
1604686227,47.909203
1604686228,46.49674
1604686229,46.49674
1604686230,46.49674
1604686231,46.49674
1604686232,46.49674
1604686233,46.49674
1604686234,46.49674
1604686235,46.49674
1604686236,46.49674
1604686237,46.49674
1604686238,46.49674
1604686239,46.49674
1604686240,46.49674
1604686241,46.49674
1604686242,46.49674
1604686243,47.909203
1604686244,47.909203
1604686245,47.909203
1604686246,47.909203
1604686247,47.909203
1604686248,48.335026
1604686249,48.335026
1604686250,48.335026
1604686251,47.527126
1604686252,47.527126
1604686253,47.527126
1604686254,47.527126
1604686255,48.118366
1604686256,48.118366
1604686257,48.118366
1604686258,48.118366
1604686259,48.118366
1604686260,48.118366
1604686261,48.118366
1604686262,48.118366
1604686263,48.118366
1604686264,48.118366
1604686265,48.118366
1604686266,48.118366
1604686267,48.118366
1604686268,48.118366
1604686269,48.118366
1604686270,48.118366
1604686271,49.857655
1604686272,49.857655
1604686273,49.857655
1604686274,49.857655
1604686275,49.857655
1604686276,49.857655
1604686277,49.857655
1604686278,50.42538
1604686279,50.42538
1604686280,50.42538
1604686281,50.42538
1604686282,50.42538
1604686283,50.42538
1604686284,50.42538
1604686285,50.42538
1604686286,49.857655
1604686287,49.857655
1604686288,49.857655
1604686289,49.857655
1604686290,49.857655
1604686291,49.857655
1604686292,49.857655
1604686293,49.857655
1604686294,49.857655
1604686295,49.857655
1604686296,48.118366
1604686297,48.118366
1604686298,48.118366
1604686299,48.118366
1604686300,48.118366
1604686301,48.118366
1604686302,48.118366
1604686303,48.118366
1604686304,48.118366
1604686305,48.118366
1604686306,48.118366
1604686307,49.857655
1604686308,49.857655
1604686309,49.857655
1604686310,49.857655
1604686311,49.857655
1604686312,49.857655
1604686313,49.857655
1604686314,50.42538
1604686315,50.42538
1604686316,50.42538
1604686317,50.42538
1604686318,50.42538
1604686319,50.42538
1604686320,50.42538
1604686321,50.42538
1604686322,39.643772
1604686323,39.774757
1604686324,40.39401
1604686325,42.271706
1604686326,42.171215
1604686327,41.29568
1604686328,39.327328
1604686329,38.295883
1604686330,36.917248
1604686331,37.489773
1604686332,38.46866
1604686333,38.863255
1604686334,38.853104
1604686335,39.17145
1604686336,39.367813
1604686337,39.724304
1604686338,40.3876
1604686339,40.696205
1604686340,40.96225
1604686341,41.338474
1604686342,41.928238
1604686343,42.489075
1604686344,42.489075
1604686345,42.489075
1604686346,42.489075
1604686347,41.928238
1604686348,41.928238
1604686349,41.338474
1604686350,40.96225
1604686351,40.696205
1604686352,40.3876
1604686353,40.05251
1604686354,39.724304
1604686355,39.724304
1604686356,40.003616
1604686357,40.003616
1604686358,40.003616
1604686359,40.003616
1604686360,39.724304
1604686361,40.05251
1604686362,40.3876
1604686363,40.696205
1604686364,41.338474
1604686365,41.928238
1604686366,42.489075
1604686367,42.713505
1604686368,43.542274
1604686369,43.747086
1604686370,44.466034
1604686371,44.469067
1604686372,44.516663
1604686373,44.516663
1604686374,44.502415
1604686375,44.829315
1604686376,45.013283
1604686377,44.271645
1604686378,43.548256
1604686379,43.548256
1604686380,43.49132
1604686381,43.167793
1604686382,42.968975
1604686383,42.969063
1604686384,43.723286
1604686385,44.052395
1604686386,44.39088
1604686387,46.050053
1604686388,46.050053
1604686389,47.407715
1604686390,47.407715
1604686391,48.85198
1604686392,36.917248
1604686393,37.377277
1604686394,37.489773
1604686395,37.823517
1604686396,37.97266
1604686397,38.46866
1604686398,46.1498
1604686399,47.607506
1604686400,47.607506
1604686401,47.142212
1604686402,46.152275
1604686403,46.72857
1604686404,46.472214
1604686405,46.472214
1604686406,46.472214
1604686407,46.98543
1604686408,46.49674
1604686409,46.49674
1604686410,46.49674
1604686411,47.909203
1604686412,47.909203
1604686413,48.335026
1604686414,48.335026
1604686415,47.527126
1604686416,47.527126
1604686417,48.118366
1604686418,48.118366
1604686419,48.118366
1604686420,49.857655
1604686421,49.857655
1604686422,49.857655
1604686423,49.857655
1604686424,50.42538
1604686425,50.42538
1604686426,50.42538
1604686427,50.42538
1604686428,50.42538
1604686429,50.42538
1604686430,50.42538
1604686431,50.42538
1604686432,50.42538
1604686433,50.42538
1604686434,50.42538
1604686435,50.42538
1604686436,50.42538
1604686437,49.919395
1604686438,49.919395
1604686439,49.919395
1604686440,49.919395
1604686441,49.919395
1604686442,49.919395
1604686443,49.919395
1604686444,49.494644
1604686445,49.494644
1604686446,49.494644
1604686447,49.494644
1604686448,49.494644
1604686449,49.730846
1604686450,49.730846
1604686451,49.730846
1604686452,49.79289
1604686453,49.79289
1604686454,49.79289
1604686455,49.79289
1604686456,49.79289
1604686457,49.79289
1604686458,49.79289
1604686459,49.79289
1604686460,49.730846
1604686461,49.730846
1604686462,49.730846
1604686463,49.494644
1604686464,49.494644
1604686465,49.494644
1604686466,49.919395
1604686467,49.919395
1604686468,49.919395
1604686469,49.919395
1604686470,49.919395
1604686471,50.42538
1604686472,50.42538
1604686473,49.857655
1604686474,49.857655
1604686475,48.118366
1604686476,48.118366
1604686477,48.118366
1604686478,47.527126
1604686479,48.335026
1604686480,48.335026
1604686481,47.909203
1604686482,47.909203
1604686483,46.49674
1604686484,46.49674
1604686485,46.49674
1604686486,46.49674
1604686487,46.49674
1604686488,46.49674
1604686489,46.49674
1604686490,46.49674
1604686491,46.49674
1604686492,47.909203
1604686493,47.909203
1604686494,47.909203
1604686495,47.909203
1604686496,47.909203
1604686497,47.909203
1604686498,47.909203
1604686499,47.909203
1604686500,47.909203
1604686501,47.909203
1604686502,47.909203
1604686503,47.909203
1604686504,47.909203
1604686505,47.909203
1604686506,48.335026
1604686507,48.335026
1604686508,48.335026
1604686509,47.527126
1604686510,47.527126
1604686511,48.118366
1604686512,48.118366
1604686513,48.118366
1604686514,49.857655
1604686515,49.857655
1604686516,49.857655
1604686517,50.42538
1604686518,50.42538
1604686519,50.42538
1604686520,50.42538
1604686521,49.919395
1604686522,49.919395
1604686523,50.42538
1604686524,50.42538
1604686525,50.42538
1604686526,50.42538
1604686527,50.42538
1604686528,49.857655
1604686529,49.857655
1604686530,49.857655
1604686531,48.118366
1604686532,48.118366
1604686533,48.118366
1604686534,48.118366
1604686535,48.118366
1604686536,48.118366
1604686537,48.118366
1604686538,48.118366
1604686539,48.118366
1604686540,48.118366
1604686541,48.118366
1604686542,48.118366
1604686543,48.118366
1604686544,48.118366
1604686545,48.118366
1604686546,48.118366
1604686547,48.118366
1604686548,48.118366
1604686549,48.118366
1604686550,48.118366
1604686551,48.118366
1604686552,48.118366
1604686553,49.857655
1604686554,49.857655
1604686555,49.857655
1604686556,50.42538
1604686557,50.42538
1604686558,49.919395
1604686559,49.919395
1604686560,49.919395
1604686561,49.919395
1604686562,49.919395
1604686563,49.494644
1604686564,49.494644
1604686565,49.494644
1604686566,49.494644
1604686567,49.494644
1604686568,49.494644
1604686569,49.494644
1604686570,49.494644
1604686571,49.494644
1604686572,49.919395
1604686573,49.919395
1604686574,49.494644
1604686575,49.494644
1604686576,49.494644
1604686577,49.494644
1604686578,49.494644
1604686579,49.494644
1604686580,49.494644
1604686581,49.494644
1604686582,49.494644
1604686583,49.494644
1604686584,49.919395
1604686585,49.919395
1604686586,49.919395
1604686587,49.919395
1604686588,49.919395
1604686589,49.919395
1604686590,49.919395
1604686591,49.919395
1604686592,49.919395
1604686593,49.919395
1604686594,49.919395
1604686595,49.919395
1604686596,49.919395
1604686597,49.919395
1604686598,49.919395
1604686599,49.919395
1604686600,49.919395
1604686601,49.919395
1604686602,49.919395
1604686603,49.919395
1604686604,49.919395
1604686605,49.919395
1604686606,49.919395
1604686607,49.919395
1604686608,49.919395
1604686609,49.919395
1604686610,49.919395
1604686611,49.919395
1604686612,49.919395
1604686613,49.919395
1604686614,49.919395
1604686615,50.42538
1604686616,50.42538
1604686617,50.42538
1604686618,50.42538
1604686619,50.42538
1604686620,50.42538
1604686621,50.42538
1604686622,50.42538
1604686623,49.857655
1604686624,49.857655
1604686625,49.857655
1604686626,49.857655
1604686627,49.857655
1604686628,49.857655
1604686629,49.857655
1604686630,49.857655
1604686631,49.857655
1604686632,49.857655
1604686633,49.857655
1604686634,49.857655
1604686635,49.857655
1604686636,49.857655
1604686637,49.857655
1604686638,49.857655
1604686639,49.857655
1604686640,48.118366
1604686641,48.118366
1604686642,48.118366
1604686643,47.527126
1604686644,47.909203
1604686645,47.909203
1604686646,46.98543
1604686647,46.472214
1604686648,47.142212
1604686649,46.1498
1604686650,48.224
1604686651,48.85198
1604686652,47.407715
1604686653,46.050053
1604686654,45.036568
1604686655,44.052395
1604686656,44.0226
1604686657,42.969063
1604686658,42.998116
1604686659,42.968975
1604686660,43.274796
1604686661,43.167793
1604686662,41.57107
1604686663,42.171215
1604686664,42.067154
1604686665,41.4656
1604686666,40.39401
1604686667,45.013283
1604686668,44.502415
1604686669,44.469067
1604686670,44.466034
1604686671,43.542274
1604686672,42.489075
1604686673,41.338474
1604686674,40.696205
1604686675,40.05251
1604686676,40.003616
1604686677,39.36857
1604686678,38.853405
1604686679,38.826347
1604686680,38.600677
1604686681,38.690334
1604686682,37.97266
1604686683,37.489773
1604686684,37.377277
1604686685,37.213055
1604686686,38.295883
1604686687,38.52371
1604686688,39.327328
1604686689,39.554462
1604686690,41.29568
1604686691,41.57107
1604686692,42.171215
1604686693,42.067154
1604686694,42.271706
1604686695,41.4656
1604686696,41.4656
1604686697,40.39401
1604686698,39.774757
1604686699,39.774757
1604686700,39.774757
1604686701,39.643772
1604686702,39.643772
1604686703,40.375496
1604686704,40.375496
1604686705,38.797596
1604686706,38.797596
1604686707,38.797596
1604686708,38.797596
1604686709,37.754433
1604686710,37.754433
1604686711,37.754433
1604686712,35.855
1604686713,35.855
1604686714,34.635727
1604686715,34.635727
1604686716,34.635727
1604686717,34.635727
1604686718,34.635727
1604686719,34.635727
1604686720,34.635727
1604686721,34.635727
1604686722,34.635727
1604686723,34.635727
1604686724,34.635727
1604686725,34.635727
1604686726,34.635727
1604686727,34.635727
1604686728,34.635727
1604686729,34.635727
1604686730,34.635727
1604686731,34.635727
1604686732,34.635727
1604686733,34.635727
1604686734,34.635727
1604686735,34.635727
1604686736,34.635727
1604686737,34.635727
1604686738,34.635727
1604686739,33.097492
1604686740,33.097492
1604686741,33.097492
1604686742,33.097492
1604686743,33.097492
1604686744,33.097492
1604686745,33.097492
1604686746,34.635727
1604686747,34.635727
1604686748,34.635727
1604686749,34.635727
1604686750,34.635727
1604686751,34.635727
1604686752,34.635727
1604686753,34.635727
1604686754,34.635727
1604686755,34.635727
1604686756,34.635727
1604686757,35.855
1604686758,37.754433
1604686759,37.754433
1604686760,38.797596
1604686761,38.797596
1604686762,40.375496
1604686763,39.774757
1604686764,40.39401
1604686765,42.271706
1604686766,42.171215
1604686767,41.29568
1604686768,38.810543
1604686769,37.29478
1604686770,37.377277
1604686771,37.823517
1604686772,38.46866
1604686773,38.863255
1604686774,38.853405
1604686775,39.36857
1604686776,40.003616
1604686777,40.3876
1604686778,40.96225
1604686779,41.928238
1604686780,42.713505
1604686781,43.747086
1604686782,44.469067
1604686783,44.502415
1604686784,45.013283
1604686785,43.70383
1604686786,43.548256
1604686787,43.086075
1604686788,43.167793
1604686789,43.274796
1604686790,42.998116
1604686791,42.969063
1604686792,43.723286
1604686793,44.0226
1604686794,44.052395
1604686795,44.228893
1604686796,44.39088
1604686797,45.036568
1604686798,45.036568
1604686799,46.050053
1604686800,46.050053
1604686801,47.670647
1604686802,47.407715
1604686803,43.747086
1604686804,44.466034
1604686805,44.469067
1604686806,48.85198
1604686807,48.224
1604686808,48.224
1604686809,47.727013
1604686810,46.46377
1604686811,46.1498
1604686812,46.1498
1604686813,46.1498
1604686814,47.607506
1604686815,47.142212
1604686816,47.142212
1604686817,46.152275
1604686818,46.72857
1604686819,46.72857
1604686820,46.472214
1604686821,46.472214
1604686822,46.472214
1604686823,46.472214
1604686824,46.98543
1604686825,46.98543
1604686826,46.49674
1604686827,46.49674
1604686828,46.49674
1604686829,46.49674
1604686830,47.909203
1604686831,47.909203
1604686832,47.909203
1604686833,47.909203
1604686834,47.909203
1604686835,48.335026
1604686836,48.335026
1604686837,48.335026
1604686838,47.527126
1604686839,47.527126
1604686840,48.118366
1604686841,48.118366
1604686842,48.118366
1604686843,48.118366
1604686844,49.857655
1604686845,49.857655
1604686846,49.857655
1604686847,50.42538
1604686848,50.42538
1604686849,50.42538
1604686850,50.42538
1604686851,49.919395
1604686852,49.919395
1604686853,49.919395
1604686854,49.919395
1604686855,49.919395
1604686856,49.919395
1604686857,49.919395
1604686858,49.919395
1604686859,49.919395
1604686860,49.919395
1604686861,49.919395
1604686862,49.919395
1604686863,49.919395
1604686864,49.919395
1604686865,49.919395
1604686866,49.919395
1604686867,49.919395
1604686868,49.919395
1604686869,49.919395
1604686870,49.919395
1604686871,49.919395
1604686872,49.919395
1604686873,49.919395
1604686874,49.919395
1604686875,49.919395
1604686876,49.919395
1604686877,49.919395
1604686878,49.919395
1604686879,49.919395
1604686880,49.919395
1604686881,49.919395
1604686882,49.919395
1604686883,49.919395
1604686884,49.919395
1604686885,49.919395
1604686886,49.919395
1604686887,49.919395
1604686888,50.42538
1604686889,50.42538
1604686890,50.42538
1604686891,49.857655
1604686892,49.857655
1604686893,48.118366
1604686894,48.118366
1604686895,48.118366
1604686896,48.118366
1604686897,48.118366
1604686898,47.527126
1604686899,47.527126
1604686900,48.335026
1604686901,48.335026
1604686902,48.335026
1604686903,47.909203
1604686904,47.909203
1604686905,47.909203
1604686906,47.909203
1604686907,47.909203
1604686908,47.909203
1604686909,46.49674
1604686910,46.49674
1604686911,46.49674
1604686912,46.49674
1604686913,46.49674
1604686914,46.49674
1604686915,46.98543
1604686916,46.98543
1604686917,46.98543
1604686918,46.472214
1604686919,46.472214
1604686920,46.472214
1604686921,46.472214
1604686922,46.472214
1604686923,46.472214
1604686924,46.472214
1604686925,46.72857
1604686926,46.72857
1604686927,46.72857
1604686928,46.72857
1604686929,46.72857
1604686930,46.152275
1604686931,46.152275
1604686932,46.152275
1604686933,46.152275
1604686934,46.152275
1604686935,46.152275
1604686936,46.152275
1604686937,46.152275
1604686938,46.152275
1604686939,46.152275
1604686940,46.152275
1604686941,46.152275
1604686942,46.152275
1604686943,46.152275
1604686944,46.152275
1604686945,46.152275
1604686946,46.152275
1604686947,46.152275
1604686948,46.152275
1604686949,46.152275
1604686950,46.152275
1604686951,46.152275
1604686952,46.152275
1604686953,46.152275
1604686954,46.152275
1604686955,46.152275
1604686956,46.72857
1604686957,46.72857
1604686958,46.72857
1604686959,46.472214
1604686960,46.472214
1604686961,46.472214
1604686962,46.472214
1604686963,46.472214
1604686964,46.472214
1604686965,46.472214
1604686966,46.472214
1604686967,46.98543
1604686968,46.98543
1604686969,46.98543
1604686970,46.49674
1604686971,46.49674
1604686972,46.49674
1604686973,46.49674
1604686974,46.49674
1604686975,46.49674
1604686976,46.49674
1604686977,46.49674
1604686978,46.49674
1604686979,47.909203
1604686980,47.909203
1604686981,47.909203
1604686982,47.909203
1604686983,47.909203
1604686984,47.909203
1604686985,47.909203
1604686986,47.909203
1604686987,47.909203
1604686988,48.335026
1604686989,48.335026
1604686990,48.335026
1604686991,47.527126
1604686992,47.527126
1604686993,47.527126
1604686994,47.527126
1604686995,47.527126
1604686996,47.527126
1604686997,47.527126
1604686998,47.527126
1604686999,47.527126
1604687000,47.527126
1604687001,48.118366
1604687002,48.118366
1604687003,48.118366
1604687004,48.118366
1604687005,48.118366
1604687006,48.118366
1604687007,48.118366
1604687008,48.118366
1604687009,48.118366
1604687010,48.118366
1604687011,48.118366
1604687012,48.118366
1604687013,48.118366
1604687014,47.527126
1604687015,47.527126
1604687016,47.527126
1604687017,47.527126
1604687018,47.527126
1604687019,47.527126
1604687020,47.527126
1604687021,47.527126
1604687022,47.527126
1604687023,47.527126
1604687024,47.527126
1604687025,48.118366
1604687026,48.118366
1604687027,48.118366
1604687028,48.118366
1604687029,48.118366
1604687030,49.857655
1604687031,49.857655
1604687032,49.857655
1604687033,50.42538
1604687034,50.42538
1604687035,50.42538
1604687036,50.42538
1604687037,49.919395
1604687038,49.919395
1604687039,49.919395
1604687040,49.919395
1604687041,49.919395
1604687042,49.919395
1604687043,49.919395
1604687044,49.919395
1604687045,49.919395
1604687046,49.919395
1604687047,49.919395
1604687048,49.919395
1604687049,49.919395
1604687050,49.919395
1604687051,49.919395
1604687052,49.919395
1604687053,49.919395
1604687054,49.919395
1604687055,50.42538
1604687056,50.42538
1604687057,49.857655
1604687058,49.857655
1604687059,49.857655
1604687060,48.118366
1604687061,48.118366
1604687062,48.118366
1604687063,48.118366
1604687064,48.118366
1604687065,48.118366
1604687066,47.527126
1604687067,47.527126
1604687068,47.527126
1604687069,47.527126
1604687070,47.527126
1604687071,48.335026
1604687072,48.335026
1604687073,48.335026
1604687074,47.909203
1604687075,47.909203
1604687076,47.909203
1604687077,47.909203
1604687078,47.909203
1604687079,47.909203
1604687080,47.909203
1604687081,47.909203
1604687082,46.49674
1604687083,46.49674
1604687084,46.49674
1604687085,46.49674
1604687086,46.49674
1604687087,46.49674
1604687088,46.49674
1604687089,46.98543
1604687090,46.98543
1604687091,46.98543
1604687092,46.472214
1604687093,46.472214
1604687094,46.472214
1604687095,46.472214
1604687096,46.472214
1604687097,46.72857
1604687098,46.72857
1604687099,46.152275
1604687100,46.152275
1604687101,46.152275
1604687102,47.142212
1604687103,47.142212
1604687104,47.142212
1604687105,47.142212
1604687106,47.607506
1604687107,47.607506
1604687108,47.607506
1604687109,47.607506
1604687110,47.607506
1604687111,47.607506
1604687112,46.1498
1604687113,46.1498
1604687114,46.1498
1604687115,46.1498
1604687116,46.1498
1604687117,46.1498
1604687118,46.1498
1604687119,46.1498
1604687120,46.1498
1604687121,46.1498
1604687122,46.1498
1604687123,46.1498
1604687124,46.1498
1604687125,46.1498
1604687126,46.1498
1604687127,46.1498
1604687128,46.1498
1604687129,46.1498
1604687130,46.1498
1604687131,46.1498
1604687132,46.46377
1604687133,46.46377
1604687134,46.46377
1604687135,47.727013
1604687136,47.727013
1604687137,47.727013
1604687138,47.727013
1604687139,48.224
1604687140,48.224
1604687141,48.224
1604687142,48.224
1604687143,48.224
1604687144,48.224
1604687145,48.224
1604687146,48.224
1604687147,48.224
1604687148,48.224
1604687149,48.224
1604687150,48.224
1604687151,48.224
1604687152,48.224
1604687153,48.224
1604687154,47.727013
1604687155,47.727013
1604687156,47.727013
1604687157,47.727013
1604687158,47.727013
1604687159,47.727013
1604687160,47.727013
1604687161,47.727013
1604687162,46.46377
1604687163,46.46377
1604687164,46.46377
1604687165,46.46377
1604687166,46.1498
1604687167,46.1498
1604687168,46.1498
1604687169,46.1498
1604687170,46.1498
1604687171,47.607506
1604687172,47.607506
1604687173,47.607506
1604687174,47.142212
1604687175,47.142212
1604687176,47.142212
1604687177,46.152275
1604687178,46.72857
1604687179,46.472214
1604687180,46.472214
1604687181,46.98543
1604687182,46.98543
1604687183,46.49674
1604687184,46.49674
1604687185,46.49674
1604687186,46.49674
1604687187,47.909203
1604687188,47.909203
1604687189,47.909203
1604687190,47.909203
1604687191,47.909203
1604687192,47.909203
1604687193,48.335026
1604687194,48.335026
1604687195,47.527126
1604687196,47.527126
1604687197,48.118366
1604687198,48.118366
1604687199,48.118366
1604687200,48.118366
1604687201,48.118366
1604687202,48.118366
1604687203,49.857655
1604687204,49.857655
1604687205,49.857655
1604687206,49.857655
1604687207,49.857655
1604687208,48.118366
1604687209,48.118366
1604687210,48.118366
1604687211,48.118366
1604687212,48.118366
1604687213,47.527126
1604687214,48.335026
1604687215,48.335026
1604687216,47.909203
1604687217,47.909203
1604687218,46.49674
1604687219,46.49674
1604687220,46.49674
1604687221,46.49674
1604687222,46.98543
1604687223,46.98543
1604687224,46.472214
1604687225,46.472214
1604687226,46.472214
1604687227,46.472214
1604687228,46.472214
1604687229,46.472214
1604687230,46.472214
1604687231,46.472214
1604687232,46.472214
1604687233,46.472214
1604687234,46.472214
1604687235,46.472214
1604687236,46.72857
1604687237,46.72857
1604687238,46.72857
1604687239,46.72857
1604687240,46.72857
1604687241,46.152275
1604687242,46.152275
1604687243,46.152275
1604687244,46.152275
1604687245,46.152275
1604687246,46.152275
1604687247,46.152275
1604687248,46.152275
1604687249,46.152275
1604687250,46.152275
1604687251,46.152275
1604687252,46.72857
1604687253,46.72857
1604687254,46.72857
1604687255,46.72857
1604687256,46.72857
1604687257,46.72857
1604687258,46.72857
1604687259,46.72857
1604687260,46.72857
1604687261,46.72857
1604687262,46.72857
1604687263,46.72857
1604687264,46.72857
1604687265,46.472214
1604687266,46.472214
1604687267,46.472214
1604687268,46.472214
1604687269,46.472214
1604687270,46.98543
1604687271,46.98543
1604687272,46.98543
1604687273,46.49674
1604687274,46.49674
1604687275,46.49674
1604687276,46.49674
1604687277,46.49674
1604687278,47.909203
1604687279,47.909203
1604687280,47.909203
1604687281,47.909203
1604687282,47.909203
1604687283,47.909203
1604687284,47.909203
1604687285,47.909203
1604687286,47.909203
1604687287,48.335026
1604687288,48.335026
1604687289,48.335026
1604687290,48.335026
1604687291,48.335026
1604687292,48.335026
1604687293,48.335026
1604687294,48.335026
1604687295,48.335026
1604687296,48.335026
1604687297,48.335026
1604687298,48.335026
1604687299,48.335026
1604687300,47.527126
1604687301,47.527126
1604687302,47.527126
1604687303,47.527126
1604687304,47.527126
1604687305,47.527126
1604687306,48.118366
1604687307,48.118366
1604687308,48.118366
1604687309,48.118366
1604687310,48.118366
1604687311,48.118366
1604687312,48.118366
1604687313,49.857655
1604687314,49.857655
1604687315,50.42538
1604687316,50.42538
1604687317,50.42538
1604687318,49.919395
1604687319,49.919395
1604687320,49.919395
1604687321,49.919395
1604687322,49.919395
1604687323,49.919395
1604687324,49.919395
1604687325,49.919395
1604687326,49.919395
1604687327,49.919395
1604687328,49.919395
1604687329,49.919395
1604687330,49.919395
1604687331,49.919395
1604687332,49.919395
1604687333,49.494644
1604687334,49.494644
1604687335,49.494644
1604687336,49.730846
1604687337,49.730846
1604687338,49.730846
1604687339,49.730846
1604687340,49.730846
1604687341,49.730846
1604687342,49.730846
1604687343,49.730846
1604687344,49.730846
1604687345,49.730846
1604687346,49.730846
1604687347,49.494644
1604687348,49.494644
1604687349,49.919395
1604687350,49.919395
1604687351,49.919395
1604687352,49.919395
1604687353,50.42538
1604687354,50.42538
1604687355,49.857655
1604687356,49.857655
1604687357,49.857655
1604687358,49.857655
1604687359,49.857655
1604687360,49.857655
1604687361,49.857655
1604687362,49.857655
1604687363,49.857655
1604687364,48.118366
1604687365,48.118366
1604687366,48.118366
1604687367,48.118366
1604687368,48.118366
1604687369,48.118366
1604687370,48.118366
1604687371,48.118366
1604687372,48.118366
1604687373,48.118366
1604687374,48.118366
1604687375,48.118366
1604687376,48.118366
1604687377,48.118366
1604687378,48.118366
1604687379,48.118366
1604687380,48.118366
1604687381,48.118366
1604687382,47.527126
1604687383,47.527126
1604687384,47.527126
1604687385,47.527126
1604687386,47.527126
1604687387,48.118366
1604687388,48.118366
1604687389,48.118366
1604687390,48.118366
1604687391,48.118366
1604687392,48.118366
1604687393,49.857655
1604687394,49.857655
1604687395,49.857655
1604687396,50.42538
1604687397,50.42538
1604687398,50.42538
1604687399,50.42538
1604687400,50.42538
1604687401,50.42538
1604687402,49.857655
1604687403,49.857655
1604687404,49.857655
1604687405,49.857655
1604687406,49.857655
1604687407,49.857655
1604687408,48.118366
1604687409,48.118366
1604687410,48.118366
1604687411,48.118366
1604687412,48.118366
1604687413,48.118366
1604687414,49.857655
1604687415,49.857655
1604687416,49.857655
1604687417,49.857655
1604687418,49.857655
1604687419,49.857655
1604687420,50.42538
1604687421,50.42538
1604687422,50.42538
1604687423,50.42538
1604687424,50.42538
1604687425,49.919395
1604687426,49.919395
1604687427,49.919395
1604687428,49.919395
1604687429,49.919395
1604687430,49.919395
1604687431,49.494644
1604687432,49.494644
1604687433,49.494644
1604687434,49.730846
1604687435,49.730846
1604687436,49.730846
1604687437,49.730846
1604687438,49.730846
1604687439,49.79289
1604687440,49.79289
1604687441,49.79289
1604687442,49.79289
1604687443,49.79289
1604687444,49.79289
1604687445,50.202827
1604687446,50.202827
1604687447,50.202827
1604687448,50.202827
1604687449,50.202827
1604687450,50.202827
1604687451,50.202827
1604687452,50.202827
1604687453,51.080982
1604687454,51.080982
1604687455,51.080982
1604687456,50.202827
1604687457,50.202827
1604687458,50.202827
1604687459,50.202827
1604687460,50.202827
1604687461,50.202827
1604687462,49.79289
1604687463,49.79289
1604687464,49.730846
1604687465,49.730846
1604687466,49.494644
1604687467,49.494644
1604687468,49.919395
1604687469,49.919395
1604687470,49.919395
1604687471,49.919395
1604687472,49.919395
1604687473,49.919395
1604687474,49.919395
1604687475,49.919395
1604687476,49.919395
1604687477,49.919395
1604687478,49.919395
1604687479,49.919395
1604687480,49.919395
1604687481,49.919395
1604687482,49.919395
1604687483,49.919395
1604687484,49.919395
1604687485,49.919395
1604687486,49.919395
1604687487,49.919395
1604687488,49.919395
1604687489,49.919395
1604687490,49.919395
1604687491,49.919395
1604687492,50.42538
1604687493,50.42538
1604687494,49.857655
1604687495,48.118366
1604687496,48.118366
1604687497,48.118366
1604687498,48.118366
1604687499,47.527126
1604687500,48.335026
1604687501,48.335026
1604687502,47.909203
1604687503,47.909203
1604687504,47.909203
1604687505,47.909203
1604687506,46.49674
1604687507,46.49674
1604687508,46.49674
1604687509,46.49674
1604687510,46.49674
1604687511,46.49674
1604687512,46.49674
1604687513,46.49674
1604687514,46.49674
1604687515,46.49674
1604687516,46.49674
1604687517,46.49674
1604687518,46.49674
1604687519,46.49674
1604687520,46.49674
1604687521,46.49674
1604687522,46.49674
1604687523,46.49674
1604687524,46.49674
1604687525,46.49674
1604687526,46.49674
1604687527,46.49674
1604687528,46.49674
1604687529,46.49674
1604687530,46.49674
1604687531,46.49674
1604687532,46.49674
1604687533,46.49674
1604687534,46.49674
1604687535,46.49674
1604687536,46.49674
1604687537,46.49674
1604687538,46.49674
1604687539,46.98543
1604687540,46.98543
1604687541,46.472214
1604687542,46.472214
1604687543,46.472214
1604687544,46.472214
1604687545,46.472214
1604687546,46.72857
1604687547,46.72857
1604687548,46.152275
1604687549,46.152275
1604687550,46.152275
1604687551,47.142212
1604687552,47.142212
1604687553,47.607506
1604687554,47.607506
1604687555,47.607506
1604687556,46.1498
1604687557,46.1498
1604687558,46.1498
1604687559,46.1498
1604687560,46.1498
1604687561,46.1498
1604687562,46.1498
1604687563,46.1498
1604687564,46.1498
1604687565,46.1498
1604687566,46.1498
1604687567,46.1498
1604687568,47.607506
1604687569,47.607506
1604687570,47.607506
1604687571,47.142212
1604687572,47.142212
1604687573,46.152275
1604687574,46.152275
1604687575,46.152275
1604687576,46.152275
1604687577,46.152275
1604687578,46.72857
1604687579,46.72857
1604687580,46.72857
1604687581,46.72857
1604687582,46.72857
1604687583,46.72857
1604687584,46.472214
1604687585,46.472214
1604687586,46.472214
1604687587,46.472214
1604687588,46.472214
1604687589,46.472214
1604687590,46.472214
1604687591,46.472214
1604687592,46.472214
1604687593,46.472214
1604687594,46.472214
1604687595,46.472214
1604687596,46.472214
1604687597,46.472214
1604687598,46.472214
1604687599,46.472214
1604687600,46.472214
1604687601,46.472214
1604687602,46.472214
1604687603,46.472214
1604687604,46.472214
1604687605,46.472214
1604687606,46.472214
1604687607,46.472214
1604687608,46.472214
1604687609,46.472214
1604687610,46.472214
1604687611,46.472214
1604687612,46.472214
1604687613,46.472214
1604687614,46.472214
1604687615,46.472214
1604687616,46.98543
1604687617,46.98543
1604687618,46.98543
1604687619,46.98543
1604687620,46.98543
1604687621,46.98543
1604687622,46.49674
1604687623,46.49674
1604687624,46.49674
1604687625,46.49674
1604687626,46.49674
1604687627,46.49674
1604687628,46.49674
1604687629,46.49674
1604687630,46.49674
1604687631,46.49674
1604687632,46.49674
1604687633,46.49674
1604687634,46.49674
1604687635,46.98543
1604687636,46.98543
1604687637,46.98543
1604687638,46.472214
1604687639,46.472214
1604687640,46.472214
1604687641,46.472214
1604687642,46.472214
1604687643,46.472214
1604687644,46.472214
1604687645,46.472214
1604687646,46.472214
1604687647,46.472214
1604687648,46.472214
1604687649,46.472214
1604687650,46.472214
1604687651,46.72857
1604687652,46.72857
1604687653,46.72857
1604687654,46.72857
1604687655,46.72857
1604687656,46.72857
1604687657,46.72857
1604687658,46.472214
1604687659,46.472214
1604687660,46.472214
1604687661,46.472214
1604687662,46.472214
1604687663,46.472214
1604687664,46.472214
1604687665,46.472214
1604687666,46.472214
1604687667,46.472214
1604687668,46.472214
1604687669,46.472214
1604687670,46.472214
1604687671,46.72857
1604687672,46.72857
1604687673,46.72857
1604687674,46.152275
1604687675,46.152275
1604687676,47.142212
1604687677,47.142212
1604687678,47.607506
1604687679,47.607506
1604687680,46.1498
1604687681,46.1498
1604687682,46.1498
1604687683,46.1498
1604687684,46.1498
1604687685,46.1498
1604687686,46.1498
1604687687,46.1498
1604687688,46.1498
1604687689,46.46377
1604687690,46.46377
1604687691,46.46377
1604687692,46.46377
1604687693,46.46377
1604687694,46.46377
1604687695,47.727013
1604687696,47.727013
1604687697,47.727013
1604687698,47.727013
1604687699,47.727013
1604687700,47.727013
1604687701,47.727013
1604687702,47.727013
1604687703,47.727013
1604687704,47.727013
1604687705,47.727013
1604687706,48.224
1604687707,48.224
1604687708,48.224
1604687709,48.224
1604687710,48.85198
1604687711,48.85198
1604687712,48.85198
1604687713,48.85198
1604687714,48.85198
1604687715,48.770763
1604687716,48.770763
1604687717,47.407715
1604687718,47.407715
1604687719,47.407715
1604687720,47.407715
1604687721,47.407715
1604687722,47.670647
1604687723,47.670647
1604687724,47.670647
1604687725,47.670647
1604687726,47.670647
1604687727,47.670647
1604687728,47.670647
1604687729,47.670647
1604687730,47.670647
1604687731,47.670647
1604687732,47.670647
1604687733,47.670647
1604687734,47.407715
1604687735,47.407715
1604687736,47.407715
1604687737,47.407715
1604687738,47.407715
1604687739,48.770763
1604687740,48.770763
1604687741,48.85198
1604687742,48.85198
1604687743,48.85198
1604687744,48.85198
1604687745,48.224
1604687746,48.224
1604687747,48.224
1604687748,47.727013
1604687749,47.727013
1604687750,46.46377
1604687751,46.46377
1604687752,46.1498
1604687753,46.1498
1604687754,46.1498
1604687755,46.1498
1604687756,46.1498
1604687757,47.607506
1604687758,47.607506
1604687759,47.142212
1604687760,47.142212
1604687761,47.142212
1604687762,46.152275
1604687763,46.152275
1604687764,46.72857
1604687765,46.72857
1604687766,46.72857
1604687767,46.472214
1604687768,46.472214
1604687769,46.472214
1604687770,46.472214
1604687771,46.472214
1604687772,46.472214
1604687773,46.472214
1604687774,46.472214
1604687775,46.472214
1604687776,46.472214
1604687777,46.472214
1604687778,46.472214
1604687779,46.472214
1604687780,46.472214
1604687781,46.472214
1604687782,46.472214
1604687783,46.472214
1604687784,46.72857
1604687785,46.72857
1604687786,46.152275
1604687787,46.152275
1604687788,47.142212
1604687789,47.607506
1604687790,47.607506
1604687791,46.1498
1604687792,46.1498
1604687793,46.1498
1604687794,46.46377
1604687795,46.46377
1604687796,46.46377
1604687797,47.727013
1604687798,47.727013
1604687799,47.727013
1604687800,48.224
1604687801,48.224
1604687802,48.224
1604687803,48.224
1604687804,48.224
1604687805,48.224
1604687806,48.224
1604687807,48.224
1604687808,48.224
1604687809,48.224
1604687810,48.224
1604687811,48.224
1604687812,48.224
1604687813,48.224
1604687814,48.224
1604687815,48.224
1604687816,48.224
1604687817,48.224
1604687818,48.224
1604687819,48.224
1604687820,48.224
1604687821,48.224
1604687822,48.224
1604687823,48.224
1604687824,48.224
1604687825,48.224
1604687826,48.224
1604687827,48.224
1604687828,48.224
1604687829,48.224
1604687830,48.224
1604687831,48.224
1604687832,47.727013
1604687833,47.727013
1604687834,47.727013
1604687835,46.46377
1604687836,46.46377
1604687837,46.46377
1604687838,46.46377
1604687839,46.46377
1604687840,46.1498
1604687841,46.1498
1604687842,46.1498
1604687843,46.1498
1604687844,46.1498
1604687845,46.1498
1604687846,46.1498
1604687847,46.1498
1604687848,46.1498
1604687849,46.1498
1604687850,46.1498
1604687851,46.1498
1604687852,46.1498
1604687853,46.1498
1604687854,46.1498
1604687855,46.1498
1604687856,46.1498
1604687857,46.1498
1604687858,46.1498
1604687859,46.1498
1604687860,46.1498
1604687861,46.1498
1604687862,46.1498
1604687863,46.1498
1604687864,46.46377
1604687865,46.46377
1604687866,46.46377
1604687867,46.46377
1604687868,47.727013
1604687869,47.727013
1604687870,48.224
1604687871,48.224
1604687872,48.224
1604687873,48.224
1604687874,48.85198
1604687875,48.85198
1604687876,48.85198
1604687877,48.770763
1604687878,48.770763
1604687879,48.770763
1604687880,47.407715
1604687881,47.407715
1604687882,47.407715
1604687883,47.407715
1604687884,47.407715
1604687885,47.407715
1604687886,47.407715
1604687887,47.407715
1604687888,47.407715
1604687889,47.407715
1604687890,47.407715
1604687891,47.407715
1604687892,47.407715
1604687893,47.407715
1604687894,47.670647
1604687895,47.670647
1604687896,47.670647
1604687897,47.670647
1604687898,47.670647
1604687899,47.670647
1604687900,47.670647
1604687901,47.670647
1604687902,47.670647
1604687903,47.670647
1604687904,47.670647
1604687905,47.670647
1604687906,47.670647
1604687907,47.670647
1604687908,47.407715
1604687909,47.407715
1604687910,47.407715
1604687911,47.407715
1604687912,47.407715
1604687913,47.407715
1604687914,48.770763
1604687915,48.770763
1604687916,48.770763
1604687917,48.85198
1604687918,48.85198
1604687919,48.85198
1604687920,48.85198
1604687921,48.85198
1604687922,48.85198
1604687923,48.85198
1604687924,48.85198
1604687925,48.85198
1604687926,48.85198
1604687927,48.85198
1604687928,48.85198
1604687929,48.85198
1604687930,48.85198
1604687931,48.85198
1604687932,48.85198
1604687933,48.85198
1604687934,48.85198
1604687935,48.85198
1604687936,48.85198
1604687937,48.85198
1604687938,48.85198
1604687939,48.85198
1604687940,48.85198
1604687941,48.85198
1604687942,48.85198
1604687943,48.224
1604687944,48.224
1604687945,48.224
1604687946,48.224
1604687947,48.224
1604687948,48.224
1604687949,48.224
1604687950,48.224
1604687951,47.727013
1604687952,47.727013
1604687953,47.727013
1604687954,47.727013
1604687955,47.727013
1604687956,47.727013
1604687957,47.727013
1604687958,46.46377
1604687959,46.46377
1604687960,46.46377
1604687961,46.46377
1604687962,46.46377
1604687963,46.46377
1604687964,46.46377
1604687965,46.46377
1604687966,46.46377
1604687967,46.46377
1604687968,46.46377
1604687969,46.46377
1604687970,46.46377
1604687971,46.1498
1604687972,46.1498
1604687973,46.1498
1604687974,46.1498
1604687975,46.1498
1604687976,46.1498
1604687977,46.1498
1604687978,46.1498
1604687979,46.1498
1604687980,46.1498
1604687981,46.1498
1604687982,46.1498
1604687983,46.1498
1604687984,46.1498
1604687985,46.1498
1604687986,46.1498
1604687987,46.1498
1604687988,46.1498
1604687989,46.1498
1604687990,47.607506
1604687991,47.607506
1604687992,47.607506
1604687993,47.607506
1604687994,47.142212
1604687995,47.142212
1604687996,46.152275
1604687997,46.152275
1604687998,46.72857
1604687999,46.72857
1604688000,46.472214
1604688001,46.472214
1604688002,46.472214
1604688003,46.472214
1604688004,46.472214
1604688005,46.98543
1604688006,46.98543
1604688007,46.98543
1604688008,46.98543
1604688009,46.98543
1604688010,46.98543
1604688011,46.98543
1604688012,46.98543
1604688013,46.98543
1604688014,46.98543
1604688015,46.98543
1604688016,46.98543
1604688017,46.98543
1604688018,46.49674
1604688019,46.49674
1604688020,46.49674
1604688021,46.49674
1604688022,46.49674
1604688023,46.49674
1604688024,46.49674
1604688025,46.49674
1604688026,46.49674
1604688027,46.49674
1604688028,46.49674
1604688029,46.49674
1604688030,46.98543
1604688031,46.98543
1604688032,46.472214
1604688033,46.472214
1604688034,46.472214
1604688035,46.472214
1604688036,46.472214
1604688037,46.72857
1604688038,46.72857
1604688039,46.72857
1604688040,46.72857
1604688041,46.72857
1604688042,46.152275
1604688043,46.152275
1604688044,46.72857
1604688045,46.72857
1604688046,46.72857
1604688047,46.72857
1604688048,46.72857
1604688049,46.472214
1604688050,46.472214
1604688051,46.472214
1604688052,46.472214
1604688053,46.472214
1604688054,46.98543
1604688055,46.98543
1604688056,46.49674
1604688057,46.49674
1604688058,46.49674
1604688059,46.49674
1604688060,46.49674
1604688061,46.49674
1604688062,46.49674
1604688063,46.49674
1604688064,46.49674
1604688065,46.98543
1604688066,46.98543
1604688067,46.98543
1604688068,46.472214
1604688069,46.472214
1604688070,46.472214
1604688071,46.472214
1604688072,46.472214
1604688073,46.72857
1604688074,46.72857
1604688075,46.72857
1604688076,46.152275
1604688077,46.152275
1604688078,46.152275
1604688079,46.152275
1604688080,46.152275
1604688081,46.152275
1604688082,46.152275
1604688083,46.152275
1604688084,46.152275
1604688085,46.152275
1604688086,46.152275
1604688087,46.152275
1604688088,46.152275
1604688089,46.152275
1604688090,46.152275
1604688091,46.152275
1604688092,46.152275
1604688093,46.152275
1604688094,46.152275
1604688095,46.152275
1604688096,46.152275
1604688097,46.152275
1604688098,46.152275
1604688099,46.72857
1604688100,46.72857
1604688101,46.72857
1604688102,46.72857
1604688103,46.72857
1604688104,46.72857
1604688105,46.72857
1604688106,46.72857
1604688107,46.152275
1604688108,46.152275
1604688109,46.152275
1604688110,47.142212
1604688111,47.142212
1604688112,47.142212
1604688113,47.607506
1604688114,46.1498
1604688115,46.1498
1604688116,46.1498
1604688117,46.1498
1604688118,46.1498
1604688119,46.46377
1604688120,46.46377
1604688121,46.46377
1604688122,46.46377
1604688123,47.727013
1604688124,47.727013
1604688125,47.727013
1604688126,47.727013
1604688127,47.727013
1604688128,47.727013
1604688129,47.727013
1604688130,47.727013
1604688131,47.727013
1604688132,47.727013
1604688133,47.727013
1604688134,48.224
1604688135,48.224
1604688136,48.224
1604688137,48.224
1604688138,48.224
1604688139,48.224
1604688140,48.224
1604688141,48.224
1604688142,48.224
1604688143,47.727013
1604688144,47.727013
1604688145,47.727013
1604688146,47.727013
1604688147,46.46377
1604688148,46.46377
1604688149,46.46377
1604688150,46.46377
1604688151,46.1498
1604688152,46.1498
1604688153,46.1498
1604688154,46.1498
1604688155,46.1498
1604688156,46.1498
1604688157,46.1498
1604688158,46.1498
1604688159,46.1498
1604688160,46.1498
1604688161,46.1498
1604688162,46.1498
1604688163,46.1498
1604688164,46.1498
1604688165,46.1498
1604688166,46.1498
1604688167,46.1498
1604688168,46.1498
1604688169,46.1498
1604688170,46.1498
1604688171,46.1498
1604688172,46.1498
1604688173,46.1498
1604688174,46.46377
1604688175,46.46377
1604688176,46.46377
1604688177,46.46377
1604688178,46.46377
1604688179,47.727013
1604688180,47.727013
1604688181,47.727013
1604688182,47.727013
1604688183,47.727013
1604688184,48.224
1604688185,48.224
1604688186,48.224
1604688187,48.224
1604688188,48.224
1604688189,48.224
1604688190,48.224
1604688191,48.224
1604688192,48.224
1604688193,48.224
1604688194,48.224
1604688195,48.224
1604688196,48.224
1604688197,48.224
1604688198,48.224
1604688199,48.224
1604688200,48.224
1604688201,48.224
1604688202,48.224
1604688203,48.224
1604688204,48.224
1604688205,48.224
1604688206,48.224
1604688207,48.224
1604688208,48.224
1604688209,48.224
1604688210,48.224
1604688211,48.224
1604688212,48.85198
1604688213,48.85198
1604688214,48.85198
1604688215,48.85198
1604688216,48.85198
1604688217,48.85198
1604688218,48.85198
1604688219,48.85198
1604688220,48.85198
1604688221,48.85198
1604688222,48.85198
1604688223,48.85198
1604688224,48.85198
1604688225,48.85198
1604688226,48.85198
1604688227,48.85198
1604688228,48.770763
1604688229,48.770763
1604688230,48.770763
1604688231,48.770763
1604688232,48.770763
1604688233,47.407715
1604688234,47.407715
1604688235,47.407715
1604688236,47.407715
1604688237,47.670647
1604688238,47.670647
1604688239,46.050053
1604688240,46.050053
1604688241,46.050053
1604688242,46.050053
1604688243,46.050053
1604688244,46.050053
1604688245,45.036568
1604688246,45.036568
1604688247,45.036568
1604688248,45.036568
1604688249,45.036568
1604688250,45.036568
1604688251,45.036568
1604688252,45.036568
1604688253,44.39088
1604688254,44.39088
1604688255,44.39088
1604688256,44.228893
1604688257,44.228893
1604688258,44.228893
1604688259,44.052395
1604688260,44.052395
1604688261,44.052395
1604688262,44.052395
1604688263,44.052395
1604688264,44.052395
1604688265,44.052395
1604688266,44.052395
1604688267,44.052395
1604688268,44.052395
1604688269,44.052395
1604688270,44.052395
1604688271,44.052395
1604688272,44.052395
1604688273,44.052395
1604688274,44.052395
1604688275,44.052395
1604688276,44.052395
1604688277,44.052395
1604688278,44.052395
1604688279,44.052395
1604688280,44.0226
1604688281,44.0226
1604688282,44.0226
1604688283,44.0226
1604688284,43.723286
1604688285,43.723286
1604688286,43.723286
1604688287,43.723286
1604688288,43.723286
1604688289,43.723286
1604688290,43.723286
1604688291,43.723286
1604688292,43.723286
1604688293,43.723286
1604688294,43.723286
1604688295,43.723286
1604688296,43.723286
1604688297,44.0226
1604688298,44.0226
1604688299,44.052395
1604688300,44.052395
1604688301,44.228893
1604688302,44.228893
1604688303,44.39088
1604688304,45.036568
1604688305,45.036568
1604688306,46.050053
1604688307,46.050053
1604688308,46.050053
1604688309,47.670647
1604688310,47.670647
1604688311,47.407715
1604688312,47.407715
1604688313,47.407715
1604688314,47.407715
1604688315,47.407715
1604688316,48.770763
1604688317,48.770763
1604688318,48.770763
1604688319,48.85198
1604688320,48.85198
1604688321,48.85198
1604688322,48.85198
1604688323,48.85198
1604688324,48.224
1604688325,48.224
1604688326,48.224
1604688327,48.224
1604688328,48.224
1604688329,48.224
1604688330,48.224
1604688331,48.224
1604688332,48.224
1604688333,48.85198
1604688334,48.85198
1604688335,48.85198
1604688336,48.85198
1604688337,48.85198
1604688338,48.770763
1604688339,48.770763
1604688340,48.770763
1604688341,47.407715
1604688342,47.407715
1604688343,47.407715
1604688344,47.407715
1604688345,47.670647
1604688346,47.670647
1604688347,47.670647
1604688348,46.050053
1604688349,46.050053
1604688350,46.050053
1604688351,46.050053
1604688352,46.050053
1604688353,46.050053
1604688354,46.050053
1604688355,46.050053
1604688356,46.050053
1604688357,46.050053
1604688358,47.670647
1604688359,47.670647
1604688360,47.670647
1604688361,47.670647
1604688362,47.670647
1604688363,47.670647
1604688364,47.670647
1604688365,47.670647
1604688366,47.670647
1604688367,47.670647
1604688368,47.670647
1604688369,46.050053
1604688370,46.050053
1604688371,46.050053
1604688372,46.050053
1604688373,46.050053
1604688374,46.050053
1604688375,45.036568
1604688376,45.036568
1604688377,45.036568
1604688378,44.39088
1604688379,44.39088
1604688380,44.228893
1604688381,44.052395
1604688382,44.052395
1604688383,44.0226
1604688384,44.0226
1604688385,43.723286
1604688386,43.723286
1604688387,42.969063
1604688388,42.969063
1604688389,42.998116
1604688390,42.998116
1604688391,42.998116
1604688392,42.998116
1604688393,42.968975
1604688394,42.968975
1604688395,42.968975
1604688396,42.968975
1604688397,42.968975
1604688398,42.968975
1604688399,42.968975
1604688400,42.968975
1604688401,42.968975
1604688402,43.274796
1604688403,43.274796
1604688404,43.274796
1604688405,43.274796
1604688406,43.274796
1604688407,43.274796
1604688408,43.274796
1604688409,43.274796
1604688410,43.274796
1604688411,43.274796
1604688412,43.274796
1604688413,43.274796
1604688414,43.274796
1604688415,43.274796
1604688416,43.274796
1604688417,43.274796
1604688418,43.274796
1604688419,43.274796
1604688420,43.274796
1604688421,43.274796
1604688422,43.274796
1604688423,43.274796
1604688424,43.274796
1604688425,43.274796
1604688426,43.274796
1604688427,43.274796
1604688428,43.274796
1604688429,43.274796
1604688430,43.274796
1604688431,43.274796
1604688432,43.274796
1604688433,43.274796
1604688434,42.968975
1604688435,42.968975
1604688436,42.968975
1604688437,42.968975
1604688438,42.968975
1604688439,42.968975
1604688440,42.968975
1604688441,42.968975
1604688442,42.968975
1604688443,42.968975
1604688444,43.274796
1604688445,43.274796
1604688446,43.274796
1604688447,43.274796
1604688448,43.274796
1604688449,43.274796
1604688450,43.274796
1604688451,43.274796
1604688452,43.274796
1604688453,43.274796
1604688454,43.274796
1604688455,43.274796
1604688456,43.274796
1604688457,43.274796
1604688458,43.274796
1604688459,43.167793
1604688460,43.167793
1604688461,43.167793
1604688462,43.49132
1604688463,43.49132
1604688464,43.086075
1604688465,43.086075
1604688466,43.086075
1604688467,43.548256
1604688468,43.548256
1604688469,43.548256
1604688470,43.548256
1604688471,43.548256
1604688472,43.548256
1604688473,43.548256
1604688474,43.548256
1604688475,43.548256
1604688476,43.548256
1604688477,43.548256
1604688478,43.548256
1604688479,43.548256
1604688480,43.548256
1604688481,43.548256
1604688482,43.086075
1604688483,43.086075
1604688484,43.086075
1604688485,43.49132
1604688486,43.49132
1604688487,43.49132
1604688488,43.167793
1604688489,43.167793
1604688490,43.167793
1604688491,43.167793
1604688492,43.167793
1604688493,43.274796
1604688494,43.274796
1604688495,43.274796
1604688496,43.274796
1604688497,42.968975
1604688498,42.968975
1604688499,42.968975
1604688500,42.998116
1604688501,42.998116
1604688502,42.998116
1604688503,42.969063
1604688504,42.969063
1604688505,43.723286
1604688506,43.723286
1604688507,44.0226
1604688508,44.0226
1604688509,44.0226
1604688510,44.052395
1604688511,44.052395
1604688512,44.228893
1604688513,44.228893
1604688514,44.228893
1604688515,44.228893
1604688516,44.39088
1604688517,44.39088
1604688518,44.39088
1604688519,45.036568
1604688520,45.036568
1604688521,45.036568
1604688522,46.050053
1604688523,46.050053
1604688524,46.050053
1604688525,46.050053
1604688526,46.050053
1604688527,46.050053
1604688528,46.050053
1604688529,46.050053
1604688530,46.050053
1604688531,46.050053
1604688532,46.050053
1604688533,45.036568
1604688534,45.036568
1604688535,45.036568
1604688536,45.036568
1604688537,45.036568
1604688538,45.036568
1604688539,45.036568
1604688540,44.39088
1604688541,44.39088
1604688542,44.39088
1604688543,44.39088
1604688544,44.39088
1604688545,44.39088
1604688546,44.39088
1604688547,44.39088
1604688548,44.39088
1604688549,44.39088
1604688550,44.39088
1604688551,44.39088
1604688552,44.39088
1604688553,44.39088
1604688554,44.39088
1604688555,44.39088
1604688556,44.39088
1604688557,44.228893
1604688558,44.228893
1604688559,44.228893
1604688560,44.39088
1604688561,44.39088
1604688562,44.39088
1604688563,44.39088
1604688564,44.39088
1604688565,44.39088
1604688566,44.39088
1604688567,44.39088
1604688568,44.39088
1604688569,44.228893
1604688570,44.228893
1604688571,44.228893
1604688572,44.052395
1604688573,44.052395
1604688574,44.0226
1604688575,44.0226
1604688576,43.723286
1604688577,43.723286
1604688578,42.969063
1604688579,42.969063
1604688580,42.969063
1604688581,42.998116
1604688582,42.998116
1604688583,42.998116
1604688584,42.968975
1604688585,42.968975
1604688586,42.968975
1604688587,42.968975
1604688588,43.274796
1604688589,43.274796
1604688590,43.274796
1604688591,43.274796
1604688592,43.274796
1604688593,43.274796
1604688594,43.167793
1604688595,43.167793
1604688596,43.167793
1604688597,43.167793
1604688598,43.167793
1604688599,43.167793
1604688600,43.49132
1604688601,43.49132
1604688602,43.49132
1604688603,43.49132
1604688604,43.49132
1604688605,43.49132
1604688606,43.49132
1604688607,43.49132
1604688608,43.49132
1604688609,43.49132
1604688610,43.167793
1604688611,43.167793
1604688612,43.167793
1604688613,43.167793
1604688614,43.274796
1604688615,43.274796
1604688616,43.274796
1604688617,43.274796
1604688618,43.274796
1604688619,43.274796
1604688620,43.274796
1604688621,43.274796
1604688622,43.274796
1604688623,43.274796
1604688624,43.274796
1604688625,43.274796
1604688626,43.274796
1604688627,43.274796
1604688628,43.274796
1604688629,43.274796
1604688630,43.167793
1604688631,49.919395
1604688632,49.919395
1604688633,49.919395
1604688634,49.919395
1604688635,49.919395
1604688636,50.42538
1604688637,50.42538
1604688638,49.919395
1604688639,49.919395
1604688640,49.919395
1604688641,49.919395
1604688642,49.919395
1604688643,49.919395
1604688644,49.919395
1604688645,49.494644
1604688646,49.494644
1604688647,49.730846
1604688648,49.730846
1604688649,49.79289
1604688650,49.79289
1604688651,49.79289
1604688652,49.79289
1604688653,49.79289
1604688654,50.202827
1604688655,50.202827
1604688656,50.202827
1604688657,50.202827
1604688658,50.202827
1604688659,49.79289
1604688660,49.79289
1604688661,49.79289
1604688662,49.79289
1604688663,49.79289
1604688664,49.730846
1604688665,49.79289
1604688666,49.79289
1604688667,49.79289
1604688668,49.79289
1604688669,50.202827
1604688670,50.202827
1604688671,50.202827
1604688672,50.202827
1604688673,50.202827
1604688674,42.998116
1604688675,42.969063
1604688676,42.969063
1604688677,42.969063
1604688678,42.969063
1604688679,42.969063
1604688680,42.969063
1604688681,43.723286
1604688682,43.723286
1604688683,43.723286
1604688684,43.723286
1604688685,44.0226
1604688686,44.0226
1604688687,44.0226
1604688688,44.052395
1604688689,44.052395
1604688690,44.052395
1604688691,44.228893
1604688692,44.228893
1604688693,44.228893
1604688694,44.228893
1604688695,44.39088
1604688696,44.39088
1604688697,44.39088
1604688698,44.39088
1604688699,44.39088
1604688700,44.39088
1604688701,44.39088
1604688702,44.39088
1604688703,44.39088
1604688704,45.036568
1604688705,45.036568
1604688706,45.036568
1604688707,45.036568
1604688708,54.204357
1604688709,54.204357
1604688710,54.204357
1604688711,54.204357
1604688712,54.204357
1604688713,54.204357
1604688714,54.204357
1604688715,55.10609
1604688716,55.10609
1604688717,55.29102
1604688718,55.29102
1604688719,55.157776
1604688720,55.157776
1604688721,54.901237
1604688722,54.901237
1604688723,55.59423
1604688724,55.59423
1604688725,56.163357
1604688726,56.163357
1604688727,56.163357
1604688728,56.163357
1604688729,56.163357
1604688730,56.163357
1604688731,56.163357
1604688732,56.163357
1604688733,48.770763
1604688734,48.770763
1604688735,47.407715
1604688736,47.407715
1604688737,47.407715
1604688738,47.407715
1604688739,47.670647
1604688740,46.050053
1604688741,45.036568
1604688742,44.39088
1604688743,44.228893
1604688744,44.0226
1604688745,42.969063
1604688746,42.998116
1604688747,43.274796
1604688748,43.49132
1604688749,43.548256
1604688750,43.70383
1604688751,45.013283
1604688752,44.502415
1604688753,44.469067
1604688754,44.466034
1604688755,43.542274
1604688756,42.713505
1604688757,41.928238
1604688758,41.338474
1604688759,40.696205
1604688760,40.05251
1604688761,39.724304
1604688762,33.097492
1604688763,30.575418
1604688764,28.896345
1604688765,28.928204
1604688766,38.826347
1604688767,38.600677
1604688768,38.690334
1604688769,38.46866
1604688770,37.823517
1604688771,37.489773
1604688772,37.204323
1604688773,37.377277
1604688774,36.917248
1604688775,37.213055
1604688776,37.213055
1604688777,37.29478
1604688778,37.29478
1604688779,37.29478
1604688780,37.29478
1604688781,37.29478
1604688782,37.213055
1604688783,36.917248
1604688784,36.917248
1604688785,37.377277
1604688786,37.489773
1604688787,37.823517
1604688788,37.97266
1604688789,38.690334
1604688790,38.600677
1604688791,38.826347
1604688792,38.853405
1604688793,30.575418
1604688794,33.097492
1604688795,34.635727
1604688796,37.754433
1604688797,40.696205
1604688798,40.96225
1604688799,41.338474
1604688800,42.489075
1604688801,42.713505
1604688802,43.542274
1604688803,43.747086
1604688804,44.466034
1604688805,44.469067
1604688806,44.516663
1604688807,44.502415
1604688808,44.829315
1604688809,45.013283
1604688810,44.271645
1604688811,44.271645
1604688812,43.70383
1604688813,43.548256
1604688814,43.548256
1604688815,43.548256
1604688816,43.548256
1604688817,43.086075
1604688818,43.49132
1604688819,43.49132
1604688820,43.167793
1604688821,43.274796
1604688822,43.274796
1604688823,42.968975
1604688824,42.998116
1604688825,42.969063
1604688826,43.723286
1604688827,44.0226
1604688828,44.0226
1604688829,44.052395
1604688830,44.228893
1604688831,44.228893
1604688832,44.39088
1604688833,44.39088
1604688834,44.39088
1604688835,44.228893
1604688836,44.228893
1604688837,44.052395
1604688838,44.0226
1604688839,42.969063
1604688840,42.968975
1604688841,43.167793
1604688842,43.086075
1604688843,43.70383
1604688844,45.013283
1604688845,44.516663
1604688846,44.466034
1604688847,42.713505
1604688848,41.338474
1604688849,40.3876
1604688850,39.724304
1604688851,39.36857
1604688852,38.853405
1604688853,31.690603
1604688854,28.896345
1604688855,37.97266
1604688856,37.204323
1604688857,36.917248
1604688858,37.213055
1604688859,38.295883
1604688860,38.810543
1604688861,39.327328
1604688862,41.29568
1604688863,41.29568
1604688864,42.171215
1604688865,42.067154
1604688866,42.271706
1604688867,41.4656
1604688868,41.4656
1604688869,39.774757
1604688870,39.774757
1604688871,39.643772
1604688872,40.375496
1604688873,38.797596
1604688874,38.797596
1604688875,38.797596
1604688876,37.754433
1604688877,37.754433
1604688878,35.855
1604688879,35.855
1604688880,35.855
1604688881,35.855
1604688882,35.855
1604688883,37.754433
1604688884,37.754433
1604688885,38.797596
1604688886,38.797596
1604688887,40.375496
1604688888,39.643772
1604688889,39.774757
1604688890,40.39401
1604688891,41.4656
1604688892,42.271706
1604688893,42.067154
1604688894,42.171215
1604688895,41.57107
1604688896,41.29568
1604688897,41.29568
1604688898,41.29568
1604688899,41.29568
1604688900,41.29568
1604688901,41.29568
1604688902,41.57107
1604688903,41.57107
1604688904,42.171215
1604688905,42.171215
1604688906,42.171215
1604688907,41.57107
1604688908,41.57107
1604688909,41.29568
1604688910,41.29568
1604688911,39.554462
1604688912,39.327328
1604688913,38.810543
1604688914,38.295883
1604688915,37.213055
1604688916,37.377277
1604688917,37.489773
1604688918,37.97266
1604688919,38.690334
1604688920,38.863255
1604688921,38.853405
1604688922,39.36857
1604688923,40.003616
1604688924,40.05251
1604688925,40.696205
1604688926,41.338474
1604688927,42.489075
1604688928,43.542274
1604688929,44.466034
1604688930,44.469067
1604688931,44.502415
1604688932,38.797596
1604688933,39.643772
1604688934,39.643772
1604688935,39.774757
1604688936,39.774757
1604688937,41.4656
1604688938,43.086075
1604688939,43.49132
1604688940,43.49132
1604688941,43.167793
1604688942,43.167793
1604688943,43.274796
1604688944,43.274796
1604688945,43.274796
1604688946,42.968975
1604688947,42.968975
1604688948,42.998116
1604688949,42.998116
1604688950,42.969063
1604688951,42.969063
1604688952,43.723286
1604688953,43.723286
1604688954,44.0226
1604688955,44.0226
1604688956,44.052395
1604688957,44.052395
1604688958,44.228893
1604688959,44.228893
1604688960,44.39088
1604688961,44.39088
1604688962,44.39088
1604688963,45.036568
1604688964,45.036568
1604688965,45.036568
1604688966,45.036568
1604688967,45.036568
1604688968,46.050053
1604688969,46.050053
1604688970,45.036568
1604688971,45.036568
1604688972,45.036568
1604688973,45.036568
1604688974,45.036568
1604688975,44.39088
1604688976,44.39088
1604688977,44.39088
1604688978,44.39088
1604688979,44.39088
1604688980,44.39088
1604688981,45.036568
1604688982,45.036568
1604688983,45.036568
1604688984,46.050053
1604688985,46.050053
1604688986,46.050053
1604688987,46.050053
1604688988,46.050053
1604688989,46.050053
1604688990,46.050053
1604688991,46.050053
1604688992,47.670647
1604688993,47.670647
1604688994,47.670647
1604688995,47.670647
1604688996,47.670647
1604688997,47.407715
1604688998,47.407715
1604688999,47.407715
1604689000,47.407715
1604689001,47.407715
1604689002,47.407715
1604689003,47.407715
1604689004,48.770763
1604689005,48.770763
1604689006,48.770763
1604689007,48.770763
1604689008,48.770763
1604689009,48.85198
1604689010,48.85198
1604689011,48.85198
1604689012,48.85198
1604689013,48.85198
1604689014,48.85198
1604689015,48.85198
1604689016,48.770763
1604689017,48.770763
1604689018,48.770763
1604689019,47.407715
1604689020,47.407715
1604689021,47.407715
1604689022,46.050053
1604689023,46.050053
1604689024,44.39088
1604689025,44.052395
1604689026,42.969063
1604689027,42.968975
1604689028,43.49132
1604689029,43.548256
1604689030,44.271645
1604689031,44.502415
1604689032,44.469067
1604689033,43.542274
1604689034,41.928238
1604689035,40.96225
1604689036,40.3876
1604689037,35.855
1604689038,34.635727
1604689039,33.097492
1604689040,33.097492
1604689041,31.690603
1604689042,33.097492
1604689043,33.097492
1604689044,33.097492
1604689045,34.635727
1604689046,35.855
1604689047,37.754433
1604689048,38.797596
1604689049,41.928238
1604689050,42.713505
1604689051,43.542274
1604689052,43.747086
1604689053,43.747086
1604689054,44.466034
1604689055,44.469067
1604689056,44.516663
1604689057,44.502415
1604689058,44.829315
1604689059,44.829315
1604689060,45.013283
1604689061,44.271645
1604689062,43.70383
1604689063,43.70383
1604689064,43.548256
1604689065,43.548256
1604689066,43.086075
1604689067,43.49132
1604689068,43.49132
1604689069,43.167793
1604689070,43.274796
1604689071,43.274796
1604689072,42.968975
1604689073,42.968975
1604689074,42.998116
1604689075,42.998116
1604689076,42.998116
1604689077,42.998116
1604689078,42.998116
1604689079,42.998116
1604689080,42.998116
1604689081,42.968975
1604689082,42.968975
1604689083,42.968975
1604689084,42.968975
1604689085,42.968975
1604689086,42.968975
1604689087,42.968975
1604689088,42.968975
1604689089,42.968975
1604689090,42.968975
1604689091,42.968975
1604689092,42.998116
1604689093,42.998116
1604689094,42.998116
1604689095,42.969063
1604689096,42.969063
1604689097,43.723286
1604689098,44.0226
1604689099,44.0226
1604689100,44.052395
1604689101,44.052395
1604689102,44.228893
1604689103,44.39088
1604689104,44.39088
1604689105,45.036568
1604689106,45.036568
1604689107,45.036568
1604689108,45.036568
1604689109,45.036568
1604689110,46.050053
1604689111,46.050053
1604689112,46.050053
1604689113,46.050053
1604689114,46.050053
1604689115,46.050053
1604689116,46.050053
1604689117,46.050053
1604689118,46.050053
1604689119,46.050053
1604689120,46.050053
1604689121,46.050053
1604689122,46.050053
1604689123,46.050053
1604689124,45.036568
1604689125,44.39088
1604689126,44.228893
1604689127,44.0226
1604689128,42.969063
1604689129,42.998116
1604689130,43.274796
1604689131,43.086075
1604689132,43.548256
1604689133,45.013283
1604689134,44.502415
1604689135,44.469067
1604689136,43.747086
1604689137,43.542274
1604689138,42.489075
1604689139,41.928238
1604689140,41.338474
1604689141,41.338474
1604689142,40.96225
1604689143,40.96225
1604689144,40.96225
1604689145,40.96225
1604689146,40.96225
1604689147,41.338474
1604689148,41.338474
1604689149,41.928238
1604689150,42.489075
1604689151,42.713505
1604689152,42.713505
1604689153,43.542274
1604689154,43.747086
1604689155,44.466034
1604689156,44.469067
1604689157,44.469067
1604689158,44.516663
1604689159,44.502415
1604689160,44.502415
1604689161,44.829315
1604689162,44.829315
1604689163,45.013283
1604689164,45.013283
1604689165,44.271645
1604689166,44.271645
1604689167,43.70383
1604689168,43.70383
1604689169,43.548256
1604689170,43.548256
1604689171,43.548256
1604689172,43.086075
1604689173,43.49132
1604689174,43.49132
1604689175,43.167793
1604689176,43.167793
1604689177,43.274796
1604689178,43.274796
1604689179,43.274796
1604689180,42.968975
1604689181,42.968975
1604689182,42.968975
1604689183,42.998116
1604689184,42.998116
1604689185,42.998116
1604689186,42.998116
1604689187,42.969063
1604689188,42.969063
1604689189,42.969063
1604689190,43.723286
1604689191,43.723286
1604689192,43.723286
1604689193,43.723286
1604689194,44.0226
1604689195,44.0226
1604689196,44.0226
1604689197,44.0226
1604689198,44.052395
1604689199,50.202827
1604689200,50.202827
1604689201,50.202827
1604689202,50.202827
1604689203,51.080982
1604689204,51.080982
1604689205,51.69357
1604689206,51.69357
1604689207,51.69357
1604689208,51.507553
1604689209,51.507553
1604689210,51.756474
1604689211,51.756474
1604689212,52.481667
1604689213,52.481667
1604689214,52.40492
1604689215,52.40492
1604689216,52.40492
1604689217,52.76713
1604689218,52.76713
1604689219,52.21534
1604689220,52.21534
1604689221,53.521072
1604689222,53.521072
1604689223,53.521072
1604689224,53.521072
1604689225,53.521072
1604689226,53.521072
1604689227,53.521072
1604689228,53.521072
1604689229,53.521072
1604689230,53.521072
1604689231,53.521072
1604689232,53.521072
1604689233,53.521072
1604689234,53.521072
1604689235,53.521072
1604689236,53.521072
1604689237,47.407715
1604689238,47.407715
1604689239,47.407715
1604689240,47.407715
1604689241,47.407715
1604689242,47.407715
1604689243,47.670647
1604689244,47.670647
1604689245,47.670647
1604689246,46.050053
1604689247,52.40492
1604689248,51.756474
1604689249,51.69357
1604689250,51.080982
1604689251,50.202827
1604689252,44.0226
1604689253,43.723286
1604689254,42.969063
1604689255,42.998116
1604689256,42.998116
1604689257,42.968975
1604689258,42.968975
1604689259,43.274796
1604689260,42.968975
1604689261,42.968975
1604689262,42.968975
1604689263,42.968975
1604689264,42.968975
1604689265,42.998116
1604689266,42.998116
1604689267,42.998116
1604689268,42.969063
1604689269,42.969063
1604689270,42.969063
1604689271,42.969063
1604689272,43.723286
1604689273,49.730846
1604689274,49.730846
1604689275,49.79289
1604689276,49.79289
1604689277,50.202827
1604689278,50.202827
1604689279,50.202827
1604689280,50.202827
1604689281,51.080982
1604689282,51.080982
1604689283,51.69357
1604689284,51.69357
1604689285,51.69357
1604689286,51.69357
1604689287,51.507553
1604689288,51.507553
1604689289,44.052395
1604689290,44.052395
1604689291,44.052395
1604689292,44.0226
1604689293,44.0226
1604689294,44.0226
1604689295,44.0226
1604689296,44.0226
1604689297,43.723286
1604689298,43.723286
1604689299,43.723286
1604689300,43.723286
1604689301,42.969063
1604689302,42.969063
1604689303,42.969063
1604689304,42.998116
1604689305,42.998116
1604689306,42.968975
1604689307,42.968975
1604689308,43.274796
1604689309,43.274796
1604689310,43.167793
1604689311,43.167793
1604689312,43.49132
1604689313,43.49132
1604689314,43.49132
1604689315,43.086075
1604689316,43.086075
1604689317,43.086075
1604689318,43.086075
1604689319,43.548256
1604689320,43.548256
1604689321,43.548256
1604689322,43.548256
1604689323,43.086075
1604689324,43.086075
1604689325,43.086075
1604689326,43.49132
1604689327,43.49132
1604689328,43.49132
1604689329,43.49132
1604689330,43.167793
1604689331,43.167793
1604689332,43.167793
1604689333,43.167793
1604689334,43.274796
1604689335,43.274796
1604689336,43.274796
1604689337,43.274796
1604689338,43.274796
1604689339,42.968975
1604689340,42.968975
1604689341,42.968975
1604689342,42.968975
1604689343,42.998116
1604689344,42.998116
1604689345,42.998116
1604689346,50.202827
1604689347,50.202827
1604689348,50.202827
1604689349,49.79289
1604689350,49.79289
1604689351,49.79289
1604689352,49.730846
1604689353,43.274796
1604689354,43.274796
1604689355,43.167793
1604689356,43.49132
1604689357,43.086075
1604689358,43.548256
1604689359,43.548256
1604689360,44.271645
1604689361,44.829315
1604689362,44.516663
1604689363,43.747086
1604689364,42.713505
1604689365,41.338474
1604689366,40.3876
1604689367,40.003616
1604689368,39.17145
1604689369,38.826347
1604689370,38.600677
1604689371,37.97266
1604689372,37.204323
1604689373,26.29409
1604689374,28.301632
1604689375,27.029778
1604689376,41.29568
1604689377,41.57107
1604689378,42.067154
1604689379,42.271706
1604689380,41.4656
1604689381,39.774757
1604689382,39.643772
1604689383,39.643772
1604689384,38.797596
1604689385,38.797596
1604689386,37.754433
1604689387,35.855
1604689388,34.635727
1604689389,34.635727
1604689390,33.097492
1604689391,31.690603
1604689392,30.575418
1604689393,30.575418
1604689394,28.896345
1604689395,28.476086
1604689396,28.928204
1604689397,27.621784
1604689398,27.555126
1604689399,27.865597
1604689400,28.64671
1604689401,27.392408
1604689402,27.392408
1604689403,25.906094
1604689404,26.256609
1604689405,26.256609
1604689406,26.256609
1604689407,26.29409
1604689408,26.29409
1604689409,26.557455
1604689410,26.557455
1604689411,26.557455
1604689412,26.557455
1604689413,28.301632
1604689414,28.301632
1604689415,27.839487
1604689416,27.839487
1604689417,27.839487
1604689418,27.839487
1604689419,27.029778
1604689420,27.029778
1604689421,27.029778
1604689422,27.029778
1604689423,27.029778
1604689424,27.256392
1604689425,27.256392
1604689426,27.321777
1604689427,27.321777
1604689428,27.321777
1604689429,27.321777
1604689430,27.321777
1604689431,27.321777
1604689432,27.321777
1604689433,27.321777
1604689434,27.256392
1604689435,27.029778
1604689436,27.029778
1604689437,27.839487
1604689438,26.557455
1604689439,26.29409
1604689440,26.256609
1604689441,28.64671
1604689442,27.555126
1604689443,28.476086
1604689444,30.575418
1604689445,33.097492
1604689446,35.855
1604689447,38.797596
1604689448,38.797596
1604689449,39.643772
1604689450,39.774757
1604689451,41.4656
1604689452,42.067154
1604689453,42.171215
1604689454,41.29568
1604689455,39.327328
1604689456,38.52371
1604689457,27.865597
1604689458,27.621784
1604689459,28.896345
1604689460,37.489773
1604689461,37.823517
1604689462,38.46866
1604689463,38.690334
1604689464,38.863255
1604689465,38.826347
1604689466,38.853104
1604689467,38.853405
1604689468,39.36857
1604689469,39.367813
1604689470,40.003616
1604689471,39.724304
1604689472,40.05251
1604689473,40.3876
1604689474,40.696205
1604689475,40.96225
1604689476,41.338474
1604689477,41.928238
1604689478,42.489075
1604689479,42.713505
1604689480,43.542274
1604689481,43.747086
1604689482,44.466034
1604689483,44.469067
1604689484,44.516663
1604689485,44.502415
1604689486,46.46377
1604689487,46.1498
1604689488,46.1498
1604689489,47.607506
1604689490,45.013283
1604689491,45.013283
1604689492,44.271645
1604689493,44.271645
1604689494,44.271645
1604689495,44.271645
1604689496,44.271645
1604689497,43.70383
1604689498,43.70383
1604689499,43.70383
1604689500,43.70383
1604689501,43.70383
1604689502,43.70383
1604689503,44.271645
1604689504,44.271645
1604689505,44.271645
1604689506,44.271645
1604689507,44.271645
1604689508,44.271645
1604689509,45.013283
1604689510,45.013283
1604689511,45.013283
1604689512,45.013283
1604689513,45.013283
1604689514,45.013283
1604689515,45.013283
1604689516,45.013283
1604689517,45.013283
1604689518,45.013283
1604689519,44.271645
1604689520,44.271645
1604689521,44.271645
1604689522,44.271645
1604689523,43.70383
1604689524,43.70383
1604689525,43.70383
1604689526,43.70383
1604689527,43.70383
1604689528,43.70383
1604689529,43.70383
1604689530,43.70383
1604689531,43.70383
1604689532,43.70383
1604689533,43.70383
1604689534,43.70383
1604689535,43.70383
1604689536,43.70383
1604689537,43.70383
1604689538,43.70383
1604689539,43.70383
1604689540,43.70383
1604689541,43.70383
1604689542,43.70383
1604689543,43.70383
1604689544,44.271645
1604689545,44.271645
1604689546,44.271645
1604689547,44.271645
1604689548,44.271645
1604689549,44.271645
1604689550,45.013283
1604689551,45.013283
1604689552,45.013283
1604689553,45.013283
1604689554,45.013283
1604689555,45.013283
1604689556,45.013283
1604689557,45.013283
1604689558,45.013283
1604689559,45.013283
1604689560,45.013283
1604689561,45.013283
1604689562,45.013283
1604689563,44.271645
1604689564,44.271645
1604689565,45.013283
1604689566,45.013283
1604689567,45.013283
1604689568,45.013283
1604689569,45.013283
1604689570,45.013283
1604689571,45.013283
1604689572,45.013283
1604689573,45.013283
1604689574,45.013283
1604689575,45.013283
1604689576,45.013283
1604689577,45.013283
1604689578,44.829315
1604689579,44.829315
1604689580,44.829315
1604689581,44.829315
1604689582,44.829315
1604689583,44.829315
1604689584,44.829315
1604689585,44.829315
1604689586,44.829315
1604689587,44.502415
1604689588,44.502415
1604689589,44.502415
1604689590,44.502415
1604689591,44.502415
1604689592,44.502415
1604689593,44.516663
1604689594,44.516663
1604689595,44.516663
1604689596,44.516663
1604689597,44.469067
1604689598,44.469067
1604689599,44.469067
1604689600,44.469067
1604689601,44.469067
1604689602,44.466034
1604689603,44.466034
1604689604,44.466034
1604689605,44.466034
1604689606,44.466034
1604689607,44.466034
1604689608,44.466034
1604689609,44.466034
1604689610,44.466034
1604689611,44.466034
1604689612,44.466034
1604689613,44.466034
1604689614,44.466034
1604689615,44.466034
1604689616,44.466034
1604689617,44.466034
1604689618,44.466034
1604689619,44.466034
1604689620,44.466034
1604689621,44.466034
1604689622,44.466034
1604689623,44.466034
1604689624,44.466034
1604689625,44.466034
1604689626,44.466034
1604689627,44.466034
1604689628,44.466034
1604689629,44.466034
1604689630,44.466034
1604689631,44.466034
1604689632,44.469067
1604689633,44.469067
1604689634,44.469067
1604689635,44.469067
1604689636,44.469067
1604689637,44.469067
1604689638,44.469067
1604689639,44.469067
1604689640,44.469067
1604689641,44.469067
1604689642,44.469067
1604689643,44.516663
1604689644,44.516663
1604689645,44.516663
1604689646,44.502415
1604689647,44.502415
1604689648,44.829315
1604689649,44.829315
1604689650,44.829315
1604689651,45.013283
1604689652,45.013283
1604689653,45.013283
1604689654,45.013283
1604689655,45.013283
1604689656,44.271645
1604689657,44.271645
1604689658,44.271645
1604689659,44.271645
1604689660,43.70383
1604689661,43.70383
1604689662,43.70383
1604689663,43.70383
1604689664,43.548256
1604689665,43.548256
1604689666,43.548256
1604689667,43.548256
1604689668,43.548256
1604689669,43.548256
1604689670,43.548256
1604689671,43.548256
1604689672,43.548256
1604689673,43.548256
1604689674,43.548256
1604689675,43.548256
1604689676,43.548256
1604689677,43.548256
1604689678,43.548256
1604689679,43.548256
1604689680,43.548256
1604689681,43.548256
1604689682,43.548256
1604689683,43.548256
1604689684,43.70383
1604689685,43.70383
1604689686,43.70383
1604689687,43.70383
1604689688,43.70383
1604689689,44.271645
1604689690,44.271645
1604689691,44.271645
1604689692,44.271645
1604689693,44.271645
1604689694,44.271645
1604689695,43.70383
1604689696,43.70383
1604689697,43.70383
1604689698,43.548256
1604689699,43.548256
1604689700,43.548256
1604689701,43.548256
1604689702,43.086075
1604689703,43.49132
1604689704,43.49132
1604689705,43.167793
1604689706,43.274796
1604689707,43.274796
1604689708,42.968975
1604689709,42.998116
1604689710,42.998116
1604689711,42.969063
1604689712,42.969063
1604689713,43.723286
1604689714,43.723286
1604689715,44.0226
1604689716,44.052395
1604689717,44.052395
1604689718,44.228893
1604689719,44.228893
1604689720,44.39088
1604689721,44.39088
1604689722,44.39088
1604689723,45.036568
1604689724,45.036568
1604689725,45.036568
1604689726,46.050053
1604689727,46.050053
1604689728,46.050053
1604689729,46.050053
1604689730,46.050053
1604689731,46.050053
1604689732,46.050053
1604689733,46.050053
1604689734,46.050053
1604689735,47.670647
1604689736,47.670647
1604689737,47.670647
1604689738,47.670647
1604689739,47.670647
1604689740,47.670647
1604689741,47.670647
1604689742,47.670647
1604689743,47.670647
1604689744,47.670647
1604689745,46.050053
1604689746,46.050053
1604689747,46.050053
1604689748,46.050053
1604689749,46.050053
1604689750,46.050053
1604689751,46.050053
1604689752,46.050053
1604689753,46.050053
1604689754,46.050053
1604689755,46.050053
1604689756,46.050053
1604689757,46.050053
1604689758,46.050053
1604689759,46.050053
1604689760,46.050053
1604689761,46.050053
1604689762,46.050053
1604689763,46.050053
1604689764,46.050053
1604689765,46.050053
1604689766,46.050053
1604689767,46.050053
1604689768,46.050053
1604689769,45.036568
1604689770,45.036568
1604689771,45.036568
1604689772,44.39088
1604689773,44.228893
1604689774,44.228893
1604689775,44.052395
1604689776,44.0226
1604689777,43.723286
1604689778,42.969063
1604689779,42.998116
1604689780,42.968975
1604689781,43.274796
1604689782,43.167793
1604689783,43.49132
1604689784,43.086075
1604689785,43.548256
1604689786,43.548256
1604689787,43.70383
1604689788,44.271645
1604689789,44.271645
1604689790,45.013283
1604689791,44.829315
1604689792,44.502415
1604689793,44.502415
1604689794,44.516663
1604689795,44.469067
1604689796,44.466034
1604689797,44.466034
1604689798,43.747086
1604689799,43.542274
1604689800,43.542274
1604689801,42.713505
1604689802,42.713505
1604689803,42.489075
1604689804,42.489075
1604689805,41.928238
1604689806,41.928238
1604689807,41.928238
1604689808,41.928238
1604689809,41.338474
1604689810,41.338474
1604689811,41.338474
1604689812,41.338474
1604689813,40.96225
1604689814,40.96225
1604689815,40.96225
1604689816,40.96225
1604689817,40.96225
1604689818,40.96225
1604689819,40.96225
1604689820,40.96225
1604689821,40.96225
1604689822,40.96225
1604689823,40.96225
1604689824,40.96225
1604689825,40.96225
1604689826,41.338474
1604689827,41.338474
1604689828,41.338474
1604689829,41.338474
1604689830,41.338474
1604689831,41.928238
1604689832,41.928238
1604689833,41.928238
1604689834,41.928238
1604689835,41.338474
1604689836,41.338474
1604689837,41.338474
1604689838,41.338474
1604689839,41.338474
1604689840,41.338474
1604689841,41.338474
1604689842,41.338474
1604689843,41.338474
1604689844,41.338474
1604689845,41.338474
1604689846,41.338474
1604689847,41.338474
1604689848,41.338474
1604689849,41.338474
1604689850,41.338474
1604689851,41.338474
1604689852,40.96225
1604689853,40.96225
1604689854,40.96225
1604689855,40.96225
1604689856,40.96225
1604689857,40.96225
1604689858,40.96225
1604689859,40.96225
1604689860,40.96225
1604689861,40.96225
1604689862,41.338474
1604689863,41.338474
1604689864,41.338474
1604689865,41.338474
1604689866,41.338474
1604689867,41.928238
1604689868,41.928238
1604689869,41.928238
1604689870,41.928238
1604689871,42.489075
1604689872,42.489075
1604689873,42.489075
1604689874,42.713505
1604689875,42.713505
1604689876,43.542274
1604689877,43.542274
1604689878,43.542274
1604689879,43.542274
1604689880,43.747086
1604689881,43.747086
1604689882,43.747086
1604689883,43.747086
1604689884,43.747086
1604689885,43.747086
1604689886,43.747086
1604689887,43.747086
1604689888,43.747086
1604689889,43.747086
1604689890,43.747086
1604689891,43.747086
1604689892,43.747086
1604689893,43.747086
1604689894,43.747086
1604689895,43.747086
1604689896,43.747086
1604689897,44.466034
1604689898,44.466034
1604689899,44.466034
1604689900,44.466034
1604689901,44.466034
1604689902,44.466034
1604689903,44.469067
1604689904,44.469067
1604689905,44.469067
1604689906,44.469067
1604689907,44.469067
1604689908,44.469067
1604689909,44.469067
1604689910,44.469067
1604689911,44.469067
1604689912,44.469067
1604689913,44.469067
1604689914,44.516663
1604689915,44.516663
1604689916,44.516663
1604689917,44.516663
1604689918,44.516663
1604689919,44.516663
