timestamp,pm25,pm25_fa,cal_pm25_fa
1605752640,41.6,78.0,41.84185
1605752641,41.59972222222222,78.0,41.84185
1605752642,41.599444444444444,77.75,42.08988
1605752643,41.59916666666667,77.5,42.76363
1605752644,41.59888888888889,77.5,42.76363
1605752645,41.59861111111111,77.5,42.76363
1605752646,41.598333333333336,77.5,42.76363
1605752647,41.598055555555554,77.5,42.76363
1605752648,41.59777777777778,77.46875,41.526726
1605752649,41.5975,77.4375,41.526726
1605752650,41.59722222222222,77.40625,41.526726
1605752651,41.596944444444446,77.375,41.526726
1605752652,41.596666666666664,77.34375,41.526726
1605752653,41.59638888888889,77.3125,41.526726
1605752654,41.596111111111114,77.28125,41.526726
1605752655,41.59583333333333,77.25,41.526726
1605752656,41.595555555555556,77.75,42.08988
1605752657,41.59527777777778,77.75,42.08988
1605752658,41.595,77.75,42.08988
1605752659,41.594722222222224,78.5,40.775555
1605752660,41.59444444444444,78.5,40.775555
1605752661,41.594166666666666,78.25,41.668304
1605752662,41.59388888888889,78.0,41.84185
1605752663,41.59361111111111,78.0,41.84185
1605752664,41.593333333333334,78.0,41.84185
1605752665,41.59305555555556,77.75,42.08988
1605752666,41.592777777777776,77.0,41.839077
1605752667,41.5925,76.75,42.934948
1605752668,41.59222222222222,76.25,42.956238
1605752669,41.591944444444444,75.5,41.35931
1605752670,41.59166666666667,75.5,41.35931
1605752671,41.591388888888886,75.0,40.62068
1605752672,41.59111111111111,74.75,40.178288
1605752673,41.590833333333336,74.5,38.25586
1605752674,41.590555555555554,74.5,38.25586
1605752675,41.59027777777778,74.5,38.25586
1605752676,41.59,74.75,40.178288
1605752677,41.58972222222222,75.5,41.35931
1605752678,41.589444444444446,75.75,41.333443
1605752679,41.589166666666664,76.0,41.793404
1605752680,41.58888888888889,76.5,43.253902
1605752681,41.58861111111111,76.75,42.934948
1605752682,41.58833333333333,77.25,41.526726
1605752683,41.588055555555556,77.75,42.08988
1605752684,41.58777777777778,78.0,41.84185
1605752685,41.5875,78.25,41.668304
1605752686,41.58722222222222,78.25,41.668304
1605752687,41.58694444444444,78.0,41.84185
1605752688,41.586666666666666,78.25,41.668304
1605752689,41.58638888888889,78.0,41.84185
1605752690,41.58611111111111,78.25,41.668304
1605752691,41.58583333333333,78.5,40.775555
1605752692,41.58555555555556,78.25,41.668304
1605752693,41.585277777777776,78.25,41.668304
1605752694,41.585,78.25,41.668304
1605752695,41.584722222222226,78.5,40.775555
1605752696,41.58444444444444,78.75,39.645294
1605752697,41.58416666666667,79.0,38.95992
1605752698,41.583888888888886,79.25,38.487717
1605752699,41.58361111111111,80.0,38.047543
1605752700,41.583333333333336,80.0,38.047543
1605752701,41.58305555555555,80.25,37.78552
1605752702,41.58277777777778,80.25,37.78552
1605752703,41.5825,80.5,37.231716
1605752704,41.58222222222222,80.75,36.99291
1605752705,41.581944444444446,80.75,36.99291
1605752706,41.58166666666666,80.75,36.99291
1605752707,41.58138888888889,80.5,37.231716
1605752708,41.58111111111111,80.25,37.78552
1605752709,41.58083333333333,80.0,38.047543
1605752710,41.580555555555556,79.75,37.948673
1605752711,41.58027777777778,79.75,37.948673
1605752712,41.58,79.25,38.487717
1605752713,41.57972222222222,79.0,38.95992
1605752714,41.57944444444445,79.0,38.95992
1605752715,41.579166666666666,79.0,38.95992
1605752716,41.57888888888889,79.25,38.487717
1605752717,41.57861111111111,79.25,38.487717
1605752718,41.57833333333333,79.25,38.487717
1605752719,41.57805555555556,79.5,37.347878
1605752720,41.577777777777776,79.75,37.948673
1605752721,41.5775,79.75,37.948673
1605752722,41.577222222222225,80.0,38.047543
1605752723,41.57694444444444,80.25,37.78552
1605752724,41.57666666666667,80.0,38.047543
1605752725,41.576388888888886,80.25,37.78552
1605752726,41.57611111111111,80.0,38.047543
1605752727,41.575833333333335,80.0,38.047543
1605752728,41.57555555555555,80.25,37.78552
1605752729,41.57527777777778,79.75,37.948673
1605752730,41.575,79.5,37.347878
1605752731,41.57472222222222,79.5,37.347878
1605752732,41.574444444444445,79.75,37.948673
1605752733,41.57416666666666,79.5,37.347878
1605752734,41.57388888888889,79.5,37.347878
1605752735,41.57361111111111,79.5,37.347878
1605752736,41.57333333333333,79.75,37.948673
1605752737,41.573055555555555,79.75,37.948673
1605752738,41.57277777777778,80.0,38.047543
1605752739,41.5725,80.25,37.78552
1605752740,41.57222222222222,80.25,37.78552
1605752741,41.57194444444445,80.25,37.78552
1605752742,41.571666666666665,80.0,38.047543
1605752743,41.57138888888889,80.25,37.78552
1605752744,41.57111111111111,80.25,37.78552
1605752745,41.57083333333333,80.0,38.047543
1605752746,41.57055555555556,80.25,37.78552
1605752747,41.570277777777775,79.75,37.948673
1605752748,41.57,79.5,37.347878
1605752749,41.569722222222225,79.5,37.347878
1605752750,41.56944444444444,79.0,38.95992
1605752751,41.56916666666667,79.25,38.487717
1605752752,41.568888888888885,78.5,40.775555
1605752753,41.56861111111111,78.5,40.775555
1605752754,41.568333333333335,78.75,39.645294
1605752755,41.56805555555555,78.5,40.775555
1605752756,41.56777777777778,78.75,39.645294
1605752757,41.5675,78.75,39.645294
1605752758,41.56722222222222,78.75,39.645294
1605752759,41.566944444444445,79.0,38.95992
1605752760,41.56666666666667,79.25,38.487717
1605752761,41.56638888888889,79.25,38.487717
1605752762,41.56611111111111,79.25,38.487717
1605752763,41.56583333333333,79.5,37.347878
1605752764,41.565555555555555,79.5,37.347878
1605752765,41.56527777777778,79.5,37.347878
1605752766,41.565,79.25,38.487717
1605752767,41.56472222222222,79.25,38.487717
1605752768,41.56444444444445,78.5,40.775555
1605752769,41.564166666666665,78.5,40.775555
1605752770,41.56388888888889,78.25,41.668304
1605752771,41.56361111111111,78.25,41.668304
1605752772,41.56333333333333,77.75,42.08988
1605752773,41.56305555555556,77.75,42.08988
1605752774,41.562777777777775,77.5,42.76363
1605752775,41.5625,77.5,42.76363
1605752776,41.562222222222225,77.25,41.526726
1605752777,41.56194444444444,77.0,41.839077
1605752778,41.56166666666667,77.0,41.839077
1605752779,41.56138888888889,77.0,41.839077
1605752780,41.56111111111111,76.75,42.934948
1605752781,41.560833333333335,77.0,41.839077
1605752782,41.56055555555555,77.0,41.839077
1605752783,41.56027777777778,77.0,41.839077
1605752784,41.56,77.0,41.839077
1605752785,41.55972222222222,77.25,41.526726
1605752786,41.559444444444445,77.0,41.839077
1605752787,41.55916666666667,77.25,41.526726
1605752788,41.55888888888889,77.0,41.839077
1605752789,41.55861111111111,77.75,42.08988
1605752790,41.55833333333333,78.0,41.84185
1605752791,41.558055555555555,78.25,41.668304
1605752792,41.55777777777778,78.5,40.775555
1605752793,41.5575,79.0,38.95992
1605752794,41.55722222222222,79.0,38.95992
1605752795,41.55694444444445,79.25,38.487717
1605752796,41.556666666666665,79.5,37.347878
1605752797,41.55638888888889,79.5,37.347878
1605752798,41.556111111111115,79.75,37.948673
1605752799,41.55583333333333,79.75,37.948673
1605752800,41.55555555555556,79.75,37.948673
1605752801,41.555277777777775,79.75,37.948673
1605752802,41.555,79.5,37.347878
1605752803,41.554722222222225,79.0,38.95992
1605752804,41.55444444444444,79.0,38.95992
1605752805,41.55416666666667,79.0,38.95992
1605752806,41.55388888888889,79.0,38.95992
1605752807,41.55361111111111,79.0,38.95992
1605752808,41.553333333333335,78.75,39.645294
1605752809,41.55305555555555,78.25,41.668304
1605752810,41.55277777777778,78.25,41.668304
1605752811,41.5525,78.25,41.668304
1605752812,41.55222222222222,78.5,40.775555
1605752813,41.551944444444445,78.5,40.775555
1605752814,41.55166666666667,78.5,40.775555
1605752815,41.55138888888889,78.5,40.775555
1605752816,41.55111111111111,78.5,40.775555
1605752817,41.55083333333333,78.0,41.84185
1605752818,41.550555555555555,77.75,42.08988
1605752819,41.55027777777778,78.0,41.84185
1605752820,41.55,78.0,41.84185
1605752821,41.54972222222222,77.5,42.76363
1605752822,41.54944444444445,77.25,41.526726
1605752823,41.549166666666665,77.0,41.839077
1605752824,41.54888888888889,77.5,42.76363
1605752825,41.548611111111114,77.5,42.76363
1605752826,41.54833333333333,77.5,42.76363
1605752827,41.54805555555556,77.25,41.526726
1605752828,41.547777777777775,77.75,42.08988
1605752829,41.5475,77.75,42.08988
1605752830,41.547222222222224,78.0,41.84185
1605752831,41.54694444444444,78.11111111111111,41.84185
1605752832,41.54666666666667,78.22222222222223,41.84185
1605752833,41.54638888888889,78.33333333333333,41.668304
1605752834,41.54611111111111,78.44444444444444,41.668304
1605752835,41.545833333333334,78.55555555555556,40.775555
1605752836,41.54555555555555,78.66666666666667,40.775555
1605752837,41.54527777777778,78.77777777777777,39.645294
1605752838,41.545,78.88888888888889,39.645294
1605752839,41.54472222222222,79.0,38.95992
1605752840,41.544444444444444,79.25,38.487717
1605752841,41.54416666666667,79.5,37.347878
1605752842,41.54388888888889,79.5,37.347878
1605752843,41.54361111111111,80.0,38.047543
1605752844,41.54333333333334,80.0,38.047543
1605752845,41.543055555555554,80.0,38.047543
1605752846,41.54277777777778,80.5,37.231716
1605752847,41.5425,80.25,37.78552
1605752848,41.54222222222222,80.25,37.78552
1605752849,41.54194444444445,79.75,37.948673
1605752850,41.541666666666664,79.5,37.347878
1605752851,41.54138888888889,79.5,37.347878
1605752852,41.541111111111114,79.25,38.487717
1605752853,41.54083333333333,79.25,38.487717
1605752854,41.54055555555556,79.0,38.95992
1605752855,41.540277777777774,79.0,38.95992
1605752856,41.54,78.75,39.645294
1605752857,41.539722222222224,78.75,39.645294
1605752858,41.53944444444444,79.5,37.347878
1605752859,41.53916666666667,79.5,37.347878
1605752860,41.53888888888889,79.75,37.948673
1605752861,41.53861111111111,80.0,38.047543
1605752862,41.538333333333334,80.0,38.047543
1605752863,41.53805555555556,80.25,37.78552
1605752864,41.53777777777778,79.75,37.948673
1605752865,41.5375,79.5,37.347878
1605752866,41.53722222222222,79.5,37.347878
1605752867,41.536944444444444,79.75,37.948673
1605752868,41.53666666666667,79.75,37.948673
1605752869,41.53638888888889,79.75,37.948673
1605752870,41.53611111111111,79.25,38.487717
1605752871,41.535833333333336,79.25,38.487717
1605752872,41.535555555555554,79.25,38.487717
1605752873,41.53527777777778,79.25,38.487717
1605752874,41.535,79.5,37.347878
1605752875,41.53472222222222,79.75,37.948673
1605752876,41.534444444444446,80.0,38.047543
1605752877,41.534166666666664,80.25,37.78552
1605752878,41.53388888888889,80.25,37.78552
1605752879,41.533611111111114,80.5,37.231716
1605752880,41.53333333333333,80.75,36.99291
1605752881,41.533055555555556,80.5,37.231716
1605752882,41.53277777777778,80.75,36.99291
1605752883,41.5325,80.75,36.99291
1605752884,41.532222222222224,80.5,37.231716
1605752885,41.53194444444444,80.5,37.231716
1605752886,41.531666666666666,80.0,38.047543
1605752887,41.53138888888889,80.0,38.047543
1605752888,41.53111111111111,79.75,37.948673
1605752889,41.530833333333334,79.25,38.487717
1605752890,41.53055555555556,79.25,38.487717
1605752891,41.530277777777776,79.25,38.487717
1605752892,41.53,79.25,38.487717
1605752893,41.52972222222222,78.75,39.645294
1605752894,41.529444444444444,79.0,38.95992
1605752895,41.52916666666667,79.25,38.487717
1605752896,41.528888888888886,80.25,37.78552
1605752897,41.52861111111111,80.0,38.047543
1605752898,41.528333333333336,80.0,38.047543
1605752899,41.528055555555554,80.0,38.047543
1605752900,41.52777777777778,79.75,37.948673
1605752901,41.5275,79.75,37.948673
1605752902,41.52722222222222,79.75,37.948673
1605752903,41.526944444444446,79.5,37.347878
1605752904,41.526666666666664,79.25,38.487717
1605752905,41.52638888888889,79.25,38.487717
1605752906,41.52611111111111,79.0,38.95992
1605752907,41.52583333333333,78.75,39.645294
1605752908,41.525555555555556,78.5,40.775555
1605752909,41.52527777777778,78.25,41.668304
1605752910,41.525,78.25,41.668304
1605752911,41.52472222222222,78.25,41.668304
1605752912,41.52444444444444,78.0,41.84185
1605752913,41.524166666666666,78.0,41.84185
1605752914,41.52388888888889,78.0,41.84185
1605752915,41.52361111111111,77.75,42.08988
1605752916,41.52333333333333,78.0,41.84185
1605752917,41.52305555555556,77.75,42.08988
1605752918,41.522777777777776,77.75,42.08988
1605752919,41.5225,77.5,42.76363
1605752920,41.522222222222226,77.75,42.08988
1605752921,41.52194444444444,77.5,42.76363
1605752922,41.52166666666667,77.5,42.76363
1605752923,41.521388888888886,77.25,41.526726
1605752924,41.52111111111111,77.25,41.526726
1605752925,41.520833333333336,77.25,41.526726
1605752926,41.52055555555555,76.75,42.934948
1605752927,41.52027777777778,76.5,43.253902
1605752928,41.52,76.5,43.253902
1605752929,41.51972222222222,76.25,42.956238
1605752930,41.519444444444446,76.5,43.253902
1605752931,41.51916666666666,76.5,43.253902
1605752932,41.51888888888889,76.75,42.934948
1605752933,41.51861111111111,76.75,42.934948
1605752934,41.51833333333333,76.75,42.934948
1605752935,41.518055555555556,76.75,42.934948
1605752936,41.51777777777778,76.75,42.934948
1605752937,41.5175,76.5,43.253902
1605752938,41.51722222222222,76.75,42.934948
1605752939,41.51694444444445,76.5,43.253902
1605752940,41.516666666666666,76.75,42.934948
1605752941,41.51638888888889,76.25,42.956238
1605752942,41.51611111111111,76.25,42.956238
1605752943,41.51583333333333,76.25,42.956238
1605752944,41.51555555555556,76.0,41.793404
1605752945,41.515277777777776,75.75,41.333443
1605752946,41.515,75.75,41.333443
1605752947,41.514722222222225,76.25,42.956238
1605752948,41.51444444444444,76.5,43.253902
1605752949,41.51416666666667,76.0,41.793404
1605752950,41.513888888888886,76.25,42.956238
1605752951,41.51361111111111,77.0,41.839077
1605752952,41.513333333333335,77.0,41.839077
1605752953,41.51305555555555,77.25,41.526726
1605752954,41.51277777777778,77.75,42.08988
1605752955,41.5125,78.0,41.84185
1605752956,41.51222222222222,78.75,39.645294
1605752957,41.511944444444445,78.75,39.645294
1605752958,41.51166666666666,78.25,41.668304
1605752959,41.51138888888889,78.75,39.645294
1605752960,41.51111111111111,78.75,39.645294
1605752961,41.51083333333333,78.75,39.645294
1605752962,41.510555555555555,79.0,38.95992
1605752963,41.51027777777778,78.75,39.645294
1605752964,41.51,79.0,38.95992
1605752965,41.50972222222222,78.75,39.645294
1605752966,41.50944444444445,78.75,39.645294
1605752967,41.509166666666665,78.75,39.645294
1605752968,41.50888888888889,78.75,39.645294
1605752969,41.50861111111111,78.5,40.775555
1605752970,41.50833333333333,79.0,38.95992
1605752971,41.50805555555556,79.0,38.95992
1605752972,41.507777777777775,79.25,38.487717
1605752973,41.5075,79.25,38.487717
1605752974,41.507222222222225,79.5,37.347878
1605752975,41.50694444444444,79.75,37.948673
1605752976,41.50666666666667,80.0,38.047543
1605752977,41.506388888888885,80.0,38.047543
1605752978,41.50611111111111,80.25,37.78552
1605752979,41.505833333333335,80.5,37.231716
1605752980,41.50555555555555,80.25,37.78552
1605752981,41.50527777777778,80.0,38.047543
1605752982,41.505,80.0,38.047543
1605752983,41.50472222222222,79.75,37.948673
1605752984,41.504444444444445,79.75,37.948673
1605752985,41.50416666666667,79.5,37.347878
1605752986,41.50388888888889,79.5,37.347878
1605752987,41.50361111111111,79.5,37.347878
1605752988,41.50333333333333,79.0,38.95992
1605752989,41.503055555555555,78.75,39.645294
1605752990,41.50277777777778,78.75,39.645294
1605752991,41.5025,78.5,40.775555
1605752992,41.50222222222222,78.5,40.775555
1605752993,41.50194444444445,78.25,41.668304
1605752994,41.501666666666665,78.0,41.84185
1605752995,41.50138888888889,77.25,41.526726
1605752996,41.50111111111111,77.0,41.839077
1605752997,41.50083333333333,76.75,42.934948
1605752998,41.50055555555556,76.75,42.934948
1605752999,41.500277777777775,76.25,42.956238
1605753000,41.5,75.75,41.333443
1605753001,41.499722222222225,75.75,41.333443
1605753002,41.49944444444444,75.5,41.35931
1605753003,41.49916666666667,75.75,41.333443
1605753004,41.49888888888889,75.75,41.333443
1605753005,41.49861111111111,75.75,41.333443
1605753006,41.498333333333335,75.75,41.333443
1605753007,41.49805555555555,76.0,41.793404
1605753008,41.49777777777778,76.0,41.793404
1605753009,41.4975,76.25,42.956238
1605753010,41.49722222222222,76.25,42.956238
1605753011,41.496944444444445,76.0,41.793404
1605753012,41.49666666666667,76.03125,41.793404
1605753013,41.49638888888889,76.0625,41.793404
1605753014,41.49611111111111,76.09375,41.793404
1605753015,41.49583333333333,76.125,41.793404
1605753016,41.495555555555555,76.15625,41.793404
1605753017,41.49527777777778,76.1875,41.793404
1605753018,41.495,76.21875,41.793404
1605753019,41.49472222222222,76.25,42.956238
1605753020,41.49444444444445,76.5,43.253902
1605753021,41.494166666666665,76.25,42.956238
1605753022,41.49388888888889,76.33333333333333,42.956238
1605753023,41.493611111111115,76.41666666666667,42.956238
1605753024,41.49333333333333,76.5,43.253902
1605753025,41.49305555555556,76.5,43.253902
1605753026,41.492777777777775,76.25,42.956238
1605753027,41.4925,76.0,41.793404
1605753028,41.492222222222225,76.0,41.793404
1605753029,41.49194444444444,75.75,41.333443
1605753030,41.49166666666667,75.5,41.35931
1605753031,41.49138888888889,75.75,41.333443
1605753032,41.49111111111111,75.5,41.35931
1605753033,41.490833333333335,75.5,41.35931
1605753034,41.49055555555555,75.75,41.333443
1605753035,41.49027777777778,76.0,41.793404
1605753036,41.49,76.25,42.956238
1605753037,41.48972222222222,76.25,42.956238
1605753038,41.489444444444445,76.75,42.934948
1605753039,41.48916666666667,77.0,41.839077
1605753040,41.48888888888889,76.75,42.934948
1605753041,41.48861111111111,77.0,41.839077
1605753042,41.48833333333333,77.0,41.839077
1605753043,41.488055555555555,77.0,41.839077
1605753044,41.48777777777778,77.0,41.839077
1605753045,41.4875,77.5,42.76363
1605753046,41.48722222222222,77.5,42.76363
1605753047,41.48694444444445,77.25,41.526726
1605753048,41.486666666666665,77.0,41.839077
1605753049,41.48638888888889,77.0,41.839077
1605753050,41.486111111111114,76.75,42.934948
1605753051,41.48583333333333,76.5,43.253902
1605753052,41.48555555555556,76.25,42.956238
1605753053,41.485277777777775,76.25,42.956238
1605753054,41.485,76.25,42.956238
1605753055,41.484722222222224,75.75,41.333443
1605753056,41.48444444444444,75.75,41.333443
1605753057,41.48416666666667,75.5,41.35931
1605753058,41.48388888888889,75.5,41.35931
1605753059,41.48361111111111,75.25,42.0481
1605753060,41.483333333333334,75.25,42.0481
1605753061,41.48305555555555,75.25,42.0481
1605753062,41.48277777777778,75.25,42.0481
1605753063,41.4825,75.25,42.0481
1605753064,41.48222222222222,75.5,41.35931
1605753065,41.481944444444444,75.75,41.333443
1605753066,41.48166666666667,75.75,41.333443
1605753067,41.48138888888889,75.75,41.333443
1605753068,41.48111111111111,76.25,42.956238
1605753069,41.48083333333334,76.25,42.956238
1605753070,41.480555555555554,76.25,42.956238
1605753071,41.48027777777778,76.5,43.253902
1605753072,41.48,76.25,42.956238
1605753073,41.47972222222222,76.25,42.956238
1605753074,41.47944444444445,76.25,42.956238
1605753075,41.479166666666664,76.25,42.956238
1605753076,41.47888888888889,76.25,42.956238
1605753077,41.478611111111114,76.25,42.956238
1605753078,41.47833333333333,76.25,42.956238
1605753079,41.47805555555556,76.25,42.956238
1605753080,41.477777777777774,76.25,42.956238
1605753081,41.4775,76.25,42.956238
1605753082,41.477222222222224,76.5,43.253902
1605753083,41.47694444444444,76.5,43.253902
1605753084,41.47666666666667,77.0,41.839077
1605753085,41.47638888888889,77.25,41.526726
1605753086,41.47611111111111,77.5,42.76363
1605753087,41.475833333333334,77.5,42.76363
1605753088,41.47555555555556,77.75,42.08988
1605753089,41.47527777777778,77.5,42.76363
1605753090,41.475,77.75,42.08988
1605753091,41.47472222222222,77.5,42.76363
1605753092,41.474444444444444,77.5,42.76363
1605753093,41.47416666666667,77.0,41.839077
1605753094,41.47388888888889,76.75,42.934948
1605753095,41.47361111111111,76.75,42.934948
1605753096,41.473333333333336,76.5,43.253902
1605753097,41.473055555555554,76.25,42.956238
1605753098,41.47277777777778,76.25,42.956238
1605753099,41.4725,76.0,41.793404
1605753100,41.47222222222222,76.0,41.793404
1605753101,41.471944444444446,76.25,42.956238
1605753102,41.471666666666664,75.75,41.333443
1605753103,41.47138888888889,76.0,41.793404
1605753104,41.471111111111114,76.5,43.253902
1605753105,41.47083333333333,76.5,43.253902
1605753106,41.470555555555556,76.75,42.934948
1605753107,41.47027777777778,77.25,41.526726
1605753108,41.47,77.5,42.76363
1605753109,41.469722222222224,78.0,41.84185
1605753110,41.46944444444444,78.0,41.84185
1605753111,41.469166666666666,78.25,41.668304
1605753112,41.46888888888889,78.5,40.775555
1605753113,41.46861111111111,78.25,41.668304
1605753114,41.468333333333334,78.0,41.84185
1605753115,41.46805555555556,78.0,41.84185
1605753116,41.467777777777776,78.25,41.668304
1605753117,41.4675,77.75,42.08988
1605753118,41.46722222222222,78.0,41.84185
1605753119,41.466944444444444,78.0,41.84185
1605753120,41.46666666666667,78.0,41.84185
1605753121,41.466388888888886,78.25,41.668304
1605753122,41.46611111111111,78.25,41.668304
1605753123,41.465833333333336,78.5,40.775555
1605753124,41.465555555555554,79.0,38.95992
1605753125,41.46527777777778,79.25,38.487717
1605753126,41.465,79.25,38.487717
1605753127,41.46472222222222,79.5,37.347878
1605753128,41.464444444444446,79.5,37.347878
1605753129,41.464166666666664,79.25,38.487717
1605753130,41.46388888888889,79.0,38.95992
1605753131,41.46361111111111,79.0,38.95992
1605753132,41.46333333333333,78.75,39.645294
1605753133,41.463055555555556,78.25,41.668304
1605753134,41.46277777777778,78.25,41.668304
1605753135,41.4625,78.0,41.84185
1605753136,41.46222222222222,77.75,42.08988
1605753137,41.46194444444444,77.5,42.76363
1605753138,41.461666666666666,77.25,41.526726
1605753139,41.46138888888889,77.25,41.526726
1605753140,41.46111111111111,76.75,42.934948
1605753141,41.46083333333333,76.75,42.934948
1605753142,41.46055555555556,76.5,43.253902
1605753143,41.460277777777776,76.75,42.934948
1605753144,41.46,76.75,42.934948
1605753145,41.459722222222226,76.5,43.253902
1605753146,41.45944444444444,76.5,43.253902
1605753147,41.45916666666667,77.0,41.839077
1605753148,41.458888888888886,77.25,41.526726
1605753149,41.45861111111111,77.5,42.76363
1605753150,41.458333333333336,77.5,42.76363
1605753151,41.45805555555555,78.0,41.84185
1605753152,41.45777777777778,78.25,41.668304
1605753153,41.4575,78.25,41.668304
1605753154,41.45722222222222,78.75,39.645294
1605753155,41.456944444444446,79.0,38.95992
1605753156,41.45666666666666,79.25,38.487717
1605753157,41.45638888888889,79.25,38.487717
1605753158,41.45611111111111,78.5,40.775555
1605753159,41.45583333333333,78.5,40.775555
1605753160,41.455555555555556,78.25,41.668304
1605753161,41.45527777777778,77.0,41.839077
1605753162,41.455,76.5,43.253902
1605753163,41.45472222222222,76.25,42.956238
1605753164,41.45444444444445,76.25,42.956238
1605753165,41.454166666666666,75.75,41.333443
1605753166,41.45388888888889,75.75,41.333443
1605753167,41.45361111111111,75.75,41.333443
1605753168,41.45333333333333,75.75,41.333443
1605753169,41.45305555555556,75.75,41.333443
1605753170,41.452777777777776,76.0,41.793404
1605753171,41.4525,76.0,41.793404
1605753172,41.452222222222225,76.0,41.793404
1605753173,41.45194444444444,76.0,41.793404
1605753174,41.45166666666667,76.25,42.956238
1605753175,41.451388888888886,76.25,42.956238
1605753176,41.45111111111111,76.0,41.793404
1605753177,41.450833333333335,75.75,41.333443
1605753178,41.45055555555555,75.75,41.333443
1605753179,41.45027777777778,76.0,41.793404
1605753180,41.45,75.75,41.333443
1605753181,41.44972222222222,75.25,42.0481
1605753182,41.449444444444445,75.25,42.0481
1605753183,41.44916666666666,75.0,40.62068
1605753184,41.44888888888889,75.0,40.62068
1605753185,41.44861111111111,74.75,40.178288
1605753186,41.44833333333333,75.0,40.62068
1605753187,41.448055555555555,74.75,40.178288
1605753188,41.44777777777778,74.75,40.178288
1605753189,41.4475,74.75,40.178288
1605753190,41.44722222222222,74.75,40.178288
1605753191,41.44694444444445,74.75,40.178288
1605753192,41.446666666666665,75.0,40.62068
1605753193,41.44638888888889,75.09375,40.62068
1605753194,41.44611111111111,75.1875,40.62068
1605753195,41.44583333333333,75.28125,42.0481
1605753196,41.44555555555556,75.375,42.0481
1605753197,41.445277777777775,75.46875,42.0481
1605753198,41.445,75.5625,41.35931
1605753199,41.444722222222225,75.65625,41.35931
1605753200,41.44444444444444,75.75,41.333443
1605753201,41.44416666666667,76.0,41.793404
1605753202,41.443888888888885,76.0,41.793404
1605753203,41.44361111111111,76.5,43.253902
1605753204,41.443333333333335,77.0,41.839077
1605753205,41.44305555555555,77.75,42.08988
1605753206,41.44277777777778,78.0,41.84185
1605753207,41.4425,78.0,41.84185
1605753208,41.44222222222222,78.0,41.84185
1605753209,41.441944444444445,78.5,40.775555
1605753210,41.44166666666667,78.25,41.668304
1605753211,41.44138888888889,78.25,41.668304
1605753212,41.44111111111111,78.0,41.84185
1605753213,41.44083333333333,77.25,41.526726
1605753214,41.440555555555555,77.25,41.526726
1605753215,41.44027777777778,76.75,42.934948
1605753216,41.44,76.75,42.934948
1605753217,41.43972222222222,76.5,43.253902
1605753218,41.43944444444445,75.5,41.35931
1605753219,41.439166666666665,75.0,40.62068
1605753220,41.43888888888889,75.0,40.62068
1605753221,41.43861111111111,75.25,42.0481
1605753222,41.43833333333333,75.25,42.0481
1605753223,41.43805555555556,75.5,41.35931
1605753224,41.437777777777775,75.25,42.0481
1605753225,41.4375,75.75,41.333443
1605753226,41.437222222222225,75.75,41.333443
1605753227,41.43694444444444,76.0,41.793404
1605753228,41.43666666666667,76.0,41.793404
1605753229,41.43638888888889,76.25,42.956238
1605753230,41.43611111111111,76.25,42.956238
1605753231,41.435833333333335,76.25,42.956238
1605753232,41.43555555555555,76.5,43.253902
1605753233,41.43527777777778,76.5,43.253902
1605753234,41.435,76.25,42.956238
1605753235,41.43472222222222,76.25,42.956238
1605753236,41.434444444444445,76.5,43.253902
1605753237,41.43416666666667,76.0,41.793404
1605753238,41.43388888888889,75.75,41.333443
1605753239,41.43361111111111,75.75,41.333443
1605753240,41.43333333333333,75.5,41.35931
1605753241,41.433055555555555,75.75,41.333443
1605753242,41.43277777777778,75.75,41.333443
1605753243,41.4325,75.5,41.35931
1605753244,41.43222222222222,75.5,41.35931
1605753245,41.43194444444445,75.25,42.0481
1605753246,41.431666666666665,75.0,40.62068
1605753247,41.43138888888889,75.0,40.62068
1605753248,41.431111111111115,75.0,40.62068
1605753249,41.43083333333333,75.0,40.62068
1605753250,41.43055555555556,75.25,42.0481
1605753251,41.430277777777775,75.0,40.62068
1605753252,41.43,75.5,41.35931
1605753253,41.429722222222225,75.5,41.35931
1605753254,41.42944444444444,75.5,41.35931
1605753255,41.42916666666667,75.5,41.35931
1605753256,41.42888888888889,76.0,41.793404
1605753257,41.42861111111111,76.0,41.793404
1605753258,41.428333333333335,76.0,41.793404
1605753259,41.42805555555555,76.0,41.793404
1605753260,41.42777777777778,75.75,41.333443
1605753261,41.4275,75.75,41.333443
1605753262,41.42722222222222,76.0,41.793404
1605753263,41.426944444444445,76.0,41.793404
1605753264,41.42666666666667,76.0,41.793404
1605753265,41.42638888888889,75.75,41.333443
1605753266,41.42611111111111,76.25,42.956238
1605753267,41.42583333333333,76.5,43.253902
1605753268,41.425555555555555,76.5,43.253902
1605753269,41.42527777777778,76.5,43.253902
1605753270,41.425,76.5,43.253902
1605753271,41.42472222222222,76.75,42.934948
1605753272,41.42444444444445,76.75,42.934948
1605753273,41.424166666666665,76.75,42.934948
1605753274,41.42388888888889,76.75,42.934948
1605753275,41.423611111111114,76.5,43.253902
1605753276,41.42333333333333,76.25,42.956238
1605753277,41.42305555555556,76.25,42.956238
1605753278,41.422777777777775,76.25,42.956238
1605753279,41.4225,76.0,41.793404
1605753280,41.422222222222224,76.0,41.793404
1605753281,41.42194444444444,75.75,41.333443
1605753282,41.42166666666667,75.5,41.35931
1605753283,41.42138888888889,75.5,41.35931
1605753284,41.42111111111111,75.75,41.333443
1605753285,41.420833333333334,76.0,41.793404
1605753286,41.42055555555555,75.75,41.333443
1605753287,41.42027777777778,75.75,41.333443
1605753288,41.42,76.25,42.956238
1605753289,41.41972222222222,76.25,42.956238
1605753290,41.419444444444444,76.25,42.956238
1605753291,41.41916666666667,76.75,42.934948
1605753292,41.41888888888889,76.75,42.934948
1605753293,41.41861111111111,76.75,42.934948
1605753294,41.41833333333334,76.75,42.934948
1605753295,41.418055555555554,76.5,43.253902
1605753296,41.41777777777778,76.75,42.934948
1605753297,41.4175,76.5,43.253902
1605753298,41.41722222222222,76.75,42.934948
1605753299,41.41694444444445,76.5,43.253902
1605753300,41.416666666666664,76.75,42.934948
1605753301,41.41638888888889,76.5,43.253902
1605753302,41.416111111111114,76.5,43.253902
1605753303,41.41583333333333,76.5,43.253902
1605753304,41.41555555555556,76.75,42.934948
1605753305,41.415277777777774,77.0,41.839077
1605753306,41.415,76.75,42.934948
1605753307,41.414722222222224,76.75,42.934948
1605753308,41.41444444444444,76.5,43.253902
1605753309,41.41416666666667,76.25,42.956238
1605753310,41.41388888888889,76.25,42.956238
1605753311,41.41361111111111,76.0,41.793404
1605753312,41.413333333333334,76.0,41.793404
1605753313,41.41305555555556,76.25,42.956238
1605753314,41.41277777777778,76.25,42.956238
1605753315,41.4125,76.5,43.253902
1605753316,41.41222222222222,76.75,42.934948
1605753317,41.411944444444444,76.75,42.934948
1605753318,41.41166666666667,76.75,42.934948
1605753319,41.41138888888889,77.25,41.526726
1605753320,41.41111111111111,77.5,42.76363
1605753321,41.410833333333336,77.5,42.76363
1605753322,41.410555555555554,77.25,41.526726
1605753323,41.41027777777778,77.5,42.76363
1605753324,41.41,77.5,42.76363
1605753325,41.40972222222222,77.5,42.76363
1605753326,41.409444444444446,77.25,41.526726
1605753327,41.409166666666664,77.5,42.76363
1605753328,41.40888888888889,77.25,41.526726
1605753329,41.408611111111114,77.25,41.526726
1605753330,41.40833333333333,76.75,42.934948
1605753331,41.408055555555556,77.25,41.526726
1605753332,41.40777777777778,77.0,41.839077
1605753333,41.4075,76.75,42.934948
1605753334,41.407222222222224,77.25,41.526726
1605753335,41.40694444444444,77.5,42.76363
1605753336,41.406666666666666,77.5,42.76363
1605753337,41.40638888888889,77.5,42.76363
1605753338,41.40611111111111,77.75,42.08988
1605753339,41.405833333333334,77.5,42.76363
1605753340,41.40555555555556,77.75,42.08988
1605753341,41.405277777777776,77.75,42.08988
1605753342,41.405,77.75,42.08988
1605753343,41.40472222222222,77.5,42.76363
1605753344,41.404444444444444,77.5,42.76363
1605753345,41.40416666666667,77.0,41.839077
1605753346,41.403888888888886,76.75,42.934948
1605753347,41.40361111111111,77.0,41.839077
1605753348,41.403333333333336,76.75,42.934948
1605753349,41.403055555555554,76.5,43.253902
1605753350,41.40277777777778,76.75,42.934948
1605753351,41.4025,76.75,42.934948
1605753352,41.40222222222222,77.25,41.526726
1605753353,41.401944444444446,77.0,41.839077
1605753354,41.401666666666664,77.0,41.839077
1605753355,41.40138888888889,77.5,42.76363
1605753356,41.40111111111111,77.5,42.76363
1605753357,41.40083333333333,77.5,42.76363
1605753358,41.400555555555556,77.75,42.08988
1605753359,41.40027777777778,78.0,41.84185
1605753360,41.4,78.0,41.84185
1605753361,41.39972222222222,78.25,41.668304
1605753362,41.39944444444444,78.0,41.84185
1605753363,41.399166666666666,78.25,41.668304
1605753364,41.39888888888889,78.0,41.84185
1605753365,41.39861111111111,78.25,41.668304
1605753366,41.39833333333333,78.5,40.775555
1605753367,41.39805555555556,78.5,40.775555
1605753368,41.397777777777776,78.5,40.775555
1605753369,41.3975,78.75,39.645294
1605753370,41.397222222222226,78.75,39.645294
1605753371,41.39694444444444,79.0,38.95992
1605753372,41.39666666666667,79.0,38.95992
1605753373,41.396388888888886,79.25,38.487717
1605753374,41.39611111111111,79.25,38.487717
1605753375,41.395833333333336,79.25,38.487717
1605753376,41.39555555555555,79.21875,38.95992
1605753377,41.39527777777778,79.1875,38.95992
1605753378,41.395,79.15625,38.95992
1605753379,41.39472222222222,79.125,38.95992
1605753380,41.394444444444446,79.09375,38.95992
1605753381,41.39416666666666,79.0625,38.95992
1605753382,41.39388888888889,79.03125,38.95992
1605753383,41.39361111111111,79.0,38.95992
1605753384,41.39333333333333,78.5,40.775555
1605753385,41.393055555555556,78.0,41.84185
1605753386,41.39277777777778,77.5,42.76363
1605753387,41.3925,77.25,41.526726
1605753388,41.39222222222222,77.0,41.839077
1605753389,41.39194444444445,77.0,41.839077
1605753390,41.391666666666666,76.75,42.934948
1605753391,41.39138888888889,77.0,41.839077
1605753392,41.39111111111111,77.0,41.839077
1605753393,41.39083333333333,76.75,42.934948
1605753394,41.39055555555556,77.0,41.839077
1605753395,41.390277777777776,77.25,41.526726
1605753396,41.39,77.5,42.76363
1605753397,41.389722222222225,78.0,41.84185
1605753398,41.38944444444444,78.0,41.84185
1605753399,41.38916666666667,78.75,39.645294
1605753400,41.388888888888886,79.0,38.95992
1605753401,41.38861111111111,79.0,38.95992
1605753402,41.388333333333335,79.0,38.95992
1605753403,41.38805555555555,79.25,38.487717
1605753404,41.38777777777778,79.25,38.487717
1605753405,41.3875,79.25,38.487717
1605753406,41.38722222222222,79.0,38.95992
1605753407,41.386944444444445,79.0,38.95992
1605753408,41.38666666666666,78.5,40.775555
1605753409,41.38638888888889,78.25,41.668304
1605753410,41.38611111111111,78.0,41.84185
1605753411,41.38583333333333,77.75,42.08988
1605753412,41.385555555555555,77.5,42.76363
1605753413,41.38527777777778,77.5,42.76363
1605753414,41.385,77.5,42.76363
1605753415,41.38472222222222,77.25,41.526726
1605753416,41.38444444444445,77.25,41.526726
1605753417,41.384166666666665,77.25,41.526726
1605753418,41.38388888888889,77.25,41.526726
1605753419,41.38361111111111,76.5,43.253902
1605753420,41.38333333333333,76.5,43.253902
1605753421,41.38305555555556,76.5,43.253902
1605753422,41.382777777777775,76.0,41.793404
1605753423,41.3825,76.25,42.956238
1605753424,41.382222222222225,76.0,41.793404
1605753425,41.38194444444444,75.75,41.333443
1605753426,41.38166666666667,75.75,41.333443
1605753427,41.381388888888885,75.75,41.333443
1605753428,41.38111111111111,75.75,41.333443
1605753429,41.380833333333335,75.75,41.333443
1605753430,41.38055555555555,76.25,42.956238
1605753431,41.38027777777778,76.75,42.934948
1605753432,41.38,76.75,42.934948
1605753433,41.37972222222222,77.0,41.839077
1605753434,41.379444444444445,77.0,41.839077
1605753435,41.37916666666667,77.0,41.839077
1605753436,41.37888888888889,77.5,42.76363
1605753437,41.37861111111111,77.5,42.76363
1605753438,41.37833333333333,77.25,41.526726
1605753439,41.378055555555555,77.5,42.76363
1605753440,41.37777777777778,77.5,42.76363
1605753441,41.3775,77.25,41.526726
1605753442,41.37722222222222,77.25,41.526726
1605753443,41.37694444444445,77.0,41.839077
1605753444,41.376666666666665,77.0,41.839077
1605753445,41.37638888888889,77.5,42.76363
1605753446,41.37611111111111,77.5,42.76363
1605753447,41.37583333333333,77.75,42.08988
1605753448,41.37555555555556,77.75,42.08988
1605753449,41.375277777777775,78.0,41.84185
1605753450,41.375,77.75,42.08988
1605753451,41.374722222222225,77.75,42.08988
1605753452,41.37444444444444,78.0,41.84185
1605753453,41.37416666666667,78.0,41.84185
1605753454,41.37388888888889,78.0,41.84185
1605753455,41.37361111111111,78.0,41.84185
1605753456,41.373333333333335,78.0,41.84185
1605753457,41.37305555555555,78.0,41.84185
1605753458,41.37277777777778,78.0,41.84185
1605753459,41.3725,78.0,41.84185
1605753460,41.37222222222222,78.0,41.84185
1605753461,41.371944444444445,77.75,42.08988
1605753462,41.37166666666667,77.25,41.526726
1605753463,41.37138888888889,77.5,42.76363
1605753464,41.37111111111111,77.5,42.76363
1605753465,41.37083333333333,77.5,42.76363
1605753466,41.370555555555555,77.5,42.76363
1605753467,41.37027777777778,77.5,42.76363
1605753468,41.37,77.5,42.76363
1605753469,41.36972222222222,77.5,42.76363
1605753470,41.36944444444445,77.5,42.76363
1605753471,41.369166666666665,77.75,42.08988
1605753472,41.36888888888889,77.5,42.76363
1605753473,41.368611111111115,77.5,42.76363
1605753474,41.36833333333333,77.25,41.526726
1605753475,41.36805555555556,77.25,41.526726
1605753476,41.367777777777775,77.25,41.526726
1605753477,41.3675,77.25,41.526726
1605753478,41.367222222222225,77.25,41.526726
1605753479,41.36694444444444,77.25,41.526726
1605753480,41.36666666666667,77.25,41.526726
1605753481,41.36638888888889,77.0,41.839077
1605753482,41.36611111111111,77.25,41.526726
1605753483,41.365833333333335,77.25,41.526726
1605753484,41.36555555555555,77.25,41.526726
1605753485,41.36527777777778,77.0,41.839077
1605753486,41.365,77.0,41.839077
1605753487,41.36472222222222,77.0,41.839077
1605753488,41.364444444444445,77.0,41.839077
1605753489,41.36416666666667,76.75,42.934948
1605753490,41.36388888888889,77.25,41.526726
1605753491,41.36361111111111,77.25,41.526726
1605753492,41.36333333333333,77.25,41.526726
1605753493,41.363055555555555,77.5,42.76363
1605753494,41.36277777777778,77.75,42.08988
1605753495,41.3625,78.0,41.84185
1605753496,41.36222222222222,78.25,41.668304
1605753497,41.36194444444445,79.0,38.95992
1605753498,41.361666666666665,79.0,38.95992
1605753499,41.36138888888889,79.0,38.95992
1605753500,41.361111111111114,79.0,38.95992
1605753501,41.36083333333333,79.5,37.347878
1605753502,41.36055555555556,79.0,38.95992
1605753503,41.360277777777775,79.0,38.95992
1605753504,41.36,78.75,39.645294
1605753505,41.359722222222224,78.5,40.775555
1605753506,41.35944444444444,78.75,39.645294
1605753507,41.35916666666667,78.5,40.775555
1605753508,41.35888888888889,78.5,40.775555
1605753509,41.35861111111111,78.75,39.645294
1605753510,41.358333333333334,78.25,41.668304
1605753511,41.35805555555555,78.25,41.668304
1605753512,41.35777777777778,78.0,41.84185
1605753513,41.3575,78.5,40.775555
1605753514,41.35722222222222,78.0,41.84185
1605753515,41.356944444444444,78.0,41.84185
1605753516,41.35666666666667,78.25,41.668304
1605753517,41.35638888888889,78.25,41.668304
1605753518,41.35611111111111,78.75,39.645294
1605753519,41.35583333333334,78.5,40.775555
1605753520,41.355555555555554,78.5,40.775555
1605753521,41.35527777777778,79.25,38.487717
1605753522,41.355,79.25,38.487717
1605753523,41.35472222222222,79.25,38.487717
1605753524,41.35444444444445,79.25,38.487717
1605753525,41.354166666666664,79.25,38.487717
1605753526,41.35388888888889,79.25,38.487717
1605753527,41.353611111111114,79.25,38.487717
1605753528,41.35333333333333,78.75,39.645294
1605753529,41.35305555555556,78.75,39.645294
1605753530,41.352777777777774,78.25,41.668304
1605753531,41.3525,78.5,40.775555
1605753532,41.352222222222224,78.0,41.84185
1605753533,41.35194444444444,78.0,41.84185
1605753534,41.35166666666667,78.0,41.84185
1605753535,41.35138888888889,78.0,41.84185
1605753536,41.35111111111111,78.0,41.84185
1605753537,41.350833333333334,78.0,41.84185
1605753538,41.35055555555556,78.0,41.84185
1605753539,41.35027777777778,78.25,41.668304
1605753540,41.35,77.75,42.08988
1605753541,41.34972222222222,77.75,42.08988
1605753542,41.349444444444444,77.75,42.08988
1605753543,41.34916666666667,77.875,42.08988
1605753544,41.34888888888889,78.0,41.84185
1605753545,41.34861111111111,78.0,41.84185
1605753546,41.348333333333336,78.0,41.84185
1605753547,41.348055555555554,78.0,41.84185
1605753548,41.34777777777778,77.5,42.76363
1605753549,41.3475,77.5,42.76363
1605753550,41.34722222222222,77.5,42.76363
1605753551,41.346944444444446,77.75,42.08988
1605753552,41.346666666666664,77.75,42.08988
1605753553,41.34638888888889,77.25,41.526726
1605753554,41.346111111111114,77.5,42.76363
1605753555,41.34583333333333,77.75,42.08988
1605753556,41.345555555555556,77.75,42.08988
1605753557,41.34527777777778,77.75,42.08988
1605753558,41.345,77.75,42.08988
1605753559,41.344722222222224,77.75,42.08988
1605753560,41.34444444444444,77.75,42.08988
1605753561,41.344166666666666,77.75,42.08988
1605753562,41.34388888888889,77.75,42.08988
1605753563,41.34361111111111,77.75,42.08988
1605753564,41.343333333333334,77.75,42.08988
1605753565,41.34305555555556,77.75,42.08988
1605753566,41.342777777777776,77.75,42.08988
1605753567,41.3425,77.75,42.08988
1605753568,41.34222222222222,77.5,42.76363
1605753569,41.341944444444444,77.5,42.76363
1605753570,41.34166666666667,77.25,41.526726
1605753571,41.341388888888886,76.75,42.934948
1605753572,41.34111111111111,76.25,42.956238
1605753573,41.340833333333336,76.0,41.793404
1605753574,41.340555555555554,75.75,41.333443
1605753575,41.34027777777778,75.25,42.0481
1605753576,41.34,75.25,42.0481
1605753577,41.33972222222222,75.0,40.62068
1605753578,41.339444444444446,75.25,42.0481
1605753579,41.339166666666664,75.0,40.62068
1605753580,41.33888888888889,75.0,40.62068
1605753581,41.33861111111111,75.0,40.62068
1605753582,41.33833333333333,75.25,42.0481
1605753583,41.338055555555556,75.75,41.333443
1605753584,41.33777777777778,75.75,41.333443
1605753585,41.3375,76.0,41.793404
1605753586,41.33722222222222,76.0,41.793404
1605753587,41.33694444444444,76.25,42.956238
1605753588,41.336666666666666,76.25,42.956238
1605753589,41.33638888888889,76.25,42.956238
1605753590,41.33611111111111,76.0,41.793404
1605753591,41.33583333333333,76.0,41.793404
1605753592,41.33555555555556,75.5,41.35931
1605753593,41.335277777777776,75.5,41.35931
1605753594,41.335,75.5,41.35931
1605753595,41.334722222222226,75.25,42.0481
1605753596,41.33444444444444,75.25,42.0481
1605753597,41.33416666666667,75.25,42.0481
1605753598,41.333888888888886,75.5,41.35931
1605753599,41.33361111111111,75.75,41.333443
1605753600,41.333333333333336,76.25,42.956238
1605753601,41.33305555555555,76.25,42.956238
1605753602,41.33277777777778,76.0,41.793404
1605753603,41.3325,75.75,41.333443
1605753604,41.33222222222222,76.0,41.793404
1605753605,41.331944444444446,76.0,41.793404
1605753606,41.33166666666666,76.25,42.956238
1605753607,41.33138888888889,76.25,42.956238
1605753608,41.33111111111111,76.25,42.956238
1605753609,41.33083333333333,76.75,42.934948
1605753610,41.330555555555556,77.25,41.526726
1605753611,41.33027777777778,77.5,42.76363
1605753612,41.33,77.5,42.76363
1605753613,41.32972222222222,78.0,41.84185
1605753614,41.32944444444445,78.5,40.775555
1605753615,41.329166666666666,78.75,39.645294
1605753616,41.32888888888889,79.0,38.95992
1605753617,41.32861111111111,79.0,38.95992
1605753618,41.32833333333333,78.75,39.645294
1605753619,41.32805555555556,78.5,40.775555
1605753620,41.327777777777776,78.25,41.668304
1605753621,41.3275,78.25,41.668304
1605753622,41.327222222222225,78.0,41.84185
1605753623,41.32694444444444,77.5,42.76363
1605753624,41.32666666666667,76.75,42.934948
1605753625,41.326388888888886,76.75,42.934948
1605753626,41.32611111111111,76.25,42.956238
1605753627,41.325833333333335,75.75,41.333443
1605753628,41.32555555555555,75.5,41.35931
1605753629,41.32527777777778,75.25,42.0481
1605753630,41.325,75.0,40.62068
1605753631,41.32472222222222,74.75,40.178288
1605753632,41.324444444444445,74.75,40.178288
1605753633,41.32416666666666,74.75,40.178288
1605753634,41.32388888888889,74.75,40.178288
1605753635,41.32361111111111,74.75,40.178288
1605753636,41.32333333333333,75.25,42.0481
1605753637,41.323055555555555,75.0,40.62068
1605753638,41.32277777777778,75.25,42.0481
1605753639,41.3225,75.0,40.62068
1605753640,41.32222222222222,74.75,40.178288
1605753641,41.32194444444445,74.75,40.178288
1605753642,41.321666666666665,75.0,40.62068
1605753643,41.32138888888889,75.5,41.35931
1605753644,41.32111111111111,75.75,41.333443
1605753645,41.32083333333333,76.0,41.793404
1605753646,41.32055555555556,76.0,41.793404
1605753647,41.320277777777775,76.5,43.253902
1605753648,41.32,77.0,41.839077
1605753649,41.319722222222225,77.25,41.526726
1605753650,41.31944444444444,77.5,42.76363
1605753651,41.31916666666667,77.75,42.08988
1605753652,41.318888888888885,78.0,41.84185
1605753653,41.31861111111111,77.75,42.08988
1605753654,41.318333333333335,77.5,42.76363
1605753655,41.31805555555555,77.25,41.526726
1605753656,41.31777777777778,77.0,41.839077
1605753657,41.3175,76.75,42.934948
1605753658,41.31722222222222,77.0,41.839077
1605753659,41.316944444444445,76.75,42.934948
1605753660,41.31666666666667,77.0,41.839077
1605753661,41.31638888888889,76.75,42.934948
1605753662,41.31611111111111,77.0,41.839077
1605753663,41.31583333333333,77.0,41.839077
1605753664,41.315555555555555,77.0,41.839077
1605753665,41.31527777777778,77.0,41.839077
1605753666,41.315,77.25,41.526726
1605753667,41.31472222222222,77.25,41.526726
1605753668,41.31444444444445,77.0,41.839077
1605753669,41.314166666666665,77.0,41.839077
1605753670,41.31388888888889,77.0,41.839077
1605753671,41.31361111111111,76.5,43.253902
1605753672,41.31333333333333,76.5,43.253902
1605753673,41.31305555555556,76.5,43.253902
1605753674,41.312777777777775,76.75,42.934948
1605753675,41.3125,77.0,41.839077
1605753676,41.312222222222225,77.0,41.839077
1605753677,41.31194444444444,77.0,41.839077
1605753678,41.31166666666667,77.0,41.839077
1605753679,41.31138888888889,76.75,42.934948
1605753680,41.31111111111111,77.0,41.839077
1605753681,41.310833333333335,76.5,43.253902
1605753682,41.31055555555555,76.5,43.253902
1605753683,41.31027777777778,76.75,42.934948
1605753684,41.31,76.5,43.253902
1605753685,41.30972222222222,76.5,43.253902
1605753686,41.309444444444445,76.25,42.956238
1605753687,41.30916666666667,76.25,42.956238
1605753688,41.30888888888889,76.25,42.956238
1605753689,41.30861111111111,76.25,42.956238
1605753690,41.30833333333333,76.0,41.793404
1605753691,41.308055555555555,76.0,41.793404
1605753692,41.30777777777778,76.0,41.793404
1605753693,41.3075,76.0,41.793404
1605753694,41.30722222222222,76.25,42.956238
1605753695,41.30694444444445,76.25,42.956238
1605753696,41.306666666666665,76.25,42.956238
1605753697,41.30638888888889,76.25,42.956238
1605753698,41.306111111111115,76.25,42.956238
1605753699,41.30583333333333,76.5,43.253902
1605753700,41.30555555555556,76.5,43.253902
1605753701,41.305277777777775,76.75,42.934948
1605753702,41.305,76.5,43.253902
1605753703,41.304722222222225,76.5,43.253902
1605753704,41.30444444444444,76.25,42.956238
1605753705,41.30416666666667,76.0,41.793404
1605753706,41.30388888888889,76.0,41.793404
1605753707,41.30361111111111,75.5,41.35931
1605753708,41.303333333333335,75.25,42.0481
1605753709,41.30305555555555,75.25,42.0481
1605753710,41.30277777777778,75.0,40.62068
1605753711,41.3025,75.0,40.62068
1605753712,41.30222222222222,75.0,40.62068
1605753713,41.301944444444445,75.0,40.62068
1605753714,41.30166666666667,75.25,42.0481
1605753715,41.30138888888889,75.25,42.0481
1605753716,41.30111111111111,75.5,41.35931
1605753717,41.30083333333333,75.75,41.333443
1605753718,41.300555555555555,76.25,42.956238
1605753719,41.30027777777778,76.75,42.934948
1605753720,41.3,77.0,41.839077
1605753721,41.29972222222222,77.25,41.526726
1605753722,41.29944444444445,77.5,42.76363
1605753723,41.299166666666665,78.0,41.84185
1605753724,41.29888888888889,78.25,41.668304
1605753725,41.298611111111114,78.25,41.668304
1605753726,41.29833333333333,78.0,41.84185
1605753727,41.29805555555556,77.75,42.08988
1605753728,41.297777777777775,77.0,41.839077
1605753729,41.2975,76.75,42.934948
1605753730,41.297222222222224,76.0,41.793404
1605753731,41.29694444444444,75.75,41.333443
1605753732,41.29666666666667,75.5,41.35931
1605753733,41.29638888888889,75.25,42.0481
1605753734,41.29611111111111,74.75,40.178288
1605753735,41.295833333333334,74.75,40.178288
1605753736,41.29555555555555,74.75,40.178288
1605753737,41.29527777777778,74.5,38.25586
1605753738,41.295,75.0,40.62068
1605753739,41.29472222222222,74.75,40.178288
1605753740,41.294444444444444,74.8125,40.178288
1605753741,41.29416666666667,74.875,40.178288
1605753742,41.29388888888889,74.9375,40.178288
1605753743,41.29361111111111,75.0,40.62068
1605753744,41.29333333333334,75.0625,40.62068
1605753745,41.293055555555554,75.125,40.62068
1605753746,41.29277777777778,75.1875,40.62068
1605753747,41.2925,75.25,42.0481
1605753748,41.29222222222222,75.25,42.0481
1605753749,41.29194444444445,75.25,42.0481
1605753750,41.291666666666664,75.25,42.0481
1605753751,41.29138888888889,75.0,40.62068
1605753752,41.291111111111114,75.25,42.0481
1605753753,41.29083333333333,75.25,42.0481
1605753754,41.29055555555556,75.25,42.0481
1605753755,41.290277777777774,75.5,41.35931
1605753756,41.29,76.0,41.793404
1605753757,41.289722222222224,76.0,41.793404
1605753758,41.28944444444444,76.0,41.793404
1605753759,41.28916666666667,76.0,41.793404
1605753760,41.28888888888889,76.0,41.793404
1605753761,41.28861111111111,76.5,43.253902
1605753762,41.288333333333334,76.75,42.934948
1605753763,41.28805555555556,76.75,42.934948
1605753764,41.28777777777778,77.0,41.839077
1605753765,41.2875,76.5,43.253902
1605753766,41.28722222222222,76.5,43.253902
1605753767,41.286944444444444,76.5,43.253902
1605753768,41.28666666666667,76.5,43.253902
1605753769,41.28638888888889,76.5,43.253902
1605753770,41.28611111111111,76.5,43.253902
1605753771,41.285833333333336,76.25,42.956238
1605753772,41.285555555555554,76.0,41.793404
1605753773,41.28527777777778,75.75,41.333443
1605753774,41.285,75.5,41.35931
1605753775,41.28472222222222,75.25,42.0481
1605753776,41.284444444444446,75.0,40.62068
1605753777,41.284166666666664,74.75,40.178288
1605753778,41.28388888888889,75.0,40.62068
1605753779,41.283611111111114,74.5,38.25586
1605753780,41.28333333333333,74.5,38.25586
1605753781,41.283055555555556,74.75,40.178288
1605753782,41.28277777777778,74.75,40.178288
1605753783,41.2825,74.75,40.178288
1605753784,41.282222222222224,75.25,42.0481
1605753785,41.28194444444444,75.25,42.0481
1605753786,41.281666666666666,75.0,40.62068
1605753787,41.28138888888889,75.0,40.62068
1605753788,41.28111111111111,75.0,40.62068
1605753789,41.280833333333334,75.0,40.62068
1605753790,41.28055555555556,73.75,37.78486
1605753791,41.280277777777776,73.5,37.285217
1605753792,41.28,73.0,38.534298
1605753793,41.27972222222222,72.5,38.451344
1605753794,41.279444444444444,72.25,38.779526
1605753795,41.27916666666667,72.5,38.451344
1605753796,41.278888888888886,72.5,38.451344
1605753797,41.27861111111111,72.0,38.72603
1605753798,41.278333333333336,72.0,38.72603
1605753799,41.278055555555554,72.25,38.779526
1605753800,41.27777777777778,72.75,38.45927
1605753801,41.2775,73.0,38.534298
1605753802,41.27722222222222,73.25,38.451694
1605753803,41.276944444444446,73.75,37.78486
1605753804,41.276666666666664,73.75,37.78486
1605753805,41.27638888888889,73.75,37.78486
1605753806,41.27611111111111,74.5,38.25586
1605753807,41.27583333333333,74.5,38.25586
1605753808,41.275555555555556,74.5,38.25586
1605753809,41.27527777777778,74.75,40.178288
1605753810,41.275,74.75,40.178288
1605753811,41.27472222222222,75.0,40.62068
1605753812,41.27444444444444,75.0,40.62068
1605753813,41.274166666666666,75.25,42.0481
1605753814,41.27388888888889,74.75,40.178288
1605753815,41.27361111111111,75.0,40.62068
1605753816,41.27333333333333,74.75,40.178288
1605753817,41.27305555555556,74.75,40.178288
1605753818,41.272777777777776,74.75,40.178288
1605753819,41.2725,74.25,37.80466
1605753820,41.272222222222226,74.0,37.825104
1605753821,41.27194444444444,74.0,37.825104
1605753822,41.27166666666667,73.75,37.78486
1605753823,41.271388888888886,73.75,37.78486
1605753824,41.27111111111111,73.75,37.78486
1605753825,41.270833333333336,73.75,37.78486
1605753826,41.27055555555555,73.75,37.78486
1605753827,41.27027777777778,73.75,37.78486
1605753828,41.27,73.75,37.78486
1605753829,41.26972222222222,73.75,37.78486
1605753830,41.269444444444446,74.25,37.80466
1605753831,41.26916666666666,74.25,37.80466
1605753832,41.26888888888889,74.25,37.80466
1605753833,41.26861111111111,74.0,37.825104
1605753834,41.26833333333333,74.0,37.825104
1605753835,41.268055555555556,74.25,37.80466
1605753836,41.26777777777778,74.5,38.25586
1605753837,41.2675,74.0,37.825104
1605753838,41.26722222222222,74.0,37.825104
1605753839,41.26694444444445,73.75,37.78486
1605753840,41.266666666666666,73.75,37.78486
1605753841,41.26638888888889,73.5,37.285217
1605753842,41.26611111111111,73.5,37.285217
1605753843,41.26583333333333,73.5,37.285217
1605753844,41.26555555555556,73.75,37.78486
1605753845,41.265277777777776,73.75,37.78486
1605753846,41.265,73.5,37.285217
1605753847,41.264722222222225,73.5,37.285217
1605753848,41.26444444444444,73.0,38.534298
1605753849,41.26416666666667,73.25,38.451694
1605753850,41.263888888888886,73.25,38.451694
1605753851,41.26361111111111,72.75,38.45927
1605753852,41.263333333333335,72.5,38.451344
1605753853,41.26305555555555,72.25,38.779526
1605753854,41.26277777777778,72.0,38.72603
1605753855,41.2625,72.0,38.72603
1605753856,41.26222222222222,72.0,38.72603
1605753857,41.261944444444445,72.25,38.779526
1605753858,41.26166666666666,72.5,38.451344
1605753859,41.26138888888889,72.5,38.451344
1605753860,41.26111111111111,72.5,38.451344
1605753861,41.26083333333333,72.75,38.45927
1605753862,41.260555555555555,72.75,38.45927
1605753863,41.26027777777778,73.0,38.534298
1605753864,41.26,73.5,37.285217
1605753865,41.25972222222222,73.25,38.451694
1605753866,41.25944444444445,73.25,38.451694
1605753867,41.259166666666665,72.75,38.45927
1605753868,41.25888888888889,73.0,38.534298
1605753869,41.25861111111111,72.75,38.45927
1605753870,41.25833333333333,72.75,38.45927
1605753871,41.25805555555556,72.5,38.451344
1605753872,41.257777777777775,72.5,38.451344
1605753873,41.2575,72.25,38.779526
1605753874,41.257222222222225,72.0,38.72603
1605753875,41.25694444444444,72.0,38.72603
1605753876,41.25666666666667,72.0,38.72603
1605753877,41.256388888888885,72.0,38.72603
1605753878,41.25611111111111,72.25,38.779526
1605753879,41.255833333333335,72.25,38.779526
1605753880,41.25555555555555,72.5,38.451344
1605753881,41.25527777777778,72.5,38.451344
1605753882,41.255,72.5,38.451344
1605753883,41.25472222222222,72.5,38.451344
1605753884,41.254444444444445,72.5,38.451344
1605753885,41.25416666666667,72.5,38.451344
1605753886,41.25388888888889,73.0,38.534298
1605753887,41.25361111111111,73.0,38.534298
1605753888,41.25333333333333,73.0,38.534298
1605753889,41.253055555555555,74.5,38.25586
1605753890,41.25277777777778,74.5,38.25586
1605753891,41.2525,74.75,40.178288
1605753892,41.25222222222222,74.5,38.25586
1605753893,41.25194444444445,74.75,40.178288
1605753894,41.251666666666665,74.75,40.178288
1605753895,41.25138888888889,74.5,38.25586
1605753896,41.25111111111111,74.5,38.25586
1605753897,41.25083333333333,74.5,38.25586
1605753898,41.25055555555556,74.5,38.25586
1605753899,41.250277777777775,74.25,37.80466
1605753900,41.25,74.0,37.825104
1605753901,41.249722222222225,74.25,37.80466
1605753902,41.24944444444444,74.25,37.80466
1605753903,41.24916666666667,74.25,37.80466
1605753904,41.24888888888889,74.25,37.80466
1605753905,41.24861111111111,74.25,37.80466
1605753906,41.248333333333335,74.25,37.80466
1605753907,41.24805555555555,74.5,38.25586
1605753908,41.24777777777778,74.25,37.80466
1605753909,41.2475,74.5,38.25586
1605753910,41.24722222222222,74.75,40.178288
1605753911,41.246944444444445,74.75,40.178288
1605753912,41.24666666666667,74.75,40.178288
1605753913,41.24638888888889,74.5,38.25586
1605753914,41.24611111111111,74.75,40.178288
1605753915,41.24583333333333,75.25,42.0481
1605753916,41.245555555555555,75.0,40.62068
1605753917,41.24527777777778,74.96875,40.178288
1605753918,41.245,74.9375,40.178288
1605753919,41.24472222222222,74.90625,40.178288
1605753920,41.24444444444445,74.875,40.178288
1605753921,41.244166666666665,74.84375,40.178288
1605753922,41.24388888888889,74.8125,40.178288
1605753923,41.243611111111115,74.78125,40.178288
1605753924,41.24333333333333,74.75,40.178288
1605753925,41.24305555555556,74.25,37.80466
1605753926,41.242777777777775,74.0,37.825104
1605753927,41.2425,73.25,38.451694
1605753928,41.242222222222225,73.0,38.534298
1605753929,41.24194444444444,73.25,38.451694
1605753930,41.24166666666667,73.0,38.534298
1605753931,41.24138888888889,73.0,38.534298
1605753932,41.24111111111111,72.75,38.45927
1605753933,41.240833333333335,72.75,38.45927
1605753934,41.24055555555555,73.0,38.534298
1605753935,41.24027777777778,73.25,38.451694
1605753936,41.24,73.5,37.285217
1605753937,41.23972222222222,74.25,37.80466
1605753938,41.239444444444445,75.0,40.62068
1605753939,41.23916666666667,75.25,42.0481
1605753940,41.23888888888889,75.25,42.0481
1605753941,41.23861111111111,75.75,41.333443
1605753942,41.23833333333333,76.0,41.793404
1605753943,41.238055555555555,76.25,42.956238
1605753944,41.23777777777778,76.25,42.956238
1605753945,41.2375,76.75,42.934948
1605753946,41.23722222222222,76.5,43.253902
1605753947,41.23694444444445,76.25,42.956238
1605753948,41.236666666666665,76.0,41.793404
1605753949,41.23638888888889,75.75,41.333443
1605753950,41.236111111111114,75.75,41.333443
1605753951,41.23583333333333,75.75,41.333443
1605753952,41.23555555555556,75.75,41.333443
1605753953,41.235277777777775,75.5,41.35931
1605753954,41.235,75.5,41.35931
1605753955,41.234722222222224,75.0,40.62068
1605753956,41.23444444444444,75.25,42.0481
1605753957,41.23416666666667,75.25,42.0481
1605753958,41.23388888888889,75.25,42.0481
1605753959,41.23361111111111,75.0,40.62068
1605753960,41.233333333333334,75.0,40.62068
1605753961,41.23305555555555,75.0,40.62068
1605753962,41.23277777777778,75.5,41.35931
1605753963,41.2325,75.25,42.0481
1605753964,41.23222222222222,75.25,42.0481
1605753965,41.231944444444444,75.5,41.35931
1605753966,41.23166666666667,75.5,41.35931
1605753967,41.23138888888889,76.0,41.793404
1605753968,41.23111111111111,76.0,41.793404
1605753969,41.23083333333334,75.75,41.333443
1605753970,41.230555555555554,75.75,41.333443
1605753971,41.23027777777778,75.75,41.333443
1605753972,41.23,75.25,42.0481
1605753973,41.22972222222222,75.25,42.0481
1605753974,41.22944444444445,74.75,40.178288
1605753975,41.229166666666664,74.5,38.25586
1605753976,41.22888888888889,74.5,38.25586
1605753977,41.228611111111114,74.25,37.80466
1605753978,41.22833333333333,74.25,37.80466
1605753979,41.22805555555556,74.5,38.25586
1605753980,41.227777777777774,74.25,37.80466
1605753981,41.2275,74.75,40.178288
1605753982,41.227222222222224,75.0,40.62068
1605753983,41.22694444444444,75.25,42.0481
1605753984,41.22666666666667,75.5,41.35931
1605753985,41.22638888888889,75.25,42.0481
1605753986,41.22611111111111,75.5,41.35931
1605753987,41.225833333333334,75.75,41.333443
1605753988,41.22555555555556,75.5,41.35931
1605753989,41.22527777777778,75.5,41.35931
1605753990,41.225,75.25,42.0481
1605753991,41.22472222222222,75.25,42.0481
1605753992,41.224444444444444,75.0,40.62068
1605753993,41.22416666666667,74.5,38.25586
1605753994,41.22388888888889,74.5,38.25586
1605753995,41.22361111111111,74.75,40.178288
1605753996,41.223333333333336,74.75,40.178288
1605753997,41.223055555555554,74.75,40.178288
1605753998,41.22277777777778,74.75,40.178288
1605753999,41.2225,75.0,40.62068
1605754000,41.22222222222222,75.0,40.62068
1605754001,41.221944444444446,75.0,40.62068
1605754002,41.221666666666664,75.0,40.62068
1605754003,41.22138888888889,75.25,42.0481
1605754004,41.221111111111114,75.25,42.0481
1605754005,41.22083333333333,75.25,42.0481
1605754006,41.220555555555556,75.25,42.0481
1605754007,41.22027777777778,75.75,41.333443
1605754008,41.22,75.75,41.333443
1605754009,41.219722222222224,75.75,41.333443
1605754010,41.21944444444444,76.25,42.956238
1605754011,41.219166666666666,76.25,42.956238
1605754012,41.21888888888889,76.25,42.956238
1605754013,41.21861111111111,76.25,42.956238
1605754014,41.218333333333334,76.25,42.956238
1605754015,41.21805555555556,76.0,41.793404
1605754016,41.217777777777776,75.5,41.35931
1605754017,41.2175,75.5,41.35931
1605754018,41.21722222222222,75.5,41.35931
1605754019,41.216944444444444,75.75,41.333443
1605754020,41.21666666666667,75.5,41.35931
1605754021,41.216388888888886,75.5,41.35931
1605754022,41.21611111111111,75.5,41.35931
1605754023,41.215833333333336,75.0,40.62068
1605754024,41.215555555555554,74.75,40.178288
1605754025,41.21527777777778,74.5,38.25586
1605754026,41.215,74.5,38.25586
1605754027,41.21472222222222,74.0,37.825104
1605754028,41.214444444444446,73.75,37.78486
1605754029,41.214166666666664,73.5,37.285217
1605754030,41.21388888888889,73.0,38.534298
1605754031,41.21361111111111,73.0,38.534298
1605754032,41.21333333333333,72.75,38.45927
1605754033,41.213055555555556,72.5,38.451344
1605754034,41.21277777777778,72.5,38.451344
1605754035,41.2125,72.5,38.451344
1605754036,41.21222222222222,72.5,38.451344
1605754037,41.21194444444444,72.75,38.45927
1605754038,41.211666666666666,73.0,38.534298
1605754039,41.21138888888889,73.25,38.451694
1605754040,41.21111111111111,73.5,37.285217
1605754041,41.21083333333333,73.75,37.78486
1605754042,41.21055555555556,74.0,37.825104
1605754043,41.210277777777776,74.0,37.825104
1605754044,41.21,74.5,38.25586
1605754045,41.209722222222226,74.5,38.25586
1605754046,41.20944444444444,74.5,38.25586
1605754047,41.20916666666667,74.75,40.178288
1605754048,41.208888888888886,74.75,40.178288
1605754049,41.20861111111111,75.0,40.62068
1605754050,41.208333333333336,75.25,42.0481
1605754051,41.20805555555555,75.25,42.0481
1605754052,41.20777777777778,75.25,42.0481
1605754053,41.2075,75.25,42.0481
1605754054,41.20722222222222,75.25,42.0481
1605754055,41.206944444444446,75.5,41.35931
1605754056,41.20666666666666,75.25,42.0481
1605754057,41.20638888888889,75.25,42.0481
1605754058,41.20611111111111,75.0,40.62068
1605754059,41.20583333333333,75.25,42.0481
1605754060,41.205555555555556,75.0,40.62068
1605754061,41.20527777777778,74.75,40.178288
1605754062,41.205,74.75,40.178288
1605754063,41.20472222222222,74.75,40.178288
1605754064,41.20444444444445,74.75,40.178288
1605754065,41.204166666666666,74.75,40.178288
1605754066,41.20388888888889,74.5,38.25586
1605754067,41.20361111111111,74.5,38.25586
1605754068,41.20333333333333,74.5,38.25586
1605754069,41.20305555555556,74.25,37.80466
1605754070,41.202777777777776,73.75,37.78486
1605754071,41.2025,74.0,37.825104
1605754072,41.202222222222225,74.0,37.825104
1605754073,41.20194444444444,74.25,37.80466
1605754074,41.20166666666667,74.25,37.80466
1605754075,41.201388888888886,74.25,37.80466
1605754076,41.20111111111111,74.75,40.178288
1605754077,41.200833333333335,74.5,38.25586
1605754078,41.20055555555555,74.5,38.25586
1605754079,41.20027777777778,74.75,40.178288
1605754080,41.2,74.5,38.25586
1605754081,41.19972222222222,74.5,38.25586
1605754082,41.199444444444445,74.25,37.80466
1605754083,41.19916666666666,74.25,37.80466
1605754084,41.19888888888889,74.0,37.825104
1605754085,41.19861111111111,73.5,37.285217
1605754086,41.19833333333333,73.25,38.451694
1605754087,41.198055555555555,73.0,38.534298
1605754088,41.19777777777778,72.75,38.45927
1605754089,41.1975,72.75,38.45927
1605754090,41.19722222222222,72.5,38.451344
1605754091,41.19694444444445,72.25,38.779526
1605754092,41.196666666666665,72.75,38.45927
1605754093,41.19638888888889,72.5,38.451344
1605754094,41.19611111111111,72.5,38.451344
1605754095,41.19583333333333,72.75,38.45927
1605754096,41.19555555555556,72.75,38.45927
1605754097,41.195277777777775,73.0,38.534298
1605754098,41.195,73.0,38.534298
1605754099,41.194722222222225,73.75,37.78486
1605754100,41.19444444444444,74.0,37.825104
1605754101,41.19416666666667,74.1875,37.825104
1605754102,41.193888888888885,74.375,37.80466
1605754103,41.19361111111111,74.5625,38.25586
1605754104,41.193333333333335,74.75,40.178288
1605754105,41.19305555555555,74.9375,40.178288
1605754106,41.19277777777778,75.125,40.62068
1605754107,41.1925,75.3125,42.0481
1605754108,41.19222222222222,75.5,41.35931
1605754109,41.191944444444445,76.25,42.956238
1605754110,41.19166666666667,76.25,42.956238
1605754111,41.19138888888889,76.75,42.934948
1605754112,41.19111111111111,76.75,42.934948
1605754113,41.19083333333333,76.75,42.934948
1605754114,41.190555555555555,76.5,43.253902
1605754115,41.19027777777778,76.75,42.934948
1605754116,41.19,76.5,43.253902
1605754117,41.18972222222222,76.25,42.956238
1605754118,41.18944444444445,76.25,42.956238
1605754119,41.189166666666665,75.75,41.333443
1605754120,41.18888888888889,75.5,41.35931
1605754121,41.18861111111111,75.25,42.0481
1605754122,41.18833333333333,75.25,42.0481
1605754123,41.18805555555556,75.0,40.62068
1605754124,41.187777777777775,74.75,40.178288
1605754125,41.1875,74.75,40.178288
1605754126,41.187222222222225,74.5,38.25586
1605754127,41.18694444444444,74.5,38.25586
1605754128,41.18666666666667,74.5,38.25586
1605754129,41.18638888888889,74.5,38.25586
1605754130,41.18611111111111,74.0,37.825104
1605754131,41.185833333333335,74.5,38.25586
1605754132,41.18555555555555,74.5,38.25586
1605754133,41.18527777777778,75.0,40.62068
1605754134,41.185,74.75,40.178288
1605754135,41.18472222222222,75.0,40.62068
1605754136,41.184444444444445,75.5,41.35931
1605754137,41.18416666666667,75.5,41.35931
1605754138,41.18388888888889,76.5,43.253902
1605754139,41.18361111111111,76.5,43.253902
1605754140,41.18333333333333,76.75,42.934948
1605754141,41.183055555555555,77.0,41.839077
1605754142,41.18277777777778,77.0,41.839077
1605754143,41.1825,77.25,41.526726
1605754144,41.18222222222222,77.25,41.526726
1605754145,41.18194444444445,77.25,41.526726
1605754146,41.181666666666665,76.75,42.934948
1605754147,41.18138888888889,76.25,42.956238
1605754148,41.181111111111115,76.0,41.793404
1605754149,41.18083333333333,75.75,41.333443
1605754150,41.18055555555556,75.75,41.333443
1605754151,41.180277777777775,75.5,41.35931
1605754152,41.18,75.25,42.0481
1605754153,41.179722222222225,75.0,40.62068
1605754154,41.17944444444444,74.75,40.178288
1605754155,41.17916666666667,75.0,40.62068
1605754156,41.17888888888889,75.75,41.333443
1605754157,41.17861111111111,75.75,41.333443
1605754158,41.178333333333335,75.75,41.333443
1605754159,41.17805555555555,76.0,41.793404
1605754160,41.17777777777778,76.25,42.956238
1605754161,41.1775,76.25,42.956238
1605754162,41.17722222222222,76.5,43.253902
1605754163,41.176944444444445,75.75,41.333443
1605754164,41.17666666666667,75.75,41.333443
1605754165,41.17638888888889,75.5,41.35931
1605754166,41.17611111111111,75.25,42.0481
1605754167,41.17583333333333,75.0,40.62068
1605754168,41.175555555555555,74.75,40.178288
1605754169,41.17527777777778,74.5,38.25586
1605754170,41.175,74.25,37.80466
1605754171,41.17472222222222,74.0,37.825104
1605754172,41.17444444444445,73.5,37.285217
1605754173,41.174166666666665,73.5,37.285217
1605754174,41.17388888888889,73.75,37.78486
1605754175,41.173611111111114,73.75,37.78486
1605754176,41.17333333333333,73.5,37.285217
1605754177,41.17305555555556,73.5,37.285217
1605754178,41.172777777777775,73.5,37.285217
1605754179,41.1725,73.5,37.285217
1605754180,41.172222222222224,74.0,37.825104
1605754181,41.17194444444444,74.25,37.80466
1605754182,41.17166666666667,74.75,40.178288
1605754183,41.17138888888889,75.0,40.62068
1605754184,41.17111111111111,75.25,42.0481
1605754185,41.170833333333334,75.5,41.35931
1605754186,41.17055555555555,75.75,41.333443
1605754187,41.17027777777778,76.0,41.793404
1605754188,41.17,76.0,41.793404
1605754189,41.16972222222222,75.75,41.333443
1605754190,41.169444444444444,75.75,41.333443
1605754191,41.16916666666667,75.5,41.35931
1605754192,41.16888888888889,75.5,41.35931
1605754193,41.16861111111111,75.5,41.35931
1605754194,41.16833333333334,75.0,40.62068
1605754195,41.168055555555554,75.0,40.62068
1605754196,41.16777777777778,74.75,40.178288
1605754197,41.1675,74.75,40.178288
1605754198,41.16722222222222,74.75,40.178288
1605754199,41.16694444444445,74.75,40.178288
1605754200,41.166666666666664,74.75,40.178288
1605754201,41.16638888888889,74.75,40.178288
1605754202,41.166111111111114,75.0,40.62068
1605754203,41.16583333333333,75.0,40.62068
1605754204,41.16555555555556,75.0,40.62068
1605754205,41.165277777777774,75.25,42.0481
1605754206,41.165,75.25,42.0481
1605754207,41.164722222222224,75.25,42.0481
1605754208,41.16444444444444,75.0,40.62068
1605754209,41.16416666666667,75.5,41.35931
1605754210,41.16388888888889,75.25,42.0481
1605754211,41.16361111111111,75.0,40.62068
1605754212,41.163333333333334,75.0,40.62068
1605754213,41.16305555555556,75.0,40.62068
1605754214,41.16277777777778,75.0,40.62068
1605754215,41.1625,75.0,40.62068
1605754216,41.16222222222222,74.75,40.178288
1605754217,41.161944444444444,74.75,40.178288
1605754218,41.16166666666667,74.75,40.178288
1605754219,41.16138888888889,74.75,40.178288
1605754220,41.16111111111111,74.5,38.25586
1605754221,41.160833333333336,74.5,38.25586
1605754222,41.160555555555554,74.5,38.25586
1605754223,41.16027777777778,74.5,38.25586
1605754224,41.16,75.0,40.62068
1605754225,41.15972222222222,75.0,40.62068
1605754226,41.159444444444446,75.0,40.62068
1605754227,41.159166666666664,75.0,40.62068
1605754228,41.15888888888889,75.0,40.62068
1605754229,41.158611111111114,75.0,40.62068
1605754230,41.15833333333333,75.5,41.35931
1605754231,41.158055555555556,75.5,41.35931
1605754232,41.15777777777778,75.25,42.0481
1605754233,41.1575,75.25,42.0481
1605754234,41.157222222222224,75.0,40.62068
1605754235,41.15694444444444,75.0,40.62068
1605754236,41.156666666666666,74.5,38.25586
1605754237,41.15638888888889,74.25,37.80466
1605754238,41.15611111111111,74.0,37.825104
1605754239,41.155833333333334,73.75,37.78486
1605754240,41.15555555555556,73.75,37.78486
1605754241,41.155277777777776,73.5,37.285217
1605754242,41.155,73.5,37.285217
1605754243,41.15472222222222,73.5,37.285217
1605754244,41.154444444444444,73.25,38.451694
1605754245,41.15416666666667,73.25,38.451694
1605754246,41.153888888888886,73.25,38.451694
1605754247,41.15361111111111,73.25,38.451694
1605754248,41.153333333333336,73.25,38.451694
1605754249,41.153055555555554,73.5,37.285217
1605754250,41.15277777777778,73.75,37.78486
1605754251,41.1525,73.5,37.285217
1605754252,41.15222222222222,73.5,37.285217
1605754253,41.151944444444446,73.5,37.285217
1605754254,41.151666666666664,73.5,37.285217
1605754255,41.15138888888889,73.5,37.285217
1605754256,41.15111111111111,73.25,38.451694
1605754257,41.15083333333333,73.5,37.285217
1605754258,41.150555555555556,73.25,38.451694
1605754259,41.15027777777778,73.5,37.285217
1605754260,41.15,73.25,38.451694
1605754261,41.14972222222222,73.25,38.451694
1605754262,41.14944444444444,73.25,38.451694
1605754263,41.149166666666666,73.5,37.285217
1605754264,41.14888888888889,73.5,37.285217
1605754265,41.14861111111111,73.75,37.78486
1605754266,41.14833333333333,73.5,37.285217
1605754267,41.14805555555556,73.5,37.285217
1605754268,41.147777777777776,73.75,37.78486
1605754269,41.1475,74.25,37.80466
1605754270,41.147222222222226,74.25,37.80466
1605754271,41.14694444444444,74.5,38.25586
1605754272,41.14666666666667,74.5,38.25586
1605754273,41.146388888888886,75.0,40.62068
1605754274,41.14611111111111,75.0,40.62068
1605754275,41.145833333333336,75.25,42.0481
1605754276,41.14555555555555,75.25,42.0481
1605754277,41.14527777777778,75.5,41.35931
1605754278,41.145,75.5,41.35931
1605754279,41.14472222222222,75.5,41.35931
1605754280,41.144444444444446,75.25,42.0481
1605754281,41.14416666666666,75.25,42.0481
1605754282,41.14388888888889,74.75,40.178288
1605754283,41.14361111111111,74.5,38.25586
1605754284,41.14333333333333,74.5,38.25586
1605754285,41.143055555555556,74.0,37.825104
1605754286,41.14277777777778,74.05555555555556,37.825104
1605754287,41.1425,74.11111111111111,37.825104
1605754288,41.14222222222222,74.16666666666666,37.825104
1605754289,41.14194444444445,74.22222222222223,37.825104
1605754290,41.141666666666666,74.27777777777777,37.80466
1605754291,41.14138888888889,74.33333333333334,37.80466
1605754292,41.14111111111111,74.38888888888889,37.80466
1605754293,41.14083333333333,74.44444444444444,37.80466
1605754294,41.14055555555556,74.5,38.25586
1605754295,41.140277777777776,74.75,40.178288
1605754296,41.14,74.25,37.80466
1605754297,41.139722222222225,74.0,37.825104
1605754298,41.13944444444444,74.25,37.80466
1605754299,41.13916666666667,74.25,37.80466
1605754300,41.138888888888886,73.75,37.78486
1605754301,41.13861111111111,73.75,37.78486
1605754302,41.138333333333335,74.0,37.825104
1605754303,41.13805555555555,74.25,37.80466
1605754304,41.13777777777778,74.25,37.80466
1605754305,41.1375,74.5,38.25586
1605754306,41.13722222222222,74.5,38.25586
1605754307,41.136944444444445,74.5,38.25586
1605754308,41.13666666666666,74.5,38.25586
1605754309,41.13638888888889,74.75,40.178288
1605754310,41.13611111111111,74.5,38.25586
1605754311,41.13583333333333,74.5,38.25586
1605754312,41.135555555555555,74.75,40.178288
1605754313,41.13527777777778,74.75,40.178288
1605754314,41.135,75.0,40.62068
1605754315,41.13472222222222,75.0,40.62068
1605754316,41.13444444444445,75.0,40.62068
1605754317,41.134166666666665,74.75,40.178288
1605754318,41.13388888888889,74.75,40.178288
1605754319,41.13361111111111,74.75,40.178288
1605754320,41.13333333333333,74.75,40.178288
1605754321,41.13305555555556,74.25,37.80466
1605754322,41.132777777777775,74.0,37.825104
1605754323,41.1325,74.0,37.825104
1605754324,41.132222222222225,74.0,37.825104
1605754325,41.13194444444444,74.25,37.80466
1605754326,41.13166666666667,74.25,37.80466
1605754327,41.131388888888885,74.25,37.80466
1605754328,41.13111111111111,74.25,37.80466
1605754329,41.130833333333335,74.5,38.25586
1605754330,41.13055555555555,74.25,37.80466
1605754331,41.13027777777778,73.75,37.78486
1605754332,41.13,73.75,37.78486
1605754333,41.12972222222222,73.25,38.451694
1605754334,41.129444444444445,73.25,38.451694
1605754335,41.12916666666667,73.0,38.534298
1605754336,41.12888888888889,72.75,38.45927
1605754337,41.12861111111111,73.0,38.534298
1605754338,41.12833333333333,72.5,38.451344
1605754339,41.128055555555555,72.5,38.451344
1605754340,41.12777777777778,72.25,38.779526
1605754341,41.1275,72.5,38.451344
1605754342,41.12722222222222,72.75,38.45927
1605754343,41.12694444444445,73.0,38.534298
1605754344,41.126666666666665,73.25,38.451694
1605754345,41.12638888888889,73.75,37.78486
1605754346,41.12611111111111,73.75,37.78486
1605754347,41.12583333333333,73.75,37.78486
1605754348,41.12555555555556,73.75,37.78486
1605754349,41.125277777777775,74.25,37.80466
1605754350,41.125,74.25,37.80466
1605754351,41.124722222222225,73.75,37.78486
1605754352,41.12444444444444,73.5,37.285217
1605754353,41.12416666666667,73.5,37.285217
1605754354,41.12388888888889,73.0,38.534298
1605754355,41.12361111111111,72.75,38.45927
1605754356,41.123333333333335,72.75,38.45927
1605754357,41.12305555555555,72.5,38.451344
1605754358,41.12277777777778,72.5,38.451344
1605754359,41.1225,72.5,38.451344
1605754360,41.12222222222222,72.5,38.451344
1605754361,41.121944444444445,72.75,38.45927
1605754362,41.12166666666667,73.0,38.534298
1605754363,41.12138888888889,73.25,38.451694
1605754364,41.12111111111111,73.75,37.78486
1605754365,41.12083333333333,73.75,37.78486
1605754366,41.120555555555555,74.0,37.825104
1605754367,41.12027777777778,74.25,37.80466
1605754368,41.12,74.25,37.80466
1605754369,41.11972222222222,74.25,37.80466
1605754370,41.11944444444445,74.5,38.25586
1605754371,41.119166666666665,74.0,37.825104
1605754372,41.11888888888889,73.75,37.78486
1605754373,41.118611111111115,73.75,37.78486
1605754374,41.11833333333333,73.5,37.285217
1605754375,41.11805555555556,73.5,37.285217
1605754376,41.117777777777775,73.5,37.285217
1605754377,41.1175,73.25,38.451694
1605754378,41.117222222222225,73.25,38.451694
1605754379,41.11694444444444,73.25,38.451694
1605754380,41.11666666666667,73.25,38.451694
1605754381,41.11638888888889,73.75,37.78486
1605754382,41.11611111111111,73.75,37.78486
1605754383,41.115833333333335,74.0,37.825104
1605754384,41.11555555555555,74.0,37.825104
1605754385,41.11527777777778,74.0,37.825104
1605754386,41.115,74.25,37.80466
1605754387,41.11472222222222,74.25,37.80466
1605754388,41.114444444444445,74.5,38.25586
1605754389,41.11416666666667,74.25,37.80466
1605754390,41.11388888888889,74.0,37.825104
1605754391,41.11361111111111,73.75,37.78486
1605754392,41.11333333333333,73.5,37.285217
1605754393,41.113055555555555,73.25,38.451694
1605754394,41.11277777777778,73.25,38.451694
1605754395,41.1125,72.75,38.45927
1605754396,41.11222222222222,72.5,38.451344
1605754397,41.11194444444445,72.25,38.779526
1605754398,41.111666666666665,72.0,38.72603
1605754399,41.11138888888889,71.75,38.77368
1605754400,41.111111111111114,71.75,38.77368
1605754401,41.11083333333333,71.5,39.568146
1605754402,41.11055555555556,71.5,39.568146
1605754403,41.110277777777775,71.5,39.568146
1605754404,41.11,71.5,39.568146
1605754405,41.109722222222224,71.75,38.77368
1605754406,41.10944444444444,72.0,38.72603
1605754407,41.10916666666667,72.0,38.72603
1605754408,41.10888888888889,72.25,38.779526
1605754409,41.10861111111111,72.75,38.45927
1605754410,41.108333333333334,73.0,38.534298
1605754411,41.10805555555555,73.25,38.451694
1605754412,41.10777777777778,73.5,37.285217
1605754413,41.1075,73.5,37.285217
1605754414,41.10722222222222,73.25,38.451694
1605754415,41.106944444444444,73.25,38.451694
1605754416,41.10666666666667,73.5,37.285217
1605754417,41.10638888888889,73.25,38.451694
1605754418,41.10611111111111,73.25,38.451694
1605754419,41.10583333333334,73.25,38.451694
1605754420,41.105555555555554,72.75,38.45927
1605754421,41.10527777777778,72.75,38.45927
1605754422,41.105,72.75,38.45927
1605754423,41.10472222222222,72.5,38.451344
1605754424,41.10444444444445,72.25,38.779526
1605754425,41.104166666666664,72.5,38.451344
1605754426,41.10388888888889,72.5,38.451344
1605754427,41.103611111111114,72.5,38.451344
1605754428,41.10333333333333,72.5,38.451344
1605754429,41.10305555555556,72.5,38.451344
1605754430,41.102777777777774,72.5,38.451344
1605754431,41.1025,73.0,38.534298
1605754432,41.102222222222224,72.75,38.45927
1605754433,41.10194444444444,72.75,38.45927
1605754434,41.10166666666667,73.0,38.534298
1605754435,41.10138888888889,73.25,38.451694
1605754436,41.10111111111111,72.75,38.45927
1605754437,41.100833333333334,72.5,38.451344
1605754438,41.10055555555556,72.75,38.45927
1605754439,41.10027777777778,72.75,38.45927
1605754440,41.1,72.75,38.45927
1605754441,41.09972222222222,72.5,38.451344
1605754442,41.099444444444444,72.5,38.451344
1605754443,41.09916666666667,72.5,38.451344
1605754444,41.09888888888889,72.5,38.451344
1605754445,41.09861111111111,72.5,38.451344
1605754446,41.098333333333336,72.5,38.451344
1605754447,41.098055555555554,72.5,38.451344
1605754448,41.09777777777778,72.5,38.451344
1605754449,41.0975,72.5,38.451344
1605754450,41.09722222222222,72.25,38.779526
1605754451,41.096944444444446,72.25,38.779526
1605754452,41.096666666666664,72.5,38.451344
1605754453,41.09638888888889,72.25,38.779526
1605754454,41.096111111111114,71.75,38.77368
1605754455,41.09583333333333,71.75,38.77368
1605754456,41.095555555555556,71.5,39.568146
1605754457,41.09527777777778,71.5,39.568146
1605754458,41.095,71.5,39.568146
1605754459,41.094722222222224,71.25,39.679787
1605754460,41.09444444444444,71.0,39.020508
1605754461,41.094166666666666,70.75,39.053562
1605754462,41.09388888888889,70.75,39.053562
1605754463,41.09361111111111,70.75,39.053562
1605754464,41.093333333333334,71.0,39.020508
1605754465,41.09305555555556,71.0,39.020508
1605754466,41.092777777777776,71.0,39.020508
1605754467,41.0925,71.0,39.020508
1605754468,41.09222222222222,71.5,39.568146
1605754469,41.091944444444444,71.75,38.77368
1605754470,41.09166666666667,71.71875,39.568146
1605754471,41.091388888888886,71.6875,39.568146
1605754472,41.09111111111111,71.65625,39.568146
1605754473,41.090833333333336,71.625,39.568146
1605754474,41.090555555555554,71.59375,39.568146
1605754475,41.09027777777778,71.5625,39.568146
1605754476,41.09,71.53125,39.568146
1605754477,41.08972222222222,71.5,39.568146
1605754478,41.089444444444446,71.5,39.568146
1605754479,41.089166666666664,71.25,39.679787
1605754480,41.08888888888889,71.25,39.679787
1605754481,41.08861111111111,71.5,39.568146
1605754482,41.08833333333333,71.25,39.679787
1605754483,41.088055555555556,71.5,39.568146
1605754484,41.08777777777778,71.25,39.679787
1605754485,41.0875,71.0,39.020508
1605754486,41.08722222222222,71.25,39.679787
1605754487,41.08694444444444,71.75,38.77368
1605754488,41.086666666666666,71.75,38.77368
1605754489,41.08638888888889,72.0,38.72603
1605754490,41.08611111111111,72.5,38.451344
1605754491,41.08583333333333,73.0,38.534298
1605754492,41.08555555555556,73.25,38.451694
1605754493,41.085277777777776,73.5,37.285217
1605754494,41.085,73.5,37.285217
1605754495,41.084722222222226,73.75,37.78486
1605754496,41.08444444444444,73.75,37.78486
1605754497,41.08416666666667,74.0,37.825104
1605754498,41.083888888888886,73.75,37.78486
1605754499,41.08361111111111,74.0,37.825104
1605754500,41.083333333333336,73.5,37.285217
1605754501,41.08305555555555,73.25,38.451694
1605754502,41.08277777777778,73.25,38.451694
1605754503,41.0825,73.25,38.451694
1605754504,41.08222222222222,73.25,38.451694
1605754505,41.081944444444446,73.5,37.285217
1605754506,41.08166666666666,73.25,38.451694
1605754507,41.08138888888889,73.25,38.451694
1605754508,41.08111111111111,73.25,38.451694
1605754509,41.08083333333333,73.25,38.451694
1605754510,41.080555555555556,73.5,37.285217
1605754511,41.08027777777778,73.5,37.285217
1605754512,41.08,73.5,37.285217
1605754513,41.07972222222222,73.5,37.285217
1605754514,41.07944444444445,74.0,37.825104
1605754515,41.079166666666666,74.0,37.825104
1605754516,41.07888888888889,74.0,37.825104
1605754517,41.07861111111111,74.0,37.825104
1605754518,41.07833333333333,74.25,37.80466
1605754519,41.07805555555556,74.25,37.80466
1605754520,41.077777777777776,74.25,37.80466
1605754521,41.0775,74.5,38.25586
1605754522,41.077222222222225,74.5,38.25586
1605754523,41.07694444444444,74.5,38.25586
1605754524,41.07666666666667,74.75,40.178288
1605754525,41.076388888888886,74.5,38.25586
1605754526,41.07611111111111,74.25,37.80466
1605754527,41.075833333333335,74.25,37.80466
1605754528,41.07555555555555,74.0,37.825104
1605754529,41.07527777777778,74.25,37.80466
1605754530,41.075,73.75,37.78486
1605754531,41.07472222222222,73.25,38.451694
1605754532,41.074444444444445,73.5,37.285217
1605754533,41.07416666666666,73.25,38.451694
1605754534,41.07388888888889,72.75,38.45927
1605754535,41.07361111111111,72.5,38.451344
1605754536,41.07333333333333,72.25,38.779526
1605754537,41.073055555555555,72.25,38.779526
1605754538,41.07277777777778,71.5,39.568146
1605754539,41.0725,71.5,39.568146
1605754540,41.07222222222222,71.75,38.77368
1605754541,41.07194444444445,71.75,38.77368
1605754542,41.071666666666665,71.75,38.77368
1605754543,41.07138888888889,71.75,38.77368
1605754544,41.07111111111111,72.0,38.72603
1605754545,41.07083333333333,72.25,38.779526
1605754546,41.07055555555556,72.25,38.779526
1605754547,41.070277777777775,72.5,38.451344
1605754548,41.07,72.0,38.72603
1605754549,41.069722222222225,72.0,38.72603
1605754550,41.06944444444444,72.25,38.779526
1605754551,41.06916666666667,72.5,38.451344
1605754552,41.068888888888885,72.5,38.451344
1605754553,41.06861111111111,72.75,38.45927
1605754554,41.068333333333335,72.75,38.45927
1605754555,41.06805555555555,73.0,38.534298
1605754556,41.06777777777778,73.0,38.534298
1605754557,41.0675,73.75,37.78486
1605754558,41.06722222222222,73.75,37.78486
1605754559,41.066944444444445,74.25,37.80466
1605754560,41.06666666666667,74.5,38.25586
1605754561,41.06638888888889,75.0,40.62068
1605754562,41.06611111111111,75.0,40.62068
1605754563,41.06583333333333,75.0,40.62068
1605754564,41.065555555555555,75.0,40.62068
1605754565,41.06527777777778,75.25,42.0481
1605754566,41.065,75.0,40.62068
1605754567,41.06472222222222,74.5,38.25586
1605754568,41.06444444444445,74.25,37.80466
1605754569,41.064166666666665,74.0,37.825104
1605754570,41.06388888888889,74.25,37.80466
1605754571,41.06361111111111,74.0,37.825104
1605754572,41.06333333333333,73.75,37.78486
1605754573,41.06305555555556,73.75,37.78486
1605754574,41.062777777777775,73.75,37.78486
1605754575,41.0625,73.75,37.78486
1605754576,41.062222222222225,73.75,37.78486
1605754577,41.06194444444444,73.75,37.78486
1605754578,41.06166666666667,74.0,37.825104
1605754579,41.06138888888889,73.75,37.78486
1605754580,41.06111111111111,73.5,37.285217
1605754581,41.060833333333335,73.5,37.285217
1605754582,41.06055555555555,73.5,37.285217
1605754583,41.06027777777778,74.0,37.825104
1605754584,41.06,74.0,37.825104
1605754585,41.05972222222222,74.0,37.825104
1605754586,41.059444444444445,74.5,38.25586
1605754587,41.05916666666667,74.5,38.25586
1605754588,41.05888888888889,74.75,40.178288
1605754589,41.05861111111111,74.5,38.25586
1605754590,41.05833333333333,74.75,40.178288
1605754591,41.058055555555555,74.75,40.178288
1605754592,41.05777777777778,74.75,40.178288
1605754593,41.0575,74.75,40.178288
1605754594,41.05722222222222,74.5,38.25586
1605754595,41.05694444444445,74.25,37.80466
1605754596,41.056666666666665,74.25,37.80466
1605754597,41.05638888888889,74.25,37.80466
1605754598,41.05611111111111,74.25,37.80466
1605754599,41.05583333333333,74.25,37.80466
1605754600,41.05555555555556,74.75,40.178288
1605754601,41.055277777777775,74.5,38.25586
1605754602,41.055,74.25,37.80466
1605754603,41.054722222222225,74.5,38.25586
1605754604,41.05444444444444,74.5,38.25586
1605754605,41.05416666666667,74.5,38.25586
1605754606,41.05388888888889,74.5,38.25586
1605754607,41.05361111111111,75.0,40.62068
1605754608,41.053333333333335,75.0,40.62068
1605754609,41.05305555555555,75.25,42.0481
1605754610,41.05277777777778,75.25,42.0481
1605754611,41.0525,75.75,41.333443
1605754612,41.05222222222222,75.75,41.333443
1605754613,41.051944444444445,76.0,41.793404
1605754614,41.05166666666667,76.5,43.253902
1605754615,41.05138888888889,77.0,41.839077
1605754616,41.05111111111111,77.0,41.839077
1605754617,41.05083333333333,77.5,42.76363
1605754618,41.050555555555555,77.5,42.76363
1605754619,41.05027777777778,77.75,42.08988
1605754620,41.05,77.25,41.526726
1605754621,41.04972222222222,77.5,42.76363
1605754622,41.04944444444445,77.0,41.839077
1605754623,41.049166666666665,77.0,41.839077
1605754624,41.04888888888889,76.75,42.934948
1605754625,41.048611111111114,76.25,42.956238
1605754626,41.04833333333333,76.0,41.793404
1605754627,41.04805555555556,75.75,41.333443
1605754628,41.047777777777775,76.0,41.793404
1605754629,41.0475,75.75,41.333443
1605754630,41.047222222222224,75.75,41.333443
1605754631,41.04694444444444,75.75,41.333443
1605754632,41.04666666666667,76.0,41.793404
1605754633,41.04638888888889,75.5,41.35931
1605754634,41.04611111111111,75.75,41.333443
1605754635,41.045833333333334,76.0,41.793404
1605754636,41.04555555555555,76.0,41.793404
1605754637,41.04527777777778,75.5,41.35931
1605754638,41.045,75.0,40.62068
1605754639,41.04472222222222,74.75,40.178288
1605754640,41.044444444444444,74.5,38.25586
1605754641,41.04416666666667,74.0,37.825104
1605754642,41.04388888888889,73.75,37.78486
1605754643,41.04361111111111,73.5,37.285217
1605754644,41.04333333333334,73.5,37.285217
1605754645,41.043055555555554,73.25,38.451694
1605754646,41.04277777777778,73.25,38.451694
1605754647,41.0425,73.5,37.285217
1605754648,41.04222222222222,73.25,38.451694
1605754649,41.04194444444445,73.75,37.78486
1605754650,41.041666666666664,73.5,37.285217
1605754651,41.04138888888889,73.75,37.78486
1605754652,41.041111111111114,73.75,37.78486
1605754653,41.04083333333333,73.8125,37.78486
1605754654,41.04055555555556,73.875,37.78486
1605754655,41.040277777777774,73.9375,37.78486
1605754656,41.04,74.0,37.825104
1605754657,41.039722222222224,74.0625,37.825104
1605754658,41.03944444444444,74.125,37.825104
1605754659,41.03916666666667,74.1875,37.825104
1605754660,41.03888888888889,74.25,37.80466
1605754661,41.03861111111111,74.0,37.825104
1605754662,41.038333333333334,74.0,37.825104
1605754663,41.03805555555556,73.75,37.78486
1605754664,41.03777777777778,73.75,37.78486
1605754665,41.0375,74.25,37.80466
1605754666,41.03722222222222,73.75,37.78486
1605754667,41.036944444444444,73.75,37.78486
1605754668,41.03666666666667,74.0,37.825104
1605754669,41.03638888888889,73.75,37.78486
1605754670,41.03611111111111,73.25,38.451694
1605754671,41.035833333333336,73.25,38.451694
1605754672,41.035555555555554,73.25,38.451694
1605754673,41.03527777777778,73.0,38.534298
1605754674,41.035,73.0,38.534298
1605754675,41.03472222222222,72.75,38.45927
1605754676,41.034444444444446,72.75,38.45927
1605754677,41.034166666666664,72.25,38.779526
1605754678,41.03388888888889,72.25,38.779526
1605754679,41.033611111111114,72.5,38.451344
1605754680,41.03333333333333,72.25,38.779526
1605754681,41.033055555555556,72.0,38.72603
1605754682,41.03277777777778,72.0,38.72603
1605754683,41.0325,72.0,38.72603
1605754684,41.032222222222224,72.0,38.72603
1605754685,41.03194444444444,72.0,38.72603
1605754686,41.031666666666666,72.0,38.72603
1605754687,41.03138888888889,72.25,38.779526
1605754688,41.03111111111111,72.25,38.779526
1605754689,41.030833333333334,72.25,38.779526
1605754690,41.03055555555556,72.25,38.779526
1605754691,41.030277777777776,72.5,38.451344
1605754692,41.03,72.5,38.451344
1605754693,41.02972222222222,72.5,38.451344
1605754694,41.029444444444444,72.75,38.45927
1605754695,41.02916666666667,73.0,38.534298
1605754696,41.028888888888886,73.25,38.451694
1605754697,41.02861111111111,73.5,37.285217
1605754698,41.028333333333336,73.5,37.285217
1605754699,41.028055555555554,74.0,37.825104
1605754700,41.02777777777778,74.0,37.825104
1605754701,41.0275,73.75,37.78486
1605754702,41.02722222222222,74.0,37.825104
1605754703,41.026944444444446,74.0,37.825104
1605754704,41.026666666666664,73.5,37.285217
1605754705,41.02638888888889,73.75,37.78486
1605754706,41.02611111111111,73.75,37.78486
1605754707,41.02583333333333,73.5,37.285217
1605754708,41.025555555555556,73.5,37.285217
1605754709,41.02527777777778,73.5,37.285217
1605754710,41.025,73.25,38.451694
1605754711,41.02472222222222,73.5,37.285217
1605754712,41.02444444444444,73.25,38.451694
1605754713,41.024166666666666,73.25,38.451694
1605754714,41.02388888888889,73.25,38.451694
1605754715,41.02361111111111,73.0,38.534298
1605754716,41.02333333333333,73.0,38.534298
1605754717,41.02305555555556,73.0,38.534298
1605754718,41.022777777777776,72.75,38.45927
1605754719,41.0225,73.0,38.534298
1605754720,41.022222222222226,73.0,38.534298
1605754721,41.02194444444444,73.0,38.534298
1605754722,41.02166666666667,73.5,37.285217
1605754723,41.021388888888886,73.75,37.78486
1605754724,41.02111111111111,73.75,37.78486
1605754725,41.020833333333336,73.75,37.78486
1605754726,41.02055555555555,74.5,38.25586
1605754727,41.02027777777778,74.25,37.80466
1605754728,41.02,74.25,37.80466
1605754729,41.01972222222222,74.0,37.825104
1605754730,41.019444444444446,74.5,38.25586
1605754731,41.01916666666666,74.75,40.178288
1605754732,41.01888888888889,74.5,38.25586
1605754733,41.01861111111111,75.0,40.62068
1605754734,41.01833333333333,75.0,40.62068
1605754735,41.018055555555556,74.75,40.178288
1605754736,41.01777777777778,75.25,42.0481
1605754737,41.0175,75.5,41.35931
1605754738,41.01722222222222,75.5,41.35931
1605754739,41.01694444444445,75.75,41.333443
1605754740,41.016666666666666,76.25,42.956238
1605754741,41.01638888888889,76.25,42.956238
1605754742,41.01611111111111,76.25,42.956238
1605754743,41.01583333333333,76.5,43.253902
1605754744,41.01555555555556,76.5,43.253902
1605754745,41.015277777777776,76.5,43.253902
1605754746,41.015,76.5,43.253902
1605754747,41.014722222222225,76.75,42.934948
1605754748,41.01444444444444,76.75,42.934948
1605754749,41.01416666666667,76.5,43.253902
1605754750,41.013888888888886,76.75,42.934948
1605754751,41.01361111111111,76.75,42.934948
1605754752,41.013333333333335,76.5,43.253902
1605754753,41.01305555555555,76.5,43.253902
1605754754,41.01277777777778,76.75,42.934948
1605754755,41.0125,77.0,41.839077
1605754756,41.01222222222222,76.75,42.934948
1605754757,41.011944444444445,76.25,42.956238
1605754758,41.01166666666666,76.0,41.793404
1605754759,41.01138888888889,76.25,42.956238
1605754760,41.01111111111111,75.5,41.35931
1605754761,41.01083333333333,75.25,42.0481
1605754762,41.010555555555555,75.0,40.62068
1605754763,41.01027777777778,75.25,42.0481
1605754764,41.01,75.0,40.62068
1605754765,41.00972222222222,74.75,40.178288
1605754766,41.00944444444445,74.75,40.178288
1605754767,41.009166666666665,75.0,40.62068
1605754768,41.00888888888889,75.0,40.62068
1605754769,41.00861111111111,74.75,40.178288
1605754770,41.00833333333333,75.0,40.62068
1605754771,41.00805555555556,74.75,40.178288
1605754772,41.007777777777775,74.5,38.25586
1605754773,41.0075,74.25,37.80466
1605754774,41.007222222222225,74.0,37.825104
1605754775,41.00694444444444,74.0,37.825104
1605754776,41.00666666666667,74.0,37.825104
1605754777,41.006388888888885,73.75,37.78486
1605754778,41.00611111111111,73.0,38.534298
1605754779,41.005833333333335,72.75,38.45927
1605754780,41.00555555555555,72.25,38.779526
1605754781,41.00527777777778,72.25,38.779526
1605754782,41.005,72.0,38.72603
1605754783,41.00472222222222,71.75,38.77368
1605754784,41.004444444444445,73.25,38.451694
1605754785,41.00416666666667,74.0,37.825104
1605754786,41.00388888888889,73.75,37.78486
1605754787,41.00361111111111,74.0,37.825104
1605754788,41.00333333333333,74.03571428571428,37.825104
1605754789,41.003055555555555,74.07142857142857,37.825104
1605754790,41.00277777777778,74.10714285714286,37.825104
1605754791,41.0025,74.14285714285714,37.825104
1605754792,41.00222222222222,74.17857142857143,37.825104
1605754793,41.00194444444445,74.21428571428571,37.825104
1605754794,41.001666666666665,74.25,37.80466
1605754795,41.00138888888889,74.28571428571428,37.80466
1605754796,41.00111111111111,74.32142857142857,37.80466
1605754797,41.00083333333333,74.35714285714286,37.80466
1605754798,41.00055555555556,74.39285714285714,37.80466
1605754799,41.000277777777775,74.42857142857143,37.80466
