timestamp,pm25_0,pm25_1,pm25_2,pm25_3,temperature,humidity
1604823840,65.0,75.0,72.0,72.0,18.0,57.1
1604823841,65.0,75.0,72.0,72.0,18.0,57.1
1604823842,65.0,75.0,72.0,71.0,18.0,57.1
1604823843,64.0,76.0,72.0,71.0,18.0,57.1
1604823844,63.0,76.0,72.0,71.0,18.1,57.2
1604823845,63.0,77.0,72.0,71.0,18.1,57.2
1604823846,63.0,77.0,72.0,71.0,18.1,57.2
1604823847,62.0,77.0,72.0,70.0,18.1,57.2
1604823848,62.0,77.0,72.0,70.0,18.1,57.2
1604823849,62.0,78.0,72.0,70.0,18.1,57.2
1604823850,62.0,79.0,71.0,70.0,18.1,57.2
1604823851,62.0,79.0,72.0,70.0,18.1,57.2
1604823852,62.0,81.0,71.0,70.0,18.1,57.2
1604823853,62.0,81.0,72.0,70.0,18.1,57.2
1604823854,63.0,81.0,71.0,70.0,18.0,57.0
1604823855,63.0,81.0,72.0,70.0,18.0,57.0
1604823856,63.0,81.0,72.0,70.0,18.0,57.0
1604823857,63.0,81.0,72.0,70.0,18.0,57.0
1604823858,63.0,80.0,72.0,70.0,18.0,57.0
1604823859,63.0,80.0,73.0,70.0,18.1,57.1
1604823860,63.0,79.0,73.0,71.0,18.1,57.1
1604823861,63.0,78.0,73.0,71.0,18.1,57.1
1604823862,62.0,77.0,74.0,72.0,18.1,57.1
1604823863,62.0,76.0,74.0,72.0,18.1,57.1
1604823864,62.0,76.0,74.0,73.0,18.1,57.1
1604823865,61.0,75.0,74.0,74.0,18.1,57.1
1604823866,61.0,75.0,74.0,75.0,18.1,57.1
1604823867,61.0,74.0,74.0,75.0,18.1,57.1
1604823868,61.0,74.0,74.0,76.0,18.1,57.1
1604823869,61.0,74.0,74.0,76.0,18.1,57.0
1604823870,61.0,74.0,73.0,76.0,18.1,57.0
1604823871,61.0,74.0,73.0,76.0,18.1,57.0
1604823872,60.0,74.0,73.0,76.0,18.1,57.0
1604823873,60.0,74.0,73.0,76.0,18.1,57.0
1604823874,60.0,74.0,73.0,76.0,18.1,57.0
1604823875,60.0,74.0,73.0,76.0,18.1,57.0
1604823876,60.0,74.0,73.0,76.0,18.1,57.0
1604823877,60.0,74.0,73.0,76.0,18.1,57.0
1604823878,60.0,74.0,73.0,75.0,18.1,57.0
1604823879,60.0,74.0,73.0,75.0,18.1,57.0
1604823880,60.0,74.0,73.0,74.0,18.1,57.0
1604823881,60.0,74.0,73.0,74.0,18.1,57.0
1604823882,61.0,75.0,73.0,74.0,18.1,57.0
1604823883,61.0,75.0,73.0,73.0,18.1,57.0
1604823884,61.0,75.0,73.0,73.0,18.1,56.9
1604823885,62.0,75.0,73.0,73.0,18.1,56.9
1604823886,62.0,75.0,73.0,73.0,18.1,56.9
1604823887,62.0,75.0,73.0,73.0,18.1,56.9
1604823888,63.0,75.0,73.0,73.0,18.1,56.9
1604823889,63.0,74.0,73.0,73.0,18.1,56.9
1604823890,63.0,74.0,73.0,73.0,18.1,56.9
1604823891,63.0,74.0,72.0,73.0,18.1,56.9
1604823892,62.0,74.0,72.0,73.0,18.1,56.9
1604823893,62.0,73.0,72.0,72.0,18.1,56.9
1604823894,62.0,73.0,72.0,72.0,18.1,56.9
1604823895,62.0,73.0,72.0,72.0,18.1,56.9
1604823896,62.0,73.0,72.0,72.0,18.1,56.9
1604823897,62.0,73.0,72.0,71.0,18.1,56.9
1604823898,62.0,73.0,71.0,71.0,18.1,56.9
1604823899,62.0,73.0,71.0,71.0,18.1,56.8
1604823900,62.0,73.0,70.0,71.0,18.1,56.8
1604823901,61.0,73.0,70.0,71.0,18.1,56.8
1604823902,61.0,73.0,70.0,71.0,18.1,56.8
1604823903,61.0,73.0,69.0,72.0,18.1,56.8
1604823904,61.0,73.0,69.0,72.0,18.1,56.9
1604823905,61.0,73.0,69.0,72.0,18.1,56.9
1604823906,61.0,73.0,69.0,72.0,18.1,56.9
1604823907,61.0,73.0,69.0,72.0,18.1,56.9
1604823908,61.0,73.0,70.0,72.0,18.1,56.9
1604823909,61.0,74.0,70.0,72.0,18.1,56.9
1604823910,61.0,74.0,70.0,72.0,18.1,56.9
1604823911,61.0,74.0,70.0,71.0,18.1,56.9
1604823912,61.0,73.0,70.0,71.0,18.1,56.9
1604823913,61.0,73.0,70.0,71.0,18.1,56.9
1604823914,61.0,73.0,70.0,70.0,18.1,56.9
1604823915,61.0,73.0,70.0,70.0,18.1,56.9
1604823916,61.0,72.0,70.0,70.0,18.1,56.9
1604823917,62.0,71.0,69.0,69.0,18.1,56.9
1604823918,62.0,71.0,69.0,69.0,18.1,56.9
1604823919,62.0,71.0,69.0,69.0,18.1,56.9
1604823920,63.0,72.0,69.0,69.0,18.1,56.9
1604823921,63.0,72.0,69.0,69.0,18.1,56.9
1604823922,63.0,73.0,69.0,70.0,18.1,56.9
1604823923,64.0,74.0,69.0,70.0,18.1,56.9
1604823924,64.0,75.0,70.0,70.0,18.2,57.0
1604823925,64.0,75.0,70.0,70.0,18.2,57.0
1604823926,65.0,76.0,71.0,71.0,18.2,57.0
1604823927,65.0,76.0,71.0,71.0,18.2,57.0
1604823928,65.0,77.0,72.0,71.0,18.2,57.0
1604823929,65.0,77.0,73.0,71.0,18.2,57.0
1604823930,65.0,77.0,74.0,71.0,18.2,57.0
1604823931,65.0,77.0,75.0,71.0,18.2,57.0
1604823932,64.0,76.0,75.0,72.0,18.2,57.0
1604823933,64.0,76.0,76.0,72.0,18.2,57.0
1604823934,64.0,76.0,76.0,72.0,18.1,57.0
1604823935,64.0,76.0,76.0,71.0,18.1,57.0
1604823936,64.0,75.0,76.0,71.0,18.1,57.0
1604823937,63.0,75.0,76.0,71.0,18.1,57.0
1604823938,63.0,75.0,76.0,72.0,18.1,57.0
1604823939,63.0,75.0,76.0,72.0,18.2,57.0
1604823940,63.0,74.0,75.0,72.0,18.2,57.0
1604823941,63.0,74.0,74.0,72.0,18.2,57.0
1604823942,64.0,74.0,74.0,72.0,18.2,57.0
1604823943,63.0,74.0,73.0,72.0,18.2,57.0
1604823944,63.0,74.0,73.0,73.0,18.2,56.9
1604823945,63.0,74.0,73.0,73.0,18.2,56.9
1604823946,63.0,74.0,72.0,73.0,18.2,56.9
1604823947,63.0,74.0,72.0,73.0,18.2,56.9
1604823948,64.0,74.0,72.0,72.0,18.2,56.9
1604823949,64.0,74.0,72.0,72.0,18.2,56.9
1604823950,64.0,74.0,72.0,72.0,18.2,56.9
1604823951,64.0,75.0,72.0,71.0,18.2,56.9
1604823952,65.0,75.0,72.0,71.0,18.2,56.9
1604823953,65.0,75.0,72.0,71.0,18.2,56.9
1604823954,65.0,76.0,72.0,71.0,18.2,56.9
1604823955,65.0,76.0,72.0,71.0,18.2,56.9
1604823956,65.0,77.0,72.0,71.0,18.2,56.9
1604823957,65.0,77.0,72.0,71.0,18.2,56.9
1604823958,65.0,77.0,73.0,71.0,18.2,56.9
1604823959,65.0,78.0,73.0,72.0,18.2,56.9
1604823960,64.0,78.0,73.0,72.0,18.2,56.9
1604823961,64.0,78.0,73.0,72.0,18.2,56.9
1604823962,63.0,77.0,73.0,72.0,18.2,56.9
1604823963,62.0,77.0,73.0,72.0,18.2,56.9
1604823964,62.0,77.0,73.0,72.0,18.2,56.9
1604823965,62.0,77.0,73.0,72.0,18.2,56.9
1604823966,62.0,76.0,73.0,72.0,18.2,56.9
1604823967,62.0,76.0,73.0,72.0,18.2,56.9
1604823968,62.0,76.0,73.0,72.0,18.2,56.9
1604823969,62.0,76.0,73.0,72.0,18.2,56.9
1604823970,62.0,76.0,73.0,71.0,18.2,56.9
1604823971,62.0,76.0,73.0,71.0,18.2,56.9
1604823972,62.0,76.0,73.0,71.0,18.2,56.9
1604823973,62.0,76.0,73.0,71.0,18.2,56.9
1604823974,63.0,76.0,73.0,71.0,18.2,56.9
1604823975,63.0,75.0,74.0,71.0,18.2,56.9
1604823976,63.0,75.0,74.0,70.0,18.2,56.9
1604823977,63.0,75.0,74.0,70.0,18.2,56.9
1604823978,63.0,75.0,73.0,70.0,18.2,56.9
1604823979,63.0,74.0,73.0,70.0,18.2,56.9
1604823980,63.0,74.0,73.0,70.0,18.2,56.9
1604823981,63.0,74.0,72.0,70.0,18.2,56.9
1604823982,64.0,74.0,72.0,70.0,18.2,56.9
1604823983,63.0,75.0,72.0,73.0,18.2,56.9
1604823984,64.0,75.0,72.0,73.0,18.2,56.9
1604823985,64.0,75.0,72.0,73.0,18.2,56.9
1604823986,64.0,75.0,71.0,73.0,18.2,56.9
1604823987,63.0,75.0,72.0,73.0,18.2,56.9
1604823988,63.0,76.0,72.0,72.0,18.2,56.9
1604823989,63.0,76.0,73.0,72.0,18.2,56.8
1604823990,63.0,76.0,73.0,72.0,18.2,56.8
1604823991,63.0,76.0,73.0,72.0,18.2,56.8
1604823992,63.0,76.0,73.0,71.0,18.2,56.8
1604823993,63.0,76.0,73.0,71.0,18.2,56.8
1604823994,62.0,76.0,73.0,71.0,18.2,56.8
1604823995,62.0,76.0,73.0,71.0,18.2,56.8
1604823996,62.0,76.0,74.0,70.0,18.2,56.8
1604823997,62.0,76.0,74.0,70.0,18.2,56.8
1604823998,63.0,76.0,73.0,70.0,18.2,56.8
1604823999,63.0,76.0,73.0,70.0,18.2,56.8
1604824000,63.0,76.0,74.0,70.0,18.2,56.8
1604824001,63.0,77.0,74.0,70.0,18.2,56.8
1604824002,62.0,77.0,74.0,71.0,18.2,56.8
1604824003,62.0,77.0,74.0,71.0,18.2,56.8
1604824004,62.0,77.0,74.0,71.0,18.2,56.8
1604824005,62.0,77.0,74.0,71.0,18.2,56.8
1604824006,62.0,77.0,74.0,72.0,18.2,56.8
1604824007,61.0,77.0,73.0,72.0,18.2,56.8
1604824008,61.0,77.0,73.0,72.0,18.2,56.8
1604824009,61.0,76.0,73.0,72.0,18.2,56.8
1604824010,61.0,76.0,72.0,73.0,18.2,56.8
1604824011,61.0,75.5,72.0,73.0,18.2,56.8
1604824012,61.0,75.0,72.0,73.0,18.2,56.8
1604824013,61.0,75.0,72.0,73.0,18.2,56.8
1604824014,61.0,74.0,71.0,73.0,18.2,56.8
1604824015,61.0,74.0,71.0,73.0,18.2,56.7
1604824016,61.0,73.0,71.0,73.0,18.2,56.7
1604824017,61.0,73.0,71.0,72.0,18.2,56.7
1604824018,61.0,73.0,71.0,71.0,18.2,56.7
1604824019,61.0,73.0,71.0,71.0,18.2,56.7
1604824020,62.0,73.0,71.0,70.0,18.2,56.7
1604824021,62.0,73.0,71.0,70.0,18.2,56.7
1604824022,62.0,73.0,71.0,70.0,18.2,56.7
1604824023,63.0,73.0,71.0,69.0,18.2,56.7
1604824024,63.0,74.0,71.0,69.0,18.2,56.7
1604824025,63.0,74.0,71.0,69.0,18.2,56.7
1604824026,63.0,74.0,71.0,69.0,18.2,56.7
1604824027,63.0,74.0,71.0,70.0,18.2,56.7
1604824028,63.0,74.0,71.0,70.0,18.2,56.7
1604824029,63.0,74.0,71.0,70.0,18.2,56.7
1604824030,63.0,74.0,71.0,70.0,18.2,56.7
1604824031,63.0,74.0,71.0,70.0,18.2,56.7
1604824032,63.0,75.0,71.0,71.0,18.2,56.7
1604824033,63.0,75.0,71.0,71.0,18.2,56.7
1604824034,63.0,75.0,71.0,71.0,18.2,56.7
1604824035,63.0,75.0,71.0,71.0,18.2,56.7
1604824036,63.0,75.0,71.0,71.0,18.2,56.7
1604824037,63.0,75.0,71.0,71.0,18.2,56.7
1604824038,63.0,75.0,71.0,71.0,18.2,56.7
1604824039,63.0,75.0,71.0,71.0,18.2,56.7
1604824040,63.0,75.0,71.0,71.0,18.2,56.7
1604824041,63.0,75.0,71.0,71.0,18.2,56.7
1604824042,63.0,75.0,71.0,71.0,18.2,56.7
1604824043,62.0,76.0,71.0,71.0,18.3,56.8
1604824044,62.0,77.0,72.0,71.0,18.3,56.8
1604824045,62.0,78.0,72.0,71.0,18.3,56.8
1604824046,62.0,78.0,73.0,71.0,18.3,56.8
1604824047,62.0,78.0,73.0,71.0,18.3,56.8
1604824048,62.0,79.0,73.0,71.0,18.2,56.7
1604824049,62.0,79.0,74.0,71.0,18.2,56.7
1604824050,62.0,79.0,74.0,71.0,18.2,56.7
1604824051,62.0,79.0,74.0,71.0,18.2,56.7
1604824052,62.0,79.0,74.0,72.0,18.2,56.7
1604824053,62.0,79.0,75.0,72.0,18.2,56.7
1604824054,62.0,78.0,75.0,72.0,18.2,56.7
1604824055,63.0,78.0,75.0,72.0,18.2,56.7
1604824056,63.0,77.0,75.0,72.0,18.2,56.7
1604824057,63.0,76.0,75.0,73.0,18.2,56.7
1604824058,63.0,76.0,75.0,73.0,18.2,56.7
1604824059,63.0,75.0,75.0,73.0,18.2,56.7
1604824060,62.0,75.0,75.0,73.0,18.2,56.7
1604824061,62.0,74.0,75.0,72.0,18.2,56.7
1604824062,61.0,73.0,75.0,72.0,18.2,56.7
1604824063,61.0,73.0,75.0,72.0,18.2,56.7
1604824064,60.0,73.0,75.0,72.0,18.2,56.7
1604824065,60.0,73.0,76.0,72.0,18.2,56.7
1604824066,60.0,73.0,76.0,72.0,18.2,56.7
1604824067,59.0,73.0,76.0,72.0,18.2,56.7
1604824068,59.0,73.0,76.0,72.0,18.2,56.7
1604824069,59.0,73.0,76.0,71.0,18.2,56.7
1604824070,59.0,74.0,76.0,71.0,18.2,56.7
1604824071,59.0,74.0,76.0,72.0,18.2,56.7
1604824072,59.0,74.0,76.0,72.0,18.2,56.7
1604824073,60.0,74.0,75.0,72.0,18.2,56.7
1604824074,60.0,74.0,74.0,72.0,18.2,56.7
1604824075,60.0,74.0,74.0,72.0,18.2,56.7
1604824076,61.0,74.0,73.0,72.0,18.2,56.7
1604824077,61.0,74.0,73.0,72.0,18.2,56.7
1604824078,62.0,74.0,73.0,72.0,18.2,56.8
1604824079,63.0,73.0,73.0,72.0,18.2,56.8
1604824080,63.0,73.0,73.0,72.0,18.2,56.8
1604824081,63.0,73.0,73.0,72.0,18.2,56.8
1604824082,64.0,73.0,74.0,72.0,18.2,56.8
1604824083,65.0,73.0,74.0,73.0,18.2,56.8
1604824084,65.0,73.0,74.0,73.0,18.2,56.8
1604824085,66.0,73.0,74.0,73.0,18.2,56.8
1604824086,66.0,73.0,74.0,74.0,18.2,56.8
1604824087,66.0,73.0,74.0,74.0,18.2,56.8
1604824088,65.0,73.0,74.0,74.0,18.2,56.8
1604824089,65.0,73.0,74.0,74.0,18.2,56.8
1604824090,65.0,73.0,73.0,75.0,18.2,56.8
1604824091,64.0,73.0,73.0,75.0,18.2,56.8
1604824092,63.0,73.0,73.0,75.0,18.2,56.8
1604824093,63.0,73.0,72.0,75.0,18.2,56.8
1604824094,63.0,73.0,72.0,74.0,18.2,56.8
1604824095,63.0,73.0,71.0,74.0,18.2,56.8
1604824096,63.0,73.0,71.0,74.0,18.2,56.8
1604824097,63.0,73.0,71.0,73.0,18.2,56.8
1604824098,63.0,73.0,71.0,73.0,18.2,56.9
1604824099,63.0,73.0,70.0,72.0,18.2,56.9
1604824100,63.0,73.0,71.0,72.0,18.2,56.9
1604824101,64.0,73.0,71.0,72.0,18.2,56.9
1604824102,64.0,73.0,72.0,72.0,18.2,56.9
1604824103,64.0,72.0,72.0,72.0,18.2,56.9
1604824104,64.0,72.0,73.0,72.0,18.2,56.9
1604824105,64.0,72.0,73.0,72.0,18.2,56.9
1604824106,64.0,71.0,74.0,72.0,18.2,56.9
1604824107,64.0,71.0,74.0,73.0,18.2,56.9
1604824108,64.0,71.0,74.0,73.0,18.2,56.9
1604824109,64.0,71.0,74.0,73.0,18.2,56.9
1604824110,63.0,71.0,74.0,73.0,18.2,56.9
1604824111,63.0,71.0,74.0,73.0,18.2,56.9
1604824112,63.0,74.0,74.0,73.0,18.2,56.9
1604824113,63.0,74.0,73.0,73.0,18.2,56.9
1604824114,63.0,75.0,73.0,73.0,18.2,56.9
1604824115,63.0,75.0,73.0,73.0,18.2,56.9
1604824116,62.0,76.0,73.0,73.0,18.2,56.9
1604824117,62.0,76.0,74.0,73.0,18.2,56.9
1604824118,62.0,77.0,74.0,73.0,18.2,56.9
1604824119,62.0,77.0,74.0,73.0,18.2,56.9
1604824120,62.0,78.0,74.0,73.0,18.2,56.9
1604824121,62.0,78.0,74.0,73.0,18.2,56.9
1604824122,62.0,78.0,75.0,73.0,18.2,56.9
1604824123,62.0,78.0,75.0,73.0,18.2,56.9
1604824124,62.0,77.0,75.0,73.0,18.2,56.9
1604824125,62.0,77.0,75.0,73.0,18.2,56.9
1604824126,62.0,77.0,74.0,72.0,18.2,56.9
1604824127,62.0,77.0,73.0,72.0,18.2,56.9
1604824128,62.0,76.0,73.0,72.0,18.2,56.9
1604824129,62.0,76.0,73.0,71.0,18.2,56.9
1604824130,61.0,76.0,73.0,71.0,18.2,56.9
1604824131,61.0,76.0,73.0,71.0,18.2,56.9
1604824132,61.0,76.0,73.0,71.0,18.2,56.9
1604824133,61.0,76.0,73.0,71.0,18.2,56.8
1604824134,61.0,76.0,72.0,71.0,18.2,56.8
1604824135,61.0,76.0,73.0,71.0,18.2,56.8
1604824136,61.0,76.0,73.0,71.0,18.2,56.8
1604824137,60.0,76.0,73.0,71.0,18.2,56.8
1604824138,60.0,76.0,73.0,71.0,18.2,56.8
1604824139,60.0,75.0,73.0,71.0,18.2,56.8
1604824140,60.0,75.0,73.0,72.0,18.2,56.8
1604824141,60.0,75.0,73.0,72.0,18.2,56.8
1604824142,60.0,75.0,73.0,71.0,18.2,56.8
1604824143,60.0,75.0,73.0,71.0,18.2,56.8
1604824144,60.0,75.0,74.0,71.0,18.2,56.8
1604824145,60.0,75.0,74.0,71.0,18.2,56.8
1604824146,61.0,76.0,74.0,70.0,18.2,56.8
1604824147,61.0,76.0,74.0,69.0,18.2,56.8
1604824148,61.0,77.0,74.0,69.0,18.2,56.7
1604824149,61.0,78.0,74.0,69.0,18.2,56.7
1604824150,61.0,79.0,74.0,69.0,18.2,56.7
1604824151,61.0,79.0,74.0,69.0,18.2,56.7
1604824152,61.0,80.0,74.0,69.0,18.2,56.7
1604824153,61.0,80.0,74.0,69.0,18.2,56.7
1604824154,61.0,80.0,72.0,69.0,18.2,56.7
1604824155,61.0,79.0,72.0,69.0,18.2,56.7
1604824156,61.0,79.0,71.0,70.0,18.2,56.7
1604824157,61.0,78.0,71.0,70.0,18.2,56.7
1604824158,60.0,77.0,72.0,70.0,18.2,56.7
1604824159,60.0,77.0,72.0,70.0,18.2,56.7
1604824160,60.0,77.0,72.0,70.0,18.2,56.7
1604824161,60.0,76.0,73.0,70.0,18.2,56.7
1604824162,60.0,76.0,73.0,70.0,18.2,56.7
1604824163,60.0,76.0,74.0,70.0,18.2,56.7
1604824164,60.0,76.0,74.0,70.0,18.2,56.7
1604824165,60.0,76.0,74.0,70.0,18.2,56.7
1604824166,59.0,76.0,74.0,71.0,18.2,56.7
1604824167,59.0,76.0,74.0,71.0,18.2,56.7
1604824168,58.0,76.0,74.0,71.0,18.2,56.7
1604824169,58.0,76.0,73.0,71.0,18.2,56.7
1604824170,58.0,76.0,73.0,71.0,18.2,56.7
1604824171,57.0,76.0,72.0,72.0,18.2,56.7
1604824172,57.0,76.0,71.0,72.0,18.2,56.7
1604824173,56.0,76.0,71.0,72.0,18.2,56.7
1604824174,56.0,76.0,71.0,72.0,18.2,56.7
1604824175,56.0,76.0,71.0,72.0,18.2,56.7
1604824176,56.0,76.0,71.0,72.0,18.2,56.7
1604824177,57.0,77.0,71.0,72.0,18.2,56.7
1604824178,57.0,77.0,71.0,72.0,18.2,56.7
1604824179,57.0,77.0,72.0,72.0,18.2,56.7
1604824180,57.0,78.0,72.0,72.0,18.2,56.7
1604824181,58.0,77.0,73.0,72.0,18.2,56.7
1604824182,58.0,77.0,73.0,73.0,18.2,56.7
1604824183,58.0,77.0,73.0,73.0,18.2,56.8
1604824184,58.0,77.0,73.0,73.0,18.2,56.8
1604824185,58.0,77.0,73.0,73.0,18.2,56.8
1604824186,58.0,77.0,72.0,73.0,18.2,56.8
1604824187,58.0,77.0,72.0,73.0,18.2,56.8
1604824188,59.0,76.0,72.0,74.0,18.2,56.8
1604824189,58.0,76.0,72.0,74.0,18.2,56.8
1604824190,59.0,75.0,72.0,74.0,18.2,56.8
1604824191,59.0,75.0,72.0,74.0,18.2,56.8
1604824192,59.0,75.0,72.0,74.0,18.2,56.8
1604824193,59.0,74.0,72.0,74.0,18.2,56.8
1604824194,59.0,74.0,72.0,75.0,18.2,56.8
1604824195,59.0,74.0,72.0,75.0,18.2,56.8
1604824196,59.0,73.0,73.0,75.0,18.2,56.8
1604824197,59.0,73.0,73.0,75.0,18.2,56.8
1604824198,59.0,73.0,73.0,75.0,18.2,56.9
1604824199,59.0,73.0,73.0,75.0,18.2,56.9
1604824200,58.0,73.0,73.0,75.0,18.2,56.9
1604824201,58.0,72.0,73.0,75.0,18.2,56.9
1604824202,58.0,72.0,73.0,74.0,18.2,56.9
1604824203,58.0,72.0,72.0,74.0,18.2,56.8
1604824204,58.0,72.0,72.0,74.0,18.2,56.8
1604824205,59.0,72.0,72.0,74.0,18.2,56.8
1604824206,59.0,72.0,71.0,74.0,18.2,56.8
1604824207,59.0,72.0,71.0,73.0,18.2,56.8
1604824208,59.0,72.0,71.0,71.0,18.2,56.8
1604824209,59.0,72.0,70.0,71.0,18.2,56.8
1604824210,60.0,72.0,70.0,71.0,18.2,56.8
1604824211,60.0,72.0,70.0,71.0,18.2,56.8
1604824212,60.0,72.0,70.0,71.0,18.2,56.8
1604824213,60.0,73.0,70.0,71.0,18.2,56.7
1604824214,60.0,73.0,70.0,72.0,18.2,56.7
1604824215,59.0,74.0,70.0,72.0,18.2,56.7
1604824216,59.0,74.0,70.0,73.0,18.2,56.7
1604824217,59.0,75.0,71.0,73.0,18.2,56.7
1604824218,59.0,75.0,71.0,73.0,18.2,56.7
1604824219,59.0,76.0,72.0,74.0,18.2,56.7
1604824220,59.0,76.0,72.0,75.0,18.2,56.7
1604824221,58.0,76.0,72.0,75.0,18.2,56.7
1604824222,59.0,77.0,73.0,75.0,18.2,56.7
1604824223,59.0,77.0,73.0,75.0,18.2,56.8
1604824224,59.0,77.0,73.0,75.0,18.2,56.8
1604824225,59.0,77.0,73.0,74.0,18.2,56.8
1604824226,60.0,77.0,73.0,74.0,18.2,56.8
1604824227,60.0,77.0,73.0,73.0,18.2,56.8
1604824228,60.0,76.0,73.0,73.0,18.2,56.7
1604824229,60.0,76.0,73.0,72.0,18.2,56.7
1604824230,60.0,76.0,73.0,72.0,18.2,56.7
1604824231,60.0,76.0,73.0,71.0,18.2,56.7
1604824232,60.0,76.0,73.0,71.0,18.2,56.7
1604824233,60.0,76.0,73.0,71.0,18.2,56.6
1604824234,60.0,76.0,73.0,71.0,18.2,56.6
1604824235,59.0,76.0,73.0,72.0,18.2,56.6
1604824236,59.0,77.0,72.0,72.0,18.2,56.6
1604824237,59.0,77.0,72.0,72.0,18.2,56.6
1604824238,59.0,77.0,72.0,73.0,18.2,56.5
1604824239,59.0,78.0,71.0,73.0,18.2,56.5
1604824240,59.0,79.0,70.0,74.0,18.2,56.5
1604824241,59.0,79.0,70.0,75.0,18.2,56.5
1604824242,58.0,79.0,69.0,75.0,18.2,56.5
1604824243,58.333333333333336,79.0,69.0,75.0,18.2,56.5
1604824244,58.66666666666666,79.0,69.0,75.0,18.2,56.5
1604824245,59.0,79.0,69.0,75.0,18.2,56.5
1604824246,59.333333333333336,79.0,69.0,75.0,18.2,56.5
1604824247,59.66666666666666,79.0,69.0,75.0,18.2,56.5
1604824248,60.0,79.0,69.0,75.0,18.2,56.5
1604824249,60.333333333333336,79.0,69.0,75.0,18.2,56.5
1604824250,60.66666666666666,79.0,69.0,75.0,18.2,56.5
1604824251,61.0,79.0,69.0,75.0,18.2,56.5
1604824252,61.0,78.0,69.0,75.0,18.2,56.5
1604824253,61.0,78.0,69.0,75.0,18.2,56.5
1604824254,61.0,77.0,69.0,75.0,18.2,56.5
1604824255,62.0,77.0,69.0,75.0,18.2,56.5
1604824256,62.0,76.0,69.0,74.0,18.2,56.5
1604824257,62.0,76.0,69.0,74.0,18.2,56.5
1604824258,62.0,75.0,69.0,74.0,18.2,56.5
1604824259,62.0,75.0,70.0,73.0,18.2,56.5
1604824260,62.0,75.0,69.0,73.0,18.2,56.5
1604824261,62.0,75.0,69.0,73.0,18.3,56.6
1604824262,62.0,74.0,69.0,72.0,18.3,56.6
1604824263,62.0,74.0,69.0,72.0,18.3,56.6
1604824264,62.0,74.0,69.0,72.0,18.3,56.6
1604824265,62.0,74.0,69.0,71.0,18.3,56.6
1604824266,62.0,74.0,69.0,71.0,18.3,56.6
1604824267,61.0,74.0,69.0,71.0,18.3,56.6
1604824268,61.0,74.0,69.0,70.0,18.3,56.6
1604824269,61.0,74.0,69.0,70.0,18.3,56.6
1604824270,61.0,74.0,70.0,70.0,18.3,56.6
1604824271,60.0,74.0,70.0,70.0,18.2,56.5
1604824272,59.0,74.0,70.0,70.0,18.2,56.5
1604824273,59.0,74.0,70.0,70.0,18.2,56.5
1604824274,59.0,74.0,70.0,71.0,18.2,56.5
1604824275,59.0,74.0,70.0,71.0,18.2,56.5
1604824276,58.0,74.0,71.0,71.0,18.2,56.5
1604824277,58.0,74.0,70.0,72.0,18.2,56.5
1604824278,58.0,75.0,70.0,72.0,18.2,56.5
1604824279,58.0,75.0,70.0,73.0,18.2,56.5
1604824280,58.0,75.0,70.0,73.0,18.2,56.5
1604824281,58.0,75.0,69.0,73.0,18.3,56.6
1604824282,58.0,75.0,69.0,74.0,18.3,56.6
1604824283,58.0,76.0,69.0,74.0,18.3,56.6
1604824284,58.0,76.0,69.0,74.0,18.3,56.6
1604824285,58.0,76.0,69.0,74.0,18.3,56.6
1604824286,59.0,76.0,68.0,74.0,18.3,56.8
1604824287,59.0,77.0,69.0,74.0,18.3,56.8
1604824288,59.0,77.0,69.0,75.0,18.3,56.8
1604824289,59.0,77.0,69.0,75.0,18.3,56.8
1604824290,59.0,77.0,69.0,75.0,18.3,56.8
1604824291,60.0,78.0,70.0,75.0,18.3,56.8
1604824292,60.0,78.0,70.0,75.0,18.3,56.8
1604824293,60.0,77.0,70.0,75.0,18.3,56.8
1604824294,61.0,77.0,70.0,75.0,18.3,56.8
1604824295,61.0,77.0,70.0,76.0,18.3,56.8
1604824296,60.0,77.0,71.0,76.0,18.3,56.9
1604824297,60.0,77.0,70.0,75.0,18.3,56.9
1604824298,60.0,77.0,70.0,75.0,18.3,56.9
1604824299,60.0,76.0,70.0,75.0,18.3,56.9
1604824300,60.0,76.0,69.0,75.0,18.3,56.9
1604824301,60.0,76.0,68.0,75.0,18.3,56.7
1604824302,60.0,76.0,68.0,75.0,18.3,56.7
1604824303,60.0,76.0,67.0,74.0,18.3,56.7
1604824304,60.0,76.0,67.0,74.0,18.3,56.7
1604824305,60.0,76.0,67.0,74.0,18.3,56.7
1604824306,60.0,76.0,66.0,73.0,18.3,56.7
1604824307,60.0,76.0,66.0,73.0,18.3,56.7
1604824308,60.0,76.0,66.0,73.0,18.3,56.7
1604824309,60.0,76.0,66.0,73.0,18.3,56.7
1604824310,60.0,76.0,67.0,73.0,18.3,56.7
1604824311,60.0,76.0,67.0,73.0,18.3,56.7
1604824312,60.0,76.0,67.0,73.0,18.3,56.7
1604824313,60.0,76.0,67.0,73.0,18.3,56.7
1604824314,61.0,76.0,67.0,73.0,18.3,56.7
1604824315,61.0,76.0,67.0,73.0,18.3,56.7
1604824316,62.0,76.0,67.0,73.0,18.3,56.7
1604824317,62.0,76.0,67.0,73.0,18.3,56.7
1604824318,62.0,76.0,68.0,73.0,18.3,56.7
1604824319,62.0,76.0,69.0,73.0,18.3,56.7
1604824320,63.0,76.0,69.0,73.0,18.3,56.7
1604824321,63.0,76.0,70.0,73.0,18.1,57.0
1604824322,63.0,75.0,71.0,73.0,18.1,57.0
1604824323,63.0,75.0,72.0,73.0,18.1,57.0
1604824324,62.0,75.0,72.0,73.0,18.1,57.0
1604824325,62.0,75.0,73.0,73.0,18.1,57.0
1604824326,62.0,74.0,73.0,73.0,18.1,57.0
1604824327,62.0,74.0,74.0,73.0,18.1,57.0
1604824328,61.0,74.0,74.0,73.0,18.1,57.0
1604824329,61.0,74.0,74.0,72.0,18.1,57.0
1604824330,61.0,74.0,74.0,72.0,18.1,57.0
1604824331,61.0,74.0,74.0,72.0,18.1,57.0
1604824332,61.0,74.0,74.0,72.0,18.1,57.0
1604824333,61.0,75.0,74.0,72.0,18.1,57.0
1604824334,61.0,76.0,73.0,72.0,18.1,57.0
1604824335,61.0,76.0,73.0,71.0,18.1,57.0
1604824336,61.0,76.0,73.0,71.0,18.1,57.0
1604824337,61.0,77.0,72.0,71.0,18.1,57.0
1604824338,61.0,77.0,72.0,70.0,18.1,57.0
1604824339,61.0,77.0,72.0,70.0,18.1,57.0
1604824340,61.0,77.0,72.0,70.0,18.1,57.0
1604824341,61.0,77.0,72.0,70.0,18.1,56.9
1604824342,61.0,77.0,72.0,70.0,18.1,56.9
1604824343,61.0,77.0,72.0,70.0,18.1,56.9
1604824344,61.0,77.0,72.0,70.0,18.1,56.9
1604824345,61.0,77.0,72.0,70.0,18.1,56.9
1604824346,61.0,78.0,72.0,70.0,18.1,56.9
1604824347,61.0,78.0,72.0,71.0,18.1,56.9
1604824348,61.0,77.0,72.0,71.0,18.1,56.9
1604824349,61.0,77.0,72.0,72.0,18.1,56.9
1604824350,61.0,76.0,72.0,73.0,18.1,56.9
1604824351,61.0,76.0,72.0,73.0,18.1,56.9
1604824352,61.0,76.0,72.0,74.0,18.1,56.9
1604824353,61.0,75.0,72.0,74.0,18.1,56.9
1604824354,60.0,75.0,72.0,75.0,18.1,56.9
1604824355,60.0,75.0,72.0,75.0,18.1,56.9
1604824356,60.0,75.0,72.0,76.0,18.1,57.0
1604824357,60.0,75.0,72.0,76.0,18.1,57.0
1604824358,59.0,75.0,72.0,76.0,18.1,57.0
1604824359,59.0,75.0,72.0,76.0,18.1,57.0
1604824360,59.0,75.0,71.0,76.0,18.1,57.0
1604824361,59.0,75.0,71.0,75.0,18.1,57.0
1604824362,59.0,75.0,71.0,75.0,18.1,57.0
1604824363,59.0,75.0,71.0,75.0,18.1,57.0
1604824364,59.0,75.0,71.0,74.0,18.1,57.0
1604824365,59.0,75.0,71.0,74.0,18.1,57.0
1604824366,59.0,75.0,71.0,74.0,18.1,56.9
1604824367,59.0,75.0,71.0,73.0,18.1,56.9
1604824368,59.0,75.0,71.0,73.0,18.1,56.9
1604824369,59.0,75.0,71.0,73.0,18.1,56.9
1604824370,59.0,75.0,72.0,73.0,18.1,56.9
1604824371,59.0,75.0,72.0,72.0,18.1,56.8
1604824372,59.0,74.0,72.0,72.0,18.1,56.8
1604824373,60.0,74.0,72.0,72.0,18.1,56.8
1604824374,60.0,74.0,72.0,72.0,18.1,56.8
1604824375,60.0,73.0,71.0,71.0,18.1,56.8
1604824376,60.0,73.0,71.0,71.0,18.2,56.9
1604824377,60.0,73.0,71.0,70.0,18.2,56.9
1604824378,60.0,73.0,71.0,70.0,18.2,56.9
1604824379,59.0,73.0,70.0,70.0,18.2,56.9
1604824380,59.0,72.0,70.0,69.0,18.2,56.9
1604824381,59.0,72.0,70.0,69.0,18.1,56.9
1604824382,59.0,73.0,70.0,69.0,18.1,56.9
1604824383,59.0,73.0,70.0,69.0,18.1,56.9
1604824384,58.0,73.0,70.0,70.0,18.1,56.9
1604824385,58.0,73.0,70.0,70.0,18.1,56.9
1604824386,57.0,73.0,70.0,71.0,18.2,57.0
1604824387,57.0,74.0,70.0,71.0,18.2,57.0
1604824388,57.0,74.0,70.0,71.0,18.2,57.0
1604824389,57.0,74.0,71.0,71.0,18.2,57.0
1604824390,57.0,74.0,71.0,72.0,18.2,57.0
1604824391,57.0,74.0,71.0,73.0,18.2,56.9
1604824392,57.0,74.0,71.0,73.0,18.2,56.9
1604824393,57.0,74.0,71.0,72.0,18.2,56.9
1604824394,57.0,74.0,71.0,72.0,18.2,56.9
1604824395,57.0,75.0,71.0,71.0,18.2,56.9
1604824396,58.0,75.0,71.0,71.0,18.1,56.8
1604824397,58.0,75.0,71.0,70.0,18.1,56.8
1604824398,58.0,76.0,71.0,70.0,18.1,56.8
1604824399,58.0,76.0,71.0,69.0,18.1,56.8
1604824400,58.0,77.0,71.0,69.0,18.1,56.8
1604824401,59.0,77.0,71.0,69.0,18.2,56.9
1604824402,58.0,78.0,71.0,69.0,18.2,56.9
1604824403,58.0,78.0,71.0,69.0,18.2,56.9
1604824404,58.0,79.0,71.0,70.0,18.2,56.9
1604824405,58.0,79.0,71.0,70.0,18.2,56.9
1604824406,58.0,79.0,71.0,71.0,18.2,56.9
1604824407,58.0,79.0,71.0,72.0,18.2,56.9
1604824408,58.0,78.0,71.0,73.0,18.2,56.9
1604824409,58.0,78.0,71.0,74.0,18.2,56.9
1604824410,58.0,78.0,71.0,75.0,18.2,56.9
1604824411,58.0,78.0,71.0,75.0,18.2,56.8
1604824412,58.0,78.0,72.0,76.0,18.2,56.8
1604824413,58.0,77.0,69.0,76.0,18.2,56.8
1604824414,59.0,77.0,69.0,76.0,18.2,56.8
1604824415,58.0,77.0,69.0,76.0,18.2,56.8
1604824416,58.0,78.0,69.0,76.0,18.2,56.8
1604824417,58.0,78.0,69.0,76.0,18.2,56.8
1604824418,59.0,78.0,69.0,76.0,18.2,56.8
1604824419,59.0,78.0,70.0,76.0,18.2,56.8
1604824420,59.0,78.0,70.0,75.0,18.2,56.8
1604824421,59.0,78.0,70.0,75.0,18.2,56.7
1604824422,59.0,78.0,70.0,76.0,18.2,56.7
1604824423,59.0,77.0,70.0,76.0,18.2,56.7
1604824424,59.0,77.0,71.0,75.0,18.2,56.7
1604824425,59.0,77.0,71.0,75.0,18.2,56.7
1604824426,59.0,76.0,71.0,75.0,18.2,56.7
1604824427,59.0,76.0,71.0,75.0,18.2,56.7
1604824428,59.0,76.0,71.0,75.0,18.2,56.7
1604824429,59.0,76.0,70.0,74.0,18.2,56.7
1604824430,59.0,76.0,70.0,74.0,18.2,56.7
1604824431,59.0,75.0,70.0,73.0,18.2,56.7
1604824432,60.0,76.0,70.0,72.0,18.2,56.7
1604824433,60.0,76.0,70.0,72.0,18.2,56.7
1604824434,60.0,76.0,69.0,71.0,18.2,56.7
1604824435,61.0,76.0,69.0,71.0,18.2,56.7
1604824436,61.0,76.0,70.0,71.0,18.2,56.7
1604824437,61.0,76.0,70.0,74.0,18.2,56.7
1604824438,62.0,76.0,71.0,74.0,18.2,56.7
1604824439,63.0,76.0,71.0,74.0,18.2,56.7
1604824440,63.0,77.0,72.0,74.0,18.2,56.7
1604824441,63.0,77.0,72.0,74.0,18.2,56.7
1604824442,63.0,78.0,73.0,74.0,18.2,56.7
1604824443,63.0,78.0,73.0,74.0,18.2,56.7
1604824444,62.0,78.0,74.0,74.0,18.2,56.7
1604824445,62.0,78.0,74.0,73.0,18.2,56.7
1604824446,62.0,78.0,74.0,73.0,18.2,56.7
1604824447,62.0,78.0,74.0,73.0,18.2,56.7
1604824448,62.0,78.0,73.0,73.0,18.2,56.7
1604824449,62.0,78.0,73.0,73.0,18.2,56.7
1604824450,61.0,77.0,73.0,73.0,18.2,56.7
1604824451,61.0,77.0,74.0,72.0,18.2,56.7
1604824452,61.0,77.0,74.0,72.0,18.2,56.7
1604824453,61.0,76.0,74.0,73.0,18.2,56.7
1604824454,61.0,76.0,73.0,73.0,18.2,56.7
1604824455,61.0,75.0,73.0,73.0,18.2,56.7
1604824456,61.11111111111112,75.0,73.0,73.0,18.2,56.7
1604824457,61.22222222222222,75.0,73.0,73.0,18.2,56.7
1604824458,61.333333333333336,75.0,73.0,73.0,18.2,56.7
1604824459,61.44444444444444,75.0,73.0,73.0,18.2,56.7
1604824460,61.55555555555556,75.0,73.0,73.0,18.2,56.7
1604824461,61.66666666666666,75.0,73.0,73.0,18.2,56.7
1604824462,61.77777777777778,75.0,73.0,73.0,18.2,56.7
1604824463,61.888888888888886,75.0,73.0,73.0,18.2,56.7
1604824464,62.0,75.0,73.0,73.0,18.2,56.7
1604824465,62.0,75.0,73.0,74.0,18.2,56.7
1604824466,62.0,75.0,73.0,74.0,18.2,56.7
1604824467,62.0,75.0,72.0,74.0,18.2,56.7
1604824468,62.0,74.0,72.0,74.0,18.2,56.7
1604824469,62.0,74.0,72.0,73.0,18.2,56.7
1604824470,62.0,74.0,71.0,73.0,18.2,56.7
1604824471,62.0,74.0,70.0,73.0,18.2,56.7
1604824472,62.0,74.0,70.0,73.0,18.2,56.7
1604824473,62.0,74.0,70.0,72.0,18.2,56.7
1604824474,62.0,74.0,69.0,72.0,18.2,56.7
1604824475,62.0,74.0,69.0,71.0,18.2,56.7
1604824476,62.0,73.0,69.0,71.0,18.2,56.7
1604824477,61.0,73.0,69.0,71.0,18.2,56.7
1604824478,61.0,72.0,69.0,71.0,18.2,56.7
1604824479,61.0,72.0,70.0,71.0,18.2,56.7
1604824480,60.0,72.0,70.0,71.0,18.2,56.7
1604824481,59.0,72.0,70.0,71.0,18.2,56.7
1604824482,59.0,72.0,70.0,71.0,18.2,56.7
1604824483,59.0,72.0,70.0,71.0,18.2,56.7
1604824484,59.0,72.0,70.0,71.0,18.2,56.8
1604824485,59.0,71.0,70.0,71.0,18.2,56.8
1604824486,59.0,71.0,70.0,71.0,18.2,56.8
1604824487,59.0,71.0,70.0,71.0,18.2,56.8
1604824488,59.0,72.0,71.0,71.0,18.2,56.8
1604824489,59.0,72.0,70.0,71.0,18.1,56.7
1604824490,59.0,71.0,71.0,72.0,18.1,56.7
1604824491,60.0,71.0,71.0,72.0,18.1,56.7
1604824492,60.0,71.0,71.0,72.0,18.1,56.7
1604824493,60.0,71.0,71.0,72.0,18.1,56.7
1604824494,59.0,71.0,71.0,72.0,18.2,56.7
1604824495,59.0,71.0,72.0,72.0,18.2,56.7
1604824496,59.0,71.0,72.0,72.0,18.2,56.7
1604824497,58.0,71.0,71.0,72.0,18.2,56.7
1604824498,58.0,70.0,71.0,72.0,18.2,56.7
1604824499,58.0,70.0,71.0,72.0,18.2,56.8
1604824500,58.0,70.0,71.0,72.0,18.2,56.8
1604824501,58.0,70.0,71.0,72.0,18.2,56.8
1604824502,58.0,70.0,71.0,72.0,18.2,56.8
1604824503,58.0,70.0,71.0,73.0,18.2,56.8
1604824504,58.0,71.0,71.0,73.0,18.2,56.8
1604824505,58.0,71.0,71.0,73.0,18.2,56.8
1604824506,58.0,71.0,71.0,73.0,18.2,56.8
1604824507,58.0,72.0,71.0,73.0,18.2,56.8
1604824508,58.0,72.0,71.0,73.0,18.2,56.8
1604824509,59.0,73.0,71.0,73.0,18.2,56.8
1604824510,59.0,74.0,71.0,72.0,18.2,56.8
1604824511,59.0,75.0,71.0,72.0,18.2,56.8
1604824512,59.0,75.0,71.0,72.0,18.2,56.8
1604824513,59.0,76.0,71.0,71.0,18.2,56.8
1604824514,59.0,76.0,71.0,71.0,18.2,56.8
1604824515,60.0,77.0,71.0,71.0,18.2,56.8
1604824516,60.0,77.0,71.0,71.0,18.2,56.8
1604824517,60.0,78.0,72.0,71.0,18.2,56.8
1604824518,61.0,79.0,72.0,71.0,18.2,56.8
1604824519,61.0,79.0,72.0,72.0,18.1,56.7
1604824520,61.0,79.0,72.0,72.0,18.1,56.7
1604824521,61.0,79.0,72.0,73.0,18.1,56.7
1604824522,61.0,79.0,72.0,73.0,18.1,56.7
1604824523,61.0,79.0,72.0,73.0,18.1,56.7
1604824524,61.0,78.0,72.0,73.0,18.2,56.8
1604824525,61.0,78.0,72.0,73.0,18.2,56.8
1604824526,61.0,77.0,72.0,72.0,18.2,56.8
1604824527,61.0,77.0,72.0,71.0,18.2,56.8
1604824528,61.0,76.0,72.0,71.0,18.2,56.8
1604824529,61.0,75.0,72.0,71.0,18.2,56.8
1604824530,62.0,75.0,72.0,70.0,18.2,56.8
1604824531,62.0,75.0,72.0,70.0,18.2,56.8
1604824532,62.0,75.0,71.0,69.0,18.2,56.8
1604824533,62.0,75.0,71.0,69.0,18.2,56.8
1604824534,62.0,74.0,71.0,69.0,18.2,56.7
1604824535,62.0,74.0,71.0,69.0,18.2,56.7
1604824536,62.0,73.0,70.0,69.0,18.2,56.7
1604824537,62.0,73.0,70.0,69.0,18.2,56.7
1604824538,62.0,73.0,70.0,68.0,18.2,56.7
1604824539,62.0,73.0,70.0,68.0,18.2,56.7
1604824540,62.0,73.0,70.0,68.0,18.2,56.7
1604824541,62.0,73.0,71.0,68.0,18.2,56.7
1604824542,62.0,73.0,71.0,68.0,18.2,56.7
1604824543,62.0,74.0,72.0,68.0,18.2,56.7
1604824544,62.0,74.0,72.0,68.0,18.2,56.7
1604824545,62.0,75.0,73.0,68.0,18.2,56.7
1604824546,62.0,75.0,73.0,68.0,18.2,56.7
1604824547,62.0,77.0,74.0,68.0,18.2,56.7
1604824548,62.0,77.0,74.0,68.0,18.2,56.7
1604824549,62.0,78.0,73.0,68.0,18.2,56.7
1604824550,62.0,79.0,73.0,68.0,18.2,56.7
1604824551,62.0,79.0,73.0,69.0,18.2,56.7
1604824552,61.0,79.0,72.0,70.0,18.2,56.7
1604824553,60.0,80.0,71.0,70.0,18.2,56.7
1604824554,60.0,79.0,71.0,70.0,18.1,56.7
1604824555,59.0,79.0,70.0,70.0,18.1,56.7
1604824556,59.0,78.0,70.0,70.0,18.1,56.7
1604824557,59.0,78.0,69.0,70.0,18.1,56.7
1604824558,58.0,77.0,69.0,70.0,18.1,56.7
1604824559,58.0,76.0,69.0,70.0,18.2,56.8
1604824560,58.0,76.0,69.0,70.0,18.2,56.8
1604824561,58.0,76.0,69.0,70.0,18.2,56.8
1604824562,58.0,75.0,70.0,70.0,18.2,56.8
1604824563,58.0,75.0,70.0,70.0,18.2,56.8
1604824564,59.0,75.0,70.0,70.0,18.2,56.8
1604824565,59.0,76.0,71.0,70.0,18.2,56.8
1604824566,59.0,76.0,71.0,70.0,18.2,56.8
1604824567,59.0,76.0,71.0,71.0,18.2,56.8
1604824568,59.0,76.0,71.0,71.0,18.2,56.8
1604824569,59.0,76.0,71.0,71.0,18.1,56.7
1604824570,59.0,76.0,70.0,71.0,18.1,56.7
1604824571,59.0,76.0,70.0,72.0,18.1,56.7
1604824572,59.0,75.0,70.0,72.0,18.1,56.7
1604824573,59.0,75.0,70.0,72.0,18.1,56.7
1604824574,59.0,75.0,70.0,72.0,18.2,56.8
1604824575,59.0,74.0,69.0,72.0,18.2,56.8
1604824576,59.0,75.0,69.0,73.0,18.2,56.8
1604824577,59.0,75.0,69.0,74.0,18.2,56.8
1604824578,60.0,75.0,69.0,74.0,18.2,56.8
1604824579,60.0,75.0,69.0,75.0,18.2,56.8
1604824580,60.0,75.0,69.0,76.0,18.2,56.8
1604824581,61.0,75.0,69.0,76.0,18.2,56.8
1604824582,61.0,77.0,69.0,77.0,18.2,56.8
1604824583,62.0,77.0,69.0,77.0,18.2,56.8
1604824584,62.0,77.0,69.0,78.0,18.1,56.7
1604824585,62.0,77.0,69.0,77.0,18.1,56.7
1604824586,62.0,78.0,69.0,77.0,18.1,56.7
1604824587,62.0,78.0,69.0,76.0,18.1,56.7
1604824588,62.0,78.0,69.0,76.0,18.1,56.7
1604824589,62.0,79.0,69.0,75.0,18.2,56.8
1604824590,62.0,79.0,69.0,74.0,18.2,56.8
1604824591,62.0,79.0,69.0,73.0,18.2,56.8
1604824592,62.0,79.0,69.0,73.0,18.2,56.8
1604824593,62.0,79.0,70.0,72.0,18.2,56.8
1604824594,62.0,78.0,70.0,72.0,18.2,56.8
1604824595,62.0,78.0,70.0,71.0,18.2,56.8
1604824596,62.0,77.0,70.0,71.0,18.2,56.8
1604824597,62.0,76.0,70.0,71.0,18.2,56.8
1604824598,62.0,76.0,70.0,71.0,18.2,56.8
1604824599,62.0,75.0,70.0,71.0,18.2,56.8
1604824600,61.0,74.0,70.0,70.0,18.2,56.8
1604824601,61.0,74.0,69.0,70.0,18.2,56.8
1604824602,61.0,74.0,70.0,70.0,18.2,56.8
1604824603,61.0,74.0,70.0,70.0,18.2,56.8
1604824604,61.0,74.0,70.0,70.0,18.1,56.8
1604824605,61.0,74.0,71.0,70.0,18.1,56.8
1604824606,61.0,75.0,71.0,70.0,18.1,56.8
1604824607,61.0,75.0,71.0,70.0,18.1,56.8
1604824608,61.0,75.0,72.0,70.0,18.1,56.8
1604824609,61.0,76.0,73.0,71.0,18.2,56.9
1604824610,61.0,76.0,73.0,71.0,18.2,56.9
1604824611,62.0,76.0,73.0,72.0,18.2,56.9
1604824612,62.0,76.0,73.0,72.0,18.2,56.9
1604824613,62.0,76.0,73.0,73.0,18.2,56.9
1604824614,62.0,76.0,73.0,73.0,18.2,56.9
1604824615,62.0,76.0,73.0,74.0,18.2,56.9
1604824616,62.0,76.0,72.0,74.0,18.2,56.9
1604824617,62.0,76.0,72.0,74.0,18.2,56.9
1604824618,62.0,76.0,72.0,74.0,18.2,56.9
1604824619,61.0,76.0,71.0,75.0,18.2,56.9
1604824620,61.0,76.0,71.0,74.0,18.2,56.9
1604824621,61.0,77.0,70.0,74.0,18.2,56.9
1604824622,61.0,77.0,70.0,74.0,18.2,56.9
1604824623,61.0,77.0,70.0,74.0,18.2,56.9
1604824624,60.0,78.0,69.0,74.0,18.2,56.9
1604824625,60.0,78.0,69.0,73.0,18.2,56.9
1604824626,60.0,78.0,69.0,73.0,18.2,56.9
1604824627,60.0,79.0,69.0,73.0,18.2,56.9
1604824628,60.0,79.0,69.0,73.0,18.2,56.9
1604824629,60.0,79.0,69.0,73.0,18.1,56.9
1604824630,60.0,79.0,70.0,73.0,18.1,56.9
1604824631,60.0,78.0,70.0,73.0,18.1,56.9
1604824632,60.0,78.0,71.0,73.0,18.1,56.9
1604824633,60.0,78.0,71.0,73.0,18.1,56.9
1604824634,60.0,78.0,72.0,73.0,18.1,56.9
1604824635,60.0,78.0,72.0,73.0,18.1,56.9
1604824636,61.0,78.0,73.0,73.0,18.1,56.9
1604824637,61.0,78.0,73.0,73.0,18.1,56.9
1604824638,61.0,78.0,73.0,72.0,18.1,56.9
1604824639,61.0,79.0,72.0,72.0,18.2,57.0
1604824640,61.0,79.0,72.0,72.0,18.2,57.0
1604824641,62.0,80.0,73.0,72.0,18.2,57.0
1604824642,62.0,80.0,72.0,71.0,18.2,57.0
1604824643,61.0,81.0,72.0,71.0,18.2,57.0
1604824644,62.0,81.0,71.0,71.0,18.2,57.0
1604824645,61.0,81.0,71.0,70.0,18.2,57.0
1604824646,61.0,81.0,71.0,70.0,18.2,57.0
1604824647,61.0,81.0,71.0,70.0,18.2,57.0
1604824648,61.0,81.0,71.0,70.0,18.2,57.0
1604824649,61.0,80.0,71.0,70.0,18.1,57.0
1604824650,60.0,80.0,71.0,70.0,18.1,57.0
1604824651,60.0,79.0,70.0,70.0,18.1,57.0
1604824652,60.0,79.0,70.0,71.0,18.1,57.0
1604824653,60.0,77.0,70.0,71.0,18.1,57.0
1604824654,60.0,77.0,71.0,71.0,18.1,56.9
1604824655,60.0,76.0,71.0,71.0,18.1,56.9
1604824656,60.0,76.0,70.0,71.0,18.1,56.9
1604824657,60.0,75.0,70.0,71.0,18.1,56.9
1604824658,60.0,75.0,70.0,70.0,18.1,56.9
1604824659,61.0,75.0,70.0,70.0,18.1,56.9
1604824660,61.0,75.0,70.0,69.0,18.1,56.9
1604824661,62.0,76.0,70.0,70.0,18.1,56.9
1604824662,62.0,76.0,69.0,70.0,18.1,56.9
1604824663,63.0,76.0,68.0,70.0,18.1,56.9
1604824664,63.0,77.0,68.0,70.0,18.1,57.0
1604824665,64.0,77.0,68.0,70.0,18.1,57.0
1604824666,64.0,78.0,68.0,70.0,18.1,57.0
1604824667,64.0,78.0,68.0,70.0,18.1,57.0
1604824668,64.0,78.0,69.0,71.0,18.1,57.0
1604824669,63.625,78.0,69.0,70.875,18.1,57.0125
1604824670,63.25,78.0,69.0,70.75,18.1,57.025
1604824671,62.875,78.0,69.0,70.625,18.1,57.0375
1604824672,62.5,78.0,69.0,70.5,18.1,57.05
1604824673,62.125,78.0,69.0,70.375,18.1,57.0625
1604824674,61.75,78.0,69.0,70.25,18.1,57.075
1604824675,61.375,78.0,69.0,70.125,18.1,57.0875
1604824676,61.0,78.0,69.0,70.0,18.1,57.1
1604824677,61.0,78.0,70.0,70.0,18.1,57.1
1604824678,61.0,78.0,71.0,70.0,18.1,57.1
1604824679,60.0,78.0,71.0,69.0,18.1,57.1
1604824680,60.0,78.0,72.0,69.0,18.1,57.1
1604824681,59.0,78.0,72.0,69.0,18.1,57.1
1604824682,59.0,78.0,73.0,69.0,18.1,57.1
1604824683,59.0,78.0,73.0,69.0,18.1,57.1
1604824684,59.0,78.0,73.0,69.0,18.1,57.1
1604824685,59.0,78.0,73.0,70.0,18.1,57.1
1604824686,59.0,77.0,73.0,70.0,18.2,57.1
1604824687,59.0,77.0,73.0,70.0,18.2,57.1
1604824688,59.0,77.0,72.0,70.0,18.2,57.1
1604824689,59.0,77.0,72.0,70.0,18.2,57.1
1604824690,59.0,77.0,72.0,70.0,18.2,57.1
1604824691,59.0,76.0,72.0,70.0,18.1,57.0
1604824692,59.0,76.0,71.0,70.0,18.1,57.0
1604824693,59.0,77.0,71.0,70.0,18.1,57.0
1604824694,59.0,77.0,70.0,70.0,18.1,57.0
1604824695,59.0,77.0,69.0,70.0,18.1,57.0
1604824696,60.0,77.0,69.0,70.0,18.1,56.8
1604824697,60.0,76.0,68.0,70.0,18.1,56.8
1604824698,59.0,76.0,68.0,70.0,18.1,56.8
1604824699,59.0,76.0,67.0,70.0,18.1,56.8
1604824700,59.0,76.0,67.0,70.0,18.1,56.8
1604824701,59.0,75.0,67.0,70.0,18.1,56.7
1604824702,59.0,75.0,68.0,69.0,18.1,56.7
1604824703,59.0,75.0,68.0,70.0,18.1,56.7
1604824704,59.0,75.0,69.0,69.0,18.1,56.7
1604824705,59.0,75.0,70.0,69.0,18.1,56.7
1604824706,59.0,75.0,71.0,69.0,18.1,56.7
1604824707,59.0,75.0,72.0,69.0,18.1,56.7
1604824708,60.0,76.0,73.0,69.0,18.1,56.7
1604824709,60.0,76.0,74.0,69.0,18.1,56.7
1604824710,60.0,76.0,74.5,68.5,18.1,56.7
1604824711,60.0,76.0,75.0,68.0,18.1,56.7
1604824712,60.0,77.0,75.0,68.0,18.1,56.7
1604824713,61.0,77.0,76.0,67.0,18.1,56.7
1604824714,61.0,78.0,76.0,67.0,18.1,56.7
1604824715,61.0,78.0,75.0,67.0,18.1,56.7
1604824716,61.0,78.0,75.0,68.0,18.1,56.7
1604824717,62.0,78.0,74.0,68.0,18.1,56.6
1604824718,62.0,78.0,73.0,68.0,18.1,56.6
1604824719,62.0,78.0,72.0,68.0,18.1,56.6
1604824720,62.0,78.0,72.0,68.0,18.1,56.6
1604824721,63.0,77.0,71.0,69.0,18.1,56.6
1604824722,63.0,77.0,70.0,69.0,18.1,56.6
1604824723,63.0,77.0,70.0,69.0,18.1,56.6
1604824724,62.0,77.0,69.0,70.0,18.1,56.6
1604824725,62.0,77.0,69.0,70.0,18.1,56.6
1604824726,62.0,77.0,69.0,70.0,18.1,56.6
1604824727,62.0,76.0,69.0,70.0,18.2,56.7
1604824728,61.0,76.0,69.0,70.0,18.2,56.7
1604824729,61.0,76.0,69.0,71.0,18.2,56.7
1604824730,61.0,77.0,69.0,71.0,18.2,56.7
1604824731,60.0,77.0,69.0,71.0,18.2,56.7
1604824732,60.0,77.0,69.0,71.0,18.2,56.7
1604824733,59.0,77.0,68.0,71.0,18.2,56.7
1604824734,59.0,77.0,68.0,72.0,18.2,56.7
1604824735,59.0,76.0,68.0,72.0,18.2,56.7
1604824736,60.0,76.0,68.0,72.0,18.2,56.7
1604824737,60.0,76.0,68.0,73.0,18.2,56.8
1604824738,60.0,76.0,68.0,73.0,18.2,56.8
1604824739,61.0,76.0,68.0,73.0,18.2,56.8
1604824740,61.0,76.0,68.0,73.0,18.2,56.8
1604824741,61.0,76.0,69.0,73.0,18.2,56.8
1604824742,62.0,75.0,69.0,74.0,18.2,56.8
1604824743,62.0,75.0,70.0,74.0,18.2,56.8
1604824744,62.0,75.0,70.0,74.0,18.2,56.8
1604824745,62.0,75.0,72.0,74.0,18.2,56.8
1604824746,62.0,75.0,72.0,74.0,18.2,56.8
1604824747,63.0,76.0,73.0,73.0,18.1,56.7
1604824748,63.0,76.0,73.0,73.0,18.1,56.7
1604824749,63.0,77.0,74.0,73.0,18.1,56.7
1604824750,62.0,77.0,74.0,72.0,18.1,56.7
1604824751,62.0,78.0,74.0,72.0,18.1,56.7
1604824752,62.0,79.0,74.0,71.0,18.1,56.7
1604824753,62.0,79.0,74.0,70.0,18.1,56.7
1604824754,62.0,80.0,74.0,70.0,18.1,56.7
1604824755,62.0,80.0,74.0,70.0,18.1,56.7
1604824756,61.0,81.0,73.0,69.0,18.1,56.7
1604824757,61.0,81.0,73.0,69.0,18.2,56.9
1604824758,61.0,80.0,73.0,69.0,18.2,56.9
1604824759,60.0,80.0,72.0,69.0,18.2,56.9
1604824760,60.0,80.0,72.0,70.0,18.2,56.9
1604824761,59.0,79.0,72.0,70.0,18.2,56.9
1604824762,59.0,79.0,71.0,70.0,18.1,56.8
1604824763,59.0,79.0,71.0,71.0,18.1,56.8
1604824764,58.0,79.0,71.0,71.0,18.1,56.8
1604824765,58.0,79.0,71.0,71.0,18.1,56.8
1604824766,58.0,78.0,71.0,72.0,18.1,56.8
1604824767,58.0,78.0,71.0,72.0,18.2,56.9
1604824768,58.0,78.0,71.0,72.0,18.2,56.9
1604824769,58.0,78.0,71.0,72.0,18.2,56.9
1604824770,58.0,78.0,72.0,72.0,18.2,56.9
1604824771,58.0,78.0,72.0,72.0,18.2,56.9
1604824772,58.0,78.0,73.0,71.0,18.2,56.9
1604824773,58.0,78.0,73.0,71.0,18.2,56.9
1604824774,58.0,78.0,74.0,72.0,18.2,56.9
1604824775,58.0,77.0,74.0,72.0,18.2,56.9
1604824776,58.0,77.0,74.0,72.0,18.2,56.9
1604824777,58.0,76.0,74.0,72.0,18.2,56.9
1604824778,57.0,76.0,74.0,73.0,18.2,56.9
1604824779,57.0,76.0,74.0,73.0,18.2,56.9
1604824780,57.0,76.0,74.0,73.0,18.2,56.9
1604824781,56.0,75.0,73.0,73.0,18.2,56.9
1604824782,56.0,75.0,73.0,73.0,18.2,56.9
1604824783,56.0,75.0,72.0,74.0,18.2,56.9
1604824784,56.0,74.0,72.0,73.0,18.2,56.9
1604824785,56.0,74.0,72.0,73.0,18.2,56.9
1604824786,56.0,74.0,72.0,72.0,18.2,56.9
1604824787,56.0,74.0,72.0,72.0,18.2,56.9
1604824788,56.0,74.0,72.0,72.0,18.2,56.9
1604824789,57.0,74.0,72.0,71.0,18.2,56.9
1604824790,58.0,74.0,72.0,71.0,18.2,56.9
1604824791,58.0,75.0,72.0,71.0,18.2,56.9
1604824792,60.0,75.0,72.0,71.0,18.2,56.9
1604824793,60.0,76.0,72.0,71.0,18.2,56.9
1604824794,61.0,76.0,73.0,71.0,18.2,56.9
1604824795,62.0,78.0,73.0,71.0,18.2,56.9
1604824796,62.0,78.0,73.0,72.0,18.2,56.9
1604824797,62.0,79.0,73.0,72.0,18.2,56.9
1604824798,63.0,79.0,73.0,72.0,18.2,56.9
1604824799,63.0,79.0,72.0,72.0,18.2,56.9
1604824800,63.0,79.0,72.0,72.0,18.2,56.9
1604824801,63.0,79.0,72.0,72.0,18.2,56.9
1604824802,63.0,79.0,72.0,72.0,18.2,56.8
1604824803,63.0,79.0,72.0,71.0,18.2,56.8
1604824804,62.0,78.0,72.0,71.0,18.2,56.8
1604824805,62.0,77.0,72.0,71.0,18.2,56.8
1604824806,62.0,77.0,72.0,70.0,18.2,56.8
1604824807,62.0,76.0,72.0,70.0,18.2,56.7
1604824808,61.0,76.0,72.0,70.0,18.2,56.7
1604824809,61.0,75.0,72.0,70.0,18.2,56.7
1604824810,60.0,75.0,72.0,70.0,18.2,56.7
1604824811,60.0,75.0,72.0,70.0,18.2,56.7
1604824812,60.0,74.0,72.0,70.0,18.2,56.7
1604824813,60.0,74.0,72.0,71.0,18.2,56.7
1604824814,60.0,75.0,72.0,72.0,18.2,56.7
1604824815,59.0,75.0,72.0,72.0,18.2,56.7
1604824816,59.0,75.0,72.0,72.0,18.2,56.7
1604824817,59.0,75.0,72.0,72.0,18.2,56.6
1604824818,59.0,75.0,72.0,72.0,18.2,56.6
1604824819,59.0,75.0,72.0,72.0,18.2,56.6
1604824820,59.0,75.0,72.0,72.0,18.2,56.6
1604824821,59.0,75.0,72.0,71.0,18.2,56.6
1604824822,59.0,75.0,71.0,71.0,18.2,56.7
1604824823,59.0,75.0,71.0,71.0,18.2,56.7
1604824824,59.0,75.0,71.0,70.0,18.2,56.7
1604824825,59.0,75.0,70.0,70.0,18.2,56.7
1604824826,59.0,76.0,70.0,70.0,18.2,56.7
1604824827,59.0,76.0,70.0,70.0,18.2,56.6
1604824828,59.0,77.0,70.0,70.0,18.2,56.6
1604824829,59.0,78.0,70.0,70.0,18.2,56.6
1604824830,59.0,78.0,70.0,70.0,18.2,56.6
1604824831,59.0,78.0,70.0,70.0,18.2,56.6
1604824832,60.0,79.0,70.0,70.0,18.2,56.7
1604824833,60.0,80.0,71.0,69.0,18.2,56.7
1604824834,60.0,80.0,71.0,70.0,18.2,56.7
1604824835,60.0,80.0,71.0,70.0,18.2,56.7
1604824836,60.0,80.0,71.0,70.0,18.2,56.7
1604824837,61.0,79.0,71.0,70.0,18.2,56.6
1604824838,61.0,79.0,71.0,70.0,18.2,56.6
1604824839,61.0,79.0,72.0,70.0,18.2,56.6
1604824840,61.0,79.0,72.0,71.0,18.2,56.6
1604824841,61.0,78.0,72.0,71.0,18.2,56.6
1604824842,62.0,78.0,72.0,71.0,18.2,56.7
1604824843,62.0,78.0,72.0,72.0,18.2,56.7
1604824844,62.0,78.0,72.0,72.0,18.2,56.7
1604824845,62.0,78.0,71.0,72.0,18.2,56.7
1604824846,62.0,78.0,71.0,72.0,18.2,56.7
1604824847,62.0,77.0,71.0,72.0,18.2,56.6
1604824848,62.0,78.0,71.0,72.0,18.2,56.6
1604824849,62.0,77.0,70.0,72.0,18.2,56.6
1604824850,62.0,78.0,70.0,72.0,18.2,56.6
1604824851,62.0,77.0,69.0,72.0,18.2,56.6
1604824852,62.0,77.0,68.0,72.0,18.2,56.6
1604824853,62.0,76.0,68.0,71.0,18.2,56.6
1604824854,61.0,76.0,67.0,71.0,18.2,56.6
1604824855,61.0,76.0,67.0,71.0,18.2,56.6
1604824856,61.0,76.0,67.0,71.0,18.2,56.6
1604824857,61.0,76.0,67.0,71.0,18.2,56.6
1604824858,61.0,76.0,66.0,71.0,18.2,56.6
1604824859,61.0,76.0,66.0,71.0,18.2,56.6
1604824860,61.0,76.0,67.0,71.0,18.2,56.6
1604824861,60.0,76.0,67.0,71.0,18.2,56.6
1604824862,60.0,76.0,67.0,71.0,18.2,56.6
1604824863,60.0,77.0,68.0,70.0,18.2,56.6
1604824864,60.0,77.0,68.0,70.0,18.2,56.6
1604824865,60.0,78.0,68.0,70.0,18.2,56.6
1604824866,59.0,78.0,69.0,70.0,18.2,56.6
1604824867,59.0,78.0,69.0,69.0,18.2,56.7
1604824868,59.0,78.0,70.0,69.0,18.2,56.7
1604824869,59.0,78.0,70.0,68.0,18.2,56.7
1604824870,58.0,78.0,70.0,68.0,18.2,56.7
1604824871,58.0,77.0,70.0,68.0,18.2,56.7
1604824872,58.0,77.0,70.0,68.0,18.2,56.7
1604824873,58.0,77.0,70.0,67.0,18.2,56.7
1604824874,58.0,76.0,69.0,67.0,18.2,56.7
1604824875,58.0,76.0,69.0,67.0,18.2,56.7
1604824876,57.0,76.0,70.0,68.0,18.2,56.7
1604824877,56.875,76.0,70.0,68.0,18.2125,56.712500000000006
1604824878,56.75,76.0,70.0,68.0,18.225,56.725
1604824879,56.625,76.0,70.0,68.0,18.2375,56.7375
1604824880,56.5,76.0,70.0,68.0,18.25,56.75
1604824881,56.375,76.0,70.0,68.0,18.2625,56.7625
1604824882,56.25,76.0,70.0,68.0,18.275,56.775
1604824883,56.125,76.0,70.0,68.0,18.2875,56.7875
1604824884,56.0,76.0,70.0,68.0,18.3,56.8
1604824885,56.0,76.0,70.0,69.0,18.3,56.8
1604824886,56.0,76.0,70.0,69.0,18.3,56.8
1604824887,56.0,76.0,71.0,69.0,18.3,56.8
1604824888,56.0,76.0,71.0,70.0,18.3,56.8
1604824889,56.0,77.0,72.0,70.0,18.3,56.8
1604824890,56.0,77.0,72.0,70.0,18.3,56.8
1604824891,57.0,77.0,72.0,70.0,18.3,56.8
1604824892,57.0,78.0,72.0,69.0,18.3,56.8
1604824893,57.0,78.0,72.0,69.0,18.3,56.8
1604824894,56.0,79.0,72.0,68.0,18.3,56.8
1604824895,56.0,79.0,71.0,67.0,18.3,56.8
1604824896,56.0,79.0,71.0,67.0,18.3,56.8
1604824897,56.0,78.0,71.0,66.0,18.3,56.8
1604824898,56.0,78.0,71.0,60.0,18.3,56.8
1604824899,57.0,78.0,71.0,59.0,18.2,56.7
1604824900,57.0,77.0,71.0,59.0,18.2,56.7
1604824901,57.0,77.0,71.0,59.0,18.2,56.7
1604824902,57.0,76.0,72.0,59.0,18.2,56.7
1604824903,58.0,76.0,72.0,58.0,18.2,56.7
1604824904,58.0,75.0,72.0,58.0,18.3,56.8
1604824905,58.0,75.0,72.0,58.0,18.3,56.8
1604824906,58.0,75.0,72.0,58.0,18.3,56.8
1604824907,58.0,75.0,71.0,58.0,18.3,56.8
1604824908,58.0,75.0,71.0,58.0,18.3,56.8
1604824909,58.0,75.0,70.0,58.0,18.3,56.8
1604824910,58.0,75.0,70.0,59.0,18.3,56.8
1604824911,58.0,74.0,70.0,59.0,18.3,56.8
1604824912,58.0,74.0,68.0,59.0,18.3,56.8
1604824913,57.0,74.0,68.0,59.0,18.3,56.8
1604824914,57.0,74.0,68.0,60.0,18.3,56.8
1604824915,57.0,74.0,68.0,60.0,18.3,56.8
1604824916,56.0,74.0,67.0,60.0,18.3,56.8
1604824917,56.0,73.0,67.0,61.0,18.3,56.8
1604824918,56.0,73.0,67.0,61.0,18.3,56.8
1604824919,56.0,73.0,67.0,61.0,18.3,56.8
1604824920,56.0,73.0,67.0,62.0,18.3,56.8
1604824921,56.0,73.0,67.0,62.0,18.3,56.8
1604824922,56.0,73.0,68.0,62.0,18.3,56.8
1604824923,57.0,73.0,68.0,62.0,18.3,56.8
1604824924,57.0,74.0,68.0,62.0,18.3,56.7
1604824925,57.0,74.0,68.0,62.0,18.3,56.7
1604824926,57.0,75.0,68.0,62.0,18.3,56.7
1604824927,58.0,75.0,68.0,62.0,18.3,56.7
1604824928,58.0,75.0,69.0,62.0,18.3,56.7
1604824929,59.0,75.0,69.0,62.0,18.2,56.7
1604824930,60.0,75.0,70.0,62.0,18.2,56.7
1604824931,60.0,75.0,70.0,63.0,18.2,56.7
1604824932,60.0,74.0,70.0,63.0,18.2,56.7
1604824933,61.0,74.0,70.0,63.0,18.2,56.7
1604824934,61.0,74.0,70.0,63.0,18.2,56.7
1604824935,61.0,73.0,70.0,62.0,18.2,56.7
1604824936,61.0,73.0,70.0,62.0,18.2,56.7
1604824937,61.0,74.0,70.0,62.0,18.2,56.7
1604824938,61.0,74.0,71.0,61.0,18.2,56.7
1604824939,61.0,74.0,71.0,61.0,18.3,56.8
1604824940,61.0,74.0,71.0,61.0,18.3,56.8
1604824941,61.0,75.0,71.0,60.0,18.3,56.8
1604824942,61.0,75.0,72.0,59.0,18.3,56.8
1604824943,61.0,76.0,72.0,59.0,18.3,56.8
1604824944,60.0,77.0,72.0,58.0,18.3,56.8
1604824945,60.0,77.0,72.0,58.0,18.3,56.8
1604824946,59.0,78.0,73.0,58.0,18.3,56.8
1604824947,59.0,77.0,72.0,58.0,18.3,56.8
1604824948,59.0,77.0,72.0,58.0,18.3,56.8
1604824949,59.0,77.0,72.0,57.0,18.3,56.7
1604824950,58.0,77.0,71.0,57.0,18.3,56.7
1604824951,58.0,77.0,71.0,57.0,18.3,56.7
1604824952,58.0,77.0,70.0,57.0,18.3,56.7
1604824953,58.0,76.0,70.0,57.0,18.3,56.7
1604824954,58.0,76.0,70.0,57.0,18.3,56.7
1604824955,58.0,76.0,69.0,57.0,18.3,56.7
1604824956,59.0,75.0,69.0,57.0,18.3,56.7
1604824957,59.0,74.0,69.0,57.0,18.3,56.7
1604824958,59.0,74.0,69.0,56.0,18.3,56.7
1604824959,59.0,74.0,68.0,56.0,18.3,56.7
1604824960,60.0,74.0,67.0,56.0,18.3,56.7
1604824961,60.0,74.0,66.0,56.0,18.3,56.7
1604824962,61.0,74.0,66.0,55.0,18.3,56.7
1604824963,61.0,73.0,65.0,55.0,18.3,56.7
1604824964,62.0,73.0,65.0,54.0,18.3,56.7
1604824965,62.0,73.0,65.0,54.0,18.3,56.7
1604824966,62.0,73.0,65.0,54.0,18.3,56.7
1604824967,62.0,73.0,65.0,53.0,18.3,56.7
1604824968,62.0,73.0,66.0,53.0,18.3,56.7
1604824969,62.0,73.0,66.0,53.0,18.3,56.7
1604824970,62.0,73.0,66.0,52.0,18.3,56.7
1604824971,62.0,73.0,66.0,52.0,18.3,56.7
1604824972,62.0,74.0,67.0,52.0,18.3,56.7
1604824973,61.0,74.0,67.0,52.0,18.3,56.7
1604824974,61.0,74.0,67.0,52.0,18.3,56.7
1604824975,61.0,75.0,66.0,52.0,18.3,56.7
1604824976,61.0,75.0,66.0,53.0,18.3,56.7
1604824977,60.0,75.0,66.0,53.0,18.3,56.7
1604824978,60.0,76.0,66.0,53.0,18.3,56.7
1604824979,60.0,76.0,66.0,53.0,18.3,56.7
1604824980,60.0,76.0,66.0,53.0,18.3,56.7
1604824981,60.0,76.0,67.0,53.0,18.3,56.7
1604824982,60.0,77.0,67.0,53.0,18.3,56.7
1604824983,60.0,77.0,67.0,53.0,18.3,56.7
1604824984,61.0,77.0,67.0,53.0,18.3,56.8
1604824985,61.0,77.0,67.0,52.0,18.3,56.8
1604824986,61.0,77.0,68.0,52.0,18.3,56.8
1604824987,61.0,77.0,68.0,52.0,18.3,56.8
1604824988,61.0,77.0,68.0,52.0,18.3,56.8
1604824989,61.0,77.0,68.0,52.0,18.3,56.9
1604824990,61.0,77.0,69.0,52.0,18.3,56.9
1604824991,61.0,77.0,69.0,52.0,18.3,56.9
1604824992,61.0,77.0,70.0,52.0,18.3,56.9
1604824993,61.0,77.0,70.0,53.0,18.3,56.9
1604824994,61.0,76.0,70.0,53.0,18.3,56.9
1604824995,61.0,76.0,71.0,53.0,18.3,56.9
1604824996,60.0,76.0,70.0,53.0,18.3,56.9
1604824997,60.0,75.0,71.0,54.0,18.3,56.9
1604824998,60.0,75.0,71.0,54.0,18.3,56.9
1604824999,60.0,74.0,71.0,54.0,18.3,56.8
1604825000,59.0,74.0,71.0,54.0,18.3,56.8
1604825001,58.0,73.0,69.0,54.0,18.3,56.8
1604825002,58.0,73.0,69.0,54.0,18.3,56.8
1604825003,58.0,73.0,69.0,54.0,18.3,56.8
1604825004,58.0,73.0,68.0,54.0,18.3,56.8
1604825005,58.0,73.0,68.0,54.0,18.3,56.8
1604825006,58.0,72.0,67.0,54.0,18.3,56.8
1604825007,58.0,72.0,67.0,54.0,18.3,56.8
1604825008,58.0,72.0,67.0,54.0,18.3,56.8
1604825009,58.0,72.0,67.0,53.0,18.3,56.7
1604825010,58.0,73.0,67.0,53.0,18.3,56.7
1604825011,59.0,73.0,68.0,53.0,18.3,56.7
1604825012,59.0,73.0,68.0,53.0,18.3,56.7
1604825013,59.0,73.0,68.0,53.0,18.3,56.7
1604825014,59.0,73.0,68.0,53.0,18.3,56.7
1604825015,60.0,73.0,69.0,54.0,18.3,56.7
1604825016,60.0,74.0,69.0,54.0,18.3,56.7
1604825017,60.0,74.0,69.0,54.0,18.3,56.7
1604825018,60.0,75.0,69.0,55.0,18.3,56.7
1604825019,60.0,75.0,69.0,55.0,18.4,56.8
1604825020,60.0,75.0,69.0,55.0,18.4,56.8
1604825021,61.0,76.0,69.0,56.0,18.4,56.8
1604825022,61.0,76.0,69.0,56.0,18.4,56.8
1604825023,61.0,76.0,69.0,56.0,18.4,56.8
1604825024,62.0,77.0,68.0,57.0,18.3,56.8
1604825025,62.0,77.0,68.0,57.0,18.3,56.8
1604825026,62.0,77.0,68.0,57.0,18.3,56.8
1604825027,63.0,77.0,68.0,57.0,18.3,56.8
1604825028,63.0,76.0,68.0,57.0,18.3,56.8
1604825029,64.0,76.0,68.0,57.0,18.3,56.7
1604825030,64.0,76.0,68.0,57.0,18.3,56.7
1604825031,64.0,76.0,68.0,57.0,18.3,56.7
1604825032,64.0,76.0,68.0,56.0,18.3,56.7
1604825033,65.0,76.0,68.0,56.0,18.3,56.7
1604825034,65.0,76.0,69.0,56.0,18.3,56.7
1604825035,65.0,76.0,69.0,56.0,18.3,56.7
1604825036,64.0,76.0,69.0,56.0,18.3,56.7
1604825037,64.0,76.0,69.0,56.0,18.3,56.7
1604825038,63.0,75.0,69.0,56.0,18.3,56.7
1604825039,63.0,75.0,69.0,56.0,18.3,56.6
1604825040,63.0,75.0,70.0,56.0,18.3,56.6
1604825041,62.0,74.0,70.0,56.0,18.3,56.6
1604825042,61.0,74.0,70.0,57.0,18.3,56.6
1604825043,61.0,74.0,71.0,57.0,18.3,56.6
1604825044,60.0,74.0,71.0,57.0,18.3,56.6
1604825045,60.0,74.0,71.0,57.0,18.3,56.6
1604825046,59.0,75.0,72.0,57.0,18.3,56.6
1604825047,59.0,75.0,72.0,57.0,18.3,56.6
1604825048,59.0,75.0,72.0,57.0,18.3,56.6
1604825049,59.0,75.0,71.0,57.0,18.3,56.6
1604825050,59.0,75.0,71.0,57.0,18.3,56.6
1604825051,59.0,74.0,71.0,57.0,18.3,56.6
1604825052,59.0,74.0,70.0,57.0,18.3,56.6
1604825053,59.0,74.0,70.0,57.0,18.3,56.6
1604825054,59.0,74.0,69.0,57.0,18.3,56.5
1604825055,59.0,74.0,68.0,56.0,18.3,56.5
1604825056,59.0,74.0,68.0,56.0,18.3,56.5
1604825057,58.0,73.0,67.0,56.0,18.3,56.5
1604825058,58.0,73.0,67.0,55.0,18.3,56.5
1604825059,58.0,73.0,67.0,55.0,18.3,56.4
1604825060,58.0,73.0,67.0,54.0,18.3,56.4
1604825061,58.0,73.0,67.0,54.0,18.3,56.4
1604825062,58.0,73.0,67.0,54.0,18.3,56.4
1604825063,58.0,73.0,67.0,54.0,18.3,56.4
1604825064,58.0,72.0,67.0,53.0,18.3,56.4
1604825065,58.0,72.0,67.0,53.0,18.3,56.4
1604825066,58.0,72.0,67.0,53.0,18.3,56.4
1604825067,58.0,72.0,67.0,53.0,18.3,56.4
1604825068,58.0,72.0,66.0,53.0,18.3,56.4
1604825069,58.0,71.0,66.0,53.0,18.3,56.4
1604825070,58.0,71.0,66.0,54.0,18.3,56.4
1604825071,57.0,71.0,66.0,54.0,18.3,56.4
1604825072,57.0,71.0,66.0,55.0,18.3,56.4
1604825073,57.0,71.0,67.0,55.0,18.3,56.4
1604825074,57.0,72.0,67.0,55.0,18.3,56.4
1604825075,57.0,72.0,68.0,55.0,18.3,56.4
1604825076,57.0,73.0,68.0,55.0,18.3,56.4
1604825077,57.0,73.0,68.0,55.0,18.3,56.4
1604825078,57.0,73.0,69.0,56.0,18.3,56.4
1604825079,57.0,73.0,69.0,56.0,18.3,56.5
1604825080,58.0,74.0,69.0,56.0,18.3,56.5
1604825081,58.0,74.0,69.0,56.0,18.3,56.5
1604825082,58.0,74.0,70.0,56.0,18.3,56.5
1604825083,59.0,74.0,70.0,56.0,18.3,56.5
1604825084,59.0,73.0,70.0,56.0,18.3,56.4
1604825085,59.0,73.0,70.0,56.0,18.3,56.4
1604825086,60.0,72.0,71.0,56.0,18.3,56.4
1604825087,60.0,72.0,71.0,56.0,18.3,56.4
1604825088,60.11111111111112,72.0,71.0,55.888888888888886,18.3,56.4
1604825089,60.22222222222222,72.0,71.0,55.77777777777778,18.3,56.4
1604825090,60.333333333333336,72.0,71.0,55.66666666666666,18.3,56.4
1604825091,60.44444444444444,72.0,71.0,55.55555555555556,18.3,56.4
1604825092,60.55555555555556,72.0,71.0,55.44444444444444,18.3,56.4
1604825093,60.66666666666666,72.0,71.0,55.333333333333336,18.3,56.4
1604825094,60.77777777777778,72.0,71.0,55.22222222222222,18.3,56.4
1604825095,60.888888888888886,72.0,71.0,55.11111111111112,18.3,56.4
1604825096,61.0,72.0,71.0,55.0,18.3,56.4
1604825097,61.0,72.0,72.0,55.0,18.3,56.4
1604825098,60.0,71.0,72.0,54.0,18.3,56.4
1604825099,60.0,71.0,72.0,54.0,18.3,56.4
1604825100,60.0,71.0,72.0,53.0,18.3,56.4
1604825101,59.0,71.0,72.0,53.0,18.3,56.4
1604825102,59.0,71.0,73.0,53.0,18.3,56.4
1604825103,59.0,73.0,72.0,53.0,18.3,56.4
1604825104,58.0,73.0,72.0,53.0,18.3,56.4
1604825105,59.0,75.0,72.0,53.0,18.3,56.4
1604825106,59.0,76.0,71.0,54.0,18.3,56.4
1604825107,59.0,77.0,71.0,54.0,18.3,56.4
1604825108,59.0,78.0,70.0,55.0,18.3,56.4
1604825109,60.0,79.0,70.0,55.0,18.3,56.4
1604825110,60.0,80.0,69.0,56.0,18.3,56.4
1604825111,61.0,81.0,68.0,56.0,18.3,56.4
1604825112,61.0,81.0,68.0,57.0,18.4,56.5
1604825113,61.0,81.0,67.0,57.0,18.4,56.5
1604825114,62.0,81.0,66.0,58.0,18.4,56.5
1604825115,62.0,81.0,66.0,58.0,18.4,56.5
1604825116,62.0,81.0,65.0,58.0,18.4,56.5
1604825117,61.0,81.0,65.0,58.0,18.3,56.4
1604825118,61.0,80.0,64.0,58.0,18.3,56.4
1604825119,60.0,79.0,64.0,58.0,18.3,56.4
1604825120,60.0,79.0,64.0,58.0,18.3,56.4
1604825121,60.0,78.0,64.0,58.0,18.3,56.4
1604825122,59.0,78.0,64.0,58.0,18.4,56.5
1604825123,59.0,78.0,64.0,57.0,18.4,56.5
1604825124,59.0,77.0,64.0,57.0,18.4,56.5
1604825125,57.0,76.0,65.0,57.0,18.4,56.5
1604825126,57.0,75.0,65.0,57.0,18.4,56.5
1604825127,57.0,74.0,66.0,57.0,18.4,56.6
1604825128,57.0,74.0,67.0,57.0,18.4,56.6
1604825129,57.0,73.0,68.0,56.0,18.4,56.6
1604825130,57.0,73.0,68.0,56.0,18.4,56.6
1604825131,57.0,72.0,69.0,56.0,18.4,56.6
1604825132,57.0,72.0,69.0,56.0,18.4,56.6
1604825133,57.0,71.0,70.0,56.0,18.4,56.6
1604825134,57.0,71.0,70.0,56.0,18.4,56.6
1604825135,57.0,71.0,70.0,56.0,18.4,56.6
1604825136,57.0,71.0,71.0,56.0,18.4,56.6
1604825137,57.0,71.0,71.0,55.0,18.4,56.6
1604825138,57.0,71.0,71.0,56.0,18.4,56.6
1604825139,57.0,71.0,71.0,56.0,18.4,56.6
1604825140,57.0,71.0,71.0,56.0,18.4,56.6
1604825141,57.0,70.0,72.0,56.0,18.4,56.6
1604825142,58.0,70.0,72.0,56.0,18.4,56.5
1604825143,58.0,70.0,72.0,57.0,18.4,56.5
1604825144,59.0,70.0,72.0,57.0,18.4,56.5
1604825145,59.0,69.0,72.0,57.0,18.4,56.5
1604825146,60.0,69.0,71.0,57.0,18.4,56.5
1604825147,60.0,69.0,70.0,56.0,18.4,56.4
1604825148,60.0,69.0,70.0,56.0,18.4,56.4
1604825149,60.0,69.0,70.0,56.0,18.4,56.4
1604825150,61.0,70.0,70.0,56.0,18.4,56.4
1604825151,61.0,71.0,69.0,56.0,18.4,56.4
1604825152,61.0,72.0,69.0,56.0,18.4,56.5
1604825153,61.0,72.0,69.0,56.0,18.4,56.5
1604825154,61.0,72.0,69.0,56.0,18.4,56.5
1604825155,60.0,73.0,69.0,56.0,18.4,56.5
1604825156,60.0,73.0,69.0,56.0,18.4,56.5
1604825157,60.0,73.0,69.0,56.0,18.4,56.4
1604825158,61.0,73.0,69.0,56.0,18.4,56.4
1604825159,61.0,73.0,69.0,56.0,18.4,56.4
1604825160,61.0,73.0,69.0,56.0,18.4,56.4
1604825161,61.0,73.0,69.0,56.0,18.4,56.4
1604825162,61.0,73.0,69.0,56.0,18.4,56.3
1604825163,61.0,72.0,69.0,56.0,18.4,56.3
1604825164,61.0,72.0,69.0,56.0,18.4,56.3
1604825165,61.0,71.0,69.0,56.0,18.4,56.3
1604825166,60.0,71.0,69.0,56.0,18.4,56.3
1604825167,60.0,71.0,68.0,56.0,18.4,56.2
1604825168,60.0,70.0,68.0,56.0,18.4,56.2
1604825169,60.0,70.0,68.0,56.0,18.4,56.2
1604825170,59.0,69.0,68.0,56.0,18.4,56.2
1604825171,59.0,68.0,68.0,56.0,18.4,56.2
1604825172,59.0,68.0,68.0,56.0,18.4,56.2
1604825173,60.0,68.0,68.0,55.0,18.4,56.2
1604825174,60.0,68.0,68.0,55.0,18.4,56.2
1604825175,60.0,68.0,69.0,55.0,18.4,56.2
1604825176,60.0,68.0,69.0,55.0,18.4,56.2
1604825177,60.0,68.0,69.0,55.0,18.4,55.7
1604825178,59.0,68.0,70.0,55.0,18.4,55.7
1604825179,59.0,68.0,70.0,55.0,18.4,55.7
1604825180,59.0,69.0,70.0,56.0,18.4,55.7
1604825181,59.0,69.0,71.0,56.0,18.4,55.7
1604825182,59.0,70.0,72.0,56.0,18.4,56.2
1604825183,59.0,70.0,72.0,56.0,18.4,56.2
1604825184,59.0,70.0,72.0,56.0,18.4,56.2
1604825185,59.0,70.0,72.0,56.0,18.4,56.2
1604825186,59.0,70.0,72.0,56.0,18.4,56.2
1604825187,59.0,70.0,71.0,56.0,18.4,56.2
1604825188,59.0,70.0,71.0,56.0,18.4,56.2
1604825189,59.0,71.0,70.0,56.0,18.4,56.2
1604825190,60.0,71.0,69.0,56.0,18.4,56.2
1604825191,59.0,71.0,69.0,57.0,18.4,56.2
1604825192,60.0,71.0,68.0,57.0,18.4,56.3
1604825193,60.0,71.0,68.0,57.0,18.4,56.3
1604825194,60.0,71.0,68.0,58.0,18.4,56.3
1604825195,60.0,71.0,67.0,58.0,18.4,56.3
1604825196,60.0,71.0,67.0,58.0,18.4,56.3
1604825197,60.0,71.0,67.0,57.0,18.4,56.3
1604825198,60.0,72.0,67.0,57.0,18.4,56.3
1604825199,61.0,72.0,67.0,57.0,18.4,56.3
1604825200,61.0,72.0,67.0,56.0,18.4,56.3
1604825201,61.0,72.0,68.0,56.0,18.4,56.3
1604825202,61.0,73.0,68.0,56.0,18.4,56.3
1604825203,61.0,73.0,69.0,55.0,18.4,56.3
1604825204,61.0,73.0,69.0,55.0,18.4,56.3
1604825205,61.0,73.0,70.0,55.0,18.4,56.3
1604825206,61.0,72.0,70.0,55.0,18.4,56.3
1604825207,61.0,72.0,71.0,56.0,18.4,56.4
1604825208,60.0,72.0,71.0,56.0,18.4,56.4
1604825209,60.0,71.0,71.0,56.0,18.4,56.4
1604825210,60.0,71.0,72.0,56.0,18.4,56.4
1604825211,59.0,70.0,72.0,56.0,18.4,56.4
1604825212,59.0,70.0,72.0,57.0,18.4,56.4
1604825213,59.0,70.0,71.0,57.0,18.4,56.4
1604825214,58.0,70.0,70.0,57.0,18.4,56.4
1604825215,58.0,70.0,69.0,57.0,18.4,56.4
1604825216,58.0,70.0,68.0,57.0,18.4,56.4
1604825217,58.0,70.0,67.0,58.0,18.4,56.4
1604825218,57.0,70.0,66.0,58.0,18.4,56.4
1604825219,57.0,71.0,64.0,58.0,18.4,56.4
1604825220,57.0,71.0,63.0,58.0,18.4,56.4
1604825221,57.0,72.0,55.0,58.0,18.4,56.4
1604825222,57.0,72.0,54.0,59.0,18.4,56.4
1604825223,56.0,72.0,54.0,59.0,18.4,56.4
1604825224,56.0,72.0,53.0,59.0,18.4,56.4
1604825225,56.0,72.0,53.0,59.0,18.4,56.4
1604825226,57.0,72.0,53.0,59.0,18.4,56.4
1604825227,56.0,72.0,53.0,58.0,18.4,56.4
1604825228,57.0,73.0,53.0,58.0,18.4,56.4
1604825229,57.0,73.0,53.0,58.0,18.4,56.4
1604825230,57.0,73.0,53.0,58.0,18.4,56.4
1604825231,58.0,73.0,53.0,58.0,18.4,56.4
1604825232,58.0,73.0,54.0,57.0,18.4,56.4
1604825233,59.0,73.0,54.0,57.0,18.4,56.4
1604825234,59.0,73.0,55.0,56.0,18.4,56.4
1604825235,59.0,73.0,55.0,56.0,18.4,56.4
1604825236,60.0,73.0,56.0,56.0,18.4,56.4
1604825237,60.0,73.0,56.0,55.0,18.4,56.4
1604825238,60.0,73.0,57.0,55.0,18.4,56.4
1604825239,60.0,73.0,57.0,55.0,18.4,56.4
1604825240,60.0,73.0,57.0,55.0,18.4,56.4
1604825241,60.0,73.0,58.0,55.0,18.4,56.4
1604825242,60.0,73.0,58.0,55.0,18.4,56.4
1604825243,60.0,73.0,58.0,55.0,18.4,56.4
1604825244,60.0,73.0,58.0,55.0,18.4,56.4
1604825245,60.0,73.0,58.0,56.0,18.4,56.4
1604825246,60.0,73.0,59.0,56.0,18.4,56.4
1604825247,59.0,73.0,58.0,56.0,18.4,56.4
1604825248,59.0,73.0,58.0,56.0,18.4,56.4
1604825249,59.0,73.0,57.0,57.0,18.4,56.4
1604825250,59.0,73.0,57.0,58.0,18.4,56.4
1604825251,59.0,73.0,56.0,58.0,18.4,56.4
1604825252,59.0,73.0,55.0,60.0,18.4,56.4
1604825253,59.0,73.0,55.0,60.0,18.4,56.4
1604825254,59.0,73.0,54.0,60.0,18.4,56.4
1604825255,59.0,73.0,54.0,60.0,18.4,56.4
1604825256,59.0,73.0,54.0,60.0,18.4,56.4
1604825257,59.0,73.0,54.0,60.0,18.4,56.4
1604825258,60.0,73.0,54.0,60.0,18.4,56.4
1604825259,60.0,73.0,54.0,60.0,18.4,56.4
1604825260,60.0,72.0,55.0,60.0,18.4,56.4
1604825261,60.0,72.0,55.0,60.0,18.4,56.4
1604825262,61.0,72.0,55.0,60.0,18.4,56.4
1604825263,61.0,72.0,55.0,60.0,18.4,56.4
1604825264,61.0,72.0,55.0,60.0,18.4,56.4
1604825265,61.0,71.0,55.0,60.0,18.4,56.4
1604825266,60.0,71.0,55.0,60.0,18.4,56.4
1604825267,60.0,71.0,55.0,60.0,18.4,56.5
1604825268,60.0,71.0,54.0,60.0,18.4,56.5
1604825269,59.0,71.0,54.0,60.0,18.4,56.5
1604825270,59.0,71.0,54.0,60.0,18.4,56.5
1604825271,59.0,71.0,54.0,60.0,18.4,56.5
1604825272,59.0,69.0,54.0,60.0,18.4,56.4
1604825273,59.0,69.0,54.0,60.0,18.4,56.4
1604825274,59.0,69.0,54.0,60.0,18.4,56.4
1604825275,59.0,69.0,53.0,59.0,18.4,56.4
1604825276,59.0,70.0,53.0,59.0,18.4,56.4
1604825277,60.0,70.0,53.0,58.0,18.5,56.4
1604825278,60.0,70.0,53.0,58.0,18.5,56.4
1604825279,60.0,70.0,52.0,58.0,18.5,56.4
1604825280,60.0,70.0,52.0,58.0,18.5,56.4
1604825281,60.0,70.0,52.0,58.0,18.5,56.4
1604825282,60.0,70.0,52.0,58.0,18.4,56.2
1604825283,60.0,70.0,52.0,58.0,18.4,56.2
1604825284,59.0,70.0,52.0,59.0,18.4,56.2
1604825285,59.0,70.0,53.0,59.0,18.4,56.2
1604825286,59.0,69.0,53.0,60.0,18.4,56.2
1604825287,59.0,69.0,53.0,60.0,18.4,56.2
1604825288,59.0,69.0,53.0,60.0,18.4,56.2
1604825289,59.0,68.0,53.0,61.0,18.4,56.2
1604825290,59.0,68.0,52.0,61.0,18.4,56.2
1604825291,59.0,68.0,52.0,61.0,18.4,56.2
1604825292,60.0,68.0,52.0,61.0,18.4,56.3
1604825293,60.0,68.0,52.0,61.0,18.4,56.3
1604825294,60.0,68.0,51.0,61.0,18.4,56.3
1604825295,60.0,68.0,51.0,61.0,18.4,56.3
1604825296,60.0,68.0,51.0,60.0,18.4,56.3
1604825297,60.0,68.0,51.0,60.0,18.4,56.3
1604825298,59.888888888888886,68.11111111111111,51.0,60.0,18.4,56.3
1604825299,59.77777777777778,68.22222222222223,51.0,60.0,18.4,56.3
1604825300,59.66666666666666,68.33333333333333,51.0,60.0,18.4,56.3
1604825301,59.55555555555556,68.44444444444444,51.0,60.0,18.4,56.3
1604825302,59.44444444444444,68.55555555555556,51.0,60.0,18.4,56.3
1604825303,59.333333333333336,68.66666666666667,51.0,60.0,18.4,56.3
1604825304,59.22222222222222,68.77777777777777,51.0,60.0,18.4,56.3
1604825305,59.11111111111112,68.88888888888889,51.0,60.0,18.4,56.3
1604825306,59.0,69.0,51.0,60.0,18.4,56.3
1604825307,60.0,69.0,51.0,60.0,18.4,56.3
1604825308,60.0,69.0,51.0,60.0,18.4,56.3
1604825309,60.0,69.0,51.0,59.0,18.4,56.3
1604825310,61.0,70.0,51.0,59.0,18.5,56.4
1604825311,61.0,70.0,51.0,59.0,18.5,56.4
1604825312,61.0,70.0,51.0,59.0,18.5,56.4
1604825313,62.0,70.0,51.0,59.0,18.5,56.4
1604825314,62.0,71.0,51.0,59.0,18.5,56.4
1604825315,62.0,71.0,52.0,59.0,18.4,56.3
1604825316,61.0,71.0,52.0,59.0,18.4,56.3
1604825317,61.0,71.0,52.0,60.0,18.4,56.3
1604825318,61.0,71.0,52.0,60.0,18.4,56.3
1604825319,61.0,71.0,52.0,60.0,18.4,56.3
1604825320,61.0,71.0,52.0,60.0,18.4,56.3
1604825321,61.0,72.0,52.0,61.0,18.4,56.3
1604825322,60.0,72.0,52.0,61.0,18.4,56.3
1604825323,60.0,72.0,53.0,61.0,18.4,56.3
1604825324,60.0,72.0,53.0,61.0,18.4,56.3
1604825325,61.0,71.0,53.0,61.0,18.4,56.3
1604825326,61.0,71.0,53.0,62.0,18.4,56.3
1604825327,61.0,71.0,54.0,61.0,18.4,56.3
1604825328,61.0,71.0,54.0,62.0,18.4,56.3
1604825329,61.0,71.0,54.0,62.0,18.4,56.3
1604825330,61.0,71.0,55.0,61.0,18.4,56.3
1604825331,61.0,71.0,55.0,61.0,18.4,56.3
1604825332,61.0,71.0,55.0,61.0,18.4,56.3
1604825333,61.0,71.0,55.0,62.0,18.4,56.3
1604825334,61.0,71.0,56.0,62.0,18.4,56.3
1604825335,61.0,72.0,56.0,62.0,18.4,56.4
1604825336,61.0,72.0,56.0,62.0,18.4,56.4
1604825337,61.0,72.0,55.0,63.0,18.4,56.4
1604825338,61.0,72.0,55.0,63.0,18.4,56.4
1604825339,61.0,72.0,55.0,63.0,18.4,56.4
1604825340,61.0,71.0,54.0,64.0,18.4,56.4
1604825341,61.0,71.0,54.0,64.0,18.4,56.4
1604825342,61.0,71.0,54.0,64.0,18.4,56.4
1604825343,61.0,70.0,54.0,64.0,18.4,56.4
1604825344,61.0,70.0,54.0,63.0,18.4,56.4
1604825345,62.0,70.0,54.0,63.0,18.4,56.4
1604825346,62.0,70.0,54.0,62.0,18.4,56.4
1604825347,62.0,69.0,54.0,62.0,18.4,56.4
1604825348,62.0,69.0,55.0,62.0,18.4,56.4
1604825349,62.0,69.0,55.0,61.0,18.4,56.4
1604825350,62.0,70.0,56.0,60.0,18.4,56.4
1604825351,62.0,70.0,56.0,60.0,18.4,56.4
1604825352,63.0,70.0,57.0,60.0,18.4,56.4
1604825353,63.0,70.0,57.0,60.0,18.4,56.4
1604825354,63.0,70.0,57.0,60.0,18.4,56.4
1604825355,63.0,70.0,57.0,60.0,18.4,56.4
1604825356,63.0,70.0,58.0,60.0,18.4,56.4
1604825357,63.0,70.0,58.0,60.0,18.4,56.4
1604825358,62.0,70.0,58.0,60.0,18.4,56.4
1604825359,62.0,70.0,58.0,61.0,18.4,56.4
1604825360,61.0,70.0,56.0,61.0,18.4,56.4
1604825361,61.0,70.0,56.0,61.0,18.4,56.4
1604825362,60.0,70.0,56.0,61.0,18.4,56.4
1604825363,60.0,70.0,55.0,62.0,18.4,56.4
1604825364,58.0,70.0,55.0,62.0,18.4,56.4
1604825365,58.0,70.0,54.0,62.0,18.5,56.5
1604825366,58.0,70.0,54.0,61.0,18.5,56.5
1604825367,57.0,71.0,53.0,61.0,18.5,56.5
1604825368,57.0,71.0,53.0,61.0,18.5,56.5
1604825369,57.0,72.0,53.0,60.0,18.5,56.5
1604825370,56.0,72.0,53.0,60.0,18.4,56.6
1604825371,56.0,72.0,53.0,60.0,18.4,56.6
1604825372,56.0,72.0,53.0,60.0,18.4,56.6
1604825373,56.0,72.0,53.0,60.0,18.4,56.6
1604825374,57.0,73.0,53.0,60.0,18.4,56.6
1604825375,57.0,73.0,53.0,60.0,18.4,56.6
1604825376,57.0,73.0,53.0,60.0,18.4,56.4
1604825377,57.0,73.0,54.0,60.0,18.4,56.4
1604825378,57.0,73.0,54.0,60.0,18.4,56.4
1604825379,57.0,73.0,54.0,60.0,18.4,56.4
1604825380,57.0,74.0,54.0,61.0,18.4,56.4
1604825381,58.0,74.0,54.0,61.0,18.4,56.4
1604825382,58.0,73.0,54.0,62.0,18.4,56.4
1604825383,58.0,74.0,54.0,62.0,18.4,56.4
1604825384,58.0,74.0,54.0,61.0,18.4,56.4
1604825385,58.0,74.0,54.0,61.0,18.4,56.4
1604825386,58.0,73.0,54.0,61.0,18.4,56.4
1604825387,58.0,73.0,53.0,61.0,18.4,56.4
1604825388,58.0,73.0,53.0,61.0,18.4,56.4
1604825389,58.0,73.0,53.0,61.0,18.4,56.4
1604825390,58.0,72.0,52.0,61.0,18.4,56.4
1604825391,58.0,72.0,52.0,61.0,18.5,56.5
1604825392,58.0,72.0,52.0,61.0,18.5,56.5
1604825393,59.0,72.0,52.0,61.0,18.5,56.5
1604825394,59.0,72.0,52.0,62.0,18.5,56.5
1604825395,59.0,72.0,52.0,62.0,18.5,56.5
1604825396,59.0,71.0,52.0,62.0,18.4,56.4
1604825397,59.0,71.0,52.0,62.0,18.4,56.4
1604825398,59.0,71.0,53.0,62.0,18.4,56.4
1604825399,59.0,71.0,53.0,62.0,18.4,56.4
1604825400,59.0,71.0,54.0,62.0,18.4,56.4
1604825401,59.0,71.0,54.0,61.0,18.4,56.4
1604825402,59.0,70.0,55.0,61.0,18.4,56.4
1604825403,59.0,70.0,55.0,60.0,18.4,56.4
1604825404,58.0,70.0,55.0,60.0,18.4,56.4
1604825405,58.0,70.0,55.0,59.0,18.4,56.4
1604825406,58.0,69.0,55.0,59.0,18.4,56.4
1604825407,58.0,69.0,55.0,59.0,18.4,56.4
1604825408,57.0,69.0,55.0,59.0,18.4,56.4
1604825409,57.0,69.0,55.0,59.0,18.4,56.4
1604825410,57.0,69.0,55.0,60.0,18.4,56.4
1604825411,57.0,69.0,55.0,60.0,18.4,56.4
1604825412,56.0,69.0,55.0,61.0,18.4,56.4
1604825413,56.0,69.0,55.0,61.0,18.4,56.4
1604825414,56.0,69.0,55.0,62.0,18.4,56.4
1604825415,55.0,70.0,55.0,63.0,18.4,56.4
1604825416,55.0,70.0,55.0,63.0,18.4,56.4
1604825417,55.0,70.0,55.0,64.0,18.4,56.4
1604825418,55.0,70.0,55.0,64.0,18.4,56.4
1604825419,55.0,69.0,55.0,64.0,18.4,56.4
1604825420,55.0,69.0,55.0,64.0,18.4,56.4
1604825421,55.0,69.0,55.0,64.0,18.4,56.6
1604825422,55.0,68.0,54.0,64.0,18.4,56.6
1604825423,55.0,68.0,54.0,64.0,18.4,56.6
1604825424,55.0,68.0,54.0,64.0,18.4,56.6
1604825425,55.0,68.0,54.0,64.0,18.4,56.6
1604825426,56.0,68.0,54.0,64.0,18.4,56.4
1604825427,56.0,68.0,54.0,63.0,18.4,56.4
1604825428,56.0,68.0,54.0,63.0,18.4,56.4
1604825429,56.0,68.0,54.0,63.0,18.4,56.4
1604825430,56.0,69.0,53.0,64.0,18.4,56.4
1604825431,56.0,68.0,53.0,64.0,18.4,56.3
1604825432,56.0,68.0,53.0,63.0,18.4,56.3
1604825433,56.0,68.0,53.0,63.0,18.4,56.3
1604825434,56.0,68.0,53.0,63.0,18.4,56.3
1604825435,56.0,68.0,53.0,63.0,18.4,56.3
1604825436,56.0,68.0,54.0,62.0,18.4,56.3
1604825437,56.0,67.0,54.0,62.0,18.4,56.3
1604825438,56.0,67.0,54.0,62.0,18.4,56.3
1604825439,57.0,66.0,54.0,62.0,18.4,56.3
1604825440,57.0,66.0,54.0,61.0,18.4,56.3
1604825441,57.0,66.0,55.0,61.0,18.4,56.3
1604825442,57.0,66.0,55.0,61.0,18.4,56.3
1604825443,58.0,66.0,55.0,61.0,18.4,56.3
1604825444,58.0,66.0,56.0,61.0,18.4,56.3
1604825445,58.0,66.0,56.0,61.0,18.4,56.3
1604825446,58.0,66.0,56.0,61.0,18.4,56.3
1604825447,58.0,66.0,56.0,61.0,18.4,56.3
1604825448,58.0,67.0,56.0,61.0,18.4,56.3
1604825449,58.0,67.0,57.0,61.0,18.4,56.3
1604825450,58.0,67.0,57.0,62.0,18.4,56.3
1604825451,58.0,67.0,57.0,62.0,18.4,56.4
1604825452,58.0,67.0,58.0,62.0,18.4,56.4
1604825453,58.0,67.0,58.0,63.0,18.4,56.4
1604825454,58.0,68.0,58.0,63.0,18.4,56.4
1604825455,58.0,67.0,58.0,63.0,18.4,56.4
1604825456,58.0,67.0,58.0,63.0,18.4,56.4
1604825457,59.0,67.0,58.0,63.0,18.4,56.4
1604825458,59.0,67.0,58.0,63.0,18.4,56.4
1604825459,59.0,67.0,58.0,63.0,18.4,56.4
1604825460,59.0,67.0,58.0,63.0,18.4,56.4
1604825461,60.0,67.0,58.0,63.0,18.5,56.5
1604825462,60.0,67.0,58.0,63.0,18.5,56.5
1604825463,60.0,68.0,58.0,63.0,18.5,56.5
1604825464,60.0,68.0,58.0,63.0,18.5,56.5
1604825465,60.0,68.0,57.0,63.0,18.5,56.5
1604825466,60.0,68.0,57.0,63.0,18.5,56.5
1604825467,60.0,69.0,57.0,63.0,18.5,56.5
1604825468,60.0,69.0,57.0,63.0,18.5,56.5
1604825469,60.0,69.0,57.0,62.0,18.5,56.5
1604825470,61.0,69.0,57.0,62.0,18.5,56.5
1604825471,61.0,69.0,57.0,62.0,18.5,56.5
1604825472,61.0,69.0,56.0,62.0,18.5,56.5
1604825473,61.0,69.0,56.0,62.0,18.5,56.5
1604825474,62.0,69.0,56.0,62.0,18.5,56.5
1604825475,62.0,69.0,56.0,62.0,18.5,56.5
1604825476,62.0,69.0,55.0,62.0,18.4,56.4
1604825477,61.0,69.0,55.0,62.0,18.4,56.4
1604825478,61.0,69.0,55.0,63.0,18.4,56.4
1604825479,61.0,69.0,55.0,63.0,18.4,56.4
1604825480,60.0,69.0,55.0,64.0,18.4,56.4
1604825481,60.0,70.0,55.0,64.0,18.4,56.4
1604825482,59.0,70.0,55.0,64.0,18.4,56.4
1604825483,59.0,70.0,54.0,64.0,18.4,56.4
1604825484,59.0,70.0,54.0,64.0,18.4,56.4
1604825485,59.0,70.0,54.0,64.0,18.4,56.4
1604825486,58.0,70.0,54.0,64.0,18.4,56.5
1604825487,58.0,70.0,54.0,64.0,18.4,56.5
1604825488,58.0,70.0,53.0,63.0,18.4,56.5
1604825489,58.0,70.0,53.0,63.0,18.4,56.5
1604825490,58.0,70.0,53.0,62.0,18.4,56.5
1604825491,58.0,70.0,53.0,62.0,18.5,56.6
1604825492,58.0,70.0,52.0,62.0,18.5,56.6
1604825493,58.0,71.0,52.0,61.0,18.5,56.6
1604825494,59.0,71.0,57.0,61.0,18.5,56.6
1604825495,59.0,71.0,57.0,61.0,18.5,56.6
1604825496,59.0,72.0,57.0,62.0,18.4,56.5
1604825497,59.0,72.0,57.0,61.0,18.4,56.5
1604825498,59.0,72.0,57.0,61.0,18.4,56.5
1604825499,59.0,72.0,57.0,61.0,18.4,56.5
1604825500,59.0,72.0,57.0,61.0,18.4,56.5
1604825501,59.0,71.0,56.0,62.0,18.4,56.5
1604825502,59.0,71.0,56.0,62.0,18.4,56.5
1604825503,59.0,71.0,56.0,63.0,18.4,56.5
1604825504,59.0,68.0,56.0,63.0,18.4,56.5
1604825505,59.0,68.0,56.0,63.0,18.4,56.5
1604825506,59.0,69.0,55.0,63.0,18.4,56.5
1604825507,59.0,69.0,55.0,63.0,18.4,56.5
1604825508,59.0,69.0,55.0,62.0,18.4,56.5
1604825509,58.0,70.0,55.0,62.0,18.4,56.5
1604825510,58.55555555555556,70.0,55.0,62.0,18.4,56.5
1604825511,59.11111111111112,70.0,55.0,62.0,18.4,56.5
1604825512,59.66666666666666,70.0,55.0,62.0,18.4,56.5
1604825513,60.22222222222222,70.0,55.0,62.0,18.4,56.5
1604825514,60.77777777777778,70.0,55.0,62.0,18.4,56.5
1604825515,61.333333333333336,70.0,55.0,62.0,18.4,56.5
1604825516,61.888888888888886,70.0,55.0,62.0,18.4,56.5
1604825517,62.44444444444444,70.0,55.0,62.0,18.4,56.5
1604825518,63.0,70.0,55.0,62.0,18.4,56.5
1604825519,63.0,70.0,55.0,61.0,18.4,56.5
1604825520,63.0,71.0,55.0,61.0,18.4,56.5
1604825521,63.0,71.0,54.0,60.0,18.4,56.5
1604825522,63.0,71.0,54.0,60.0,18.4,56.5
1604825523,63.0,71.0,54.0,59.0,18.4,56.5
1604825524,63.0,71.0,53.0,59.0,18.4,56.5
1604825525,63.0,72.0,53.0,59.0,18.4,56.5
1604825526,62.0,72.0,53.0,58.0,18.4,56.5
1604825527,62.0,72.0,53.0,58.0,18.4,56.5
1604825528,61.0,72.0,53.0,58.0,18.4,56.5
1604825529,61.0,73.0,53.0,58.0,18.4,56.4
1604825530,61.0,72.0,53.0,58.0,18.4,56.4
1604825531,60.0,73.0,54.0,58.0,18.4,56.4
1604825532,60.0,73.0,54.0,59.0,18.4,56.4
1604825533,61.0,73.0,55.0,59.0,18.4,56.4
1604825534,61.0,73.0,55.0,59.0,18.4,56.4
1604825535,61.0,73.0,56.0,59.0,18.4,56.4
1604825536,61.0,73.0,56.0,59.0,18.4,56.4
1604825537,61.0,73.0,56.0,59.0,18.4,56.4
1604825538,61.0,73.0,56.0,59.0,18.4,56.4
1604825539,61.0,72.0,56.0,59.0,18.4,56.4
1604825540,61.0,72.0,56.0,59.0,18.4,56.4
1604825541,61.0,72.0,56.0,59.0,18.4,56.4
1604825542,60.0,72.0,56.0,59.0,18.4,56.4
1604825543,60.0,71.0,56.0,59.0,18.4,56.4
1604825544,60.0,71.0,56.0,58.0,18.4,56.3
1604825545,58.0,71.0,56.0,58.0,18.4,56.3
1604825546,58.0,71.0,56.0,57.0,18.4,56.3
1604825547,57.0,71.0,56.0,57.0,18.4,56.3
1604825548,57.0,71.0,56.0,57.0,18.4,56.3
1604825549,57.0,71.0,56.0,57.0,18.4,56.3
1604825550,57.0,71.0,56.0,57.0,18.4,56.3
1604825551,57.0,71.0,56.0,57.0,18.4,56.3
1604825552,57.0,71.0,56.0,57.0,18.4,56.3
1604825553,57.0,71.0,56.0,57.0,18.4,56.3
1604825554,57.0,71.0,57.0,57.0,18.4,56.3
1604825555,58.0,71.0,58.0,57.0,18.4,56.3
1604825556,58.0,72.0,58.0,58.0,18.4,56.3
1604825557,58.0,72.0,58.0,58.0,18.4,56.3
1604825558,59.0,73.0,59.0,58.0,18.4,56.3
1604825559,59.0,73.0,59.0,58.0,18.4,56.2
1604825560,59.0,73.0,59.0,58.0,18.4,56.2
1604825561,59.0,73.0,59.0,58.0,18.4,56.2
1604825562,60.0,73.0,59.0,58.0,18.4,56.2
1604825563,59.0,73.0,59.0,58.0,18.4,56.2
1604825564,59.0,72.0,59.0,58.0,18.4,56.2
1604825565,59.0,72.0,58.0,58.0,18.4,56.2
1604825566,59.0,71.0,58.0,58.0,18.4,56.2
1604825567,59.0,71.0,58.0,58.0,18.4,56.2
1604825568,59.0,70.0,58.0,58.0,18.4,56.2
1604825569,59.0,69.0,58.0,58.0,18.4,55.7
1604825570,59.0,69.0,58.0,58.0,18.4,55.7
1604825571,59.0,69.0,58.0,58.0,18.4,55.7
1604825572,60.0,68.0,58.0,58.0,18.4,55.7
1604825573,60.0,68.0,58.0,58.0,18.4,55.7
1604825574,60.0,68.0,57.0,58.0,18.3,56.2
1604825575,60.0,68.0,57.0,58.0,18.3,56.2
1604825576,61.0,69.0,58.0,59.0,18.3,56.2
1604825577,61.0,69.0,58.0,59.0,18.3,56.2
1604825578,61.0,69.0,58.0,59.0,18.3,56.2
1604825579,62.0,69.0,58.0,59.0,18.3,56.2
1604825580,62.0,70.0,58.0,60.0,18.3,56.2
1604825581,62.0,70.0,59.0,60.0,18.3,56.2
1604825582,62.0,70.0,59.0,60.0,18.3,56.2
1604825583,61.0,70.0,59.0,60.0,18.3,56.2
1604825584,61.0,71.0,60.0,60.0,18.3,56.2
1604825585,61.0,71.0,60.0,60.0,18.3,56.2
1604825586,60.0,71.0,60.0,60.0,18.3,56.2
1604825587,60.0,72.0,60.0,60.0,18.3,56.2
1604825588,59.0,72.0,60.0,60.0,18.3,56.2
1604825589,59.0,72.0,60.0,60.0,18.3,56.2
1604825590,58.0,72.0,60.0,59.0,18.3,56.2
1604825591,58.0,73.0,60.0,59.0,18.3,56.2
1604825592,58.0,73.0,60.0,58.0,18.3,56.2
1604825593,58.0,73.0,60.0,58.0,18.3,56.2
1604825594,58.0,73.0,60.0,58.0,18.4,56.2
1604825595,58.0,73.0,60.0,58.0,18.4,56.2
1604825596,58.0,73.0,60.0,58.0,18.4,56.2
1604825597,58.0,74.0,60.0,57.0,18.4,56.2
1604825598,59.0,74.0,60.0,57.0,18.4,56.2
1604825599,58.0,74.0,60.0,58.0,18.3,56.2
1604825600,58.0,74.0,60.0,58.0,18.3,56.2
1604825601,58.0,74.0,60.0,58.0,18.3,56.2
1604825602,58.0,74.0,59.0,58.0,18.3,56.2
1604825603,58.0,75.0,59.0,58.0,18.3,56.2
1604825604,57.0,75.0,59.0,58.0,18.3,56.1
1604825605,57.0,75.0,59.0,59.0,18.3,56.1
1604825606,57.0,74.0,58.0,59.0,18.3,56.1
1604825607,57.0,74.0,58.0,59.0,18.3,56.1
1604825608,56.0,74.0,58.0,59.0,18.3,56.1
1604825609,56.0,74.0,57.0,59.0,18.3,56.1
1604825610,56.0,74.0,57.0,60.0,18.3,56.1
1604825611,55.0,73.0,57.0,60.0,18.3,56.1
1604825612,55.0,73.0,57.0,60.0,18.3,56.1
1604825613,55.0,72.0,57.0,60.0,18.3,56.1
1604825614,54.0,72.0,57.0,60.0,18.3,56.1
1604825615,54.0,71.0,57.0,60.0,18.3,56.1
1604825616,54.0,71.0,57.0,61.0,18.3,56.1
1604825617,53.0,71.0,57.0,61.0,18.3,56.1
1604825618,53.0,71.0,58.0,61.0,18.3,56.1
1604825619,53.0,70.0,58.0,61.0,18.3,56.2
1604825620,52.0,70.0,58.0,61.0,18.3,56.2
1604825621,52.0,70.0,58.0,61.0,18.3,56.2
1604825622,52.0,70.0,58.0,61.0,18.3,56.2
1604825623,51.0,71.0,58.0,61.0,18.3,56.2
1604825624,51.0,71.0,58.0,62.0,18.3,56.2
1604825625,50.0,72.0,55.0,62.0,18.3,56.2
1604825626,50.0,72.0,55.0,62.0,18.3,56.2
1604825627,50.0,72.0,56.0,62.0,18.3,56.2
1604825628,49.0,72.0,57.0,62.0,18.3,56.2
1604825629,49.0,72.0,58.0,62.0,18.3,56.2
1604825630,48.0,72.0,59.0,62.0,18.3,56.2
1604825631,48.0,72.0,59.0,62.0,18.3,56.2
1604825632,48.0,72.0,59.0,62.0,18.3,56.2
1604825633,47.0,72.0,60.0,62.0,18.3,56.2
1604825634,47.0,71.0,60.0,62.0,18.3,56.2
1604825635,47.0,71.0,61.0,62.0,18.3,56.2
1604825636,47.0,71.0,61.0,62.0,18.3,56.2
1604825637,47.0,71.0,60.0,62.0,18.3,56.2
1604825638,46.0,70.0,60.0,62.0,18.3,56.2
1604825639,46.0,70.0,60.0,62.0,18.3,56.3
1604825640,46.0,70.0,60.0,62.0,18.3,56.3
1604825641,46.0,70.0,60.0,62.0,18.3,56.3
1604825642,46.0,70.0,59.0,62.0,18.3,56.3
1604825643,46.0,70.0,59.0,62.0,18.3,56.3
1604825644,46.0,70.0,60.0,61.0,18.3,56.3
1604825645,46.0,70.0,60.0,61.0,18.3,56.3
1604825646,46.0,70.0,60.0,61.0,18.3,56.3
1604825647,47.0,70.0,60.0,61.0,18.3,56.3
1604825648,47.0,70.0,60.0,61.0,18.3,56.3
1604825649,47.0,70.0,60.0,61.0,18.3,56.3
1604825650,47.0,70.0,61.0,61.0,18.3,56.3
1604825651,47.0,70.0,61.0,61.0,18.3,56.3
1604825652,48.0,70.0,60.0,62.0,18.3,56.3
1604825653,48.0,70.0,60.0,62.0,18.3,56.3
1604825654,48.0,70.0,60.0,62.0,18.3,56.4
1604825655,49.0,70.0,60.0,62.0,18.3,56.4
1604825656,49.0,70.0,60.0,63.0,18.3,56.4
1604825657,50.0,70.0,60.0,63.0,18.3,56.4
1604825658,50.0,70.0,60.0,63.0,18.3,56.4
1604825659,50.0,70.0,60.0,64.0,18.3,56.5
1604825660,50.0,70.0,60.0,64.0,18.3,56.5
1604825661,50.0,69.0,60.0,64.0,18.3,56.5
1604825662,50.0,69.0,59.0,64.0,18.3,56.5
1604825663,50.0,69.0,59.0,65.0,18.3,56.5
1604825664,50.0,69.0,59.0,65.0,18.3,56.5
1604825665,49.0,69.0,59.0,65.0,18.3,56.5
1604825666,49.0,68.0,59.0,65.0,18.3,56.5
1604825667,49.0,68.0,59.0,65.0,18.3,56.5
1604825668,48.0,68.0,59.0,64.0,18.3,56.5
1604825669,48.0,67.0,59.0,64.0,18.3,56.5
1604825670,47.0,67.0,59.0,63.0,18.3,56.5
1604825671,47.0,67.0,59.0,63.0,18.3,56.5
1604825672,47.0,67.0,59.0,63.0,18.3,56.5
1604825673,47.0,67.0,59.0,62.0,18.3,56.5
1604825674,47.0,66.0,60.0,62.0,18.3,56.5
1604825675,47.0,66.0,60.0,62.0,18.3,56.5
1604825676,47.0,66.0,60.0,62.0,18.3,56.5
1604825677,47.0,66.0,60.0,62.0,18.3,56.5
1604825678,46.0,66.0,60.0,62.0,18.3,56.5
1604825679,46.0,66.0,60.0,63.0,18.3,56.6
1604825680,46.0,67.0,60.0,63.0,18.3,56.6
1604825681,46.0,67.0,61.0,63.0,18.3,56.6
1604825682,46.0,67.0,61.0,63.0,18.3,56.6
1604825683,45.0,66.0,61.0,63.0,18.3,56.6
1604825684,45.0,66.0,61.0,63.0,18.2,56.4
1604825685,46.0,66.0,61.0,62.0,18.2,56.4
1604825686,46.0,66.0,61.0,62.0,18.2,56.4
1604825687,46.0,66.0,61.0,62.0,18.2,56.4
1604825688,46.0,66.0,61.0,62.0,18.2,56.4
1604825689,46.0,66.0,61.0,62.0,18.3,56.5
1604825690,46.0,67.0,60.0,61.0,18.3,56.5
1604825691,47.0,67.0,60.0,61.0,18.3,56.5
1604825692,47.0,68.0,60.0,60.0,18.3,56.5
1604825693,47.0,68.0,59.0,60.0,18.3,56.5
1604825694,46.0,69.0,59.0,60.0,18.3,56.5
1604825695,46.0,69.0,59.0,59.0,18.3,56.5
1604825696,46.0,70.0,59.0,59.0,18.3,56.5
1604825697,46.0,70.0,59.0,59.0,18.3,56.5
1604825698,46.0,70.0,59.0,59.0,18.3,56.5
1604825699,46.0,70.0,59.0,58.0,18.2,56.4
1604825700,46.0,71.0,59.0,57.0,18.2,56.4
1604825701,46.0,71.0,59.0,57.0,18.2,56.4
1604825702,46.0,72.0,59.0,57.0,18.2,56.4
1604825703,46.0,72.0,59.0,56.0,18.2,56.4
1604825704,47.0,72.0,59.0,56.0,18.2,56.4
1604825705,47.0,72.0,60.0,56.0,18.2,56.4
1604825706,47.0,73.0,60.0,56.0,18.2,56.4
1604825707,47.0,72.0,60.0,56.0,18.2,56.4
1604825708,47.0,72.0,60.0,56.0,18.2,56.4
1604825709,47.0,72.0,60.0,56.0,18.2,56.3
1604825710,47.0,71.0,60.0,57.0,18.2,56.3
1604825711,47.0,70.0,60.0,57.0,18.2,56.3
1604825712,46.0,70.0,59.0,57.0,18.2,56.3
1604825713,46.0,70.0,59.0,57.0,18.2,56.3
1604825714,46.0,69.0,60.0,57.0,18.3,56.4
1604825715,45.0,68.0,60.0,57.0,18.3,56.4
1604825716,45.0,68.0,59.0,57.0,18.3,56.4
1604825717,45.0,68.0,59.0,57.0,18.3,56.4
1604825718,45.0,68.0,59.0,57.0,18.3,56.4
1604825719,45.0,68.0,59.0,56.0,18.2,56.3
1604825720,45.0,68.0,60.0,56.0,18.2,56.3
1604825721,45.0,69.0,60.0,56.0,18.2,56.3
1604825722,45.0,69.0,60.0,55.0,18.2,56.3
1604825723,45.0,70.0,60.0,55.0,18.2,56.3
1604825724,45.0,71.0,61.0,55.0,18.2,56.3
1604825725,45.125,71.125,61.0,55.0,18.2,56.3
1604825726,45.25,71.25,61.0,55.0,18.2,56.3
1604825727,45.375,71.375,61.0,55.0,18.2,56.3
1604825728,45.5,71.5,61.0,55.0,18.2,56.3
1604825729,45.625,71.625,61.0,55.0,18.2,56.3
1604825730,45.75,71.75,61.0,55.0,18.2,56.3
1604825731,45.875,71.875,61.0,55.0,18.2,56.3
1604825732,46.0,72.0,61.0,55.0,18.2,56.3
1604825733,46.0,72.0,61.0,56.0,18.2,56.3
1604825734,46.0,72.0,62.0,56.0,18.2,56.3
1604825735,46.0,73.0,62.0,56.0,18.2,56.3
1604825736,46.0,73.0,62.0,56.0,18.2,56.3
1604825737,46.0,73.0,62.0,56.0,18.2,56.3
1604825738,46.0,73.0,61.0,56.0,18.2,56.3
1604825739,46.0,73.0,61.0,56.0,18.2,56.3
1604825740,46.0,73.0,61.0,56.0,18.2,56.3
1604825741,47.0,73.0,61.0,57.0,18.2,56.3
1604825742,47.0,70.0,61.0,57.0,18.2,56.3
1604825743,47.0,70.0,61.0,57.0,18.2,56.3
1604825744,47.0,70.0,60.0,57.0,18.2,56.3
1604825745,47.0,71.0,60.0,57.0,18.2,56.3
1604825746,47.0,71.0,60.0,58.0,18.3,56.5
1604825747,47.0,72.0,60.0,58.0,18.3,56.5
1604825748,47.0,72.0,61.0,58.0,18.3,56.5
1604825749,46.0,72.0,61.0,59.0,18.3,56.5
1604825750,46.0,72.0,61.0,59.0,18.3,56.5
1604825751,46.0,72.0,61.0,59.0,18.2,56.3
1604825752,46.0,72.0,61.0,59.0,18.2,56.3
1604825753,45.0,72.0,61.0,58.0,18.2,56.3
1604825754,45.0,72.0,61.0,58.0,18.2,56.3
1604825755,46.0,72.0,61.0,58.0,18.2,56.3
1604825756,46.0,72.0,61.0,57.0,18.2,56.4
1604825757,46.0,72.0,61.0,57.0,18.2,56.4
1604825758,47.0,73.0,60.0,57.0,18.2,56.4
1604825759,47.0,73.0,60.0,56.0,18.2,56.4
1604825760,47.0,73.0,60.0,56.0,18.2,56.4
1604825761,48.0,73.0,60.0,61.0,18.2,56.4
1604825762,48.0,73.0,61.0,60.0,18.2,56.4
1604825763,49.0,73.0,61.0,60.0,18.2,56.4
1604825764,49.0,73.0,61.0,60.0,18.2,56.4
1604825765,49.0,73.0,61.0,60.0,18.2,56.4
1604825766,49.0,73.0,62.0,60.0,18.2,56.3
1604825767,48.0,73.0,62.0,60.0,18.2,56.3
1604825768,48.0,72.0,62.0,59.0,18.2,56.3
1604825769,48.0,72.0,62.0,59.0,18.2,56.3
1604825770,48.0,72.0,62.0,59.0,18.2,56.3
1604825771,47.0,71.0,62.0,59.0,18.2,56.4
1604825772,47.0,71.0,62.0,59.0,18.2,56.4
1604825773,46.0,71.0,62.0,59.0,18.2,56.4
1604825774,46.0,70.0,62.0,59.0,18.2,56.4
1604825775,46.0,69.0,62.0,59.0,18.2,56.4
1604825776,45.0,69.0,62.0,59.0,18.2,56.4
1604825777,45.0,69.0,62.0,59.0,18.2,56.4
1604825778,45.0,69.0,62.0,59.0,18.2,56.4
1604825779,45.0,69.0,62.0,59.0,18.2,56.4
1604825780,45.0,69.0,62.0,59.0,18.2,56.4
1604825781,46.0,69.0,62.0,59.0,18.2,56.5
1604825782,46.0,69.0,62.0,59.0,18.2,56.5
1604825783,46.0,70.0,62.0,59.0,18.2,56.5
1604825784,46.0,70.0,62.0,59.0,18.2,56.5
1604825785,46.0,70.0,61.0,59.0,18.2,56.5
1604825786,46.0,71.0,61.0,59.0,18.2,56.5
1604825787,46.0,71.0,61.0,60.0,18.2,56.5
1604825788,46.0,71.0,60.0,60.0,18.2,56.5
1604825789,46.0,71.0,60.0,60.0,18.2,56.5
1604825790,46.0,71.0,60.0,60.0,18.2,56.5
1604825791,46.0,71.0,60.0,60.0,18.2,56.5
1604825792,46.0,71.0,60.0,60.0,18.2,56.5
1604825793,46.0,71.0,60.0,59.0,18.2,56.5
1604825794,46.0,71.0,60.0,59.0,18.2,56.5
1604825795,47.0,71.0,60.0,59.0,18.2,56.5
1604825796,47.0,71.0,61.0,59.0,18.2,56.5
1604825797,47.0,70.0,61.0,58.0,18.2,56.5
1604825798,47.0,70.0,61.0,58.0,18.2,56.5
1604825799,47.0,70.0,61.0,57.0,18.2,56.5
1604825800,47.0,70.0,62.0,57.0,18.2,56.5
1604825801,47.0,70.0,62.0,57.0,18.2,56.4
1604825802,47.0,69.0,62.0,57.0,18.2,56.4
1604825803,47.0,69.0,62.0,57.0,18.2,56.4
1604825804,47.0,69.0,62.0,57.0,18.2,56.4
1604825805,47.0,69.0,62.0,57.0,18.2,56.4
1604825806,47.0,69.0,62.0,57.0,18.2,56.4
1604825807,47.0,69.0,62.0,57.0,18.2,56.4
1604825808,47.0,69.0,62.0,57.0,18.2,56.4
1604825809,47.0,69.0,61.0,57.0,18.2,56.4
1604825810,47.0,70.0,60.0,58.0,18.2,56.4
1604825811,47.0,70.0,60.0,58.0,18.2,56.4
1604825812,47.0,70.0,59.0,58.0,18.2,56.4
1604825813,48.0,70.0,59.0,58.0,18.2,56.4
1604825814,48.0,71.0,59.0,58.0,18.2,56.4
1604825815,48.0,71.0,58.0,58.0,18.2,56.4
1604825816,48.0,70.0,58.0,58.0,18.2,56.4
1604825817,49.0,70.0,58.0,59.0,18.2,56.4
1604825818,49.0,70.0,58.0,59.0,18.2,56.4
1604825819,49.0,70.0,58.0,59.0,18.2,56.4
1604825820,49.0,71.0,58.0,59.0,18.2,56.4
1604825821,49.0,71.0,59.0,60.0,18.1,56.3
1604825822,49.0,71.0,59.0,61.0,18.1,56.3
1604825823,49.0,71.0,59.0,61.0,18.1,56.3
1604825824,48.0,71.0,59.0,61.0,18.1,56.3
1604825825,48.0,72.0,59.0,61.0,18.1,56.3
1604825826,48.0,72.0,59.0,60.0,18.2,56.4
1604825827,48.0,73.0,59.0,60.0,18.2,56.4
1604825828,48.0,73.0,59.0,60.0,18.2,56.4
1604825829,48.0,73.0,59.0,59.0,18.2,56.4
1604825830,48.0,73.0,59.0,59.0,18.2,56.4
1604825831,48.0,73.0,59.0,59.0,18.2,56.3
1604825832,48.0,73.0,59.0,58.0,18.2,56.3
1604825833,48.0,73.0,60.0,58.0,18.2,56.3
1604825834,47.0,72.0,59.0,57.0,18.2,56.3
1604825835,47.0,72.0,59.0,57.0,18.2,56.3
1604825836,47.0,71.0,59.0,57.0,18.2,56.3
1604825837,47.0,71.0,59.0,57.0,18.2,56.3
1604825838,47.0,71.0,59.0,56.0,18.2,56.3
1604825839,47.0,70.0,59.0,56.0,18.2,56.3
1604825840,47.0,70.0,58.0,56.0,18.2,56.3
1604825841,47.0,69.0,58.0,56.0,18.2,56.3
1604825842,47.0,69.0,58.0,57.0,18.2,56.3
1604825843,47.0,69.0,57.0,57.0,18.2,56.3
1604825844,47.0,69.0,57.0,57.0,18.2,56.3
1604825845,47.0,69.0,57.0,57.0,18.2,56.3
1604825846,47.0,69.0,57.0,57.0,18.2,56.4
1604825847,47.0,69.0,56.0,57.0,18.2,56.4
1604825848,47.0,69.0,57.0,57.0,18.2,56.4
1604825849,47.0,69.0,57.0,57.0,18.2,56.4
1604825850,47.0,70.0,57.0,58.0,18.2,56.4
1604825851,48.0,70.0,57.0,58.0,18.1,56.3
1604825852,48.0,71.0,57.0,58.0,18.1,56.3
1604825853,48.0,71.0,57.0,58.0,18.1,56.3
1604825854,48.0,71.0,57.0,58.0,18.1,56.3
1604825855,48.0,71.0,57.0,58.0,18.1,56.3
1604825856,48.0,71.0,57.0,58.0,18.2,56.4
1604825857,48.0,71.0,57.0,57.0,18.2,56.4
1604825858,48.0,71.0,57.0,57.0,18.2,56.4
1604825859,48.0,71.0,57.0,57.0,18.2,56.4
1604825860,48.0,71.0,56.0,56.0,18.2,56.4
1604825861,48.0,71.0,57.0,56.0,18.2,56.4
1604825862,48.0,71.0,57.0,56.0,18.2,56.4
1604825863,47.0,71.0,57.0,56.0,18.2,56.4
1604825864,47.0,71.0,57.0,56.0,18.2,56.4
1604825865,47.0,71.0,58.0,55.0,18.2,56.4
1604825866,46.0,71.0,58.0,55.0,18.2,56.5
1604825867,46.0,71.0,58.0,55.0,18.2,56.5
1604825868,46.0,72.0,59.0,55.0,18.2,56.5
1604825869,46.0,72.0,59.0,55.0,18.2,56.5
1604825870,46.0,72.0,60.0,56.0,18.2,56.5
1604825871,46.0,72.0,60.0,56.0,18.2,56.5
1604825872,46.0,72.0,60.0,56.0,18.2,56.5
1604825873,46.0,72.0,60.0,56.0,18.2,56.5
1604825874,46.0,71.0,60.0,57.0,18.2,56.5
1604825875,46.0,71.0,60.0,57.0,18.2,56.5
1604825876,47.0,71.0,60.0,57.0,18.1,56.4
1604825877,47.0,70.0,60.0,57.0,18.1,56.4
1604825878,47.0,70.0,60.0,57.0,18.1,56.4
1604825879,47.0,69.0,59.0,57.0,18.1,56.4
1604825880,47.0,69.0,59.0,56.0,18.1,56.4
1604825881,47.0,69.0,59.0,56.0,18.2,56.5
1604825882,47.0,68.0,59.0,56.0,18.2,56.5
1604825883,47.0,68.0,59.0,56.0,18.2,56.5
1604825884,47.0,68.0,59.0,57.0,18.2,56.5
1604825885,47.0,68.0,59.0,57.0,18.2,56.5
1604825886,46.0,68.0,59.0,57.0,18.2,56.5
1604825887,46.0,68.0,59.0,58.0,18.2,56.5
1604825888,46.0,68.0,59.0,58.0,18.2,56.5
1604825889,46.0,68.0,59.0,59.0,18.2,56.5
1604825890,46.0,68.0,59.0,59.0,18.2,56.5
1604825891,46.0,69.0,59.0,59.0,18.1,56.5
1604825892,46.0,69.0,59.0,60.0,18.1,56.5
1604825893,46.0,69.0,59.0,60.0,18.1,56.5
1604825894,46.0,69.0,59.0,60.0,18.1,56.5
1604825895,47.0,69.0,59.0,60.0,18.1,56.5
1604825896,47.0,69.0,56.0,60.0,18.2,56.6
1604825897,46.0,70.0,56.0,60.0,18.2,56.6
1604825898,47.0,70.0,57.0,60.0,18.2,56.6
1604825899,47.0,70.0,57.0,60.0,18.2,56.6
1604825900,47.0,70.0,57.0,59.0,18.2,56.6
1604825901,47.0,70.0,58.0,59.0,18.1,56.5
1604825902,47.0,70.0,58.0,59.0,18.1,56.5
1604825903,47.0,70.0,58.0,59.0,18.1,56.5
1604825904,46.0,69.0,58.0,59.0,18.1,56.5
1604825905,46.0,69.0,59.0,59.0,18.1,56.5
1604825906,47.0,69.0,59.0,59.0,18.2,56.5
1604825907,47.0,69.0,59.0,58.0,18.2,56.5
1604825908,47.0,69.0,59.0,58.0,18.2,56.5
1604825909,47.0,69.0,59.0,58.0,18.2,56.5
1604825910,47.0,69.0,59.0,58.0,18.2,56.5
1604825911,47.0,69.0,59.0,57.0,18.1,56.5
1604825912,47.0,69.0,59.0,57.0,18.1,56.5
1604825913,47.0,70.0,58.0,57.0,18.1,56.5
1604825914,47.0,70.0,58.0,57.0,18.1,56.5
1604825915,47.0,70.0,58.0,57.0,18.1,56.5
1604825916,47.0,69.0,58.0,58.0,18.1,56.5
1604825917,47.0,69.0,57.0,58.0,18.1,56.5
1604825918,47.0,69.0,57.0,58.0,18.1,56.5
1604825919,47.0,68.0,57.0,59.0,18.1,56.5
1604825920,47.0,68.0,57.0,59.0,18.1,56.5
1604825921,47.0,67.0,57.0,59.0,18.1,56.5
1604825922,47.0,66.0,57.0,60.0,18.1,56.5
1604825923,47.0,66.0,57.0,60.0,18.1,56.5
1604825924,47.0,65.0,57.0,60.0,18.1,56.5
1604825925,47.0,65.0,57.0,60.0,18.1,56.5
1604825926,47.0,65.0,57.0,60.0,18.1,56.6
1604825927,46.0,65.0,57.0,60.0,18.1,56.6
1604825928,46.0,66.0,57.0,60.0,18.1,56.6
1604825929,46.0,66.0,57.0,60.0,18.1,56.6
1604825930,46.0,66.0,57.0,59.0,18.1,56.6
1604825931,46.0,66.0,57.0,59.0,18.1,56.6
1604825932,46.0,67.0,57.0,59.0,18.1,56.6
1604825933,46.0,67.0,56.0,58.0,18.1,56.6
1604825934,47.0,67.0,56.0,58.0,18.1,56.6
1604825935,47.0,67.0,56.0,58.0,18.1,56.6
1604825936,47.0,68.0,56.0,57.0,18.1,56.7
1604825937,47.0,68.0,56.0,57.0,18.1,56.7
1604825938,47.0,68.0,56.0,58.0,18.1,56.7
1604825939,47.0,68.0,57.0,58.0,18.1,56.7
1604825940,47.22222222222222,68.0,57.0,58.0,18.1,56.7
1604825941,47.44444444444444,68.0,57.0,58.0,18.1,56.7
1604825942,47.66666666666666,68.0,57.0,58.0,18.1,56.7
1604825943,47.888888888888886,68.0,57.0,58.0,18.1,56.7
1604825944,48.11111111111112,68.0,57.0,58.0,18.1,56.7
1604825945,48.333333333333336,68.0,57.0,58.0,18.1,56.7
1604825946,48.55555555555556,68.0,57.0,58.0,18.1,56.7
1604825947,48.77777777777778,68.0,57.0,58.0,18.1,56.7
1604825948,49.0,68.0,57.0,58.0,18.1,56.7
1604825949,49.0,68.0,57.0,58.0,18.1,56.8
1604825950,49.0,68.0,58.0,58.0,18.1,56.8
1604825951,49.0,68.0,58.0,58.0,18.1,56.8
1604825952,49.0,68.0,59.0,59.0,18.1,56.8
1604825953,49.0,68.0,59.0,59.0,18.1,56.8
1604825954,49.0,68.0,59.0,59.0,18.1,56.9
1604825955,49.0,68.0,59.0,59.0,18.1,56.9
1604825956,49.0,69.0,59.0,59.0,18.1,56.9
1604825957,49.0,69.0,59.0,59.0,18.1,56.9
1604825958,49.0,69.0,59.0,59.0,18.1,56.9
1604825959,49.0,69.0,59.0,59.0,18.1,56.9
1604825960,49.0,69.0,58.0,58.0,18.1,56.9
1604825961,49.0,69.0,58.0,58.0,18.1,56.9
1604825962,48.0,70.0,58.0,58.0,18.1,56.9
1604825963,48.0,70.0,57.0,57.0,18.1,56.9
1604825964,48.0,70.0,57.0,57.0,18.1,56.9
1604825965,47.0,71.0,57.0,56.0,18.1,56.9
1604825966,47.0,71.0,57.0,56.0,18.1,56.9
1604825967,47.0,72.0,57.0,56.0,18.1,56.9
1604825968,47.0,72.0,58.0,56.0,18.1,56.9
1604825969,47.0,71.0,58.0,56.0,18.0,57.0
1604825970,47.0,71.0,58.0,55.0,18.0,57.0
1604825971,47.0,71.0,59.0,55.0,18.0,57.0
1604825972,47.0,70.0,59.0,55.0,18.0,57.0
1604825973,47.0,70.0,59.0,55.0,18.0,57.0
1604825974,48.0,70.0,60.0,55.0,18.1,57.0
1604825975,48.0,68.0,60.0,55.0,18.1,57.0
1604825976,48.0,71.0,60.0,55.0,18.1,57.0
1604825977,48.0,71.0,60.0,56.0,18.1,57.0
1604825978,48.0,71.0,60.0,56.0,18.1,57.0
1604825979,48.0,71.0,59.0,56.0,18.0,56.9
1604825980,48.0,71.0,59.0,56.0,18.0,56.9
1604825981,48.0,71.0,59.0,56.0,18.0,56.9
1604825982,48.0,71.0,59.0,56.0,18.0,56.9
1604825983,48.0,71.0,59.0,56.0,18.0,56.9
1604825984,48.0,71.0,58.96,56.0,18.0,56.9
1604825985,48.0,71.0,58.92,56.0,18.0,56.9
1604825986,48.0,71.0,58.88,56.0,18.0,56.9
1604825987,48.0,71.0,58.84,56.0,18.0,56.9
1604825988,48.0,71.0,58.8,56.0,18.0,56.9
1604825989,48.0,71.0,58.76,56.0,18.0,56.9
1604825990,48.0,71.0,58.72,56.0,18.0,56.9
1604825991,48.0,71.0,58.68,56.0,18.0,56.9
1604825992,48.0,71.0,58.64,56.0,18.0,56.9
1604825993,48.0,71.0,58.6,56.0,18.0,56.9
1604825994,48.0,71.0,58.56,56.0,18.0,56.9
1604825995,48.0,71.0,58.52,56.0,18.0,56.9
1604825996,48.0,71.0,58.48,56.0,18.0,56.9
1604825997,48.0,71.0,58.44,56.0,18.0,56.9
1604825998,48.0,71.0,58.4,56.0,18.0,56.9
1604825999,48.0,71.0,58.36,56.0,18.0,56.9
