timestamp,pm25,pm25_fa,cal_pm25_fa
1606614480,77.4,131.75,73.444145
1606614481,77.39944444444444,131.75,73.444145
1606614482,77.39888888888889,132.25,73.444145
1606614483,77.39833333333333,132.25,73.444145
1606614484,77.39777777777778,132.25,73.444145
1606614485,77.39722222222223,132.5,67.40622
1606614486,77.39666666666666,132.75,67.40622
1606614487,77.39611111111111,132.25,73.444145
1606614488,77.39555555555556,132.25,73.444145
1606614489,77.395,131.75,73.444145
1606614490,77.39444444444445,131.25,70.87726
1606614491,77.3938888888889,131.0,70.87726
1606614492,77.39333333333333,131.0,70.87726
1606614493,77.39277777777778,131.0,70.87726
1606614494,77.39222222222222,131.0,70.87726
1606614495,77.39166666666667,131.0,70.87726
1606614496,77.39111111111112,131.0,70.87726
1606614497,77.39055555555555,131.0,70.87726
1606614498,77.39,131.5,72.09175
1606614499,77.38944444444445,131.5,72.09175
1606614500,77.38888888888889,131.75,73.444145
1606614501,77.38833333333334,132.0,73.444145
1606614502,77.38777777777777,132.0,73.444145
1606614503,77.38722222222222,131.75,73.444145
1606614504,77.38666666666667,131.5,72.09175
1606614505,77.3861111111111,131.25,70.87726
1606614506,77.38555555555556,131.25,70.87726
1606614507,77.385,130.75,69.302795
1606614508,77.38444444444444,130.5,69.69964
1606614509,77.38388888888889,129.75,67.5804
1606614510,77.38333333333334,129.75,67.5804
1606614511,77.38277777777778,130.0,68.40317
1606614512,77.38222222222223,130.0,68.40317
1606614513,77.38166666666666,130.25,69.417786
1606614514,77.38111111111111,130.5,69.69964
1606614515,77.38055555555556,130.5,69.69964
1606614516,77.38,130.75,69.302795
1606614517,77.37944444444445,131.0,70.87726
1606614518,77.3788888888889,130.0,68.40317
1606614519,77.37833333333333,130.0,68.40317
1606614520,77.37777777777778,129.75,67.5804
1606614521,77.37722222222222,129.75,67.5804
1606614522,77.37666666666667,129.75,67.5804
1606614523,77.37611111111111,129.75,67.5804
1606614524,77.37555555555555,130.0,68.40317
1606614525,77.375,130.25,69.417786
1606614526,77.37444444444445,130.0,68.40317
1606614527,77.37388888888889,130.0,68.40317
1606614528,77.37333333333333,130.0,68.40317
1606614529,77.37277777777778,129.75,67.5804
1606614530,77.37222222222222,130.0,68.40317
1606614531,77.37166666666667,129.75,67.5804
1606614532,77.3711111111111,129.25,66.21891
1606614533,77.37055555555555,129.5,66.739395
1606614534,77.37,129.5,66.739395
1606614535,77.36944444444444,129.25,66.21891
1606614536,77.36888888888889,129.25,66.21891
1606614537,77.36833333333334,129.0,64.84586
1606614538,77.36777777777777,129.0,64.84586
1606614539,77.36722222222222,129.25,66.21891
1606614540,77.36666666666666,129.5,66.739395
1606614541,77.36611111111111,129.5,66.739395
1606614542,77.36555555555556,129.75,67.5804
1606614543,77.365,129.75,67.5804
1606614544,77.36444444444444,129.75,67.5804
1606614545,77.3638888888889,129.75,67.5804
1606614546,77.36333333333333,129.75,67.5804
1606614547,77.36277777777778,130.0,68.40317
1606614548,77.36222222222223,130.25,69.417786
1606614549,77.36166666666666,131.0,70.87726
1606614550,77.36111111111111,130.75,69.302795
1606614551,77.36055555555555,130.75,69.302795
1606614552,77.36,131.0,70.87726
1606614553,77.35944444444445,131.25,70.87726
1606614554,77.35888888888888,131.25,70.87726
1606614555,77.35833333333333,131.75,73.444145
1606614556,77.35777777777778,131.5,72.09175
1606614557,77.35722222222222,131.5,72.09175
1606614558,77.35666666666667,131.0,70.87726
1606614559,77.3561111111111,131.0,70.87726
1606614560,77.35555555555555,131.25,70.87726
1606614561,77.355,131.0,70.87726
1606614562,77.35444444444444,130.75,69.302795
1606614563,77.35388888888889,130.75,69.302795
1606614564,77.35333333333334,130.75,69.302795
1606614565,77.35277777777777,130.5,69.69964
1606614566,77.35222222222222,131.0,70.87726
1606614567,77.35166666666666,130.5,69.69964
1606614568,77.35111111111111,130.75,69.302795
1606614569,77.35055555555556,130.5,69.69964
1606614570,77.35,130.75,69.302795
1606614571,77.34944444444444,130.75,69.302795
1606614572,77.3488888888889,130.5,69.69964
1606614573,77.34833333333333,130.25,69.417786
1606614574,77.34777777777778,130.0,68.40317
1606614575,77.34722222222223,130.0,68.40317
1606614576,77.34666666666666,129.75,67.5804
1606614577,77.34611111111111,129.25,66.21891
1606614578,77.34555555555555,129.5,66.739395
1606614579,77.345,129.46428571428572,66.21891
1606614580,77.34444444444445,129.42857142857144,66.21891
1606614581,77.34388888888888,129.39285714285714,66.21891
1606614582,77.34333333333333,129.35714285714286,66.21891
1606614583,77.34277777777778,129.32142857142856,66.21891
1606614584,77.34222222222222,129.28571428571428,66.21891
1606614585,77.34166666666667,129.25,66.21891
1606614586,77.3411111111111,128.75,63.87227
1606614587,77.34055555555555,129.0,64.84586
1606614588,77.34,129.0,64.84586
1606614589,77.33944444444444,129.5,66.739395
1606614590,77.33888888888889,129.75,67.5804
1606614591,77.33833333333334,130.0,68.40317
1606614592,77.33777777777777,130.25,69.417786
1606614593,77.33722222222222,130.5,69.69964
1606614594,77.33666666666667,131.0,70.87726
1606614595,77.33611111111111,131.5,72.09175
1606614596,77.33555555555556,132.0,73.444145
1606614597,77.335,132.25,73.444145
1606614598,77.33444444444444,132.25,73.444145
1606614599,77.3338888888889,132.25,73.444145
1606614600,77.33333333333333,132.25,73.444145
1606614601,77.33277777777778,132.5,67.40622
1606614602,77.33222222222223,132.0,73.444145
1606614603,77.33166666666666,132.0,73.444145
1606614604,77.33111111111111,131.75,73.444145
1606614605,77.33055555555555,131.75,73.444145
1606614606,77.33,131.5,72.09175
1606614607,77.32944444444445,131.25,70.87726
1606614608,77.32888888888888,131.0,70.87726
1606614609,77.32833333333333,130.75,69.302795
1606614610,77.32777777777778,130.25,69.417786
1606614611,77.32722222222222,130.25,69.417786
1606614612,77.32666666666667,130.0,68.40317
1606614613,77.32611111111112,129.75,67.5804
1606614614,77.32555555555555,129.5,66.739395
1606614615,77.325,129.5,66.739395
1606614616,77.32444444444444,129.5,66.739395
1606614617,77.32388888888889,129.25,66.21891
1606614618,77.32333333333334,129.0,64.84586
1606614619,77.32277777777777,129.25,66.21891
1606614620,77.32222222222222,129.25,66.21891
1606614621,77.32166666666667,129.0,64.84586
1606614622,77.32111111111111,129.25,66.21891
1606614623,77.32055555555556,129.25,66.21891
1606614624,77.32,129.0,64.84586
1606614625,77.31944444444444,129.25,66.21891
1606614626,77.31888888888889,129.5,66.739395
1606614627,77.31833333333333,129.5,66.739395
1606614628,77.31777777777778,129.25,66.21891
1606614629,77.31722222222223,129.5,66.739395
1606614630,77.31666666666666,129.5,66.739395
1606614631,77.31611111111111,129.5,66.739395
1606614632,77.31555555555556,129.75,67.5804
1606614633,77.315,129.5,66.739395
1606614634,77.31444444444445,129.25,66.21891
1606614635,77.31388888888888,129.25,66.21891
1606614636,77.31333333333333,129.0,64.84586
1606614637,77.31277777777778,128.75,63.87227
1606614638,77.31222222222222,128.5,63.53337
1606614639,77.31166666666667,128.0,62.708134
1606614640,77.31111111111112,128.0,62.708134
1606614641,77.31055555555555,128.0,62.708134
1606614642,77.31,128.0,62.708134
1606614643,77.30944444444444,128.0,62.708134
1606614644,77.30888888888889,128.0,62.708134
1606614645,77.30833333333334,128.5,63.53337
1606614646,77.30777777777777,128.75,63.87227
1606614647,77.30722222222222,129.0,64.84586
1606614648,77.30666666666667,129.25,66.21891
1606614649,77.30611111111111,129.25,66.21891
1606614650,77.30555555555556,129.5,66.739395
1606614651,77.305,129.5,66.739395
1606614652,77.30444444444444,129.75,67.5804
1606614653,77.30388888888889,129.75,67.5804
1606614654,77.30333333333333,129.75,67.5804
1606614655,77.30277777777778,130.25,69.417786
1606614656,77.30222222222223,130.0,68.40317
1606614657,77.30166666666666,130.25,69.417786
1606614658,77.30111111111111,130.25,69.417786
1606614659,77.30055555555556,131.0,70.87726
1606614660,77.3,131.25,70.87726
1606614661,77.29944444444445,131.5,72.09175
1606614662,77.29888888888888,131.75,73.444145
1606614663,77.29833333333333,131.5,72.09175
1606614664,77.29777777777778,131.5,72.09175
1606614665,77.29722222222222,131.5,72.09175
1606614666,77.29666666666667,131.5,72.09175
1606614667,77.29611111111112,131.75,73.444145
1606614668,77.29555555555555,131.25,70.87726
1606614669,77.295,131.25,70.87726
1606614670,77.29444444444445,131.25,70.87726
1606614671,77.29388888888889,131.0,70.87726
1606614672,77.29333333333334,131.0,70.87726
1606614673,77.29277777777777,130.75,69.302795
1606614674,77.29222222222222,130.5,69.69964
1606614675,77.29166666666667,130.75,69.302795
1606614676,77.2911111111111,130.75,69.302795
1606614677,77.29055555555556,130.75,69.302795
1606614678,77.29,130.75,69.302795
1606614679,77.28944444444444,130.75,69.302795
1606614680,77.28888888888889,130.75,69.302795
1606614681,77.28833333333333,130.5,69.69964
1606614682,77.28777777777778,130.5,69.69964
1606614683,77.28722222222223,129.25,66.21891
1606614684,77.28666666666666,129.5,66.739395
1606614685,77.28611111111111,129.5,66.739395
1606614686,77.28555555555556,129.75,67.5804
1606614687,77.285,130.0,68.40317
1606614688,77.28444444444445,130.25,69.417786
1606614689,77.2838888888889,130.5,69.69964
1606614690,77.28333333333333,130.75,69.302795
1606614691,77.28277777777778,131.0,70.87726
1606614692,77.28222222222222,131.0,70.87726
1606614693,77.28166666666667,131.25,70.87726
1606614694,77.28111111111112,131.75,73.444145
1606614695,77.28055555555555,132.0,73.444145
1606614696,77.28,132.5,67.40622
1606614697,77.27944444444445,132.5,67.40622
1606614698,77.27888888888889,132.5,67.40622
1606614699,77.27833333333334,132.5,67.40622
1606614700,77.27777777777777,132.25,73.444145
1606614701,77.27722222222222,132.25,73.444145
1606614702,77.27666666666667,132.0,73.444145
1606614703,77.2761111111111,132.0,73.444145
1606614704,77.27555555555556,131.0,70.87726
1606614705,77.275,130.25,69.417786
1606614706,77.27444444444444,130.0,68.40317
1606614707,77.27388888888889,129.75,67.5804
1606614708,77.27333333333333,129.75,67.5804
1606614709,77.27277777777778,130.0,68.40317
1606614710,77.27222222222223,130.5,69.69964
1606614711,77.27166666666666,130.75,69.302795
1606614712,77.27111111111111,131.0,70.87726
1606614713,77.27055555555556,131.75,73.444145
1606614714,77.27,132.5,67.40622
1606614715,77.26944444444445,132.75,67.40622
1606614716,77.2688888888889,133.25,67.40622
1606614717,77.26833333333333,133.5,67.40622
1606614718,77.26777777777778,133.75,67.40622
1606614719,77.26722222222222,133.75,67.40622
1606614720,77.26666666666667,133.75,67.40622
1606614721,77.26611111111112,133.5,67.40622
1606614722,77.26555555555555,133.25,67.40622
1606614723,77.265,132.75,67.40622
1606614724,77.26444444444445,132.75,67.40622
1606614725,77.26388888888889,132.5,67.40622
1606614726,77.26333333333334,131.75,73.444145
1606614727,77.26277777777777,131.75,73.444145
1606614728,77.26222222222222,131.25,70.87726
1606614729,77.26166666666667,131.25,70.87726
1606614730,77.2611111111111,131.0,70.87726
1606614731,77.26055555555556,130.5,69.69964
1606614732,77.26,130.5,69.69964
1606614733,77.25944444444444,130.25,69.417786
1606614734,77.25888888888889,130.25,69.417786
1606614735,77.25833333333334,130.25,69.417786
1606614736,77.25777777777778,130.25,69.417786
1606614737,77.25722222222223,130.25,69.417786
1606614738,77.25666666666666,130.25,69.417786
1606614739,77.25611111111111,130.25,69.417786
1606614740,77.25555555555556,130.25,69.417786
1606614741,77.255,130.5,69.69964
1606614742,77.25444444444445,130.75,69.302795
1606614743,77.2538888888889,131.0,70.87726
1606614744,77.25333333333333,130.25,69.417786
1606614745,77.25277777777778,130.5,69.69964
1606614746,77.25222222222222,130.5,69.69964
1606614747,77.25166666666667,130.5,69.69964
1606614748,77.25111111111111,130.75,69.302795
1606614749,77.25055555555555,131.0,70.87726
1606614750,77.25,131.25,70.87726
1606614751,77.24944444444445,130.75,69.302795
1606614752,77.24888888888889,131.25,70.87726
1606614753,77.24833333333333,131.5,72.09175
1606614754,77.24777777777778,131.25,70.87726
1606614755,77.24722222222222,131.25,70.87726
1606614756,77.24666666666667,131.25,70.87726
1606614757,77.2461111111111,131.25,70.87726
1606614758,77.24555555555555,131.30555555555554,70.87726
1606614759,77.245,131.36111111111111,70.87726
1606614760,77.24444444444444,131.41666666666669,70.87726
1606614761,77.24388888888889,131.47222222222223,70.87726
1606614762,77.24333333333334,131.52777777777777,72.09175
1606614763,77.24277777777777,131.58333333333331,72.09175
1606614764,77.24222222222222,131.63888888888889,72.09175
1606614765,77.24166666666666,131.69444444444446,72.09175
1606614766,77.24111111111111,131.75,73.444145
1606614767,77.24055555555556,131.25,70.87726
1606614768,77.24,131.0,70.87726
1606614769,77.23944444444444,130.75,69.302795
1606614770,77.2388888888889,130.5,69.69964
1606614771,77.23833333333333,130.25,69.417786
1606614772,77.23777777777778,130.25,69.417786
1606614773,77.23722222222223,130.25,69.417786
1606614774,77.23666666666666,130.25,69.417786
1606614775,77.23611111111111,130.5,69.69964
1606614776,77.23555555555555,130.25,69.417786
1606614777,77.235,130.25,69.417786
1606614778,77.23444444444445,130.5,69.69964
1606614779,77.23388888888888,131.0,70.87726
1606614780,77.23333333333333,131.25,70.87726
1606614781,77.23277777777778,131.75,73.444145
1606614782,77.23222222222222,132.0,73.444145
1606614783,77.23166666666667,132.5,67.40622
1606614784,77.2311111111111,132.5,67.40622
1606614785,77.23055555555555,132.75,67.40622
1606614786,77.23,132.75,67.40622
1606614787,77.22944444444444,132.75,67.40622
1606614788,77.22888888888889,132.75,67.40622
1606614789,77.22833333333334,132.5,67.40622
1606614790,77.22777777777777,131.75,73.444145
1606614791,77.22722222222222,131.0,70.87726
1606614792,77.22666666666666,131.0,70.87726
1606614793,77.22611111111111,130.75,69.302795
1606614794,77.22555555555556,130.25,69.417786
1606614795,77.225,129.5,66.739395
1606614796,77.22444444444444,129.5,66.739395
1606614797,77.2238888888889,129.75,67.5804
1606614798,77.22333333333333,129.5,66.739395
1606614799,77.22277777777778,129.5,66.739395
1606614800,77.22222222222223,129.75,67.5804
1606614801,77.22166666666666,129.75,67.5804
1606614802,77.22111111111111,130.25,69.417786
1606614803,77.22055555555555,130.5,69.69964
1606614804,77.22,130.75,69.302795
1606614805,77.21944444444445,130.75,69.302795
1606614806,77.21888888888888,131.0,70.87726
1606614807,77.21833333333333,131.25,70.87726
1606614808,77.21777777777778,131.25,70.87726
1606614809,77.21722222222222,131.5,72.09175
1606614810,77.21666666666667,131.75,73.444145
1606614811,77.2161111111111,131.25,70.87726
1606614812,77.21555555555555,131.25,70.87726
1606614813,77.215,131.25,70.87726
1606614814,77.21444444444444,130.75,69.302795
1606614815,77.21388888888889,131.0,70.87726
1606614816,77.21333333333334,130.75,69.302795
1606614817,77.21277777777777,130.25,69.417786
1606614818,77.21222222222222,130.5,69.69964
1606614819,77.21166666666667,130.0,68.40317
1606614820,77.21111111111111,130.0,68.40317
1606614821,77.21055555555556,130.0,68.40317
1606614822,77.21,130.0,68.40317
1606614823,77.20944444444444,129.75,67.5804
1606614824,77.2088888888889,130.0,68.40317
1606614825,77.20833333333333,130.0,68.40317
1606614826,77.20777777777778,130.5,69.69964
1606614827,77.20722222222223,130.5,69.69964
1606614828,77.20666666666666,130.5,69.69964
1606614829,77.20611111111111,130.5,69.69964
1606614830,77.20555555555555,130.75,69.302795
1606614831,77.205,131.0,70.87726
1606614832,77.20444444444445,131.25,70.87726
1606614833,77.20388888888888,131.25,70.87726
1606614834,77.20333333333333,131.5,72.09175
1606614835,77.20277777777778,131.5,72.09175
1606614836,77.20222222222222,131.75,73.444145
1606614837,77.20166666666667,131.5,72.09175
1606614838,77.20111111111112,131.5,72.09175
1606614839,77.20055555555555,131.25,70.87726
1606614840,77.2,131.25,70.87726
1606614841,77.19944444444444,131.5,72.09175
1606614842,77.19888888888889,131.5,72.09175
1606614843,77.19833333333334,131.25,70.87726
1606614844,77.19777777777777,131.5,72.09175
1606614845,77.19722222222222,131.75,73.444145
1606614846,77.19666666666667,131.25,70.87726
1606614847,77.19611111111111,131.5,72.09175
1606614848,77.19555555555556,131.25,70.87726
1606614849,77.195,131.25,70.87726
1606614850,77.19444444444444,131.25,70.87726
1606614851,77.19388888888889,131.0,70.87726
1606614852,77.19333333333333,131.0,70.87726
1606614853,77.19277777777778,130.5,69.69964
1606614854,77.19222222222223,130.25,69.417786
1606614855,77.19166666666666,130.0,68.40317
1606614856,77.19111111111111,130.0,68.40317
1606614857,77.19055555555556,130.0,68.40317
1606614858,77.19,130.0,68.40317
1606614859,77.18944444444445,129.75,67.5804
1606614860,77.18888888888888,130.0,68.40317
1606614861,77.18833333333333,130.25,69.417786
1606614862,77.18777777777778,130.25,69.417786
1606614863,77.18722222222222,130.5,69.69964
1606614864,77.18666666666667,130.75,69.302795
1606614865,77.18611111111112,130.75,69.302795
1606614866,77.18555555555555,131.0,70.87726
1606614867,77.185,131.0,70.87726
1606614868,77.18444444444444,130.5,69.69964
1606614869,77.18388888888889,130.5,69.69964
1606614870,77.18333333333334,130.5,69.69964
1606614871,77.18277777777777,130.5,69.69964
1606614872,77.18222222222222,130.25,69.417786
1606614873,77.18166666666667,130.75,69.302795
1606614874,77.18111111111111,130.75,69.302795
1606614875,77.18055555555556,131.0,70.87726
1606614876,77.18,131.25,70.87726
1606614877,77.17944444444444,131.75,73.444145
1606614878,77.17888888888889,132.0,73.444145
1606614879,77.17833333333333,132.25,73.444145
1606614880,77.17777777777778,133.0,67.40622
1606614881,77.17722222222223,133.0,67.40622
1606614882,77.17666666666666,133.0,67.40622
1606614883,77.17611111111111,133.25,67.40622
1606614884,77.17555555555556,133.25,67.40622
1606614885,77.175,133.0,67.40622
1606614886,77.17444444444445,133.0,67.40622
1606614887,77.17388888888888,132.75,67.40622
1606614888,77.17333333333333,132.75,67.40622
1606614889,77.17277777777778,132.75,67.40622
1606614890,77.17222222222222,132.5,67.40622
1606614891,77.17166666666667,132.25,73.444145
1606614892,77.17111111111112,131.75,73.444145
1606614893,77.17055555555555,131.5,72.09175
1606614894,77.17,131.5,72.09175
1606614895,77.16944444444445,131.0,70.87726
1606614896,77.16888888888889,130.75,69.302795
1606614897,77.16833333333334,130.75,69.302795
1606614898,77.16777777777777,131.0,70.87726
1606614899,77.16722222222222,130.75,69.302795
1606614900,77.16666666666667,131.0,70.87726
1606614901,77.1661111111111,131.0,70.87726
1606614902,77.16555555555556,131.25,70.87726
1606614903,77.165,131.0,70.87726
1606614904,77.16444444444444,131.5,72.09175
1606614905,77.16388888888889,131.5,72.09175
1606614906,77.16333333333333,131.25,70.87726
1606614907,77.16277777777778,131.5,72.09175
1606614908,77.16222222222223,131.5,72.09175
1606614909,77.16166666666666,131.0,70.87726
1606614910,77.16111111111111,131.25,70.87726
1606614911,77.16055555555556,130.75,69.302795
1606614912,77.16,130.5,69.69964
1606614913,77.15944444444445,130.25,69.417786
1606614914,77.1588888888889,129.75,67.5804
1606614915,77.15833333333333,129.75,67.5804
1606614916,77.15777777777778,129.75,67.5804
1606614917,77.15722222222222,129.75,67.5804
1606614918,77.15666666666667,129.75,67.5804
1606614919,77.15611111111112,130.25,69.417786
1606614920,77.15555555555555,130.25,69.417786
1606614921,77.155,130.25,69.417786
1606614922,77.15444444444445,130.25,69.417786
1606614923,77.15388888888889,130.25,69.417786
1606614924,77.15333333333334,130.5,69.69964
1606614925,77.15277777777777,130.5,69.69964
1606614926,77.15222222222222,130.75,69.302795
1606614927,77.15166666666667,131.0,70.87726
1606614928,77.1511111111111,131.25,70.87726
1606614929,77.15055555555556,131.5,72.09175
1606614930,77.15,131.5,72.09175
1606614931,77.14944444444444,132.0,73.444145
1606614932,77.14888888888889,132.0,73.444145
1606614933,77.14833333333333,132.5,67.40622
1606614934,77.14777777777778,132.5,67.40622
1606614935,77.14722222222223,132.75,67.40622
1606614936,77.14666666666666,132.8125,67.40622
1606614937,77.14611111111111,132.875,67.40622
1606614938,77.14555555555556,132.9375,67.40622
1606614939,77.145,133.0,67.40622
1606614940,77.14444444444445,133.0625,67.40622
1606614941,77.1438888888889,133.125,67.40622
1606614942,77.14333333333333,133.1875,67.40622
1606614943,77.14277777777778,133.25,67.40622
1606614944,77.14222222222222,133.0,67.40622
1606614945,77.14166666666667,133.0,67.40622
1606614946,77.14111111111112,132.75,67.40622
1606614947,77.14055555555555,132.25,73.444145
1606614948,77.14,132.0,73.444145
1606614949,77.13944444444445,131.75,73.444145
1606614950,77.13888888888889,131.5,72.09175
1606614951,77.13833333333334,131.5,72.09175
1606614952,77.13777777777777,131.5,72.09175
1606614953,77.13722222222222,131.0,70.87726
1606614954,77.13666666666667,131.0,70.87726
1606614955,77.1361111111111,131.0,70.87726
1606614956,77.13555555555556,131.25,70.87726
1606614957,77.135,131.25,70.87726
1606614958,77.13444444444444,131.25,70.87726
1606614959,77.13388888888889,131.0,70.87726
1606614960,77.13333333333334,130.75,69.302795
1606614961,77.13277777777778,130.75,69.302795
1606614962,77.13222222222223,130.5,69.69964
1606614963,77.13166666666666,130.5,69.69964
1606614964,77.13111111111111,130.25,69.417786
1606614965,77.13055555555556,130.25,69.417786
1606614966,77.13,130.25,69.417786
1606614967,77.12944444444445,130.0,68.40317
1606614968,77.1288888888889,130.25,69.417786
1606614969,77.12833333333333,130.25,69.417786
1606614970,77.12777777777778,130.0,68.40317
1606614971,77.12722222222222,130.25,69.417786
1606614972,77.12666666666667,130.25,69.417786
1606614973,77.12611111111111,129.75,67.5804
1606614974,77.12555555555555,129.5,66.739395
1606614975,77.125,129.0,64.84586
1606614976,77.12444444444445,128.75,63.87227
1606614977,77.12388888888889,128.75,63.87227
1606614978,77.12333333333333,128.25,62.708134
1606614979,77.12277777777778,128.5,63.53337
1606614980,77.12222222222222,128.25,62.708134
1606614981,77.12166666666667,128.5,63.53337
1606614982,77.1211111111111,128.5,63.53337
1606614983,77.12055555555555,128.75,63.87227
1606614984,77.12,128.75,63.87227
1606614985,77.11944444444444,129.25,66.21891
1606614986,77.11888888888889,129.0,64.84586
1606614987,77.11833333333334,129.5,66.739395
1606614988,77.11777777777777,129.25,66.21891
1606614989,77.11722222222222,129.5,66.739395
1606614990,77.11666666666666,129.25,66.21891
1606614991,77.11611111111111,129.5,66.739395
1606614992,77.11555555555556,129.5,66.739395
1606614993,77.115,129.5,66.739395
1606614994,77.11444444444444,129.5,66.739395
1606614995,77.1138888888889,130.0,68.40317
1606614996,77.11333333333333,130.25,69.417786
1606614997,77.11277777777778,130.5,69.69964
1606614998,77.11222222222221,130.5,69.69964
1606614999,77.11166666666666,130.75,69.302795
1606615000,77.11111111111111,131.0,70.87726
1606615001,77.11055555555555,131.25,70.87726
1606615002,77.11,131.0,70.87726
1606615003,77.10944444444445,131.0,70.87726
1606615004,77.10888888888888,131.0,70.87726
1606615005,77.10833333333333,131.0,70.87726
1606615006,77.10777777777778,130.5,69.69964
1606615007,77.10722222222222,130.5,69.69964
1606615008,77.10666666666667,130.25,69.417786
1606615009,77.1061111111111,130.25,69.417786
1606615010,77.10555555555555,130.0,68.40317
1606615011,77.105,130.5,69.69964
1606615012,77.10444444444444,130.5,69.69964
1606615013,77.10388888888889,130.25,69.417786
1606615014,77.10333333333334,130.25,69.417786
1606615015,77.10277777777777,130.5,69.69964
1606615016,77.10222222222222,130.75,69.302795
1606615017,77.10166666666666,131.0,70.87726
1606615018,77.10111111111111,131.0,70.87726
1606615019,77.10055555555556,131.0,70.87726
1606615020,77.1,131.0,70.87726
1606615021,77.09944444444444,131.0,70.87726
1606615022,77.0988888888889,130.75,69.302795
1606615023,77.09833333333333,131.0,70.87726
1606615024,77.09777777777778,131.25,70.87726
1606615025,77.09722222222223,131.5,72.09175
1606615026,77.09666666666666,131.5,72.09175
1606615027,77.09611111111111,131.5,72.09175
1606615028,77.09555555555555,131.5,72.09175
1606615029,77.095,131.5,72.09175
1606615030,77.09444444444445,131.5,72.09175
1606615031,77.09388888888888,131.75,73.444145
1606615032,77.09333333333333,132.0,73.444145
1606615033,77.09277777777778,131.75,73.444145
1606615034,77.09222222222222,132.0,73.444145
1606615035,77.09166666666667,132.0,73.444145
1606615036,77.0911111111111,132.25,73.444145
1606615037,77.09055555555555,132.0,73.444145
1606615038,77.09,132.0,73.444145
1606615039,77.08944444444444,132.25,73.444145
1606615040,77.08888888888889,132.0,73.444145
1606615041,77.08833333333334,132.0,73.444145
1606615042,77.08777777777777,131.75,73.444145
1606615043,77.08722222222222,132.0,73.444145
1606615044,77.08666666666667,131.75,73.444145
1606615045,77.08611111111111,131.75,73.444145
1606615046,77.08555555555556,131.75,73.444145
1606615047,77.085,132.25,73.444145
1606615048,77.08444444444444,132.0,73.444145
1606615049,77.0838888888889,131.75,73.444145
1606615050,77.08333333333333,132.25,73.444145
1606615051,77.08277777777778,132.0,73.444145
1606615052,77.08222222222223,131.75,73.444145
1606615053,77.08166666666666,132.0,73.444145
1606615054,77.08111111111111,132.25,73.444145
1606615055,77.08055555555555,132.25,73.444145
1606615056,77.08,132.5,67.40622
1606615057,77.07944444444445,132.0,73.444145
1606615058,77.07888888888888,132.0,73.444145
1606615059,77.07833333333333,131.75,73.444145
1606615060,77.07777777777778,131.75,73.444145
1606615061,77.07722222222222,131.5,72.09175
1606615062,77.07666666666667,131.5,72.09175
1606615063,77.07611111111112,131.25,70.87726
1606615064,77.07555555555555,131.25,70.87726
1606615065,77.075,131.25,70.87726
1606615066,77.07444444444444,131.25,70.87726
1606615067,77.07388888888889,131.5,72.09175
1606615068,77.07333333333334,131.5,72.09175
1606615069,77.07277777777777,131.75,73.444145
1606615070,77.07222222222222,131.75,73.444145
1606615071,77.07166666666667,132.0,73.444145
1606615072,77.07111111111111,132.0,73.444145
1606615073,77.07055555555556,132.25,73.444145
1606615074,77.07,132.5,67.40622
1606615075,77.06944444444444,132.5,67.40622
1606615076,77.06888888888889,132.5,67.40622
1606615077,77.06833333333333,133.0,67.40622
1606615078,77.06777777777778,133.25,67.40622
1606615079,77.06722222222223,133.5,67.40622
1606615080,77.06666666666666,133.5,67.40622
1606615081,77.06611111111111,133.0,67.40622
1606615082,77.06555555555556,132.75,67.40622
1606615083,77.065,133.0,67.40622
1606615084,77.06444444444445,132.75,67.40622
1606615085,77.06388888888888,132.75,67.40622
1606615086,77.06333333333333,132.5,67.40622
1606615087,77.06277777777778,132.0,73.444145
1606615088,77.06222222222222,131.75,73.444145
1606615089,77.06166666666667,131.75,73.444145
1606615090,77.06111111111112,131.5,72.09175
1606615091,77.06055555555555,131.75,73.444145
1606615092,77.06,131.75,73.444145
1606615093,77.05944444444444,132.0,73.444145
1606615094,77.05888888888889,132.0,73.444145
1606615095,77.05833333333334,131.5,72.09175
1606615096,77.05777777777777,131.5,72.09175
1606615097,77.05722222222222,131.75,73.444145
1606615098,77.05666666666667,131.75,73.444145
1606615099,77.05611111111111,131.5,72.09175
1606615100,77.05555555555556,131.0,70.87726
1606615101,77.055,130.75,69.302795
1606615102,77.05444444444444,130.75,69.302795
1606615103,77.05388888888889,130.5,69.69964
1606615104,77.05333333333333,130.5,69.69964
1606615105,77.05277777777778,130.5,69.69964
1606615106,77.05222222222223,130.75,69.302795
1606615107,77.05166666666666,130.25,69.417786
1606615108,77.05111111111111,130.25,69.417786
1606615109,77.05055555555556,130.5,69.69964
1606615110,77.05,130.5,69.69964
1606615111,77.04944444444445,130.5,69.69964
1606615112,77.04888888888888,130.25,69.417786
1606615113,77.04833333333333,130.0,68.40317
1606615114,77.04777777777778,129.75,67.5804
1606615115,77.04722222222222,129.25,66.21891
1606615116,77.04666666666667,129.5,66.739395
1606615117,77.04611111111112,128.75,63.87227
1606615118,77.04555555555555,128.71875,63.53337
1606615119,77.045,128.6875,63.53337
1606615120,77.04444444444445,128.65625,63.53337
1606615121,77.04388888888889,128.625,63.53337
1606615122,77.04333333333334,128.59375,63.53337
1606615123,77.04277777777777,128.5625,63.53337
1606615124,77.04222222222222,128.53125,63.53337
1606615125,77.04166666666667,128.5,63.53337
1606615126,77.0411111111111,128.25,62.708134
1606615127,77.04055555555556,128.25,62.708134
1606615128,77.04,128.25,62.708134
1606615129,77.03944444444444,128.0,62.708134
1606615130,77.03888888888889,128.0,62.708134
1606615131,77.03833333333333,128.0,62.708134
1606615132,77.03777777777778,128.0,62.708134
1606615133,77.03722222222223,128.25,62.708134
1606615134,77.03666666666666,128.25,62.708134
1606615135,77.03611111111111,128.75,63.87227
1606615136,77.03555555555556,129.0,64.84586
1606615137,77.035,129.0,64.84586
1606615138,77.03444444444445,129.25,66.21891
1606615139,77.0338888888889,129.75,67.5804
1606615140,77.03333333333333,129.75,67.5804
1606615141,77.03277777777778,130.5,69.69964
1606615142,77.03222222222222,130.25,69.417786
1606615143,77.03166666666667,130.25,69.417786
1606615144,77.03111111111112,130.25,69.417786
1606615145,77.03055555555555,130.5,69.69964
1606615146,77.03,130.25,69.417786
1606615147,77.02944444444445,130.25,69.417786
1606615148,77.02888888888889,130.25,69.417786
1606615149,77.02833333333334,130.0,68.40317
1606615150,77.02777777777777,130.25,69.417786
1606615151,77.02722222222222,129.75,67.5804
1606615152,77.02666666666667,129.75,67.5804
1606615153,77.0261111111111,130.0,68.40317
1606615154,77.02555555555556,130.0,68.40317
1606615155,77.025,130.0,68.40317
1606615156,77.02444444444444,130.0,68.40317
1606615157,77.02388888888889,129.75,67.5804
1606615158,77.02333333333333,129.75,67.5804
1606615159,77.02277777777778,129.5,66.739395
1606615160,77.02222222222223,129.75,67.5804
1606615161,77.02166666666666,130.0,68.40317
1606615162,77.02111111111111,129.75,67.5804
1606615163,77.02055555555556,129.75,67.5804
1606615164,77.02,129.75,67.5804
1606615165,77.01944444444445,129.5,66.739395
1606615166,77.0188888888889,129.25,66.21891
1606615167,77.01833333333333,129.5,66.739395
1606615168,77.01777777777778,129.25,66.21891
1606615169,77.01722222222222,129.25,66.21891
1606615170,77.01666666666667,129.25,66.21891
1606615171,77.01611111111112,129.0,64.84586
1606615172,77.01555555555555,128.75,63.87227
1606615173,77.015,128.75,63.87227
1606615174,77.01444444444445,128.75,63.87227
1606615175,77.01388888888889,128.75,63.87227
1606615176,77.01333333333334,128.75,63.87227
1606615177,77.01277777777777,129.25,66.21891
1606615178,77.01222222222222,129.25,66.21891
1606615179,77.01166666666667,129.26724137931035,66.21891
1606615180,77.0111111111111,129.2844827586207,66.21891
1606615181,77.01055555555556,129.30172413793105,66.21891
1606615182,77.01,129.3189655172414,66.21891
1606615183,77.00944444444444,129.33620689655172,66.21891
1606615184,77.00888888888889,129.35344827586206,66.21891
1606615185,77.00833333333334,129.3706896551724,66.21891
1606615186,77.00777777777778,129.38793103448276,66.21891
1606615187,77.00722222222223,129.40517241379308,66.21891
1606615188,77.00666666666666,129.42241379310343,66.21891
1606615189,77.00611111111111,129.43965517241378,66.21891
1606615190,77.00555555555556,129.45689655172413,66.21891
1606615191,77.005,129.47413793103448,66.21891
1606615192,77.00444444444445,129.49137931034483,66.21891
1606615193,77.0038888888889,129.50862068965517,66.739395
1606615194,77.00333333333333,129.52586206896552,66.739395
1606615195,77.00277777777778,129.54310344827587,66.739395
1606615196,77.00222222222222,129.56034482758622,66.739395
1606615197,77.00166666666667,129.57758620689657,66.739395
1606615198,77.00111111111111,129.59482758620692,66.739395
1606615199,77.00055555555555,129.61206896551724,66.739395
1606615200,77.0,129.6293103448276,66.739395
1606615201,77.0,129.64655172413794,66.739395
1606615202,77.0,129.66379310344828,66.739395
1606615203,77.0,129.6810344827586,66.739395
1606615204,77.0,129.69827586206895,66.739395
1606615205,77.0,129.7155172413793,66.739395
1606615206,77.0,129.73275862068965,66.739395
1606615207,77.0,129.75,67.5804
1606615208,77.0,130.0,68.40317
1606615209,77.0,130.0,68.40317
1606615210,77.0,130.25,69.417786
1606615211,77.0,130.25,69.417786
1606615212,77.0,130.25,69.417786
1606615213,77.0,130.5,69.69964
1606615214,77.0,130.5,69.69964
1606615215,77.0,130.5,69.69964
1606615216,77.0,130.5,69.69964
1606615217,77.0,131.0,70.87726
1606615218,77.0,131.0,70.87726
1606615219,77.0,131.0,70.87726
1606615220,77.0,131.0,70.87726
1606615221,77.0,130.75,69.302795
1606615222,77.0,130.75,69.302795
1606615223,77.0,130.5,69.69964
1606615224,77.0,130.5,69.69964
1606615225,77.0,130.5,69.69964
1606615226,77.0,130.5,69.69964
1606615227,77.0,130.75,69.302795
1606615228,77.0,131.0,70.87726
1606615229,77.0,131.75,73.444145
1606615230,77.0,132.25,73.444145
1606615231,77.0,132.5,67.40622
1606615232,77.0,133.25,67.40622
1606615233,77.0,133.5,67.40622
1606615234,77.0,133.75,67.40622
1606615235,77.0,134.0,67.40622
1606615236,77.0,134.25,67.40622
1606615237,77.0,134.25,67.40622
1606615238,77.0,134.25,67.40622
1606615239,77.0,134.25,67.40622
1606615240,77.0,134.25,67.40622
1606615241,77.0,134.25,67.40622
1606615242,77.0,133.75,67.40622
1606615243,77.0,133.5,67.40622
1606615244,77.0,133.5,67.40622
1606615245,77.0,133.25,67.40622
1606615246,77.0,133.0,67.40622
1606615247,77.0,132.75,67.40622
1606615248,77.0,132.5,67.40622
1606615249,77.0,132.5,67.40622
1606615250,77.0,132.25,73.444145
1606615251,77.0,132.25,73.444145
1606615252,77.0,131.75,73.444145
1606615253,77.0,131.5,72.09175
1606615254,77.0,131.0,70.87726
1606615255,77.0,131.0,70.87726
1606615256,77.0,130.75,69.302795
1606615257,77.0,130.25,69.417786
1606615258,77.0,129.75,67.5804
1606615259,77.0,129.5,66.739395
1606615260,77.0,129.5,66.739395
1606615261,77.0,129.5,66.739395
1606615262,77.0,129.5,66.739395
1606615263,77.0,129.5,66.739395
1606615264,77.0,130.0,68.40317
1606615265,77.0,130.0,68.40317
1606615266,77.0,130.25,69.417786
1606615267,77.0,130.25,69.417786
1606615268,77.0,130.75,69.302795
1606615269,77.0,131.5,72.09175
1606615270,77.0,131.75,73.444145
1606615271,77.0,132.0,73.444145
1606615272,77.0,131.75,73.444145
1606615273,77.0,131.75,73.444145
1606615274,77.0,131.75,73.444145
1606615275,77.0,132.0,73.444145
1606615276,77.0,132.25,73.444145
1606615277,77.0,132.25,73.444145
1606615278,77.0,132.0,73.444145
1606615279,77.0,132.0,73.444145
1606615280,77.0,132.0,73.444145
1606615281,77.0,132.0,73.444145
1606615282,77.0,132.0,73.444145
1606615283,77.0,132.0,73.444145
1606615284,77.0,132.5,67.40622
1606615285,77.0,132.5,67.40622
1606615286,77.0,132.5,67.40622
1606615287,77.0,132.75,67.40622
1606615288,77.0,133.0,67.40622
1606615289,77.0,133.25,67.40622
1606615290,77.0,133.5,67.40622
1606615291,77.0,133.5,67.40622
1606615292,77.0,133.5,67.40622
1606615293,77.0,133.5,67.40622
1606615294,77.0,133.5,67.40622
1606615295,77.0,133.25,67.40622
1606615296,77.0,133.25,67.40622
1606615297,77.0,133.0,67.40622
1606615298,77.0,132.75,67.40622
1606615299,77.0,132.25,73.444145
1606615300,77.0,132.0,73.444145
1606615301,77.0,131.5,72.09175
1606615302,77.0,131.25,70.87726
1606615303,77.0,131.25,70.87726
1606615304,77.0,131.25,70.87726
1606615305,77.0,131.0,70.87726
1606615306,77.0,131.25,70.87726
1606615307,77.0,131.25,70.87726
1606615308,77.0,131.25,70.87726
1606615309,77.0,131.0,70.87726
1606615310,77.0,131.0,70.87726
1606615311,77.0,131.0,70.87726
1606615312,77.0,131.0,70.87726
1606615313,77.0,131.0,70.87726
1606615314,77.0,130.75,69.302795
1606615315,77.0,130.5,69.69964
1606615316,77.0,130.25,69.417786
1606615317,77.0,130.25,69.417786
1606615318,77.0,130.25,69.417786
1606615319,77.0,130.5,69.69964
1606615320,77.0,130.5,69.69964
1606615321,77.0,131.0,70.87726
1606615322,77.0,131.25,70.87726
1606615323,77.0,131.75,73.444145
1606615324,77.0,132.0,73.444145
1606615325,77.0,132.25,73.444145
1606615326,77.0,132.25,73.444145
1606615327,77.0,132.25,73.444145
1606615328,77.0,132.5,67.40622
1606615329,77.0,132.25,73.444145
1606615330,77.0,132.0,73.444145
1606615331,77.0,132.0,73.444145
1606615332,77.0,132.0,73.444145
1606615333,77.0,132.0,73.444145
1606615334,77.0,131.75,73.444145
1606615335,77.0,131.75,73.444145
1606615336,77.0,131.75,73.444145
1606615337,77.0,131.5,72.09175
1606615338,77.0,131.75,73.444145
1606615339,77.0,132.0,73.444145
1606615340,77.0,132.0,73.444145
1606615341,77.0,132.25,73.444145
1606615342,77.0,132.25,73.444145
1606615343,77.0,132.5,67.40622
1606615344,77.0,132.5,67.40622
1606615345,77.0,132.5,67.40622
1606615346,77.0,132.75,67.40622
1606615347,77.0,132.75,67.40622
1606615348,77.0,132.75,67.40622
1606615349,77.0,132.25,73.444145
1606615350,77.0,132.21875,73.444145
1606615351,77.0,132.1875,73.444145
1606615352,77.0,132.15625,73.444145
1606615353,77.0,132.125,73.444145
1606615354,77.0,132.09375,73.444145
1606615355,77.0,132.0625,73.444145
1606615356,77.0,132.03125,73.444145
1606615357,77.0,132.0,73.444145
1606615358,77.0,132.0,73.444145
1606615359,77.0,132.0,73.444145
1606615360,77.0,132.0,73.444145
1606615361,77.0,132.25,73.444145
1606615362,77.0,132.25,73.444145
1606615363,77.0,132.5,67.40622
1606615364,77.0,132.75,67.40622
1606615365,77.0,132.75,67.40622
1606615366,77.0,132.75,67.40622
1606615367,77.0,132.25,73.444145
1606615368,77.0,132.0,73.444145
1606615369,77.0,132.0,73.444145
1606615370,77.0,132.0,73.444145
1606615371,77.0,132.0,73.444145
1606615372,77.0,131.75,73.444145
1606615373,77.0,131.75,73.444145
1606615374,77.0,131.75,73.444145
1606615375,77.0,131.75,73.444145
1606615376,77.0,131.5,72.09175
1606615377,77.0,131.25,70.87726
1606615378,77.0,131.25,70.87726
1606615379,77.0,131.25,70.87726
1606615380,77.0,131.5,72.09175
1606615381,77.0,131.5,72.09175
1606615382,77.0,131.5,72.09175
1606615383,77.0,131.75,73.444145
1606615384,77.0,131.75,73.444145
1606615385,77.0,132.25,73.444145
1606615386,77.0,132.25,73.444145
1606615387,77.0,132.25,73.444145
1606615388,77.0,132.5,67.40622
1606615389,77.0,132.25,73.444145
1606615390,77.0,132.25,73.444145
1606615391,77.0,132.25,73.444145
1606615392,77.0,132.25,73.444145
1606615393,77.0,132.5,67.40622
1606615394,77.0,132.0,73.444145
1606615395,77.0,132.0,73.444145
1606615396,77.0,132.0,73.444145
1606615397,77.0,131.75,73.444145
1606615398,77.0,131.5,72.09175
1606615399,77.0,131.5,72.09175
1606615400,77.0,131.5,72.09175
1606615401,77.0,131.25,70.87726
1606615402,77.0,131.0,70.87726
1606615403,77.0,131.0,70.87726
1606615404,77.0,130.5,69.69964
1606615405,77.0,129.75,67.5804
1606615406,77.0,129.75,67.5804
1606615407,77.0,129.75,67.5804
1606615408,77.0,129.25,66.21891
1606615409,77.0,129.5,66.739395
1606615410,77.0,129.5,66.739395
1606615411,77.0,129.25,66.21891
1606615412,77.0,131.25,70.87726
1606615413,77.0,131.25,70.87726
1606615414,77.0,131.25,70.87726
1606615415,77.0,131.5,72.09175
1606615416,77.0,132.0,73.444145
1606615417,77.0,131.75,73.444145
1606615418,77.0,132.0,73.444145
1606615419,77.0,133.5,67.40622
1606615420,77.0,133.25,67.40622
1606615421,77.0,133.0,67.40622
1606615422,77.0,133.0,67.40622
1606615423,77.0,133.0,67.40622
1606615424,77.0,133.5,67.40622
1606615425,77.0,134.0,67.40622
1606615426,77.0,134.25,67.40622
1606615427,77.0,134.0,67.40622
1606615428,77.0,134.5,67.40622
1606615429,77.0,134.5,67.40622
1606615430,77.0,134.25,67.40622
1606615431,77.0,134.25,67.40622
1606615432,77.0,134.5,67.40622
1606615433,77.0,134.0,67.40622
1606615434,77.0,133.25,67.40622
1606615435,77.0,132.75,67.40622
1606615436,77.0,132.25,73.444145
1606615437,77.0,132.0,73.444145
1606615438,77.0,131.75,73.444145
1606615439,77.0,131.5,72.09175
1606615440,77.0,131.5,72.09175
1606615441,77.0,131.25,70.87726
1606615442,77.0,131.25,70.87726
1606615443,77.0,131.0,70.87726
1606615444,77.0,131.0,70.87726
1606615445,77.0,131.25,70.87726
1606615446,77.0,131.0,70.87726
1606615447,77.0,131.25,70.87726
1606615448,77.0,131.25,70.87726
1606615449,77.0,131.0,70.87726
1606615450,77.0,131.0,70.87726
1606615451,77.0,130.75,69.302795
1606615452,77.0,130.5,69.69964
1606615453,77.0,130.75,69.302795
1606615454,77.0,130.5,69.69964
1606615455,77.0,130.5,69.69964
1606615456,77.0,130.5,69.69964
1606615457,77.0,131.0,70.87726
1606615458,77.0,131.25,70.87726
1606615459,77.0,131.75,73.444145
1606615460,77.0,131.75,73.444145
1606615461,77.0,131.5,72.09175
1606615462,77.0,131.75,73.444145
1606615463,77.0,131.75,73.444145
1606615464,77.0,132.0,73.444145
1606615465,77.0,131.75,73.444145
1606615466,77.0,131.75,73.444145
1606615467,77.0,131.75,73.444145
1606615468,77.0,131.75,73.444145
1606615469,77.0,131.75,73.444145
1606615470,77.0,131.5,72.09175
1606615471,77.0,131.25,70.87726
1606615472,77.0,131.5,72.09175
1606615473,77.0,131.75,73.444145
1606615474,77.0,131.75,73.444145
1606615475,77.0,131.5,72.09175
1606615476,77.0,132.0,73.444145
1606615477,77.0,131.75,73.444145
1606615478,77.0,131.75,73.444145
1606615479,77.0,132.25,73.444145
1606615480,77.0,132.25,73.444145
1606615481,77.0,132.5,67.40622
1606615482,77.0,132.5,67.40622
1606615483,77.0,132.25,73.444145
1606615484,77.0,132.5,67.40622
1606615485,77.0,132.5,67.40622
1606615486,77.0,132.5,67.40622
1606615487,77.0,132.25,73.444145
1606615488,77.0,132.25,73.444145
1606615489,77.0,132.25,73.444145
1606615490,77.0,132.0,73.444145
1606615491,77.0,131.75,73.444145
1606615492,77.0,132.0,73.444145
1606615493,77.0,131.75,73.444145
1606615494,77.0,131.5,72.09175
1606615495,77.0,131.0,70.87726
1606615496,77.0,130.75,69.302795
1606615497,77.0,130.75,69.302795
1606615498,77.0,130.75,69.302795
1606615499,77.0,130.25,69.417786
1606615500,77.0,130.0,68.40317
1606615501,77.0,130.0,68.40317
1606615502,77.0,129.5,66.739395
1606615503,77.0,129.5,66.739395
1606615504,77.0,130.0,68.40317
1606615505,77.0,130.0,68.40317
1606615506,77.0,130.5,69.69964
1606615507,77.0,130.75,69.302795
1606615508,77.0,131.25,70.87726
1606615509,77.0,131.5,72.09175
1606615510,77.0,131.75,73.444145
1606615511,77.0,132.25,73.444145
1606615512,77.0,132.5,67.40622
1606615513,77.0,132.75,67.40622
1606615514,77.0,133.0,67.40622
1606615515,77.0,133.0,67.40622
1606615516,77.0,133.0,67.40622
1606615517,77.0,133.0,67.40622
1606615518,77.0,132.75,67.40622
1606615519,77.0,132.75,67.40622
1606615520,77.0,132.75,67.40622
1606615521,77.0,132.75,67.40622
1606615522,77.0,132.75,67.40622
1606615523,77.0,132.5,67.40622
1606615524,77.0,132.75,67.40622
1606615525,77.0,132.75,67.40622
1606615526,77.0,133.0,67.40622
1606615527,77.0,133.0,67.40622
1606615528,77.0,133.0,67.40622
1606615529,77.0,133.25,67.40622
1606615530,77.0,133.25,67.40622
1606615531,77.0,132.75,67.40622
1606615532,77.0,132.75,67.40622
1606615533,77.0,132.5,67.40622
1606615534,77.0,132.40625,73.444145
1606615535,77.0,132.3125,73.444145
1606615536,77.0,132.21875,73.444145
1606615537,77.0,132.125,73.444145
1606615538,77.0,132.03125,73.444145
1606615539,77.0,131.9375,73.444145
1606615540,77.0,131.84375,73.444145
1606615541,77.0,131.75,73.444145
1606615542,77.0,131.75,73.444145
1606615543,77.0,131.75,73.444145
1606615544,77.0,131.5,72.09175
1606615545,77.0,131.5,72.09175
1606615546,77.0,131.5,72.09175
1606615547,77.0,131.75,73.444145
1606615548,77.0,131.75,73.444145
1606615549,77.0,132.25,73.444145
1606615550,77.0,132.5,67.40622
1606615551,77.0,132.5,67.40622
1606615552,77.0,133.0,67.40622
1606615553,77.0,133.25,67.40622
1606615554,77.0,133.25,67.40622
1606615555,77.0,133.0,67.40622
1606615556,77.0,133.0,67.40622
1606615557,77.0,133.0,67.40622
1606615558,77.0,133.0,67.40622
1606615559,77.0,132.5,67.40622
1606615560,77.0,132.5,67.40622
1606615561,77.0,132.5,67.40622
1606615562,77.0,132.0,73.444145
1606615563,77.0,132.0,73.444145
1606615564,77.0,131.5,72.09175
1606615565,77.0,131.0,70.87726
1606615566,77.0,131.0,70.87726
1606615567,77.0,131.25,70.87726
1606615568,77.0,131.0,70.87726
1606615569,77.0,131.25,70.87726
1606615570,77.0,131.0,70.87726
1606615571,77.0,131.25,70.87726
1606615572,77.0,131.25,70.87726
1606615573,77.0,131.5,72.09175
1606615574,77.0,131.5,72.09175
1606615575,77.0,131.5,72.09175
1606615576,77.0,131.5,72.09175
1606615577,77.0,131.5,72.09175
1606615578,77.0,131.75,73.444145
1606615579,77.0,132.0,73.444145
1606615580,77.0,132.25,73.444145
1606615581,77.0,132.0,73.444145
1606615582,77.0,132.0,73.444145
1606615583,77.0,132.0,73.444145
1606615584,77.0,132.0,73.444145
1606615585,77.0,131.5,72.09175
1606615586,77.0,132.0,73.444145
1606615587,77.0,132.25,73.444145
1606615588,77.0,132.25,73.444145
1606615589,77.0,132.0,73.444145
1606615590,77.0,132.0,73.444145
1606615591,77.0,132.0,73.444145
1606615592,77.0,132.5,67.40622
1606615593,77.0,132.25,73.444145
1606615594,77.0,132.25,73.444145
1606615595,77.0,132.5,67.40622
1606615596,77.0,132.0,73.444145
1606615597,77.0,132.0,73.444145
1606615598,77.0,131.5,72.09175
1606615599,77.0,131.5,72.09175
1606615600,77.0,131.0,70.87726
1606615601,77.0,130.75,69.302795
1606615602,77.0,130.5,69.69964
1606615603,77.0,130.75,69.302795
1606615604,77.0,130.75,69.302795
1606615605,77.0,130.75,69.302795
1606615606,77.0,131.25,70.87726
1606615607,77.0,131.25,70.87726
1606615608,77.0,131.5,72.09175
1606615609,77.0,131.5,72.09175
1606615610,77.0,132.0,73.444145
1606615611,77.0,132.25,73.444145
1606615612,77.0,132.25,73.444145
1606615613,77.0,132.25,73.444145
1606615614,77.0,131.75,73.444145
1606615615,77.0,132.0,73.444145
1606615616,77.0,131.5,72.09175
1606615617,77.0,131.5,72.09175
1606615618,77.0,131.25,70.87726
1606615619,77.0,130.5,69.69964
1606615620,77.0,130.0,68.40317
1606615621,77.0,130.0,68.40317
1606615622,77.0,129.75,67.5804
1606615623,77.0,129.5,66.739395
1606615624,77.0,129.5,66.739395
1606615625,77.0,129.0,64.84586
1606615626,77.0,129.0,64.84586
1606615627,77.0,129.25,66.21891
1606615628,77.0,129.75,67.5804
1606615629,77.0,130.25,69.417786
1606615630,77.0,130.5,69.69964
1606615631,77.0,130.75,69.302795
1606615632,77.0,131.25,70.87726
1606615633,77.0,131.5,72.09175
1606615634,77.0,131.5,72.09175
1606615635,77.0,131.75,73.444145
1606615636,77.0,132.25,73.444145
1606615637,77.0,132.25,73.444145
1606615638,77.0,132.5,67.40622
1606615639,77.0,132.5,67.40622
1606615640,77.0,133.0,67.40622
1606615641,77.0,133.0,67.40622
1606615642,77.0,133.0,67.40622
1606615643,77.0,133.25,67.40622
1606615644,77.0,133.5,67.40622
1606615645,77.0,133.5,67.40622
1606615646,77.0,133.75,67.40622
1606615647,77.0,133.5,67.40622
1606615648,77.0,133.25,67.40622
1606615649,77.0,132.75,67.40622
1606615650,77.0,132.5,67.40622
1606615651,77.0,132.25,73.444145
1606615652,77.0,131.75,73.444145
1606615653,77.0,131.25,70.87726
1606615654,77.0,130.75,69.302795
1606615655,77.0,130.5,69.69964
1606615656,77.0,130.25,69.417786
1606615657,77.0,130.25,69.417786
1606615658,77.0,130.25,69.417786
1606615659,77.0,130.25,69.417786
1606615660,77.0,130.25,69.417786
1606615661,77.0,130.25,69.417786
1606615662,77.0,130.25,69.417786
1606615663,77.0,130.25,69.417786
1606615664,77.0,130.75,69.302795
1606615665,77.0,131.0,70.87726
1606615666,77.0,130.75,69.302795
1606615667,77.0,130.75,69.302795
1606615668,77.0,131.0,70.87726
1606615669,77.0,131.0,70.87726
1606615670,77.0,131.25,70.87726
1606615671,77.0,131.5,72.09175
1606615672,77.0,131.5,72.09175
1606615673,77.0,131.75,73.444145
1606615674,77.0,131.5,72.09175
1606615675,77.0,131.75,73.444145
1606615676,77.0,131.75,73.444145
1606615677,77.0,131.5,72.09175
1606615678,77.0,131.5,72.09175
1606615679,77.0,132.0,73.444145
1606615680,77.0,131.75,73.444145
1606615681,77.0,131.5,72.09175
1606615682,77.0,131.75,73.444145
1606615683,77.0,131.5,72.09175
1606615684,77.0,131.25,70.87726
1606615685,77.0,131.0,70.87726
1606615686,77.0,131.0,70.87726
1606615687,77.0,131.0,70.87726
1606615688,77.0,131.0,70.87726
1606615689,77.0,130.5,69.69964
1606615690,77.0,130.75,69.302795
1606615691,77.0,130.75,69.302795
1606615692,77.0,131.0,70.87726
1606615693,77.0,131.0,70.87726
1606615694,77.0,131.0,70.87726
1606615695,77.0,131.0,70.87726
1606615696,77.0,131.25,70.87726
1606615697,77.0,131.5,72.09175
1606615698,77.0,131.5,72.09175
1606615699,77.0,131.5,72.09175
1606615700,77.0,131.5,72.09175
1606615701,77.0,131.75,73.444145
1606615702,77.0,131.5,72.09175
1606615703,77.0,131.25,70.87726
1606615704,77.0,131.5,72.09175
1606615705,77.0,131.5,72.09175
1606615706,77.0,131.75,73.444145
1606615707,77.0,131.5,72.09175
1606615708,77.0,131.5,72.09175
1606615709,77.0,132.25,73.444145
1606615710,77.0,132.5,67.40622
1606615711,77.0,132.5,67.40622
1606615712,77.0,132.75,67.40622
1606615713,77.0,132.75,67.40622
1606615714,77.0,132.75,67.40622
1606615715,77.0,132.75,67.40622
1606615716,77.0,132.75,67.40622
1606615717,77.0,132.5,67.40622
1606615718,77.0,132.0,73.444145
1606615719,77.0,131.84375,73.444145
1606615720,77.0,131.6875,72.09175
1606615721,77.0,131.53125,72.09175
1606615722,77.0,131.375,70.87726
1606615723,77.0,131.21875,70.87726
1606615724,77.0,131.0625,70.87726
1606615725,77.0,130.90625,69.302795
1606615726,77.0,130.75,69.302795
1606615727,77.0,130.25,69.417786
1606615728,77.0,130.0,68.40317
1606615729,77.0,130.0,68.40317
1606615730,77.0,129.5,66.739395
1606615731,77.0,129.5,66.739395
1606615732,77.0,129.25,66.21891
1606615733,77.0,129.0,64.84586
1606615734,77.0,129.25,66.21891
1606615735,77.0,129.5,66.739395
1606615736,77.0,129.5,66.739395
1606615737,77.0,129.75,67.5804
1606615738,77.0,129.75,67.5804
1606615739,77.0,129.75,67.5804
1606615740,77.0,130.25,69.417786
1606615741,77.0,130.5,69.69964
1606615742,77.0,130.0,68.40317
1606615743,77.0,130.25,69.417786
1606615744,77.0,130.25,69.417786
1606615745,77.0,130.5,69.69964
1606615746,77.0,130.25,69.417786
1606615747,77.0,130.0,68.40317
1606615748,77.0,129.5,66.739395
1606615749,77.0,129.0,64.84586
1606615750,77.0,129.0,64.84586
1606615751,77.0,128.75,63.87227
1606615752,77.0,129.25,66.21891
1606615753,77.0,128.75,63.87227
1606615754,77.0,128.75,63.87227
1606615755,77.0,128.25,62.708134
1606615756,77.0,127.75,60.235928
1606615757,77.0,128.0,62.708134
1606615758,77.0,128.0,62.708134
1606615759,77.0,127.75,60.235928
1606615760,77.0,127.5,60.235928
1606615761,77.0,128.0,62.708134
1606615762,77.0,127.75,60.235928
1606615763,77.0,128.0,62.708134
1606615764,77.0,128.0,62.708134
1606615765,77.0,127.75,60.235928
1606615766,77.0,127.75,60.235928
1606615767,77.0,127.75,60.235928
1606615768,77.0,128.25,62.708134
1606615769,77.0,128.25,62.708134
1606615770,77.0,128.75,63.87227
1606615771,77.0,128.75,63.87227
1606615772,77.0,128.5,63.53337
1606615773,77.0,128.5,63.53337
1606615774,77.0,128.5,63.53337
1606615775,77.0,128.75,63.87227
1606615776,77.0,129.0,64.84586
1606615777,77.0,129.0,64.84586
1606615778,77.0,128.75,63.87227
1606615779,77.0,129.25,66.21891
1606615780,77.0,129.5,66.739395
1606615781,77.0,129.75,67.5804
1606615782,77.0,130.0,68.40317
1606615783,77.0,130.25,69.417786
1606615784,77.0,130.25,69.417786
1606615785,77.0,130.25,69.417786
1606615786,77.0,130.25,69.417786
1606615787,77.0,130.25,69.417786
1606615788,77.0,130.5,69.69964
1606615789,77.0,130.25,69.417786
1606615790,77.0,130.0,68.40317
1606615791,77.0,129.5,66.739395
1606615792,77.0,129.5,66.739395
1606615793,77.0,129.5,66.739395
1606615794,77.0,129.75,67.5804
1606615795,77.0,129.5,66.739395
1606615796,77.0,129.75,67.5804
1606615797,77.0,130.25,69.417786
1606615798,77.0,130.5,69.69964
1606615799,77.0,130.0,68.40317
1606615800,77.0,130.25,69.417786
1606615801,77.0,130.0,68.40317
1606615802,77.0,130.0,68.40317
1606615803,77.0,130.0,68.40317
1606615804,77.0,130.0,68.40317
1606615805,77.0,130.0,68.40317
1606615806,77.0,129.5,66.739395
1606615807,77.0,129.5,66.739395
1606615808,77.0,129.75,67.5804
1606615809,77.0,129.75,67.5804
1606615810,77.0,130.0,68.40317
1606615811,77.0,130.0,68.40317
1606615812,77.0,130.25,69.417786
1606615813,77.0,130.0,68.40317
1606615814,77.0,130.0,68.40317
1606615815,77.0,130.0,68.40317
1606615816,77.0,130.25,69.417786
1606615817,77.0,130.25,69.417786
1606615818,77.0,130.25,69.417786
1606615819,77.0,130.25,69.417786
1606615820,77.0,130.25,69.417786
1606615821,77.0,130.25,69.417786
1606615822,77.0,130.25,69.417786
1606615823,77.0,130.5,69.69964
1606615824,77.0,130.75,69.302795
1606615825,77.0,131.25,70.87726
1606615826,77.0,131.5,72.09175
1606615827,77.0,131.5,72.09175
1606615828,77.0,131.75,73.444145
1606615829,77.0,131.75,73.444145
1606615830,77.0,132.25,73.444145
1606615831,77.0,132.5,67.40622
1606615832,77.0,132.25,73.444145
1606615833,77.0,132.0,73.444145
1606615834,77.0,131.75,73.444145
1606615835,77.0,131.25,70.87726
1606615836,77.0,131.25,70.87726
1606615837,77.0,130.75,69.302795
1606615838,77.0,130.5,69.69964
1606615839,77.0,130.0,68.40317
1606615840,77.0,130.0,68.40317
1606615841,77.0,129.5,66.739395
1606615842,77.0,129.25,66.21891
1606615843,77.0,129.5,66.739395
1606615844,77.0,129.5,66.739395
1606615845,77.0,129.5,66.739395
1606615846,77.0,129.75,67.5804
1606615847,77.0,129.75,67.5804
1606615848,77.0,129.5,66.739395
1606615849,77.0,129.0,64.84586
1606615850,77.0,129.0,64.84586
1606615851,77.0,128.75,63.87227
1606615852,77.0,128.75,63.87227
1606615853,77.0,128.75,63.87227
1606615854,77.0,128.5,63.53337
1606615855,77.0,128.75,63.87227
1606615856,77.0,128.75,63.87227
1606615857,77.0,128.75,63.87227
1606615858,77.0,129.25,66.21891
1606615859,77.0,129.5,66.739395
1606615860,77.0,129.75,67.5804
1606615861,77.0,130.0,68.40317
1606615862,77.0,130.5,69.69964
1606615863,77.0,130.75,69.302795
1606615864,77.0,130.75,69.302795
1606615865,77.0,130.5,69.69964
1606615866,77.0,130.75,69.302795
1606615867,77.0,130.75,69.302795
1606615868,77.0,130.75,69.302795
1606615869,77.0,130.75,69.302795
1606615870,77.0,130.5,69.69964
1606615871,77.0,130.5,69.69964
1606615872,77.0,130.5,69.69964
1606615873,77.0,130.25,69.417786
1606615874,77.0,130.0,68.40317
1606615875,77.0,130.5,69.69964
1606615876,77.0,130.5,69.69964
1606615877,77.0,130.5,69.69964
1606615878,77.0,130.0,68.40317
1606615879,77.0,130.0,68.40317
1606615880,77.0,130.0,68.40317
1606615881,77.0,130.0,68.40317
1606615882,77.0,130.0,68.40317
1606615883,77.0,130.0,68.40317
1606615884,77.0,130.5,69.69964
1606615885,77.0,130.75,69.302795
1606615886,77.0,130.75,69.302795
1606615887,77.0,131.75,73.444145
1606615888,77.0,131.5,72.09175
1606615889,77.0,131.0,70.87726
1606615890,77.0,131.25,70.87726
1606615891,77.0,131.5,72.09175
1606615892,77.0,131.25,70.87726
1606615893,77.0,131.25,70.87726
1606615894,77.0,131.0,70.87726
1606615895,77.0,131.0,70.87726
1606615896,77.0,130.75,69.302795
1606615897,77.0,131.0,70.87726
1606615898,77.0,131.0,70.87726
1606615899,77.0,130.75,69.302795
1606615900,77.0,131.0,70.87726
1606615901,77.0,131.0,70.87726
1606615902,77.0,131.0,70.87726
1606615903,77.0,130.5,69.69964
1606615904,77.0,130.5,69.69964
1606615905,77.0,130.5,69.69964
1606615906,77.0,130.44444444444446,69.417786
1606615907,77.0,130.38888888888889,69.417786
1606615908,77.0,130.33333333333331,69.417786
1606615909,77.0,130.27777777777777,69.417786
1606615910,77.0,130.22222222222223,68.40317
1606615911,77.0,130.16666666666669,68.40317
1606615912,77.0,130.11111111111111,68.40317
1606615913,77.0,130.05555555555554,68.40317
1606615914,77.0,130.0,68.40317
1606615915,77.0,130.0,68.40317
1606615916,77.0,130.0,68.40317
1606615917,77.0,129.75,67.5804
1606615918,77.0,129.75,67.5804
1606615919,77.0,129.75,67.5804
1606615920,77.0,129.75,67.5804
1606615921,77.0,129.75,67.5804
1606615922,77.0,130.0,68.40317
1606615923,77.0,129.75,67.5804
1606615924,77.0,129.75,67.5804
1606615925,77.0,130.25,69.417786
1606615926,77.0,130.75,69.302795
1606615927,77.0,131.25,70.87726
1606615928,77.0,131.5,72.09175
1606615929,77.0,132.0,73.444145
1606615930,77.0,132.25,73.444145
1606615931,77.0,132.25,73.444145
1606615932,77.0,132.75,67.40622
1606615933,77.0,132.75,67.40622
1606615934,77.0,133.0,67.40622
1606615935,77.0,132.75,67.40622
1606615936,77.0,132.5,67.40622
1606615937,77.0,131.75,73.444145
1606615938,77.0,131.75,73.444145
1606615939,77.0,131.25,70.87726
1606615940,77.0,130.75,69.302795
1606615941,77.0,130.0,68.40317
1606615942,77.0,130.0,68.40317
1606615943,77.0,129.75,67.5804
1606615944,77.0,130.75,69.302795
1606615945,77.0,131.0,70.87726
1606615946,77.0,130.75,69.302795
1606615947,77.0,130.5,69.69964
1606615948,77.0,130.5,69.69964
1606615949,77.0,130.25,69.417786
1606615950,77.0,130.5,69.69964
1606615951,77.0,130.25,69.417786
1606615952,77.0,130.75,69.302795
1606615953,77.0,130.25,69.417786
1606615954,77.0,129.75,67.5804
1606615955,77.0,129.75,67.5804
1606615956,77.0,129.5,66.739395
1606615957,77.0,129.5,66.739395
1606615958,77.0,129.25,66.21891
1606615959,77.0,129.0,64.84586
1606615960,77.0,129.25,66.21891
1606615961,77.0,129.25,66.21891
1606615962,77.0,129.0,64.84586
1606615963,77.0,129.25,66.21891
1606615964,77.0,129.25,66.21891
1606615965,77.0,129.25,66.21891
1606615966,77.0,129.25,66.21891
1606615967,77.0,129.5,66.739395
1606615968,77.0,129.75,67.5804
1606615969,77.0,129.75,67.5804
1606615970,77.0,129.5,66.739395
1606615971,77.0,130.0,68.40317
1606615972,77.0,130.0,68.40317
1606615973,77.0,130.75,69.302795
1606615974,77.0,130.75,69.302795
1606615975,77.0,130.5,69.69964
1606615976,77.0,130.5,69.69964
1606615977,77.0,130.25,69.417786
1606615978,77.0,130.25,69.417786
1606615979,77.0,129.5,66.739395
1606615980,77.0,130.0,68.40317
1606615981,77.0,129.5,66.739395
1606615982,77.0,129.25,66.21891
1606615983,77.0,128.75,63.87227
1606615984,77.0,129.0,64.84586
1606615985,77.0,128.75,63.87227
1606615986,77.0,129.0,64.84586
1606615987,77.0,129.25,66.21891
1606615988,77.0,129.25,66.21891
1606615989,77.0,129.5,66.739395
1606615990,77.0,129.75,67.5804
1606615991,77.0,130.0,68.40317
1606615992,77.0,130.25,69.417786
1606615993,77.0,130.25,69.417786
1606615994,77.0,130.25,69.417786
1606615995,77.0,130.75,69.302795
1606615996,77.0,130.75,69.302795
1606615997,77.0,130.5,69.69964
1606615998,77.0,130.25,69.417786
1606615999,77.0,130.25,69.417786
1606616000,77.0,130.25,69.417786
1606616001,77.0,130.25,69.417786
1606616002,77.0,130.25,69.417786
1606616003,77.0,129.75,67.5804
1606616004,77.0,130.25,69.417786
1606616005,77.0,129.75,67.5804
1606616006,77.0,130.0,68.40317
1606616007,77.0,129.75,67.5804
1606616008,77.0,130.0,68.40317
1606616009,77.0,130.25,69.417786
1606616010,77.0,130.25,69.417786
1606616011,77.0,130.75,69.302795
1606616012,77.0,130.75,69.302795
1606616013,77.0,130.75,69.302795
1606616014,77.0,130.75,69.302795
1606616015,77.0,131.25,70.87726
1606616016,77.0,131.25,70.87726
1606616017,77.0,130.75,69.302795
1606616018,77.0,130.75,69.302795
1606616019,77.0,130.5,69.69964
1606616020,77.0,130.0,68.40317
1606616021,77.0,130.0,68.40317
1606616022,77.0,129.75,67.5804
1606616023,77.0,130.25,69.417786
1606616024,77.0,129.75,67.5804
1606616025,77.0,129.75,67.5804
1606616026,77.0,129.25,66.21891
1606616027,77.0,129.75,67.5804
1606616028,77.0,129.75,67.5804
1606616029,77.0,130.0,68.40317
1606616030,77.0,130.0,68.40317
1606616031,77.0,130.0,68.40317
1606616032,77.0,130.0,68.40317
1606616033,77.0,130.25,69.417786
1606616034,77.0,130.25,69.417786
1606616035,77.0,130.25,69.417786
1606616036,77.0,130.5,69.69964
1606616037,77.0,130.75,69.302795
1606616038,77.0,131.25,70.87726
1606616039,77.0,131.0,70.87726
1606616040,77.0,131.0,70.87726
1606616041,77.0,131.0,70.87726
1606616042,77.0,131.0,70.87726
1606616043,77.0,131.0,70.87726
1606616044,77.0,130.75,69.302795
1606616045,77.0,130.5,69.69964
1606616046,77.0,130.25,69.417786
1606616047,77.0,129.75,67.5804
1606616048,77.0,130.0,68.40317
1606616049,77.0,129.75,67.5804
1606616050,77.0,129.75,67.5804
1606616051,77.0,129.75,67.5804
1606616052,77.0,129.75,67.5804
1606616053,77.0,129.5,66.739395
1606616054,77.0,129.75,67.5804
1606616055,77.0,129.75,67.5804
1606616056,77.0,129.75,67.5804
1606616057,77.0,130.0,68.40317
1606616058,77.0,129.5,66.739395
1606616059,77.0,129.5,66.739395
1606616060,77.0,129.75,67.5804
1606616061,77.0,129.5,66.739395
1606616062,77.0,129.5,66.739395
1606616063,77.0,129.5,66.739395
1606616064,77.0,129.5,66.739395
1606616065,77.0,129.5,66.739395
1606616066,77.0,129.5,66.739395
1606616067,77.0,129.25,66.21891
1606616068,77.0,129.5,66.739395
1606616069,77.0,129.25,66.21891
1606616070,77.0,129.25,66.21891
1606616071,77.0,129.5,66.739395
1606616072,77.0,129.5,66.739395
1606616073,77.0,129.5,66.739395
1606616074,77.0,130.0,68.40317
1606616075,77.0,130.0,68.40317
1606616076,77.0,130.5,69.69964
1606616077,77.0,131.0,70.87726
1606616078,77.0,131.75,73.444145
1606616079,77.0,132.0,73.444145
1606616080,77.0,132.0,73.444145
1606616081,77.0,132.5,67.40622
1606616082,77.0,132.5,67.40622
1606616083,77.0,132.25,73.444145
1606616084,77.0,132.0,73.444145
1606616085,77.0,131.75,73.444145
1606616086,77.0,131.75,73.444145
1606616087,77.0,131.0,70.87726
1606616088,77.0,130.75,69.302795
1606616089,77.0,130.75,69.302795
1606616090,77.0,130.5,69.69964
1606616091,77.0,129.75,67.5804
1606616092,77.0,129.84375,67.5804
1606616093,77.0,129.9375,67.5804
1606616094,77.0,130.03125,68.40317
1606616095,77.0,130.125,68.40317
1606616096,77.0,130.21875,68.40317
1606616097,77.0,130.3125,69.417786
1606616098,77.0,130.40625,69.417786
1606616099,77.0,130.5,69.69964
1606616100,77.0,130.25,69.417786
1606616101,77.0,130.5,69.69964
1606616102,77.0,130.5,69.69964
1606616103,77.0,130.75,69.302795
1606616104,77.0,130.25,69.417786
1606616105,77.0,130.5,69.69964
1606616106,77.0,130.25,69.417786
1606616107,77.0,130.0,68.40317
1606616108,77.0,129.5,66.739395
1606616109,77.0,130.0,68.40317
1606616110,77.0,129.75,67.5804
1606616111,77.0,129.75,67.5804
1606616112,77.0,130.0,68.40317
1606616113,77.0,129.75,67.5804
1606616114,77.0,130.0,68.40317
1606616115,77.0,130.5,69.69964
1606616116,77.0,130.25,69.417786
1606616117,77.0,130.25,69.417786
1606616118,77.0,131.0,70.87726
1606616119,77.0,131.0,70.87726
1606616120,77.0,131.0,70.87726
1606616121,77.0,131.25,70.87726
1606616122,77.0,131.25,70.87726
1606616123,77.0,130.5,69.69964
1606616124,77.0,130.5,69.69964
1606616125,77.0,130.0,68.40317
1606616126,77.0,129.5,66.739395
1606616127,77.0,129.0,64.84586
1606616128,77.0,129.0,64.84586
1606616129,77.0,128.5,63.53337
1606616130,77.0,128.25,62.708134
1606616131,77.0,128.0,62.708134
1606616132,77.0,128.0,62.708134
1606616133,77.0,127.75,60.235928
1606616134,77.0,128.0,62.708134
1606616135,77.0,127.75,60.235928
1606616136,77.0,128.25,62.708134
1606616137,77.0,128.25,62.708134
1606616138,77.0,128.5,63.53337
1606616139,77.0,128.5,63.53337
1606616140,77.0,129.0,64.84586
1606616141,77.0,129.0,64.84586
1606616142,77.0,129.0,64.84586
1606616143,77.0,129.0,64.84586
1606616144,77.0,128.5,63.53337
1606616145,77.0,128.25,62.708134
1606616146,77.0,128.0,62.708134
1606616147,77.0,128.25,62.708134
1606616148,77.0,128.25,62.708134
1606616149,77.0,128.25,62.708134
1606616150,77.0,128.25,62.708134
1606616151,77.0,128.5,63.53337
1606616152,77.0,128.75,63.87227
1606616153,77.0,129.0,64.84586
1606616154,77.0,129.75,67.5804
1606616155,77.0,129.75,67.5804
1606616156,77.0,129.75,67.5804
1606616157,77.0,129.75,67.5804
1606616158,77.0,130.25,69.417786
1606616159,77.0,130.5,69.69964
1606616160,77.0,131.0,70.87726
1606616161,77.0,131.0,70.87726
1606616162,77.0,131.0,70.87726
1606616163,77.0,130.75,69.302795
1606616164,77.0,130.75,69.302795
1606616165,77.0,130.5,69.69964
1606616166,77.0,130.25,69.417786
1606616167,77.0,130.25,69.417786
1606616168,77.0,130.25,69.417786
1606616169,77.0,129.75,67.5804
1606616170,77.0,129.5,66.739395
1606616171,77.0,129.5,66.739395
1606616172,77.0,129.25,66.21891
1606616173,77.0,128.75,63.87227
1606616174,77.0,128.75,63.87227
1606616175,77.0,129.0,64.84586
1606616176,77.0,128.5,63.53337
1606616177,77.0,128.5,63.53337
1606616178,77.0,128.75,63.87227
1606616179,77.0,128.75,63.87227
1606616180,77.0,129.0,64.84586
1606616181,77.0,129.0,64.84586
1606616182,77.0,129.25,66.21891
1606616183,77.0,129.25,66.21891
1606616184,77.0,129.5,66.739395
1606616185,77.0,129.75,67.5804
1606616186,77.0,130.0,68.40317
1606616187,77.0,130.0,68.40317
1606616188,77.0,130.0,68.40317
1606616189,77.0,130.5,69.69964
1606616190,77.0,130.25,69.417786
1606616191,77.0,130.5,69.69964
1606616192,77.0,130.75,69.302795
1606616193,77.0,130.75,69.302795
1606616194,77.0,130.75,69.302795
1606616195,77.0,131.5,72.09175
1606616196,77.0,131.25,70.87726
1606616197,77.0,131.5,72.09175
1606616198,77.0,131.5,72.09175
1606616199,77.0,131.25,70.87726
1606616200,77.0,131.0,70.87726
1606616201,77.0,130.75,69.302795
1606616202,77.0,130.5,69.69964
1606616203,77.0,130.75,69.302795
1606616204,77.0,130.75,69.302795
1606616205,77.0,130.25,69.417786
1606616206,77.0,130.0,68.40317
1606616207,77.0,130.25,69.417786
1606616208,77.0,130.5,69.69964
1606616209,77.0,130.5,69.69964
1606616210,77.0,130.5,69.69964
1606616211,77.0,130.75,69.302795
1606616212,77.0,130.75,69.302795
1606616213,77.0,131.0,70.87726
1606616214,77.0,131.25,70.87726
1606616215,77.0,131.5,72.09175
1606616216,77.0,131.75,73.444145
1606616217,77.0,132.0,73.444145
1606616218,77.0,132.0,73.444145
1606616219,77.0,131.75,73.444145
1606616220,77.0,131.75,73.444145
1606616221,77.0,131.5,72.09175
1606616222,77.0,131.5,72.09175
1606616223,77.0,131.5,72.09175
1606616224,77.0,131.5,72.09175
1606616225,77.0,131.75,73.444145
1606616226,77.0,131.75,73.444145
1606616227,77.0,131.75,73.444145
1606616228,77.0,131.5,72.09175
1606616229,77.0,131.75,73.444145
1606616230,77.0,131.75,73.444145
1606616231,77.0,132.0,73.444145
1606616232,77.0,132.0,73.444145
1606616233,77.0,132.25,73.444145
1606616234,77.0,132.25,73.444145
1606616235,77.0,132.0,73.444145
1606616236,77.0,132.0,73.444145
1606616237,77.0,131.75,73.444145
1606616238,77.0,131.5,72.09175
1606616239,77.0,131.75,73.444145
1606616240,77.0,131.5,72.09175
1606616241,77.0,131.25,70.87726
1606616242,77.0,131.25,70.87726
1606616243,77.0,131.25,70.87726
1606616244,77.0,131.0,70.87726
1606616245,77.0,131.5,72.09175
1606616246,77.0,131.25,70.87726
1606616247,77.0,131.25,70.87726
1606616248,77.0,131.5,72.09175
1606616249,77.0,131.5,72.09175
1606616250,77.0,131.5,72.09175
1606616251,77.0,131.5,72.09175
1606616252,77.0,131.5,72.09175
1606616253,77.0,131.25,70.87726
1606616254,77.0,131.0,70.87726
1606616255,77.0,131.0,70.87726
1606616256,77.0,131.25,70.87726
1606616257,77.0,131.0,70.87726
1606616258,77.0,131.0,70.87726
1606616259,77.0,130.75,69.302795
1606616260,77.0,130.25,69.417786
1606616261,77.0,129.75,67.5804
1606616262,77.0,129.75,67.5804
1606616263,77.0,129.5,66.739395
1606616264,77.0,129.0,64.84586
1606616265,77.0,129.25,66.21891
1606616266,77.0,129.0,64.84586
1606616267,77.0,129.25,66.21891
1606616268,77.0,129.5,66.739395
1606616269,77.0,129.75,67.5804
1606616270,77.0,130.0,68.40317
1606616271,77.0,130.5,69.69964
1606616272,77.0,130.5,69.69964
1606616273,77.0,130.25,69.417786
1606616274,77.0,130.75,69.302795
1606616275,77.0,130.6875,69.69964
1606616276,77.0,130.625,69.69964
1606616277,77.0,130.5625,69.69964
1606616278,77.0,130.5,69.69964
1606616279,77.0,130.4375,69.417786
1606616280,77.0,130.375,69.417786
1606616281,77.0,130.3125,69.417786
1606616282,77.0,130.25,69.417786
1606616283,77.0,130.25,69.417786
1606616284,77.0,130.25,69.417786
1606616285,77.0,130.25,69.417786
1606616286,77.0,130.25,69.417786
1606616287,77.0,130.25,69.417786
1606616288,77.0,130.0,68.40317
1606616289,77.0,130.0,68.40317
1606616290,77.0,130.25,69.417786
1606616291,77.0,130.25,69.417786
1606616292,77.0,130.5,69.69964
1606616293,77.0,130.5,69.69964
1606616294,77.0,130.5,69.69964
1606616295,77.0,130.75,69.302795
1606616296,77.0,130.75,69.302795
1606616297,77.0,131.0,70.87726
1606616298,77.0,130.5,69.69964
1606616299,77.0,130.5,69.69964
1606616300,77.0,130.25,69.417786
1606616301,77.0,130.25,69.417786
1606616302,77.0,130.25,69.417786
1606616303,77.0,130.25,69.417786
1606616304,77.0,130.25,69.417786
1606616305,77.0,130.25,69.417786
1606616306,77.0,130.5,69.69964
1606616307,77.0,130.75,69.302795
1606616308,77.0,131.0,70.87726
1606616309,77.0,131.0,70.87726
1606616310,77.0,131.0,70.87726
1606616311,77.0,131.0,70.87726
1606616312,77.0,130.75,69.302795
1606616313,77.0,131.0,70.87726
1606616314,77.0,130.75,69.302795
1606616315,77.0,130.5,69.69964
1606616316,77.0,130.5,69.69964
1606616317,77.0,130.5,69.69964
1606616318,77.0,130.75,69.302795
1606616319,77.0,130.75,69.302795
1606616320,77.0,131.0,70.87726
1606616321,77.0,131.0,70.87726
1606616322,77.0,131.0,70.87726
1606616323,77.0,131.25,70.87726
1606616324,77.0,131.25,70.87726
1606616325,77.0,131.75,73.444145
1606616326,77.0,132.0,73.444145
1606616327,77.0,131.5,72.09175
1606616328,77.0,131.5,72.09175
1606616329,77.0,131.5,72.09175
1606616330,77.0,131.25,70.87726
1606616331,77.0,130.75,69.302795
1606616332,77.0,131.0,70.87726
1606616333,77.0,131.0,70.87726
1606616334,77.0,130.0,68.40317
1606616335,77.0,130.0,68.40317
1606616336,77.0,130.0,68.40317
1606616337,77.0,130.25,69.417786
1606616338,77.0,130.0,68.40317
1606616339,77.0,130.0,68.40317
1606616340,77.0,130.0,68.40317
1606616341,77.0,129.75,67.5804
1606616342,77.0,130.0,68.40317
1606616343,77.0,129.75,67.5804
1606616344,77.0,129.75,67.5804
1606616345,77.0,129.75,67.5804
1606616346,77.0,129.5,66.739395
1606616347,77.0,129.5,66.739395
1606616348,77.0,129.75,67.5804
1606616349,77.0,129.75,67.5804
1606616350,77.0,129.5,66.739395
1606616351,77.0,129.75,67.5804
1606616352,77.0,130.0,68.40317
1606616353,77.0,130.5,69.69964
1606616354,77.0,131.0,70.87726
1606616355,77.0,131.0,70.87726
1606616356,77.0,131.0,70.87726
1606616357,77.0,131.25,70.87726
1606616358,77.0,131.25,70.87726
1606616359,77.0,131.5,72.09175
1606616360,77.0,131.0,70.87726
1606616361,77.0,131.25,70.87726
1606616362,77.0,131.25,70.87726
1606616363,77.0,131.25,70.87726
1606616364,77.0,131.5,72.09175
1606616365,77.0,131.25,70.87726
1606616366,77.0,131.0,70.87726
1606616367,77.0,131.5,72.09175
1606616368,77.0,131.5,72.09175
1606616369,77.0,131.25,70.87726
1606616370,77.0,131.5,72.09175
1606616371,77.0,131.25,70.87726
1606616372,77.0,131.25,70.87726
1606616373,77.0,131.0,70.87726
1606616374,77.0,130.5,69.69964
1606616375,77.0,130.25,69.417786
1606616376,77.0,130.25,69.417786
1606616377,77.0,129.75,67.5804
1606616378,77.0,129.25,66.21891
1606616379,77.0,129.5,66.739395
1606616380,77.0,129.5,66.739395
1606616381,77.0,129.75,67.5804
1606616382,77.0,129.75,67.5804
1606616383,77.0,130.25,69.417786
1606616384,77.0,130.5,69.69964
1606616385,77.0,130.75,69.302795
1606616386,77.0,131.0,70.87726
1606616387,77.0,131.0,70.87726
1606616388,77.0,131.25,70.87726
1606616389,77.0,131.0,70.87726
1606616390,77.0,131.0,70.87726
1606616391,77.0,130.75,69.302795
1606616392,77.0,130.5,69.69964
1606616393,77.0,130.25,69.417786
1606616394,77.0,130.0,68.40317
1606616395,77.0,129.75,67.5804
1606616396,77.0,129.75,67.5804
1606616397,77.0,129.75,67.5804
1606616398,77.0,129.75,67.5804
1606616399,77.0,129.75,67.5804
1606616400,77.0,129.75,67.5804
1606616401,77.0,129.75,67.5804
1606616402,77.0,129.25,66.21891
1606616403,77.0,129.0,64.84586
1606616404,77.0,129.25,66.21891
1606616405,77.0,128.75,63.87227
1606616406,77.0,128.75,63.87227
1606616407,77.0,128.75,63.87227
1606616408,77.0,128.75,63.87227
1606616409,77.0,128.5,63.53337
1606616410,77.0,128.5,63.53337
1606616411,77.0,128.5,63.53337
1606616412,77.0,128.5,63.53337
1606616413,77.0,128.5,63.53337
1606616414,77.0,128.75,63.87227
1606616415,77.0,129.0,64.84586
1606616416,77.0,129.0,64.84586
1606616417,77.0,129.25,66.21891
1606616418,77.0,129.5,66.739395
1606616419,77.0,129.0,64.84586
1606616420,77.0,128.5,63.53337
1606616421,77.0,128.5,63.53337
1606616422,77.0,128.0,62.708134
1606616423,77.0,128.25,62.708134
1606616424,77.0,127.75,60.235928
1606616425,77.0,127.75,60.235928
1606616426,77.0,127.75,60.235928
1606616427,77.0,127.75,60.235928
1606616428,77.0,128.0,62.708134
1606616429,77.0,128.0,62.708134
1606616430,77.0,128.0,62.708134
1606616431,77.0,128.25,62.708134
1606616432,77.0,128.5,63.53337
1606616433,77.0,128.25,62.708134
1606616434,77.0,128.5,63.53337
1606616435,77.0,128.75,63.87227
1606616436,77.0,128.5,63.53337
1606616437,77.0,128.5,63.53337
1606616438,77.0,128.5,63.53337
1606616439,77.0,128.0,62.708134
1606616440,77.0,128.25,62.708134
1606616441,77.0,128.25,62.708134
1606616442,77.0,128.0,62.708134
1606616443,77.0,128.0,62.708134
1606616444,77.0,128.0,62.708134
1606616445,77.0,128.0,62.708134
1606616446,77.0,128.25,62.708134
1606616447,77.0,128.25,62.708134
1606616448,77.0,128.25,62.708134
1606616449,77.0,128.25,62.708134
1606616450,77.0,128.25,62.708134
1606616451,77.0,128.5,63.53337
1606616452,77.0,128.5,63.53337
1606616453,77.0,128.5,63.53337
1606616454,77.0,128.5,63.53337
1606616455,77.0,128.75,63.87227
1606616456,77.0,129.0,64.84586
1606616457,77.0,128.75,63.87227
1606616458,77.0,129.0,64.84586
1606616459,77.0,128.75,63.87227
1606616460,77.0,128.75,63.87227
1606616461,77.0,128.75,63.87227
1606616462,77.0,128.75,63.87227
1606616463,77.0,128.75,63.87227
1606616464,77.0,128.75,63.87227
1606616465,77.0,128.75,63.87227
1606616466,77.0,128.75,63.87227
1606616467,77.0,128.75,63.87227
1606616468,77.0,128.5,63.53337
1606616469,77.0,128.75,63.87227
1606616470,77.0,128.25,62.708134
1606616471,77.0,128.0,62.708134
1606616472,77.0,128.0,62.708134
1606616473,77.0,127.75,60.235928
1606616474,77.0,127.5,60.235928
1606616475,77.0,127.5,60.235928
1606616476,77.0,127.25,59.16829
1606616477,77.0,127.25,59.16829
1606616478,77.0,127.25,59.16829
1606616479,77.0,127.0,59.16829
1606616480,77.0,127.5,60.235928
1606616481,77.0,127.5,60.235928
1606616482,77.0,128.0,62.708134
1606616483,77.0,128.0,62.708134
1606616484,77.0,128.5,63.53337
1606616485,77.0,128.5,63.53337
1606616486,77.0,129.0,64.84586
1606616487,77.0,129.0,64.84586
1606616488,77.0,129.5,66.739395
1606616489,77.0,129.75,67.5804
1606616490,77.0,130.0,68.40317
1606616491,77.0,130.0,68.40317
1606616492,77.0,130.25,69.417786
1606616493,77.0,130.25,69.417786
1606616494,77.0,130.0,68.40317
1606616495,77.0,129.75,67.5804
1606616496,77.0,129.75,67.5804
1606616497,77.0,129.5,66.739395
1606616498,77.0,129.0,64.84586
1606616499,77.0,128.5,63.53337
1606616500,77.0,128.5,63.53337
1606616501,77.0,128.5,63.53337
1606616502,77.0,128.25,62.708134
1606616503,77.0,128.25,62.708134
1606616504,77.0,128.5,63.53337
1606616505,77.0,128.25,62.708134
1606616506,77.0,128.5,63.53337
1606616507,77.0,128.5,63.53337
1606616508,77.0,128.5,63.53337
1606616509,77.0,128.5,63.53337
1606616510,77.0,129.25,66.21891
1606616511,77.0,129.0,64.84586
1606616512,77.0,128.75,63.87227
1606616513,77.0,128.75,63.87227
1606616514,77.0,128.25,62.708134
1606616515,77.0,128.25,62.708134
1606616516,77.0,128.5,63.53337
1606616517,77.0,128.25,62.708134
1606616518,77.0,128.25,62.708134
1606616519,77.0,128.5,63.53337
1606616520,77.0,128.5,63.53337
1606616521,77.0,129.0,64.84586
1606616522,77.0,129.25,66.21891
1606616523,77.0,129.5,66.739395
1606616524,77.0,129.5,66.739395
1606616525,77.0,129.5,66.739395
1606616526,77.0,129.75,67.5804
1606616527,77.0,129.75,67.5804
1606616528,77.0,130.0,68.40317
1606616529,77.0,129.75,67.5804
1606616530,77.0,129.75,67.5804
1606616531,77.0,130.0,68.40317
1606616532,77.0,130.0,68.40317
1606616533,77.0,130.0,68.40317
1606616534,77.0,130.0,68.40317
1606616535,77.0,129.75,67.5804
1606616536,77.0,129.75,67.5804
1606616537,77.0,129.5,66.739395
1606616538,77.0,129.25,66.21891
1606616539,77.0,129.25,66.21891
1606616540,77.0,129.5,66.739395
1606616541,77.0,129.25,66.21891
1606616542,77.0,129.25,66.21891
1606616543,77.0,129.25,66.21891
1606616544,77.0,129.0,64.84586
1606616545,77.0,129.0,64.84586
1606616546,77.0,129.5,66.739395
1606616547,77.0,129.25,66.21891
1606616548,77.0,129.25,66.21891
1606616549,77.0,129.25,66.21891
1606616550,77.0,129.0,64.84586
1606616551,77.0,129.0,64.84586
1606616552,77.0,129.0,64.84586
1606616553,77.0,129.25,66.21891
1606616554,77.0,129.25,66.21891
1606616555,77.0,129.25,66.21891
1606616556,77.0,129.75,67.5804
1606616557,77.0,130.0,68.40317
1606616558,77.0,130.5,69.69964
1606616559,77.0,130.5,69.69964
1606616560,77.0,130.5,69.69964
1606616561,77.0,130.75,69.302795
1606616562,77.0,130.75,69.302795
1606616563,77.0,130.5,69.69964
1606616564,77.0,130.5,69.69964
1606616565,77.0,130.0,68.40317
1606616566,77.0,130.0,68.40317
1606616567,77.0,129.25,66.21891
1606616568,77.0,128.75,63.87227
1606616569,77.0,128.5,63.53337
1606616570,77.0,128.0,62.708134
1606616571,77.0,128.0,62.708134
1606616572,77.0,127.5,60.235928
1606616573,77.0,127.5,60.235928
1606616574,77.0,127.0,59.16829
1606616575,77.0,127.0,59.16829
1606616576,77.0,126.75,59.16829
1606616577,77.0,127.25,59.16829
1606616578,77.0,127.25,59.16829
1606616579,77.0,127.5,60.235928
1606616580,77.0,127.75,60.235928
1606616581,77.0,128.25,62.708134
1606616582,77.0,128.25,62.708134
1606616583,77.0,128.5,63.53337
1606616584,77.0,128.75,63.87227
1606616585,77.0,128.5,63.53337
1606616586,77.0,129.0,64.84586
1606616587,77.0,129.0,64.84586
1606616588,77.0,129.0,64.84586
1606616589,77.0,129.0,64.84586
1606616590,77.0,129.0,64.84586
1606616591,77.0,129.25,66.21891
1606616592,77.0,129.25,66.21891
1606616593,77.0,129.5,66.739395
1606616594,77.0,129.25,66.21891
1606616595,77.0,129.25,66.21891
1606616596,77.0,129.0,64.84586
1606616597,77.0,129.25,66.21891
1606616598,77.0,129.25,66.21891
1606616599,77.0,129.0,64.84586
1606616600,77.0,129.0,64.84586
1606616601,77.0,129.0,64.84586
1606616602,77.0,129.0,64.84586
1606616603,77.0,129.0,64.84586
1606616604,77.0,129.0,64.84586
1606616605,77.0,128.75,63.87227
1606616606,77.0,129.0,64.84586
1606616607,77.0,128.5,63.53337
1606616608,77.0,128.5,63.53337
1606616609,77.0,128.5,63.53337
1606616610,77.0,128.5,63.53337
1606616611,77.0,128.25,62.708134
1606616612,77.0,128.25,62.708134
1606616613,77.0,128.25,62.708134
1606616614,77.0,128.0,62.708134
1606616615,77.0,127.75,60.235928
1606616616,77.0,127.75,60.235928
1606616617,77.0,128.0,62.708134
1606616618,77.0,128.25,62.708134
1606616619,77.0,128.0,62.708134
1606616620,77.0,128.25,62.708134
1606616621,77.0,128.0,62.708134
1606616622,77.0,128.0,62.708134
1606616623,77.0,128.25,62.708134
1606616624,77.0,127.75,60.235928
1606616625,77.0,128.0,62.708134
1606616626,77.0,127.75,60.235928
1606616627,77.0,127.75,60.235928
1606616628,77.0,127.75,60.235928
1606616629,77.0,127.25,59.16829
1606616630,77.0,127.25,59.16829
1606616631,77.0,127.25,59.16829
1606616632,77.0,127.25,59.16829
1606616633,77.0,127.0,59.16829
1606616634,77.0,126.75,59.16829
1606616635,77.0,126.5,38.462692
1606616636,77.0,127.0,59.16829
1606616637,77.0,127.0,59.16829
1606616638,77.0,127.0,59.16829
1606616639,77.0,127.0,59.16829
