timestamp,cal_pm25_fa
1606633920,24.30503
1606633921,24.30503
1606633922,27.357304
1606633923,27.357304
1606633924,27.357304
1606633925,27.357304
1606633926,27.357304
1606633927,27.357304
1606633928,27.357304
1606633929,27.357304
1606633930,27.357304
1606633931,27.357304
1606633932,27.357304
1606633933,27.357304
1606633934,27.357304
1606633935,27.357304
1606633936,27.357304
1606633937,27.357304
1606633938,27.357304
1606633939,27.357304
1606633940,27.357304
1606633941,27.357304
1606633942,27.357304
1606633943,27.357304
1606633944,27.357304
1606633945,27.357304
1606633946,27.357304
1606633947,27.357304
1606633948,27.357304
1606633949,27.357304
1606633950,27.357304
1606633951,27.357304
1606633952,27.357304
1606633953,27.357304
1606633954,27.357304
1606633955,27.357304
1606633956,27.357304
1606633957,27.357304
1606633958,27.357304
1606633959,27.357304
1606633960,27.357304
1606633961,27.357304
1606633962,27.357304
1606633963,27.357304
1606633964,27.357304
1606633965,27.357304
1606633966,27.357304
1606633967,27.357304
1606633968,27.357304
1606633969,27.357304
1606633970,27.357304
1606633971,27.357304
1606633972,24.30503
1606633973,24.30503
1606633974,24.30503
1606633975,24.30503
1606633976,24.30503
1606633977,24.30503
1606633978,24.30503
1606633979,24.30503
1606633980,24.30503
1606633981,24.30503
1606633982,24.30503
1606633983,24.30503
1606633984,24.30503
1606633985,24.30503
1606633986,24.30503
1606633987,24.30503
1606633988,24.30503
1606633989,27.357304
1606633990,27.357304
1606633991,27.357304
1606633992,27.357304
1606633993,27.357304
1606633994,27.357304
1606633995,27.357304
1606633996,27.357304
1606633997,27.357304
1606633998,27.357304
1606633999,27.357304
1606634000,27.357304
1606634001,27.357304
1606634002,27.357304
1606634003,27.357304
1606634004,27.357304
1606634005,27.357304
1606634006,27.357304
1606634007,27.357304
1606634008,27.357304
1606634009,27.357304
1606634010,28.53699
1606634011,28.53699
1606634012,28.53699
1606634013,28.53699
1606634014,28.53699
1606634015,28.53699
1606634016,28.53699
1606634017,28.53699
1606634018,28.53699
1606634019,28.67485
1606634020,28.67485
1606634021,28.67485
1606634022,28.67485
1606634023,28.67485
1606634024,28.67485
1606634025,28.67485
1606634026,28.67485
1606634027,28.67485
1606634028,28.67485
1606634029,28.67485
1606634030,28.67485
1606634031,28.67485
1606634032,28.67485
1606634033,28.67485
1606634034,28.405556
1606634035,28.405556
1606634036,28.405556
1606634037,28.405556
1606634038,28.405556
1606634039,28.405556
1606634040,28.405556
1606634041,28.405556
1606634042,28.405556
1606634043,28.405556
1606634044,28.405556
1606634045,28.405556
1606634046,28.67485
1606634047,28.67485
1606634048,28.67485
1606634049,28.67485
1606634050,28.67485
1606634051,28.67485
1606634052,28.67485
1606634053,28.67485
1606634054,28.67485
1606634055,28.67485
1606634056,28.67485
1606634057,28.67485
1606634058,28.67485
1606634059,28.67485
1606634060,28.67485
1606634061,28.67485
1606634062,28.67485
1606634063,28.67485
1606634064,28.67485
1606634065,28.67485
1606634066,28.67485
1606634067,28.67485
1606634068,28.67485
1606634069,28.67485
1606634070,28.67485
1606634071,28.67485
1606634072,28.67485
1606634073,28.67485
1606634074,28.67485
1606634075,28.67485
1606634076,28.67485
1606634077,28.67485
1606634078,28.67485
1606634079,28.67485
1606634080,28.67485
1606634081,28.67485
1606634082,28.67485
1606634083,28.67485
1606634084,28.67485
1606634085,28.67485
1606634086,28.67485
1606634087,28.67485
1606634088,28.67485
1606634089,28.67485
1606634090,28.67485
1606634091,28.67485
1606634092,28.67485
1606634093,28.67485
1606634094,28.67485
1606634095,28.67485
1606634096,28.67485
1606634097,28.67485
1606634098,28.67485
1606634099,28.67485
1606634100,28.67485
1606634101,28.67485
1606634102,28.67485
1606634103,28.67485
1606634104,28.67485
1606634105,28.67485
1606634106,28.67485
1606634107,28.67485
1606634108,28.67485
1606634109,28.67485
1606634110,28.53699
1606634111,28.53699
1606634112,28.53699
1606634113,28.53699
1606634114,28.53699
1606634115,27.357304
1606634116,27.357304
1606634117,27.357304
1606634118,27.357304
1606634119,27.357304
1606634120,27.357304
1606634121,27.357304
1606634122,27.357304
1606634123,27.357304
1606634124,27.357304
1606634125,27.357304
1606634126,27.357304
1606634127,27.357304
1606634128,27.357304
1606634129,27.357304
1606634130,27.357304
1606634131,27.357304
1606634132,27.357304
1606634133,27.357304
1606634134,27.357304
1606634135,27.357304
1606634136,27.357304
1606634137,27.357304
1606634138,27.357304
1606634139,27.357304
1606634140,27.357304
1606634141,28.53699
1606634142,28.53699
1606634143,28.53699
1606634144,28.67485
1606634145,28.67485
1606634146,28.67485
1606634147,28.67485
1606634148,28.67485
1606634149,28.67485
1606634150,28.405556
1606634151,28.405556
1606634152,28.405556
1606634153,28.551743
1606634154,28.551743
1606634155,29.298237
1606634156,29.298237
1606634157,29.298237
1606634158,29.298237
1606634159,29.298237
1606634160,29.298237
1606634161,29.298237
1606634162,29.298237
1606634163,29.298237
1606634164,29.298237
1606634165,29.298237
1606634166,29.298237
1606634167,29.298237
1606634168,29.298237
1606634169,29.298237
1606634170,29.298237
1606634171,29.298237
1606634172,29.298237
1606634173,29.298237
1606634174,29.298237
1606634175,31.334766
1606634176,31.334766
1606634177,31.334766
1606634178,31.334766
1606634179,31.334766
1606634180,31.334766
1606634181,31.334766
1606634182,31.334766
1606634183,31.334766
1606634184,31.334766
1606634185,31.334766
1606634186,31.334766
1606634187,31.334766
1606634188,31.334766
1606634189,31.334766
1606634190,31.334766
1606634191,31.334766
1606634192,31.334766
1606634193,31.334766
1606634194,31.334766
1606634195,31.334766
1606634196,31.334766
1606634197,31.334766
1606634198,31.334766
1606634199,31.334766
1606634200,31.334766
1606634201,31.334766
1606634202,31.334766
1606634203,31.334766
1606634204,31.334766
1606634205,31.334766
1606634206,29.298237
1606634207,29.298237
1606634208,29.298237
1606634209,29.298237
1606634210,29.298237
1606634211,29.298237
1606634212,29.298237
1606634213,29.298237
1606634214,29.298237
1606634215,29.298237
1606634216,29.298237
1606634217,29.298237
1606634218,28.551743
1606634219,28.551743
1606634220,28.551743
1606634221,28.551743
1606634222,28.551743
1606634223,28.405556
1606634224,28.405556
1606634225,28.405556
1606634226,28.405556
1606634227,28.405556
1606634228,28.67485
1606634229,28.67485
1606634230,28.67485
1606634231,28.67485
1606634232,28.67485
1606634233,28.67485
1606634234,28.67485
1606634235,28.53699
1606634236,28.53699
1606634237,27.357304
1606634238,27.357304
1606634239,27.357304
1606634240,27.357304
1606634241,27.357304
1606634242,27.357304
1606634243,27.357304
1606634244,27.357304
1606634245,27.357304
1606634246,27.357304
1606634247,27.357304
1606634248,27.357304
1606634249,27.357304
1606634250,27.357304
1606634251,27.357304
1606634252,27.357304
1606634253,27.357304
1606634254,27.357304
1606634255,27.357304
1606634256,27.357304
1606634257,27.357304
1606634258,27.357304
1606634259,27.357304
1606634260,27.357304
1606634261,27.357304
1606634262,27.357304
1606634263,27.357304
1606634264,27.357304
1606634265,27.357304
1606634266,27.357304
1606634267,27.357304
1606634268,27.357304
1606634269,27.357304
1606634270,27.357304
1606634271,27.357304
1606634272,27.357304
1606634273,27.357304
1606634274,27.357304
1606634275,27.357304
1606634276,27.357304
1606634277,27.357304
1606634278,27.357304
1606634279,27.357304
1606634280,27.357304
1606634281,27.357304
1606634282,27.357304
1606634283,27.357304
1606634284,27.357304
1606634285,27.357304
1606634286,27.357304
1606634287,27.357304
1606634288,27.357304
1606634289,27.357304
1606634290,27.357304
1606634291,27.357304
1606634292,27.357304
1606634293,27.357304
1606634294,27.357304
1606634295,27.357304
1606634296,27.357304
1606634297,27.357304
1606634298,27.357304
1606634299,27.357304
1606634300,27.357304
1606634301,27.357304
1606634302,27.357304
1606634303,27.357304
1606634304,27.357304
1606634305,27.357304
1606634306,27.357304
1606634307,27.357304
1606634308,27.357304
1606634309,27.357304
1606634310,27.357304
1606634311,27.357304
1606634312,27.357304
1606634313,27.357304
1606634314,27.357304
1606634315,27.357304
1606634316,27.357304
1606634317,27.357304
1606634318,27.357304
1606634319,27.357304
1606634320,27.357304
1606634321,27.357304
1606634322,27.357304
1606634323,27.357304
1606634324,27.357304
1606634325,27.357304
1606634326,27.357304
1606634327,27.357304
1606634328,27.357304
1606634329,27.357304
1606634330,27.357304
1606634331,27.357304
1606634332,27.357304
1606634333,27.357304
1606634334,27.357304
1606634335,27.357304
1606634336,28.53699
1606634337,28.53699
1606634338,28.53699
1606634339,28.53699
1606634340,28.53699
1606634341,28.53699
1606634342,28.53699
1606634343,28.53699
1606634344,28.53699
1606634345,28.53699
1606634346,28.53699
1606634347,28.53699
1606634348,28.53699
1606634349,28.53699
1606634350,28.53699
1606634351,28.53699
1606634352,28.53699
1606634353,28.53699
1606634354,28.53699
1606634355,28.53699
1606634356,28.53699
1606634357,28.53699
1606634358,28.53699
1606634359,28.53699
1606634360,28.53699
1606634361,28.53699
1606634362,28.53699
1606634363,28.53699
1606634364,28.53699
1606634365,28.53699
1606634366,28.53699
1606634367,28.53699
1606634368,28.53699
1606634369,28.53699
1606634370,28.53699
1606634371,28.53699
1606634372,28.53699
1606634373,28.53699
1606634374,28.53699
1606634375,28.53699
1606634376,27.357304
1606634377,27.357304
1606634378,27.357304
1606634379,27.357304
1606634380,27.357304
1606634381,27.357304
1606634382,27.357304
1606634383,27.357304
1606634384,27.357304
1606634385,27.357304
1606634386,27.357304
1606634387,27.357304
1606634388,27.357304
1606634389,27.357304
1606634390,27.357304
1606634391,27.357304
1606634392,27.357304
1606634393,27.357304
1606634394,27.357304
1606634395,27.357304
1606634396,27.357304
1606634397,27.357304
1606634398,27.357304
1606634399,27.357304
1606634400,27.357304
1606634401,27.357304
1606634402,27.357304
1606634403,27.357304
1606634404,27.357304
1606634405,27.357304
1606634406,27.357304
1606634407,27.357304
1606634408,27.357304
1606634409,27.357304
1606634410,27.357304
1606634411,27.357304
1606634412,27.357304
1606634413,27.357304
1606634414,28.53699
1606634415,28.53699
1606634416,28.53699
1606634417,28.53699
1606634418,28.53699
1606634419,28.67485
1606634420,28.67485
1606634421,28.67485
1606634422,28.67485
1606634423,28.67485
1606634424,28.405556
1606634425,28.405556
1606634426,28.551743
1606634427,28.551743
1606634428,28.551743
1606634429,29.298237
1606634430,29.298237
1606634431,29.298237
1606634432,29.298237
1606634433,31.334766
1606634434,31.334766
1606634435,31.334766
1606634436,31.334766
1606634437,31.334766
1606634438,31.334766
1606634439,31.334766
1606634440,31.334766
1606634441,31.334766
1606634442,31.334766
1606634443,31.334766
1606634444,31.334766
1606634445,31.334766
1606634446,31.334766
1606634447,30.311804
1606634448,30.311804
1606634449,30.311804
1606634450,30.311804
1606634451,30.311804
1606634452,30.311804
1606634453,30.311804
1606634454,30.311804
1606634455,30.311804
1606634456,30.311804
1606634457,30.311804
1606634458,30.311804
1606634459,30.311804
1606634460,30.311804
1606634461,30.311804
1606634462,30.311804
1606634463,30.311804
1606634464,30.311804
1606634465,30.311804
1606634466,30.311804
1606634467,30.311804
1606634468,30.311804
1606634469,30.311804
1606634470,30.311804
1606634471,30.311804
1606634472,30.311804
1606634473,30.311804
1606634474,30.311804
1606634475,30.311804
1606634476,30.311804
1606634477,30.311804
1606634478,30.311804
1606634479,30.311804
1606634480,30.311804
1606634481,30.311804
1606634482,30.311804
1606634483,30.311804
1606634484,30.311804
1606634485,30.311804
1606634486,30.311804
1606634487,30.311804
1606634488,27.37042
1606634489,27.37042
1606634490,27.37042
1606634491,27.37042
1606634492,27.37042
1606634493,27.087198
1606634494,27.087198
1606634495,27.087198
1606634496,27.087198
1606634497,27.087198
1606634498,27.087198
1606634499,27.087198
1606634500,27.087198
1606634501,27.087198
1606634502,27.087198
1606634503,26.601404
1606634504,26.601404
1606634505,26.601404
1606634506,26.601404
1606634507,26.601404
1606634508,26.601404
1606634509,26.601404
1606634510,26.601404
1606634511,26.310804
1606634512,26.310804
1606634513,26.310804
1606634514,26.310804
1606634515,26.310804
1606634516,26.310804
1606634517,26.310804
1606634518,26.310804
1606634519,26.601404
1606634520,26.601404
1606634521,26.601404
1606634522,26.601404
1606634523,26.601404
1606634524,26.601404
1606634525,27.087198
1606634526,27.087198
1606634527,27.087198
1606634528,27.087198
1606634529,27.087198
1606634530,27.087198
1606634531,27.087198
1606634532,27.087198
1606634533,27.087198
1606634534,27.087198
1606634535,27.087198
1606634536,27.087198
1606634537,27.37042
1606634538,27.37042
1606634539,27.37042
1606634540,27.37042
1606634541,27.37042
1606634542,30.311804
1606634543,30.311804
1606634544,30.311804
1606634545,30.311804
1606634546,30.311804
1606634547,30.311804
1606634548,30.311804
1606634549,30.311804
1606634550,30.311804
1606634551,31.334766
1606634552,31.334766
1606634553,31.334766
1606634554,31.334766
1606634555,31.334766
1606634556,31.334766
1606634557,31.334766
1606634558,31.334766
1606634559,31.334766
1606634560,31.334766
1606634561,31.334766
1606634562,31.334766
1606634563,31.334766
1606634564,31.334766
1606634565,31.334766
1606634566,31.334766
1606634567,31.334766
1606634568,31.334766
1606634569,31.334766
1606634570,29.298237
1606634571,29.298237
1606634572,29.298237
1606634573,29.298237
1606634574,29.298237
1606634575,29.298237
1606634576,29.298237
1606634577,29.298237
1606634578,29.298237
1606634579,29.298237
1606634580,29.298237
1606634581,29.298237
1606634582,29.298237
1606634583,29.298237
1606634584,29.298237
1606634585,29.298237
1606634586,29.298237
1606634587,31.334766
1606634588,31.334766
1606634589,31.334766
1606634590,31.334766
1606634591,31.334766
1606634592,31.334766
1606634593,31.334766
1606634594,31.334766
1606634595,31.334766
1606634596,31.334766
1606634597,31.334766
1606634598,31.334766
1606634599,31.334766
1606634600,31.334766
1606634601,31.334766
1606634602,30.311804
1606634603,30.311804
1606634604,30.311804
1606634605,30.311804
1606634606,30.311804
1606634607,30.311804
1606634608,30.311804
1606634609,30.311804
1606634610,30.311804
1606634611,30.311804
1606634612,30.311804
1606634613,30.311804
1606634614,30.311804
1606634615,30.311804
1606634616,30.311804
1606634617,30.311804
1606634618,30.311804
1606634619,30.311804
1606634620,30.311804
1606634621,30.311804
1606634622,30.311804
1606634623,30.311804
1606634624,30.311804
1606634625,30.311804
1606634626,30.311804
1606634627,30.311804
1606634628,27.37042
1606634629,27.37042
1606634630,27.37042
1606634631,27.087198
1606634632,27.087198
1606634633,27.087198
1606634634,27.087198
1606634635,26.601404
1606634636,26.601404
1606634637,26.310804
1606634638,26.310804
1606634639,24.442596
1606634640,24.442596
1606634641,24.442596
1606634642,24.442596
1606634643,24.442596
1606634644,24.416904
1606634645,24.416904
1606634646,24.416904
1606634647,24.416904
1606634648,24.416904
1606634649,24.416904
1606634650,24.416904
1606634651,24.416904
1606634652,24.416904
1606634653,24.416904
1606634654,24.683907
1606634655,24.683907
1606634656,24.683907
1606634657,24.683907
1606634658,24.683907
1606634659,24.683907
1606634660,24.683907
1606634661,25.603695
1606634662,25.603695
1606634663,25.603695
1606634664,25.603695
1606634665,25.603695
1606634666,25.603695
1606634667,25.603695
1606634668,25.603695
1606634669,25.603695
1606634670,27.425886
1606634671,27.425886
1606634672,27.425886
1606634673,27.425886
1606634674,27.425886
1606634675,27.425886
1606634676,27.425886
1606634677,27.425886
1606634678,27.425886
1606634679,27.425886
1606634680,27.425886
1606634681,27.425886
1606634682,27.425886
1606634683,27.425886
1606634684,27.425886
1606634685,27.425886
1606634686,27.425886
1606634687,27.425886
1606634688,27.425886
1606634689,27.425886
1606634690,27.425886
1606634691,27.425886
1606634692,27.425886
1606634693,27.425886
1606634694,27.425886
1606634695,27.425886
1606634696,27.425886
1606634697,27.425886
1606634698,27.425886
1606634699,27.425886
1606634700,27.425886
1606634701,27.425886
1606634702,27.425886
1606634703,27.425886
1606634704,27.425886
1606634705,27.425886
1606634706,27.425886
1606634707,27.425886
1606634708,27.425886
1606634709,27.425886
1606634710,27.425886
1606634711,27.425886
1606634712,27.425886
1606634713,27.425886
1606634714,27.425886
1606634715,27.425886
1606634716,27.425886
1606634717,27.425886
1606634718,27.425886
1606634719,27.425886
1606634720,27.425886
1606634721,27.425886
1606634722,27.425886
1606634723,27.425886
1606634724,27.425886
1606634725,27.425886
1606634726,27.425886
1606634727,27.425886
1606634728,27.425886
1606634729,27.425886
1606634730,27.425886
1606634731,27.425886
1606634732,27.425886
1606634733,27.425886
1606634734,27.425886
1606634735,27.425886
1606634736,27.425886
1606634737,27.425886
1606634738,27.425886
1606634739,27.425886
1606634740,26.974098
1606634741,26.974098
1606634742,26.974098
1606634743,26.974098
1606634744,26.974098
1606634745,26.974098
1606634746,26.974098
1606634747,26.974098
1606634748,26.974098
1606634749,26.974098
1606634750,26.974098
1606634751,26.974098
1606634752,26.974098
1606634753,26.974098
1606634754,26.974098
1606634755,26.974098
1606634756,26.974098
1606634757,26.974098
1606634758,26.974098
1606634759,26.974098
1606634760,26.974098
1606634761,27.425886
1606634762,27.425886
1606634763,27.425886
1606634764,27.425886
1606634765,27.425886
1606634766,27.425886
1606634767,27.425886
1606634768,27.425886
1606634769,27.425886
1606634770,27.425886
1606634771,25.603695
1606634772,25.603695
1606634773,25.603695
1606634774,25.603695
1606634775,25.603695
1606634776,25.603695
1606634777,25.603695
1606634778,25.603695
1606634779,25.603695
1606634780,25.603695
1606634781,25.603695
1606634782,25.603695
1606634783,25.603695
1606634784,25.603695
1606634785,25.603695
1606634786,25.603695
1606634787,25.603695
1606634788,25.603695
1606634789,25.603695
1606634790,25.603695
1606634791,25.603695
1606634792,25.603695
1606634793,25.603695
1606634794,25.603695
1606634795,25.603695
1606634796,25.603695
1606634797,25.603695
1606634798,25.603695
1606634799,25.603695
1606634800,25.603695
1606634801,25.603695
1606634802,25.603695
1606634803,25.603695
1606634804,25.603695
1606634805,25.603695
1606634806,25.603695
1606634807,25.603695
1606634808,25.603695
1606634809,25.603695
1606634810,25.603695
1606634811,25.603695
1606634812,25.603695
1606634813,25.603695
1606634814,24.683907
1606634815,24.683907
1606634816,24.683907
1606634817,24.683907
1606634818,24.683907
1606634819,24.683907
1606634820,24.683907
1606634821,24.683907
1606634822,24.683907
1606634823,24.683907
1606634824,24.683907
1606634825,24.683907
1606634826,24.683907
1606634827,24.683907
1606634828,24.683907
1606634829,24.683907
1606634830,24.683907
1606634831,24.683907
1606634832,24.683907
1606634833,24.416904
1606634834,24.416904
1606634835,24.416904
1606634836,24.416904
1606634837,24.416904
1606634838,24.416904
1606634839,24.416904
1606634840,24.683907
1606634841,24.683907
1606634842,24.683907
1606634843,24.683907
1606634844,24.683907
1606634845,24.683907
1606634846,24.683907
1606634847,24.683907
1606634848,25.603695
1606634849,25.603695
1606634850,25.603695
1606634851,25.603695
1606634852,25.603695
1606634853,25.603695
1606634854,25.603695
1606634855,25.603695
1606634856,25.603695
1606634857,25.603695
1606634858,25.603695
1606634859,25.603695
1606634860,25.603695
1606634861,25.603695
1606634862,25.603695
1606634863,25.603695
1606634864,25.603695
1606634865,25.603695
1606634866,25.603695
1606634867,25.603695
1606634868,25.603695
1606634869,25.603695
1606634870,25.603695
1606634871,25.603695
1606634872,24.683907
1606634873,24.683907
1606634874,24.683907
1606634875,24.683907
1606634876,24.683907
1606634877,24.683907
1606634878,24.683907
1606634879,24.683907
1606634880,24.416904
1606634881,24.416904
1606634882,24.416904
1606634883,24.416904
1606634884,24.416904
1606634885,24.416904
1606634886,24.442596
1606634887,24.442596
1606634888,24.442596
1606634889,24.442596
1606634890,24.442596
1606634891,24.442596
1606634892,24.442596
1606634893,24.442596
1606634894,24.442596
1606634895,24.442596
1606634896,24.442596
1606634897,24.442596
1606634898,24.442596
1606634899,24.442596
1606634900,24.442596
1606634901,24.442596
1606634902,24.442596
1606634903,24.442596
1606634904,24.442596
1606634905,24.442596
1606634906,24.442596
1606634907,24.442596
1606634908,24.442596
1606634909,24.442596
1606634910,24.442596
1606634911,24.442596
1606634912,24.442596
1606634913,24.442596
1606634914,24.442596
1606634915,24.442596
1606634916,24.442596
1606634917,24.442596
1606634918,24.442596
1606634919,24.442596
1606634920,24.442596
1606634921,24.442596
1606634922,24.442596
1606634923,24.442596
1606634924,24.442596
1606634925,24.442596
1606634926,24.442596
1606634927,24.442596
1606634928,24.416904
1606634929,24.416904
1606634930,24.416904
1606634931,24.416904
1606634932,24.416904
1606634933,24.416904
1606634934,24.416904
1606634935,24.683907
1606634936,24.683907
1606634937,24.683907
1606634938,24.683907
1606634939,24.683907
1606634940,24.683907
1606634941,24.683907
1606634942,24.683907
1606634943,24.683907
1606634944,24.683907
1606634945,24.683907
1606634946,24.683907
1606634947,24.683907
1606634948,25.603695
1606634949,25.603695
1606634950,25.603695
1606634951,25.603695
1606634952,25.603695
1606634953,25.603695
1606634954,25.603695
1606634955,25.603695
1606634956,25.603695
1606634957,25.603695
1606634958,25.603695
1606634959,25.603695
1606634960,25.603695
1606634961,25.603695
1606634962,25.603695
1606634963,25.603695
1606634964,25.603695
1606634965,25.603695
1606634966,25.603695
1606634967,25.603695
1606634968,25.603695
1606634969,25.603695
1606634970,25.603695
1606634971,27.425886
1606634972,27.425886
1606634973,27.425886
1606634974,27.425886
1606634975,27.425886
1606634976,27.425886
1606634977,27.425886
1606634978,27.425886
1606634979,27.425886
1606634980,27.425886
1606634981,27.425886
1606634982,27.425886
1606634983,27.425886
1606634984,27.425886
1606634985,27.425886
1606634986,27.425886
1606634987,27.425886
1606634988,27.425886
1606634989,27.425886
1606634990,27.425886
1606634991,27.425886
1606634992,27.425886
1606634993,27.425886
1606634994,27.425886
1606634995,27.425886
1606634996,27.425886
1606634997,25.603695
1606634998,25.603695
1606634999,25.603695
1606635000,25.603695
1606635001,25.603695
1606635002,25.603695
1606635003,25.603695
1606635004,25.603695
1606635005,25.603695
1606635006,25.603695
1606635007,25.603695
1606635008,25.603695
1606635009,25.603695
1606635010,25.603695
1606635011,25.603695
1606635012,25.603695
1606635013,25.603695
1606635014,25.603695
1606635015,25.603695
1606635016,25.603695
1606635017,25.603695
1606635018,25.603695
1606635019,25.603695
1606635020,25.603695
1606635021,25.603695
1606635022,25.603695
1606635023,25.603695
1606635024,25.603695
1606635025,25.603695
1606635026,25.603695
1606635027,24.683907
1606635028,24.683907
1606635029,24.683907
1606635030,24.683907
1606635031,24.683907
1606635032,24.683907
1606635033,24.683907
1606635034,24.683907
1606635035,24.683907
1606635036,24.683907
1606635037,24.683907
1606635038,24.416904
1606635039,24.683907
1606635040,24.683907
1606635041,24.683907
1606635042,24.683907
1606635043,24.683907
1606635044,24.683907
1606635045,24.683907
1606635046,24.683907
1606635047,24.683907
1606635048,24.683907
1606635049,24.683907
1606635050,24.683907
1606635051,24.683907
1606635052,24.683907
1606635053,24.683907
1606635054,24.683907
1606635055,24.683907
1606635056,24.683907
1606635057,24.683907
1606635058,24.683907
1606635059,24.683907
1606635060,24.683907
1606635061,24.683907
1606635062,24.683907
1606635063,24.416904
1606635064,24.416904
1606635065,24.416904
1606635066,24.416904
1606635067,24.416904
1606635068,24.416904
1606635069,24.416904
1606635070,24.416904
1606635071,24.416904
1606635072,24.416904
1606635073,24.416904
1606635074,24.416904
1606635075,24.416904
1606635076,24.416904
1606635077,24.683907
1606635078,24.683907
1606635079,24.683907
1606635080,24.683907
1606635081,24.683907
1606635082,24.683907
1606635083,24.683907
1606635084,24.683907
1606635085,24.683907
1606635086,24.683907
1606635087,24.683907
1606635088,24.416904
1606635089,24.416904
1606635090,24.416904
1606635091,24.416904
1606635092,24.416904
1606635093,24.416904
1606635094,24.416904
1606635095,24.416904
1606635096,24.416904
1606635097,24.416904
1606635098,24.416904
1606635099,24.416904
1606635100,24.416904
1606635101,24.416904
1606635102,24.416904
1606635103,24.416904
1606635104,24.416904
1606635105,24.442596
1606635106,24.442596
1606635107,24.442596
1606635108,24.416904
1606635109,24.416904
1606635110,24.416904
1606635111,24.416904
1606635112,24.416904
1606635113,24.416904
1606635114,24.416904
1606635115,24.416904
1606635116,24.416904
1606635117,24.416904
1606635118,24.416904
1606635119,24.416904
1606635120,24.416904
1606635121,24.416904
1606635122,24.416904
1606635123,24.416904
1606635124,24.416904
1606635125,24.416904
1606635126,24.416904
1606635127,24.416904
1606635128,24.416904
1606635129,24.416904
1606635130,24.416904
1606635131,24.442596
1606635132,24.442596
1606635133,24.442596
1606635134,24.442596
1606635135,24.442596
1606635136,24.416904
1606635137,24.416904
1606635138,24.416904
1606635139,24.416904
1606635140,24.416904
1606635141,24.416904
1606635142,24.416904
1606635143,24.416904
1606635144,24.416904
1606635145,24.416904
1606635146,24.416904
1606635147,24.416904
1606635148,24.416904
1606635149,24.416904
1606635150,24.416904
1606635151,24.416904
1606635152,24.416904
1606635153,24.416904
1606635154,24.416904
1606635155,24.416904
1606635156,24.683907
1606635157,24.683907
1606635158,24.683907
1606635159,24.683907
1606635160,24.683907
1606635161,24.683907
1606635162,24.683907
1606635163,24.683907
1606635164,24.683907
1606635165,24.683907
1606635166,24.683907
1606635167,24.683907
1606635168,24.683907
1606635169,24.683907
1606635170,24.416904
1606635171,24.416904
1606635172,24.416904
1606635173,24.416904
1606635174,24.416904
1606635175,24.416904
1606635176,24.416904
1606635177,24.416904
1606635178,24.416904
1606635179,24.416904
1606635180,24.416904
1606635181,24.416904
1606635182,24.416904
1606635183,24.416904
1606635184,24.416904
1606635185,24.416904
1606635186,24.416904
1606635187,24.416904
1606635188,24.416904
1606635189,24.416904
1606635190,24.416904
1606635191,24.416904
1606635192,24.416904
1606635193,24.416904
1606635194,24.416904
1606635195,24.416904
1606635196,24.416904
1606635197,24.416904
1606635198,24.416904
1606635199,24.416904
1606635200,24.416904
1606635201,24.416904
1606635202,24.442596
1606635203,24.442596
1606635204,24.442596
1606635205,24.442596
1606635206,24.442596
1606635207,24.442596
1606635208,24.442596
1606635209,24.442596
1606635210,24.442596
1606635211,24.442596
1606635212,24.442596
1606635213,24.442596
1606635214,26.310804
1606635215,26.310804
1606635216,26.310804
1606635217,24.442596
1606635218,24.442596
1606635219,24.442596
1606635220,24.442596
1606635221,24.442596
1606635222,24.442596
1606635223,24.442596
1606635224,24.442596
1606635225,24.442596
1606635226,24.442596
1606635227,24.442596
1606635228,24.442596
1606635229,24.442596
1606635230,24.442596
1606635231,24.442596
1606635232,24.442596
1606635233,24.442596
1606635234,24.442596
1606635235,26.310804
1606635236,26.310804
1606635237,26.310804
1606635238,26.310804
1606635239,26.310804
1606635240,26.310804
1606635241,26.310804
1606635242,26.310804
1606635243,26.310804
1606635244,26.310804
1606635245,26.310804
1606635246,26.310804
1606635247,26.310804
1606635248,26.310804
1606635249,26.310804
1606635250,26.310804
1606635251,26.310804
1606635252,26.310804
1606635253,26.310804
1606635254,26.310804
1606635255,26.310804
1606635256,26.310804
1606635257,24.442596
1606635258,24.442596
1606635259,24.442596
1606635260,24.442596
1606635261,24.442596
1606635262,24.442596
1606635263,24.442596
1606635264,24.442596
1606635265,24.442596
1606635266,24.442596
1606635267,24.442596
1606635268,24.442596
1606635269,24.442596
1606635270,24.442596
1606635271,24.442596
1606635272,24.442596
1606635273,24.442596
1606635274,24.442596
1606635275,24.442596
1606635276,24.442596
1606635277,24.442596
1606635278,24.442596
1606635279,24.442596
1606635280,24.442596
1606635281,24.442596
1606635282,24.442596
1606635283,26.310804
1606635284,26.310804
1606635285,26.310804
1606635286,26.601404
1606635287,26.601404
1606635288,26.601404
1606635289,26.601404
1606635290,26.601404
1606635291,26.601404
1606635292,26.601404
1606635293,26.601404
1606635294,26.601404
1606635295,26.601404
1606635296,26.601404
1606635297,26.601404
1606635298,26.601404
1606635299,26.310804
1606635300,26.310804
1606635301,26.310804
1606635302,26.310804
1606635303,26.310804
1606635304,24.442596
1606635305,24.442596
1606635306,24.442596
1606635307,24.442596
1606635308,24.442596
1606635309,24.442596
1606635310,24.442596
1606635311,24.416904
1606635312,24.416904
1606635313,24.416904
1606635314,24.416904
1606635315,24.416904
1606635316,24.416904
1606635317,24.683907
1606635318,24.683907
1606635319,24.683907
1606635320,24.683907
1606635321,24.683907
1606635322,24.683907
1606635323,24.683907
1606635324,24.683907
1606635325,25.603695
1606635326,25.603695
1606635327,25.603695
1606635328,25.603695
1606635329,25.603695
1606635330,25.603695
1606635331,25.603695
1606635332,25.603695
1606635333,25.603695
1606635334,25.603695
1606635335,25.603695
1606635336,25.603695
1606635337,25.603695
1606635338,25.603695
1606635339,25.603695
1606635340,25.603695
1606635341,25.603695
1606635342,25.603695
1606635343,25.603695
1606635344,25.603695
1606635345,25.603695
1606635346,25.603695
1606635347,27.425886
1606635348,27.425886
1606635349,27.425886
1606635350,27.425886
1606635351,27.425886
1606635352,27.425886
1606635353,27.425886
1606635354,27.425886
1606635355,27.425886
1606635356,27.425886
1606635357,26.974098
1606635358,26.974098
1606635359,26.974098
1606635360,26.974098
1606635361,26.974098
1606635362,26.974098
1606635363,26.974098
1606635364,26.974098
1606635365,26.974098
1606635366,26.974098
1606635367,27.720118
1606635368,27.720118
1606635369,27.720118
1606635370,27.720118
1606635371,27.720118
1606635372,27.720118
1606635373,27.720118
1606635374,28.403254
1606635375,28.403254
1606635376,28.403254
1606635377,28.403254
1606635378,28.403254
1606635379,28.403254
1606635380,28.403254
1606635381,28.403254
1606635382,28.403254
1606635383,28.403254
1606635384,28.403254
1606635385,28.403254
1606635386,28.403254
1606635387,28.403254
1606635388,27.720118
1606635389,27.720118
1606635390,27.720118
1606635391,27.720118
1606635392,27.720118
1606635393,27.720118
1606635394,27.720118
1606635395,27.720118
1606635396,27.720118
1606635397,27.720118
1606635398,27.720118
1606635399,27.720118
1606635400,26.974098
1606635401,26.974098
1606635402,26.974098
1606635403,26.974098
1606635404,26.974098
1606635405,26.974098
1606635406,26.974098
1606635407,26.974098
1606635408,26.974098
1606635409,26.974098
1606635410,26.974098
1606635411,26.974098
1606635412,26.974098
1606635413,26.974098
1606635414,26.974098
1606635415,26.974098
1606635416,26.974098
1606635417,26.974098
1606635418,26.974098
1606635419,26.974098
1606635420,26.974098
1606635421,26.974098
1606635422,26.974098
1606635423,26.974098
1606635424,26.974098
1606635425,26.974098
1606635426,26.974098
1606635427,26.974098
1606635428,26.974098
1606635429,26.974098
1606635430,26.974098
1606635431,27.425886
1606635432,27.425886
1606635433,27.425886
1606635434,27.425886
1606635435,27.425886
1606635436,27.425886
1606635437,27.425886
1606635438,27.425886
1606635439,27.425886
1606635440,27.425886
1606635441,27.425886
1606635442,27.425886
1606635443,27.425886
1606635444,27.425886
1606635445,27.425886
1606635446,27.425886
1606635447,27.425886
1606635448,27.425886
1606635449,27.425886
1606635450,27.425886
1606635451,27.425886
1606635452,27.425886
1606635453,27.425886
1606635454,27.425886
1606635455,27.425886
1606635456,27.425886
1606635457,27.425886
1606635458,27.425886
1606635459,27.425886
1606635460,27.425886
1606635461,27.425886
1606635462,25.603695
1606635463,25.603695
1606635464,25.603695
1606635465,25.603695
1606635466,25.603695
1606635467,25.603695
1606635468,25.603695
1606635469,25.603695
1606635470,25.603695
1606635471,25.603695
1606635472,25.603695
1606635473,25.603695
1606635474,24.683907
1606635475,24.683907
1606635476,24.683907
1606635477,24.683907
1606635478,24.683907
1606635479,24.683907
1606635480,24.683907
1606635481,24.683907
1606635482,24.683907
1606635483,24.683907
1606635484,24.683907
1606635485,24.683907
1606635486,24.683907
1606635487,24.683907
1606635488,24.683907
1606635489,24.683907
1606635490,24.683907
1606635491,24.683907
1606635492,24.683907
1606635493,24.683907
1606635494,24.683907
1606635495,24.416904
1606635496,24.416904
1606635497,24.416904
1606635498,24.416904
1606635499,24.416904
1606635500,24.416904
1606635501,24.416904
1606635502,24.416904
1606635503,24.416904
1606635504,24.416904
1606635505,24.416904
1606635506,24.416904
1606635507,24.416904
1606635508,24.416904
1606635509,24.416904
1606635510,24.416904
1606635511,24.416904
1606635512,24.416904
1606635513,24.416904
1606635514,24.416904
1606635515,24.416904
1606635516,24.416904
1606635517,24.416904
1606635518,24.416904
1606635519,24.416904
1606635520,24.416904
1606635521,24.416904
1606635522,24.416904
1606635523,24.416904
1606635524,24.416904
1606635525,24.442596
1606635526,24.442596
1606635527,24.442596
1606635528,24.442596
1606635529,24.416904
1606635530,24.416904
1606635531,24.416904
1606635532,24.416904
1606635533,24.416904
1606635534,24.416904
1606635535,24.416904
1606635536,24.416904
1606635537,24.416904
1606635538,24.416904
1606635539,24.416904
1606635540,24.416904
1606635541,24.416904
1606635542,24.416904
1606635543,24.416904
1606635544,24.416904
1606635545,24.416904
1606635546,24.416904
1606635547,24.416904
1606635548,24.416904
1606635549,24.683907
1606635550,24.683907
1606635551,24.683907
1606635552,24.683907
1606635553,24.416904
1606635554,24.416904
1606635555,24.416904
1606635556,24.416904
1606635557,24.416904
1606635558,24.416904
1606635559,24.416904
1606635560,24.416904
1606635561,24.416904
1606635562,24.442596
1606635563,24.442596
1606635564,24.442596
1606635565,24.442596
1606635566,24.442596
1606635567,24.442596
1606635568,24.442596
1606635569,26.310804
1606635570,26.310804
1606635571,26.310804
1606635572,26.601404
1606635573,26.601404
1606635574,27.087198
1606635575,27.087198
1606635576,27.087198
1606635577,27.087198
1606635578,27.087198
1606635579,27.087198
1606635580,27.087198
1606635581,27.37042
1606635582,27.37042
1606635583,27.37042
1606635584,27.37042
1606635585,27.37042
1606635586,27.37042
1606635587,27.37042
1606635588,27.37042
1606635589,27.37042
1606635590,27.37042
1606635591,27.37042
1606635592,27.37042
1606635593,27.37042
1606635594,27.37042
1606635595,27.37042
1606635596,27.37042
1606635597,27.37042
1606635598,27.37042
1606635599,27.37042
1606635600,27.37042
1606635601,27.37042
1606635602,27.37042
1606635603,27.087198
1606635604,27.087198
1606635605,27.087198
1606635606,27.087198
1606635607,27.087198
1606635608,27.087198
1606635609,27.087198
1606635610,27.087198
1606635611,27.087198
1606635612,27.087198
1606635613,27.087198
1606635614,27.087198
1606635615,27.087198
1606635616,27.087198
1606635617,27.087198
1606635618,27.087198
1606635619,27.087198
1606635620,27.087198
1606635621,27.087198
1606635622,27.087198
1606635623,27.087198
1606635624,27.37042
1606635625,27.37042
1606635626,27.37042
1606635627,27.37042
1606635628,27.37042
1606635629,27.37042
1606635630,27.37042
1606635631,27.37042
1606635632,27.37042
1606635633,27.37042
1606635634,27.37042
1606635635,27.37042
1606635636,27.37042
1606635637,27.37042
1606635638,30.311804
1606635639,30.311804
1606635640,30.311804
1606635641,30.311804
1606635642,30.311804
1606635643,30.311804
1606635644,30.311804
1606635645,30.311804
1606635646,30.311804
1606635647,30.311804
1606635648,30.311804
1606635649,30.311804
1606635650,31.334766
1606635651,31.334766
1606635652,31.334766
1606635653,31.334766
1606635654,31.334766
1606635655,31.334766
1606635656,31.334766
1606635657,31.334766
1606635658,31.334766
1606635659,31.334766
1606635660,31.334766
1606635661,31.334766
1606635662,31.334766
1606635663,31.334766
1606635664,31.334766
1606635665,30.311804
1606635666,30.311804
1606635667,30.311804
1606635668,30.311804
1606635669,30.311804
1606635670,30.311804
1606635671,30.311804
1606635672,30.311804
1606635673,30.311804
1606635674,30.311804
1606635675,30.311804
1606635676,30.311804
1606635677,30.311804
1606635678,30.311804
1606635679,27.37042
1606635680,27.37042
1606635681,27.37042
1606635682,27.37042
1606635683,27.37042
1606635684,27.37042
1606635685,27.37042
1606635686,27.37042
1606635687,27.087198
1606635688,27.087198
1606635689,27.087198
1606635690,27.087198
1606635691,27.087198
1606635692,27.087198
1606635693,27.087198
1606635694,27.087198
1606635695,27.087198
1606635696,27.087198
1606635697,27.087198
1606635698,27.087198
1606635699,27.087198
1606635700,27.087198
1606635701,27.087198
1606635702,27.37042
1606635703,27.37042
1606635704,27.37042
1606635705,27.37042
1606635706,30.311804
1606635707,30.311804
1606635708,30.311804
1606635709,30.311804
1606635710,30.311804
1606635711,30.311804
1606635712,30.311804
1606635713,30.311804
1606635714,30.311804
1606635715,30.311804
1606635716,30.311804
1606635717,30.311804
1606635718,30.311804
1606635719,30.311804
1606635720,30.311804
1606635721,30.311804
1606635722,30.311804
1606635723,27.37042
1606635724,27.37042
1606635725,27.37042
1606635726,27.37042
1606635727,27.087198
1606635728,27.087198
1606635729,27.087198
1606635730,27.087198
1606635731,27.087198
1606635732,27.087198
1606635733,27.087198
1606635734,27.087198
1606635735,27.087198
1606635736,26.601404
1606635737,26.601404
1606635738,26.601404
1606635739,26.601404
1606635740,26.310804
1606635741,26.310804
1606635742,26.310804
1606635743,26.310804
1606635744,26.310804
1606635745,24.442596
1606635746,24.442596
1606635747,24.442596
1606635748,24.442596
1606635749,24.442596
1606635750,24.442596
1606635751,24.442596
1606635752,24.442596
1606635753,24.442596
1606635754,24.442596
1606635755,24.442596
1606635756,24.442596
1606635757,24.442596
1606635758,24.442596
1606635759,24.442596
1606635760,24.442596
1606635761,24.442596
1606635762,24.442596
1606635763,24.442596
1606635764,24.442596
1606635765,24.442596
1606635766,24.442596
1606635767,24.416904
1606635768,24.416904
1606635769,24.416904
1606635770,24.416904
1606635771,24.416904
1606635772,24.416904
1606635773,24.416904
1606635774,24.416904
1606635775,24.416904
1606635776,24.416904
1606635777,24.416904
1606635778,24.416904
1606635779,24.416904
1606635780,24.416904
1606635781,24.416904
1606635782,24.416904
1606635783,24.416904
1606635784,24.416904
1606635785,24.416904
1606635786,24.416904
1606635787,24.416904
1606635788,24.416904
1606635789,24.416904
1606635790,24.416904
1606635791,24.416904
1606635792,24.416904
1606635793,24.416904
1606635794,24.416904
1606635795,24.416904
1606635796,24.442596
1606635797,24.442596
1606635798,24.442596
1606635799,24.442596
1606635800,24.442596
1606635801,24.442596
1606635802,24.442596
1606635803,24.442596
1606635804,24.442596
1606635805,24.442596
1606635806,24.442596
1606635807,24.442596
1606635808,24.442596
1606635809,24.442596
1606635810,24.442596
1606635811,24.442596
1606635812,24.442596
1606635813,24.442596
1606635814,24.442596
1606635815,24.442596
1606635816,24.442596
1606635817,24.442596
1606635818,24.416904
1606635819,24.416904
1606635820,24.416904
1606635821,24.416904
1606635822,24.416904
1606635823,24.416904
1606635824,24.416904
1606635825,24.416904
1606635826,24.416904
1606635827,24.416904
1606635828,24.416904
1606635829,24.416904
1606635830,24.416904
1606635831,24.416904
1606635832,24.416904
1606635833,24.416904
1606635834,24.416904
1606635835,24.416904
1606635836,24.416904
1606635837,24.416904
1606635838,24.416904
1606635839,24.416904
1606635840,24.416904
1606635841,24.416904
1606635842,24.416904
1606635843,24.416904
1606635844,24.683907
1606635845,24.683907
1606635846,24.683907
1606635847,24.683907
1606635848,24.683907
1606635849,24.683907
1606635850,24.683907
1606635851,24.683907
1606635852,24.683907
1606635853,24.683907
1606635854,24.683907
1606635855,24.416904
1606635856,24.416904
1606635857,24.416904
1606635858,24.416904
1606635859,24.416904
1606635860,24.416904
1606635861,24.416904
1606635862,24.416904
1606635863,24.416904
1606635864,24.416904
1606635865,24.416904
1606635866,24.416904
1606635867,24.416904
1606635868,24.416904
1606635869,24.416904
1606635870,24.416904
1606635871,24.416904
1606635872,24.416904
1606635873,24.416904
1606635874,24.416904
1606635875,24.416904
1606635876,24.416904
1606635877,24.416904
1606635878,24.416904
1606635879,24.416904
1606635880,24.416904
1606635881,24.416904
1606635882,24.416904
1606635883,24.416904
1606635884,24.416904
1606635885,24.416904
1606635886,24.416904
1606635887,24.416904
1606635888,24.416904
1606635889,24.416904
1606635890,24.416904
1606635891,24.416904
1606635892,24.416904
1606635893,24.416904
1606635894,24.683907
1606635895,24.683907
1606635896,24.683907
1606635897,24.683907
1606635898,24.683907
1606635899,24.683907
1606635900,24.683907
1606635901,24.416904
1606635902,24.416904
1606635903,24.416904
1606635904,24.416904
1606635905,24.416904
1606635906,24.416904
1606635907,24.416904
1606635908,24.416904
1606635909,24.416904
1606635910,24.416904
1606635911,24.416904
1606635912,24.416904
1606635913,24.416904
1606635914,24.416904
1606635915,24.416904
1606635916,24.416904
1606635917,24.416904
1606635918,24.416904
1606635919,24.416904
1606635920,24.416904
1606635921,24.416904
1606635922,24.416904
1606635923,24.416904
1606635924,24.442596
1606635925,24.442596
1606635926,24.442596
1606635927,24.442596
1606635928,24.442596
1606635929,24.442596
1606635930,24.442596
1606635931,24.442596
1606635932,24.442596
1606635933,24.442596
1606635934,24.442596
1606635935,24.442596
1606635936,24.442596
1606635937,24.416904
1606635938,24.416904
1606635939,24.416904
1606635940,24.416904
1606635941,24.416904
1606635942,24.416904
1606635943,24.416904
1606635944,24.416904
1606635945,24.416904
1606635946,24.416904
1606635947,24.416904
1606635948,24.442596
1606635949,24.442596
1606635950,24.442596
1606635951,24.442596
1606635952,24.442596
1606635953,24.442596
1606635954,24.442596
1606635955,24.442596
1606635956,24.442596
1606635957,24.442596
1606635958,24.442596
1606635959,24.442596
1606635960,24.442596
1606635961,24.442596
1606635962,24.442596
1606635963,24.442596
1606635964,24.442596
1606635965,24.442596
1606635966,24.442596
1606635967,24.442596
1606635968,24.442596
1606635969,24.442596
1606635970,24.442596
1606635971,24.442596
1606635972,24.416904
1606635973,24.416904
1606635974,24.416904
1606635975,24.416904
1606635976,24.416904
1606635977,24.416904
1606635978,24.416904
1606635979,24.416904
1606635980,24.416904
1606635981,24.416904
1606635982,24.416904
1606635983,24.416904
1606635984,24.416904
1606635985,24.416904
1606635986,24.416904
1606635987,24.416904
1606635988,24.416904
1606635989,24.416904
1606635990,24.416904
1606635991,24.416904
1606635992,24.416904
1606635993,24.416904
1606635994,24.416904
1606635995,24.416904
1606635996,24.416904
1606635997,24.416904
1606635998,24.416904
1606635999,24.416904
1606636000,24.416904
1606636001,24.416904
1606636002,24.416904
1606636003,24.416904
1606636004,24.416904
1606636005,24.416904
1606636006,24.416904
1606636007,24.416904
1606636008,24.416904
1606636009,24.416904
1606636010,24.416904
1606636011,24.442596
1606636012,24.442596
1606636013,24.442596
1606636014,24.442596
1606636015,24.442596
1606636016,24.442596
1606636017,24.442596
1606636018,24.442596
1606636019,26.310804
1606636020,26.310804
1606636021,26.310804
1606636022,26.310804
1606636023,26.310804
1606636024,26.310804
1606636025,26.310804
1606636026,26.310804
1606636027,26.310804
1606636028,26.310804
1606636029,26.310804
1606636030,26.310804
1606636031,26.310804
1606636032,26.310804
1606636033,26.310804
1606636034,26.310804
1606636035,26.310804
1606636036,26.310804
1606636037,26.310804
1606636038,26.310804
1606636039,26.310804
1606636040,26.310804
1606636041,26.310804
1606636042,26.310804
1606636043,26.310804
1606636044,26.310804
1606636045,26.310804
1606636046,26.310804
1606636047,26.310804
1606636048,26.310804
1606636049,26.310804
1606636050,26.310804
1606636051,26.310804
1606636052,26.310804
1606636053,26.310804
1606636054,26.310804
1606636055,26.310804
1606636056,26.310804
1606636057,26.601404
1606636058,26.601404
1606636059,26.601404
1606636060,26.601404
1606636061,26.601404
1606636062,26.601404
1606636063,26.601404
1606636064,26.601404
1606636065,26.601404
1606636066,26.601404
1606636067,27.087198
1606636068,27.087198
1606636069,27.087198
1606636070,27.087198
1606636071,27.087198
1606636072,27.087198
1606636073,27.087198
1606636074,27.087198
1606636075,27.087198
1606636076,27.087198
1606636077,27.087198
1606636078,27.087198
1606636079,27.087198
