timestamp,pm25_0,pm25_1,pm25_2,pm25_3,temperature,humidity
1606597200,110.73684210526316,0.0,99.36842105263158,78.0,19.8,48.2
1606597201,110.63157894736842,0.0,99.3157894736842,78.0,19.8,48.2
1606597202,110.52631578947368,0.0,99.26315789473684,78.0,19.8,48.2
1606597203,110.42105263157896,0.0,99.21052631578948,78.0,19.8,48.2
1606597204,110.3157894736842,0.0,99.15789473684212,78.0,19.8,48.2
1606597205,110.21052631578948,0.0,99.10526315789474,78.0,19.8,48.2
1606597206,110.10526315789474,0.0,99.05263157894736,78.0,19.8,48.2
1606597207,110.0,0.0,99.0,78.0,19.8,48.2
1606597208,110.0,0.0,99.0,79.0,19.9,48.4
1606597209,110.0,0.0,99.0,79.0,19.9,48.4
1606597210,110.0,0.0,99.0,79.0,19.9,48.4
1606597211,110.0,0.0,99.0,79.0,19.9,48.4
1606597212,110.0,0.0,99.0,78.0,19.9,48.4
1606597213,110.0,0.0,99.0,78.0,19.8,48.3
1606597214,110.0,0.0,100.0,77.0,19.8,48.3
1606597215,110.0,0.0,100.0,77.0,19.8,48.3
1606597216,110.0,0.0,100.0,76.0,19.8,48.3
1606597217,110.0,0.0,100.0,76.0,19.8,48.3
1606597218,110.0,0.0,100.0,75.0,19.8,48.3
1606597219,110.0,0.0,101.0,76.0,19.8,48.3
1606597220,111.0,0.0,100.0,76.0,19.8,48.3
1606597221,111.0,0.0,101.0,76.0,19.8,48.3
1606597222,111.0,0.0,101.0,76.0,19.8,48.3
1606597223,112.0,0.0,100.0,76.0,19.8,48.3
1606597224,112.0,0.0,100.0,76.0,19.8,48.3
1606597225,112.0,0.0,100.0,76.0,19.8,48.3
1606597226,112.0,0.0,101.0,76.0,19.8,48.3
1606597227,113.0,0.0,101.0,76.0,19.8,48.3
1606597228,113.0,0.0,101.0,76.0,19.9,48.4
1606597229,113.0,0.0,102.0,76.0,19.9,48.4
1606597230,113.0,0.0,102.0,75.0,19.9,48.4
1606597231,113.0,0.0,102.0,75.0,19.9,48.4
1606597232,113.0,0.0,103.0,75.0,19.9,48.4
1606597233,112.0,0.0,103.0,74.0,19.9,48.4
1606597234,112.0,0.0,104.0,74.0,19.9,48.4
1606597235,111.0,0.0,104.0,74.0,19.9,48.4
1606597236,111.0,0.0,104.0,75.0,19.9,48.4
1606597237,111.0,0.0,104.0,75.0,19.9,48.4
1606597238,111.0,0.0,105.0,75.0,19.9,48.4
1606597239,110.0,0.0,105.0,76.0,19.9,48.4
1606597240,110.0,0.0,105.0,76.0,19.9,48.4
1606597241,111.0,0.0,106.0,77.0,19.9,48.4
1606597242,111.0,0.0,107.0,77.0,19.9,48.4
1606597243,111.0,0.0,107.0,78.0,19.9,48.5
1606597244,112.0,0.0,108.0,78.0,19.9,48.5
1606597245,114.0,0.0,109.0,78.0,19.9,48.5
1606597246,114.0,0.0,110.0,78.0,19.9,48.5
1606597247,114.0,0.0,111.0,78.0,19.9,48.5
1606597248,114.0,0.0,111.0,78.0,19.9,48.5
1606597249,115.0,0.0,111.0,78.0,19.9,48.5
1606597250,115.0,0.0,112.0,78.0,19.9,48.5
1606597251,115.0,0.0,112.0,78.0,19.9,48.5
1606597252,114.0,0.0,112.0,77.0,19.9,48.5
1606597253,114.0,0.0,112.0,77.0,19.85,48.5
1606597254,114.0,0.0,112.0,77.0,19.8,48.5
1606597255,113.0,0.0,112.0,77.0,19.8,48.5
1606597256,113.0,0.0,112.0,76.0,19.8,48.5
1606597257,113.0,0.0,111.0,76.0,19.8,48.5
1606597258,113.0,0.0,111.0,76.0,19.8,48.5
1606597259,113.0,0.0,110.0,77.0,19.8,48.6
1606597260,113.0,0.0,109.0,77.0,19.8,48.6
1606597261,113.0,0.0,108.0,77.0,19.8,48.6
1606597262,113.0,0.0,108.0,77.0,19.8,48.6
1606597263,113.0,0.0,108.0,78.0,19.8,48.6
1606597264,113.0,0.0,107.0,78.0,19.8,48.6
1606597265,113.0,0.0,106.0,79.0,19.8,48.6
1606597266,113.0,0.0,106.0,79.0,19.8,48.6
1606597267,113.0,0.0,106.0,79.0,19.8,48.6
1606597268,113.25,0.0,106.0,79.0,19.8,48.6
1606597269,113.5,0.0,106.0,79.0,19.8,48.6
1606597270,113.75,0.0,106.0,79.0,19.8,48.6
1606597271,114.0,0.0,106.0,79.0,19.8,48.6
1606597272,114.25,0.0,106.0,79.0,19.8,48.6
1606597273,114.5,0.0,106.0,79.0,19.8,48.6
1606597274,114.75,0.0,106.0,79.0,19.8,48.6
1606597275,115.0,0.0,106.0,79.0,19.8,48.6
1606597276,116.0,0.0,106.0,79.0,19.9,48.8
1606597277,117.0,0.0,105.0,78.0,19.9,48.8
1606597278,118.0,0.0,106.0,78.0,19.9,48.8
1606597279,118.0,0.0,106.0,78.0,19.9,48.8
1606597280,118.0,0.0,106.0,77.0,19.9,48.8
1606597281,117.0,0.0,106.0,77.0,19.9,48.9
1606597282,117.0,0.0,106.0,76.0,19.9,48.9
1606597283,117.0,0.0,106.0,77.0,19.9,48.9
1606597284,117.0,0.0,106.0,77.0,19.9,48.9
1606597285,116.0,0.0,107.0,77.0,19.9,48.9
1606597286,116.0,0.0,107.0,77.0,19.8,48.8
1606597287,116.0,0.0,107.0,77.0,19.8,48.8
1606597288,116.0,0.0,107.0,77.0,19.8,48.8
1606597289,116.0,0.0,107.0,78.0,19.8,48.8
1606597290,116.0,0.0,107.0,78.0,19.8,48.8
1606597291,116.0,0.0,107.0,78.0,19.9,48.9
1606597292,116.0,0.0,107.0,79.0,19.9,48.9
1606597293,116.0,0.0,107.0,79.0,19.9,48.9
1606597294,116.0,0.0,107.0,79.0,19.9,48.9
1606597295,117.0,0.0,107.0,78.0,19.9,48.9
1606597296,117.0,0.0,105.0,77.0,19.8,48.9
1606597297,117.0,0.0,105.0,77.0,19.8,48.9
1606597298,117.0,0.0,105.0,77.0,19.8,48.9
1606597299,116.0,0.0,104.0,78.0,19.8,48.9
1606597300,116.0,0.0,104.0,78.0,19.8,48.9
1606597301,117.0,0.0,104.0,78.0,19.9,48.9
1606597302,117.0,0.0,104.0,78.0,19.9,48.9
1606597303,117.0,0.0,104.0,78.0,19.9,48.9
1606597304,116.0,0.0,105.0,78.0,19.9,48.9
1606597305,116.0,0.0,106.0,78.0,19.9,48.9
1606597306,115.0,0.0,107.0,77.0,19.9,49.0
1606597307,115.0,0.0,107.0,76.0,19.9,49.0
1606597308,114.0,0.0,108.0,76.0,19.9,49.0
1606597309,113.0,0.0,108.0,76.0,19.9,49.0
1606597310,112.0,0.0,108.0,76.0,19.9,49.0
1606597311,111.0,0.0,108.0,75.0,19.9,49.0
1606597312,111.0,0.0,108.0,75.0,19.9,49.0
1606597313,110.0,0.0,107.0,75.0,19.9,49.0
1606597314,109.0,0.0,107.0,75.0,19.9,49.0
1606597315,109.0,0.0,106.0,75.0,19.9,49.0
1606597316,109.0,0.0,105.0,75.0,19.8,48.9
1606597317,109.0,0.0,104.0,76.0,19.8,48.9
1606597318,109.0,0.0,104.0,76.0,19.8,48.9
1606597319,110.0,0.0,103.0,76.0,19.8,48.9
1606597320,110.0,0.0,103.0,76.0,19.8,48.9
1606597321,111.0,0.0,103.0,76.0,19.8,48.8
1606597322,111.0,0.0,103.0,75.0,19.8,48.8
1606597323,112.0,0.0,103.0,75.0,19.8,48.8
1606597324,112.0,0.0,103.0,75.0,19.8,48.8
1606597325,112.0,0.0,103.0,75.0,19.8,48.8
1606597326,112.0,0.0,104.0,75.0,19.8,48.7
1606597327,112.0,0.0,104.0,75.0,19.8,48.7
1606597328,112.0,0.0,105.0,75.0,19.8,48.7
1606597329,112.0,0.0,106.0,75.0,19.8,48.7
1606597330,112.0,0.0,106.0,75.0,19.8,48.7
1606597331,112.0,0.0,106.0,75.0,19.9,48.6
1606597332,112.0,0.0,107.0,74.0,19.9,48.6
1606597333,113.0,0.0,108.0,74.0,19.9,48.6
1606597334,113.0,0.0,108.0,74.0,19.9,48.6
1606597335,113.0,0.0,109.0,73.0,19.9,48.6
1606597336,113.0,0.0,110.0,72.0,19.9,48.5
1606597337,113.0,0.0,110.0,72.0,19.9,48.5
1606597338,113.0,0.0,111.0,71.0,19.9,48.5
1606597339,113.0,0.0,111.0,71.0,19.9,48.5
1606597340,113.0,0.0,111.0,71.0,19.9,48.5
1606597341,112.0,0.0,112.0,71.0,19.9,48.4
1606597342,112.0,0.0,112.0,71.0,19.9,48.4
1606597343,112.0,0.0,112.0,71.0,19.9,48.4
1606597344,112.0,0.0,112.0,71.0,19.9,48.4
1606597345,112.0,0.0,112.0,72.0,19.9,48.4
1606597346,112.0,0.0,112.0,73.0,19.8,48.2
1606597347,113.0,0.0,112.0,74.0,19.8,48.2
1606597348,114.0,0.0,111.0,75.0,19.8,48.2
1606597349,114.0,0.0,111.0,76.0,19.8,48.2
1606597350,115.0,0.0,110.0,77.0,19.8,48.2
1606597351,115.0,0.0,109.0,77.0,19.9,48.3
1606597352,116.0,0.0,109.0,78.0,19.9,48.3
1606597353,116.0,0.0,109.0,79.0,19.9,48.3
1606597354,116.0,0.0,108.0,80.0,19.9,48.3
1606597355,115.0,0.0,109.0,80.0,19.9,48.3
1606597356,115.0,0.0,109.0,80.0,19.8,48.2
1606597357,114.0,0.0,109.0,80.0,19.8,48.2
1606597358,113.0,0.0,109.0,80.0,19.8,48.2
1606597359,112.0,0.0,110.0,80.0,19.8,48.2
1606597360,112.0,0.0,110.0,79.0,19.8,48.2
1606597361,111.0,0.0,111.0,79.0,19.8,48.2
1606597362,111.0,0.0,111.0,78.0,19.8,48.2
1606597363,110.0,0.0,111.0,78.0,19.8,48.2
1606597364,110.0,0.0,112.0,77.0,19.8,48.2
1606597365,110.0,0.0,112.0,77.0,19.8,48.2
1606597366,110.0,0.0,112.0,76.0,19.8,48.2
1606597367,110.0,0.0,112.0,75.0,19.8,48.2
1606597368,110.0,0.0,111.0,75.0,19.8,48.2
1606597369,110.0,0.0,111.0,74.0,19.8,48.2
1606597370,110.0,0.0,111.0,73.0,19.8,48.2
1606597371,110.0,0.0,110.0,73.0,19.8,48.2
1606597372,110.0,0.0,109.0,72.0,19.8,48.2
1606597373,110.0,0.0,109.0,72.0,19.8,48.2
1606597374,111.0,0.0,109.0,72.0,19.8,48.2
1606597375,111.0,0.0,109.0,72.0,19.8,48.2
1606597376,112.0,0.0,109.0,72.0,19.8,48.1
1606597377,112.0,0.0,109.0,72.0,19.8,48.1
1606597378,113.0,0.0,109.0,72.0,19.8,48.1
1606597379,113.0,0.0,109.0,72.0,19.8,48.1
1606597380,114.0,0.0,109.0,72.0,19.8,48.1
1606597381,115.0,0.0,109.0,73.0,19.8,48.1
1606597382,115.0,0.0,109.0,73.0,19.8,48.1
1606597383,115.0,0.0,109.0,73.0,19.8,48.1
1606597384,115.0,0.0,108.0,74.0,19.8,48.1
1606597385,115.0,0.0,107.0,74.0,19.8,48.1
1606597386,116.0,0.0,107.0,74.0,19.8,48.1
1606597387,116.0,0.0,106.0,74.0,19.8,48.1
1606597388,116.0,0.0,105.0,75.0,19.8,48.1
1606597389,116.0,0.0,104.0,75.0,19.8,48.1
1606597390,116.0,0.0,103.0,76.0,19.8,48.1
1606597391,116.0,0.0,102.0,76.0,19.8,48.1
1606597392,116.0,0.0,101.0,77.0,19.8,48.1
1606597393,116.0,0.0,101.0,78.0,19.8,48.1
1606597394,116.0,0.0,101.0,78.0,19.8,48.1
1606597395,116.0,0.0,101.0,78.0,19.8,48.1
1606597396,116.0,0.0,101.0,79.0,19.8,48.2
1606597397,116.0,0.0,101.0,79.0,19.8,48.2
1606597398,116.0,0.0,102.0,79.0,19.8,48.2
1606597399,115.0,0.0,102.0,78.0,19.8,48.2
1606597400,115.0,0.0,102.0,77.0,19.8,48.2
1606597401,115.0,0.0,103.0,76.0,19.7,48.1
1606597402,115.0,0.0,104.0,76.0,19.7,48.1
1606597403,115.0,0.0,104.0,74.0,19.7,48.1
1606597404,115.0,0.0,104.0,73.0,19.7,48.1
1606597405,115.0,0.0,104.0,72.0,19.7,48.1
1606597406,115.0,0.0,104.0,71.0,19.8,48.1
1606597407,115.0,0.0,104.0,71.0,19.8,48.1
1606597408,115.0,0.0,104.0,71.0,19.8,48.1
1606597409,115.0,0.0,104.0,70.0,19.8,48.1
1606597410,116.0,0.0,104.0,70.0,19.8,48.1
1606597411,116.0,0.0,105.0,70.0,19.7,48.0
1606597412,116.0,0.0,105.0,70.0,19.7,48.0
1606597413,116.0,0.0,104.0,70.0,19.7,48.0
1606597414,116.0,0.0,104.0,69.0,19.7,48.0
1606597415,116.0,0.0,104.0,69.0,19.7,48.0
1606597416,116.0,0.0,104.0,69.0,19.7,48.0
1606597417,116.0,0.0,104.0,68.0,19.7,48.0
1606597418,115.0,0.0,104.0,68.0,19.7,48.0
1606597419,115.0,0.0,104.0,68.0,19.7,48.0
1606597420,115.0,0.0,104.0,68.0,19.7,48.0
1606597421,115.0,0.0,103.0,68.0,19.7,48.1
1606597422,115.0,0.0,103.0,68.0,19.7,48.1
1606597423,115.0,0.0,102.0,69.0,19.7,48.1
1606597424,115.0,0.0,102.0,69.0,19.7,48.1
1606597425,115.0,0.0,102.0,69.0,19.7,48.1
1606597426,115.0,0.0,101.0,69.0,19.8,48.1
1606597427,115.0,0.0,101.0,70.0,19.8,48.1
1606597428,115.0,0.0,100.0,70.0,19.8,48.1
1606597429,115.0,0.0,100.0,70.0,19.8,48.1
1606597430,114.0,0.0,99.0,70.0,19.8,48.1
1606597431,114.0,0.0,99.0,70.0,19.7,48.0
1606597432,114.0,0.0,98.0,69.0,19.7,48.0
1606597433,113.0,0.0,97.0,68.0,19.7,48.0
1606597434,113.0,0.0,97.0,68.0,19.7,48.0
1606597435,113.0,0.0,97.0,68.0,19.7,48.0
1606597436,113.0,0.0,97.0,67.0,19.7,48.1
1606597437,113.0,0.0,97.0,66.0,19.7,48.1
1606597438,113.0,0.0,97.0,66.0,19.7,48.1
1606597439,112.0,0.0,98.0,66.0,19.7,48.1
1606597440,112.0,0.0,99.0,71.0,19.7,48.1
1606597441,112.0,0.0,99.0,72.0,19.7,48.1
1606597442,112.0,0.0,100.0,73.0,19.7,48.1
1606597443,112.0,0.0,101.0,73.0,19.7,48.1
1606597444,112.0,0.0,102.0,73.0,19.7,48.1
1606597445,112.0,0.0,103.0,74.0,19.7,48.1
1606597446,112.0,0.0,103.0,74.0,19.7,48.1
1606597447,112.0,0.0,103.0,74.0,19.7,48.1
1606597448,112.0,0.0,105.0,75.0,19.7,48.1
1606597449,112.0,0.0,105.0,75.0,19.7,48.1
1606597450,113.0,0.0,106.0,75.0,19.7,48.1
1606597451,114.0,0.0,106.0,75.0,19.7,48.1
1606597452,114.0,0.0,106.0,75.0,19.7,48.1
1606597453,114.0,0.0,106.0,75.0,19.7,48.1
1606597454,114.0,0.0,106.0,75.0,19.7,48.1
1606597455,114.0,0.0,106.0,75.0,19.7,48.1
1606597456,114.0,0.0,106.0,75.0,19.7,48.1
1606597457,114.0,0.0,106.0,75.0,19.7,48.1
1606597458,114.0,0.0,106.0,75.0,19.7,48.1
1606597459,114.0,0.0,106.0,75.0,19.7,48.1
1606597460,113.0,0.0,106.0,74.0,19.7,48.1
1606597461,113.0,0.0,106.0,74.0,19.7,48.1
1606597462,111.0,0.0,105.0,73.0,19.7,48.1
1606597463,110.0,0.0,105.0,72.0,19.7,48.1
1606597464,110.0,0.0,104.0,72.0,19.7,48.1
1606597465,110.0,0.0,104.0,71.0,19.7,48.1
1606597466,109.0,0.0,103.0,70.0,19.7,48.1
1606597467,109.0,0.0,103.0,70.0,19.7,48.1
1606597468,109.0,0.0,103.0,69.0,19.7,48.1
1606597469,109.0,0.0,102.0,69.0,19.7,48.1
1606597470,109.0,0.0,101.0,69.0,19.7,48.1
1606597471,110.0,0.0,101.0,69.0,19.7,48.1
1606597472,111.0,0.0,101.0,69.0,19.7,48.1
1606597473,112.0,0.0,101.0,69.0,19.7,48.1
1606597474,112.0,0.0,101.0,70.0,19.7,48.1
1606597475,112.0,0.0,102.0,70.0,19.7,48.1
1606597476,113.0,0.0,102.0,70.0,19.7,48.1
1606597477,113.0,0.0,102.0,72.0,19.7,48.1
1606597478,113.0,0.0,103.0,73.0,19.7,48.1
1606597479,114.0,0.0,103.0,74.0,19.7,48.1
1606597480,115.0,0.0,104.0,75.0,19.7,48.1
1606597481,115.0,0.0,105.0,76.0,19.7,48.1
1606597482,115.0,0.0,106.0,76.0,19.7,48.1
1606597483,115.0,0.0,107.0,77.0,19.7,48.1
1606597484,115.0,0.0,107.0,78.0,19.7,48.1
1606597485,115.0,0.0,107.0,79.0,19.7,48.1
1606597486,115.0,0.0,108.0,79.0,19.7,48.1
1606597487,115.0,0.0,109.0,80.0,19.7,48.1
1606597488,115.0,0.0,110.0,80.0,19.7,48.1
1606597489,115.0,0.0,110.0,80.0,19.7,48.1
1606597490,115.0,0.0,110.0,80.0,19.7,48.1
1606597491,115.0,0.0,110.0,81.0,19.7,48.1
1606597492,115.0,0.0,110.0,81.0,19.7,48.1
1606597493,115.0,0.0,110.0,81.0,19.7,48.1
1606597494,115.0,0.0,110.0,80.0,19.7,48.1
1606597495,114.0,0.0,110.0,80.0,19.7,48.1
1606597496,114.0,0.0,109.0,80.0,19.7,48.1
1606597497,113.0,0.0,109.0,79.0,19.7,48.1
1606597498,113.0,0.0,108.0,79.0,19.7,48.2
1606597499,112.0,0.0,108.0,78.0,19.7,48.2
1606597500,112.0,0.0,107.0,77.0,19.7,48.2
1606597501,109.0,0.0,107.0,77.0,19.7,48.2
1606597502,109.0,0.0,107.0,76.0,19.7,48.2
1606597503,109.0,0.0,107.0,76.0,19.7,48.2
1606597504,107.0,0.0,107.0,76.0,19.7,48.2
1606597505,107.0,0.0,107.0,75.0,19.7,48.2
1606597506,107.0,0.0,107.0,75.0,19.7,48.2
1606597507,107.0,0.0,107.0,75.0,19.7,48.2
1606597508,108.0,0.0,107.0,75.0,19.8,48.3
1606597509,109.0,0.0,107.0,75.0,19.8,48.3
1606597510,110.0,0.0,107.0,75.0,19.8,48.3
1606597511,111.0,0.0,107.0,75.0,19.8,48.3
1606597512,112.0,0.0,107.0,75.0,19.8,48.3
1606597513,113.0,0.0,106.0,75.0,19.7,48.2
1606597514,114.0,0.0,106.0,75.0,19.7,48.2
1606597515,115.0,0.0,105.0,74.0,19.7,48.2
1606597516,115.0,0.0,105.0,73.0,19.7,48.2
1606597517,116.0,0.0,105.0,73.0,19.7,48.2
1606597518,116.0,0.0,104.0,73.0,19.7,48.2
1606597519,116.0,0.0,104.0,72.0,19.7,48.2
1606597520,116.0,0.0,104.0,72.0,19.7,48.2
1606597521,115.0,0.0,104.0,72.0,19.7,48.2
1606597522,115.0,0.0,105.0,72.0,19.7,48.2
1606597523,115.0,0.0,105.0,72.0,19.8,48.2
1606597524,114.0,0.0,106.0,73.0,19.8,48.2
1606597525,114.0,0.0,107.0,73.0,19.8,48.2
1606597526,114.0,0.0,108.0,73.0,19.8,48.2
1606597527,114.0,0.0,108.0,73.0,19.8,48.2
1606597528,114.0,0.0,107.0,74.0,19.8,48.2
1606597529,114.0,0.0,107.0,74.0,19.8,48.2
1606597530,114.0,0.0,106.0,74.0,19.8,48.2
1606597531,114.0,0.0,105.0,74.0,19.8,48.2
1606597532,115.0,0.0,104.0,74.0,19.8,48.2
1606597533,115.0,0.0,104.0,74.0,19.8,48.2
1606597534,115.0,0.0,104.0,74.0,19.8,48.2
1606597535,115.0,0.0,105.0,74.0,19.8,48.2
1606597536,115.0,0.0,105.0,73.0,19.8,48.2
1606597537,115.0,0.0,106.0,73.0,19.8,48.2
1606597538,115.0,0.0,107.0,73.0,19.8,48.2
1606597539,115.0,0.0,108.0,72.0,19.8,48.2
1606597540,114.0,0.0,109.0,72.0,19.8,48.2
1606597541,114.0,0.0,110.0,71.0,19.8,48.2
1606597542,114.0,0.0,111.0,71.0,19.8,48.2
1606597543,114.0,0.0,111.0,70.0,19.8,48.2
1606597544,113.0,0.0,112.0,70.0,19.8,48.2
1606597545,113.0,0.0,112.0,70.0,19.8,48.2
1606597546,113.0,0.0,112.0,69.0,19.8,48.2
1606597547,113.0,0.0,112.0,69.0,19.8,48.2
1606597548,113.0,0.0,112.0,70.0,19.8,48.2
1606597549,113.0,0.0,112.0,70.0,19.8,48.2
1606597550,113.0,0.0,112.0,70.0,19.8,48.2
1606597551,113.0,0.0,112.0,70.0,19.8,48.2
1606597552,112.0,0.0,112.0,71.0,19.8,48.2
1606597553,112.0,0.0,112.0,72.0,19.8,48.2
1606597554,112.0,0.0,113.0,73.0,19.8,48.2
1606597555,112.0,0.0,113.0,74.0,19.8,48.2
1606597556,110.0,0.0,114.0,74.0,19.8,48.2
1606597557,110.0,0.0,114.0,75.0,19.8,48.2
1606597558,109.0,0.0,114.0,75.0,19.8,48.3
1606597559,109.0,0.0,114.0,75.0,19.8,48.3
1606597560,108.0,0.0,114.0,75.0,19.8,48.3
1606597561,108.0,0.0,114.0,75.0,19.8,48.3
1606597562,108.0,0.0,113.0,74.0,19.8,48.3
1606597563,108.0,0.0,113.0,74.0,19.8,48.2
1606597564,108.0,0.0,112.0,74.0,19.8,48.2
1606597565,109.0,0.0,111.0,73.0,19.8,48.2
1606597566,109.0,0.0,110.0,72.0,19.8,48.2
1606597567,110.0,0.0,109.0,72.0,19.8,48.2
1606597568,110.0,0.0,109.0,72.0,19.8,48.2
1606597569,111.0,0.0,108.0,72.0,19.8,48.2
1606597570,111.0,0.0,107.0,72.0,19.8,48.2
1606597571,112.0,0.0,107.0,73.0,19.8,48.2
1606597572,112.0,0.0,106.0,74.0,19.8,48.2
1606597573,112.0,0.0,106.0,74.0,19.8,48.2
1606597574,112.0,0.0,106.0,75.0,19.8,48.2
1606597575,112.0,0.0,106.0,76.0,19.8,48.2
1606597576,112.0,0.0,106.0,77.0,19.8,48.2
1606597577,112.0,0.0,106.0,77.0,19.8,48.2
1606597578,112.0,0.0,106.0,78.0,19.8,48.3
1606597579,113.0,0.0,106.0,78.0,19.8,48.3
1606597580,113.0,0.0,106.0,79.0,19.8,48.3
1606597581,113.0,0.0,106.0,79.0,19.8,48.3
1606597582,114.0,0.0,106.0,79.0,19.8,48.3
1606597583,114.0,0.0,106.0,79.0,19.8,48.3
1606597584,114.0,0.0,106.0,78.0,19.8,48.3
1606597585,115.0,0.0,106.0,78.0,19.8,48.3
1606597586,115.0,0.0,106.0,78.0,19.8,48.3
1606597587,115.0,0.0,105.0,77.0,19.8,48.3
1606597588,115.0,0.0,105.0,77.0,19.8,48.3
1606597589,115.0,0.0,105.0,77.0,19.8,48.3
1606597590,115.0,0.0,105.0,76.0,19.8,48.3
1606597591,115.0,0.0,105.0,76.0,19.8,48.3
1606597592,115.0,0.0,105.0,75.0,19.8,48.3
1606597593,115.0,0.0,105.0,75.0,19.8,48.2
1606597594,115.0,0.0,105.0,75.0,19.8,48.2
1606597595,115.0,0.0,105.0,75.0,19.8,48.2
1606597596,114.0,0.0,105.0,75.0,19.8,48.2
1606597597,115.0,0.0,106.0,75.0,19.8,48.2
1606597598,115.0,0.0,106.0,75.0,19.8,48.1
1606597599,115.0,0.0,106.0,75.0,19.8,48.1
1606597600,115.0,0.0,107.0,75.0,19.8,48.1
1606597601,115.0,0.0,107.0,75.0,19.8,48.1
1606597602,115.0,0.0,106.0,75.0,19.8,48.1
1606597603,115.0,0.0,107.0,76.0,19.8,48.1
1606597604,115.0,0.0,107.0,76.0,19.8,48.1
1606597605,116.0,0.0,107.0,76.0,19.8,48.1
1606597606,116.0,0.0,107.0,76.0,19.8,48.1
1606597607,116.0,0.0,107.0,76.0,19.8,48.1
1606597608,116.0,0.0,107.0,76.0,19.8,48.1
1606597609,115.0,0.0,108.0,76.0,19.8,48.1
1606597610,115.0,0.0,108.0,76.0,19.8,48.1
1606597611,115.0,0.0,109.0,76.0,19.8,48.1
1606597612,115.0,0.0,109.0,76.0,19.8,48.1
1606597613,116.0,0.0,110.0,76.0,19.8,48.1
1606597614,116.0,0.0,111.0,76.0,19.8,48.1
1606597615,116.0,0.0,111.0,76.0,19.8,48.1
1606597616,116.0,0.0,111.0,76.0,19.8,48.1
1606597617,117.0,0.0,111.0,76.0,19.8,48.1
1606597618,118.0,0.0,111.0,76.0,19.8,48.1
1606597619,118.0,0.0,111.0,76.0,19.8,48.1
1606597620,119.0,0.0,111.0,76.0,19.8,48.1
1606597621,119.0,0.0,111.0,76.0,19.8,48.1
1606597622,120.0,0.0,110.0,76.0,19.8,48.1
1606597623,120.0,0.0,110.0,76.0,19.8,48.1
1606597624,120.0,0.0,110.0,75.0,19.8,48.1
1606597625,120.0,0.0,109.0,75.0,19.8,48.1
1606597626,120.0,0.0,108.0,75.0,19.8,48.1
1606597627,119.0,0.0,107.0,75.0,19.8,48.1
1606597628,119.0,0.0,107.0,75.0,19.8,48.1
1606597629,118.0,0.0,107.0,76.0,19.8,48.1
1606597630,118.0,0.0,106.0,76.0,19.8,48.1
1606597631,117.0,0.0,105.0,77.0,19.8,48.1
1606597632,116.0,0.0,104.0,77.0,19.8,48.1
1606597633,116.0,0.0,104.0,77.0,19.7,48.0
1606597634,116.0,0.0,104.0,77.0,19.7,48.0
1606597635,115.88888888888889,0.0,104.0,77.11111111111111,19.7,48.0
1606597636,115.77777777777776,0.0,104.0,77.22222222222223,19.7,48.0
1606597637,115.66666666666669,0.0,104.0,77.33333333333333,19.7,48.0
1606597638,115.55555555555556,0.0,104.0,77.44444444444444,19.7,48.0
1606597639,115.44444444444444,0.0,104.0,77.55555555555556,19.7,48.0
1606597640,115.33333333333331,0.0,104.0,77.66666666666667,19.7,48.0
1606597641,115.22222222222224,0.0,104.0,77.77777777777777,19.7,48.0
1606597642,115.11111111111111,0.0,104.0,77.88888888888889,19.7,48.0
1606597643,115.0,0.0,104.0,78.0,19.7,48.0
1606597644,116.0,0.0,103.0,79.0,19.7,48.0
1606597645,116.0,0.0,103.0,80.0,19.7,48.0
1606597646,117.0,0.0,102.0,80.0,19.7,48.0
1606597647,117.0,0.0,101.0,81.0,19.7,48.0
1606597648,118.0,0.0,101.0,81.0,19.7,48.0
1606597649,118.0,0.0,101.0,81.0,19.7,48.0
1606597650,119.0,0.0,101.0,81.0,19.7,48.0
1606597651,119.0,0.0,101.0,81.0,19.7,48.1
1606597652,120.0,0.0,100.0,82.0,19.7,48.1
1606597653,121.0,0.0,101.0,82.0,19.7,48.1
1606597654,121.0,0.0,101.0,82.0,19.7,48.1
1606597655,121.0,0.0,102.0,81.0,19.7,48.1
1606597656,122.0,0.0,102.0,81.0,19.7,48.1
1606597657,123.0,0.0,102.0,81.0,19.7,48.1
1606597658,123.0,0.0,104.0,81.0,19.7,48.1
1606597659,124.0,0.0,105.0,81.0,19.7,48.1
1606597660,124.0,0.0,105.0,80.0,19.7,48.1
1606597661,124.0,0.0,107.0,80.0,19.7,48.1
1606597662,124.0,0.0,109.0,80.0,19.7,48.1
1606597663,124.0,0.0,110.0,79.0,19.7,48.1
1606597664,123.0,0.0,111.0,79.0,19.7,48.1
1606597665,123.0,0.0,111.0,79.0,19.7,48.1
1606597666,122.0,0.0,111.0,79.0,19.7,48.2
1606597667,121.0,0.0,111.0,79.0,19.7,48.2
1606597668,120.0,0.0,111.0,79.0,19.7,48.2
1606597669,119.0,0.0,111.0,79.0,19.7,48.2
1606597670,118.0,0.0,111.0,79.0,19.7,48.2
1606597671,117.0,0.0,109.0,80.0,19.7,48.2
1606597672,117.0,0.0,107.0,80.0,19.7,48.2
1606597673,116.0,0.0,106.0,80.0,19.7,48.2
1606597674,116.0,0.0,106.0,80.0,19.7,48.2
1606597675,116.0,0.0,105.0,80.0,19.7,48.2
1606597676,115.0,0.0,105.0,80.0,19.7,48.2
1606597677,115.0,0.0,105.0,80.0,19.7,48.2
1606597678,115.0,0.0,105.0,79.0,19.7,48.2
1606597679,116.0,0.0,105.0,78.0,19.7,48.2
1606597680,116.0,0.0,106.0,78.0,19.7,48.2
1606597681,117.0,0.0,106.0,77.0,19.7,48.3
1606597682,117.0,0.0,106.0,77.0,19.7,48.3
1606597683,117.0,0.0,107.0,77.0,19.7,48.3
1606597684,118.0,0.0,107.0,77.0,19.7,48.3
1606597685,118.0,0.0,107.0,77.0,19.7,48.3
1606597686,118.0,0.0,107.0,77.0,19.7,48.5
1606597687,118.0,0.0,107.0,77.0,19.7,48.5
1606597688,117.0,0.0,108.0,77.0,19.7,48.5
1606597689,117.0,0.0,109.0,78.0,19.7,48.5
1606597690,116.0,0.0,109.0,79.0,19.7,48.5
1606597691,116.0,0.0,108.0,79.0,19.7,48.3
1606597692,115.0,0.0,108.0,79.0,19.7,48.3
1606597693,115.0,0.0,108.0,80.0,19.7,48.3
1606597694,115.0,0.0,107.0,80.0,19.7,48.3
1606597695,115.0,0.0,107.0,80.0,19.7,48.3
1606597696,115.0,0.0,106.0,80.0,19.7,48.3
1606597697,115.0,0.0,106.0,81.0,19.7,48.3
1606597698,115.0,0.0,105.0,81.0,19.7,48.3
1606597699,114.0,0.0,104.0,81.0,19.7,48.3
1606597700,114.0,0.0,103.0,81.0,19.7,48.3
1606597701,113.0,0.0,103.0,81.0,19.7,48.4
1606597702,113.0,0.0,102.0,82.0,19.7,48.4
1606597703,112.0,0.0,102.0,82.0,19.7,48.4
1606597704,112.0,0.0,101.0,82.0,19.7,48.4
1606597705,111.0,0.0,101.0,82.0,19.7,48.4
1606597706,110.0,0.0,101.0,82.0,19.7,48.4
1606597707,110.0,0.0,101.0,82.0,19.7,48.4
1606597708,110.0,0.0,100.0,82.0,19.7,48.4
1606597709,110.0,0.0,100.0,82.0,19.7,48.4
1606597710,110.0,0.0,100.0,82.0,19.7,48.4
1606597711,110.0,0.0,100.0,82.0,19.7,48.4
1606597712,110.0,0.0,100.0,82.0,19.7,48.4
1606597713,110.0,0.0,100.0,82.0,19.7,48.4
1606597714,109.0,0.0,101.0,81.0,19.7,48.4
1606597715,108.0,0.0,101.0,81.0,19.7,48.4
1606597716,108.0,0.0,101.0,80.0,19.7,48.4
1606597717,107.0,0.0,103.0,80.0,19.7,48.4
1606597718,107.0,0.0,103.0,78.0,19.7,48.4
1606597719,107.0,0.0,104.0,78.0,19.7,48.4
1606597720,106.0,0.0,105.0,78.0,19.7,48.4
1606597721,106.0,0.0,106.0,77.0,19.7,48.4
1606597722,106.0,0.0,106.0,76.0,19.7,48.4
1606597723,106.0,0.0,106.0,76.0,19.7,48.4
1606597724,106.0,0.0,106.0,75.0,19.7,48.4
1606597725,106.0,0.0,105.0,75.0,19.7,48.4
1606597726,107.0,0.0,105.0,76.0,19.7,48.4
1606597727,108.0,0.0,104.0,76.0,19.7,48.4
1606597728,108.0,0.0,104.0,76.0,19.7,48.4
1606597729,108.0,0.0,102.0,77.0,19.7,48.4
1606597730,109.0,0.0,102.0,77.0,19.7,48.4
1606597731,109.0,0.0,101.0,78.0,19.7,48.4
1606597732,109.0,0.0,101.0,78.0,19.7,48.4
1606597733,109.0,0.0,101.0,78.0,19.7,48.4
1606597734,109.0,0.0,101.0,78.0,19.7,48.4
1606597735,109.0,0.0,101.0,77.0,19.7,48.4
1606597736,109.0,0.0,102.0,77.0,19.7,48.4
1606597737,108.0,0.0,102.0,76.0,19.7,48.4
1606597738,108.0,0.0,103.0,75.0,19.7,48.4
1606597739,108.0,0.0,103.0,75.0,19.7,48.4
1606597740,108.0,0.0,104.0,74.0,19.7,48.4
1606597741,108.0,0.0,105.0,74.0,19.7,48.4
1606597742,108.0,0.0,105.0,74.0,19.7,48.4
1606597743,108.0,0.0,106.0,74.0,19.7,48.4
1606597744,107.0,0.0,107.0,74.0,19.7,48.4
1606597745,107.0,0.0,108.0,74.0,19.7,48.4
1606597746,107.0,0.0,109.0,75.0,19.7,48.4
1606597747,107.0,0.0,109.0,76.0,19.7,48.4
1606597748,107.0,0.0,110.0,76.0,19.7,48.4
1606597749,107.0,0.0,110.0,76.0,19.7,48.4
1606597750,107.0,0.0,110.0,76.0,19.7,48.4
1606597751,107.0,0.0,109.0,76.0,19.7,48.4
1606597752,107.0,0.0,109.0,77.0,19.7,48.4
1606597753,107.0,0.0,109.0,77.0,19.7,48.4
1606597754,107.0,0.0,108.0,78.0,19.7,48.4
1606597755,107.0,0.0,107.0,78.0,19.7,48.4
1606597756,108.0,0.0,106.0,79.0,19.7,48.4
1606597757,108.0,0.0,105.0,79.0,19.7,48.4
1606597758,107.0,0.0,104.0,79.0,19.7,48.4
1606597759,107.0,0.0,104.0,79.0,19.7,48.4
1606597760,108.0,0.0,104.0,79.0,19.7,48.4
1606597761,108.0,0.0,104.0,79.0,19.8,48.5
1606597762,108.0,0.0,104.0,79.0,19.8,48.5
1606597763,108.0,0.0,105.0,79.0,19.8,48.5
1606597764,108.0,0.0,105.0,79.0,19.8,48.5
1606597765,108.0,0.0,105.0,79.0,19.8,48.5
1606597766,108.0,0.0,105.0,78.0,19.7,48.4
1606597767,109.0,0.0,104.0,78.0,19.7,48.4
1606597768,109.0,0.0,104.0,77.0,19.7,48.4
1606597769,109.0,0.0,104.0,77.0,19.7,48.4
1606597770,109.0,0.0,103.0,77.0,19.7,48.4
1606597771,109.0,0.0,103.0,77.0,19.7,48.4
1606597772,109.0,0.0,103.0,77.0,19.7,48.4
1606597773,108.0,0.0,102.0,77.0,19.7,48.4
1606597774,108.0,0.0,102.0,77.0,19.7,48.4
1606597775,108.0,0.0,103.0,77.0,19.7,48.4
1606597776,108.0,0.0,103.0,77.0,19.8,48.5
1606597777,108.0,0.0,104.0,77.0,19.8,48.5
1606597778,108.0,0.0,104.0,77.0,19.8,48.5
1606597779,107.0,0.0,104.0,77.0,19.8,48.5
1606597780,107.0,0.0,105.0,77.0,19.8,48.5
1606597781,107.0,0.0,106.0,77.0,19.7,48.4
1606597782,107.0,0.0,106.0,77.0,19.7,48.4
1606597783,107.0,0.0,106.0,76.0,19.7,48.4
1606597784,106.0,0.0,106.0,76.0,19.7,48.4
1606597785,106.0,0.0,106.0,75.0,19.7,48.4
1606597786,106.0,0.0,106.0,75.0,19.7,48.4
1606597787,106.0,0.0,106.0,74.0,19.7,48.4
1606597788,105.0,0.0,106.0,74.0,19.7,48.4
1606597789,105.0,0.0,106.0,73.0,19.7,48.4
1606597790,105.0,0.0,107.0,73.0,19.7,48.4
1606597791,105.0,0.0,107.0,73.0,19.8,48.5
1606597792,105.0,0.0,108.0,72.0,19.8,48.5
1606597793,105.0,0.0,108.0,71.0,19.8,48.5
1606597794,105.0,0.0,109.0,71.0,19.8,48.5
1606597795,105.0,0.0,109.0,71.0,19.8,48.5
1606597796,106.0,0.0,110.0,71.0,19.7,48.4
1606597797,106.0,0.0,110.0,71.0,19.7,48.4
1606597798,107.0,0.0,110.0,71.0,19.7,48.4
1606597799,107.0,0.0,110.0,71.0,19.7,48.4
1606597800,107.0,0.0,110.0,71.0,19.7,48.4
1606597801,108.0,0.0,110.0,72.0,19.8,48.5
1606597802,108.0,0.0,109.0,72.0,19.8,48.5
1606597803,108.0,0.0,109.0,73.0,19.8,48.5
1606597804,109.0,0.0,109.0,74.0,19.8,48.5
1606597805,109.0,0.0,108.0,75.0,19.8,48.5
1606597806,110.0,0.0,108.0,75.0,19.7,48.3
1606597807,110.0,0.0,108.0,73.0,19.7,48.3
1606597808,110.0,0.0,108.0,73.0,19.7,48.3
1606597809,110.0,0.0,109.0,73.0,19.7,48.3
1606597810,110.0,0.0,109.0,73.0,19.7,48.3
1606597811,110.0,0.0,109.0,75.0,19.8,48.4
1606597812,110.0,0.0,109.0,75.0,19.8,48.4
1606597813,109.0,0.0,109.0,76.0,19.8,48.4
1606597814,109.0,0.0,111.0,76.0,19.8,48.4
1606597815,109.0,0.0,111.0,76.0,19.8,48.4
1606597816,108.0,0.0,111.0,76.0,19.8,48.5
1606597817,109.0,0.0,111.0,76.0,19.8,48.5
1606597818,109.0,0.0,111.0,76.0,19.8,48.5
1606597819,109.0,0.0,112.0,76.0,19.8,48.5
1606597820,109.5,0.0,112.0,76.0,19.8,48.5
1606597821,110.0,0.0,112.0,76.0,19.8,48.5
1606597822,110.5,0.0,112.0,76.0,19.8,48.5
1606597823,111.0,0.0,112.0,76.0,19.8,48.5
1606597824,111.5,0.0,112.0,76.0,19.8,48.5
1606597825,112.0,0.0,112.0,76.0,19.8,48.5
1606597826,112.5,0.0,112.0,76.0,19.8,48.5
1606597827,113.0,0.0,112.0,76.0,19.8,48.5
1606597828,113.0,0.0,112.0,76.0,19.8,48.5
1606597829,113.0,0.0,112.0,76.0,19.8,48.5
1606597830,112.0,0.0,112.0,76.0,19.8,48.5
1606597831,112.0,0.0,112.0,76.0,19.8,48.5
1606597832,112.0,0.0,112.0,76.0,19.8,48.5
1606597833,112.0,0.0,112.0,76.0,19.8,48.5
1606597834,111.0,0.0,113.0,76.0,19.8,48.5
1606597835,111.0,0.0,114.0,76.0,19.8,48.5
1606597836,111.0,0.0,114.0,76.0,19.8,48.5
1606597837,111.0,0.0,114.0,76.0,19.8,48.5
1606597838,112.0,0.0,114.0,76.0,19.8,48.5
1606597839,112.0,0.0,114.0,77.0,19.8,48.5
1606597840,112.0,0.0,115.0,77.0,19.8,48.5
1606597841,112.0,0.0,115.0,78.0,19.8,48.5
1606597842,113.0,0.0,114.0,78.0,19.8,48.5
1606597843,113.0,0.0,113.0,79.0,19.8,48.4
1606597844,114.0,0.0,110.0,79.0,19.8,48.4
1606597845,114.0,0.0,111.0,79.0,19.8,48.4
1606597846,114.0,0.0,111.0,80.0,19.8,48.4
1606597847,114.0,0.0,111.0,80.0,19.8,48.4
1606597848,114.0,0.0,112.0,80.0,19.8,48.4
1606597849,114.0,0.0,112.0,80.0,19.8,48.4
1606597850,115.0,0.0,112.0,79.0,19.8,48.4
1606597851,115.0,0.0,112.0,79.0,19.8,48.4
1606597852,115.0,0.0,112.0,78.0,19.8,48.4
1606597853,116.0,0.0,111.0,78.0,19.8,48.3
1606597854,116.0,0.0,111.0,78.0,19.8,48.3
1606597855,116.0,0.0,110.0,78.0,19.8,48.3
1606597856,117.0,0.0,110.0,77.0,19.8,48.3
1606597857,117.0,0.0,109.0,77.0,19.8,48.3
1606597858,118.0,0.0,109.0,77.0,19.8,48.3
1606597859,118.0,0.0,108.0,77.0,19.8,48.3
1606597860,118.0,0.0,107.0,77.0,19.8,48.3
1606597861,118.0,0.0,107.0,77.0,19.8,48.3
1606597862,117.0,0.0,107.0,77.0,19.8,48.3
1606597863,117.0,0.0,108.0,78.0,19.8,48.2
1606597864,116.0,0.0,108.0,78.0,19.8,48.2
1606597865,116.0,0.0,109.0,78.0,19.8,48.2
1606597866,115.0,0.0,109.0,78.0,19.8,48.2
1606597867,115.0,0.0,110.0,78.0,19.8,48.2
1606597868,113.0,0.0,110.0,78.0,19.9,48.2
1606597869,112.0,0.0,112.0,78.0,19.9,48.2
1606597870,111.0,0.0,112.0,78.0,19.9,48.2
1606597871,111.0,0.0,113.0,77.0,19.9,48.2
1606597872,110.0,0.0,113.0,77.0,19.9,48.2
1606597873,110.0,0.0,113.0,76.0,19.8,48.1
1606597874,109.0,0.0,113.0,75.0,19.8,48.1
1606597875,109.0,0.0,113.0,75.0,19.8,48.1
1606597876,109.0,0.0,112.0,74.0,19.8,48.1
1606597877,109.0,0.0,112.0,74.0,19.8,48.1
1606597878,110.0,0.0,112.0,73.0,19.8,48.1
1606597879,110.0,0.0,112.0,73.0,19.8,48.1
1606597880,110.0,0.0,110.0,72.0,19.8,48.1
1606597881,111.0,0.0,109.0,72.0,19.8,48.1
1606597882,111.0,0.0,109.0,72.0,19.8,48.1
1606597883,112.0,0.0,109.0,72.0,19.8,48.1
1606597884,112.0,0.0,108.0,72.0,19.8,48.1
1606597885,113.0,0.0,107.0,72.0,19.8,48.1
1606597886,113.0,0.0,107.0,71.0,19.8,48.1
1606597887,113.0,0.0,107.0,71.0,19.8,48.1
1606597888,114.0,0.0,107.0,72.0,19.8,48.0
1606597889,114.0,0.0,106.0,72.0,19.8,48.0
1606597890,114.0,0.0,106.0,72.0,19.8,48.0
1606597891,114.0,0.0,106.0,72.0,19.8,48.0
1606597892,114.0,0.0,106.0,73.0,19.8,48.0
1606597893,114.0,0.0,106.0,73.0,19.8,48.0
1606597894,114.0,0.0,106.0,74.0,19.8,48.0
1606597895,114.0,0.0,106.0,74.0,19.8,48.0
1606597896,114.0,0.0,106.0,74.0,19.8,48.0
1606597897,114.0,0.0,106.0,74.0,19.8,48.0
1606597898,113.0,0.0,106.0,74.0,19.9,48.0
1606597899,113.0,0.0,107.0,74.0,19.9,48.0
1606597900,113.0,0.0,107.0,74.0,19.9,48.0
1606597901,113.0,0.0,108.0,74.0,19.9,48.0
1606597902,113.0,0.0,108.0,74.0,19.9,48.0
1606597903,113.0,0.0,109.0,74.0,19.8,48.0
1606597904,113.0,0.0,109.0,73.0,19.8,48.0
1606597905,114.0,0.0,109.0,73.0,19.8,48.0
1606597906,114.0,0.0,110.0,73.0,19.8,48.0
1606597907,114.0,0.0,110.0,75.0,19.8,48.0
1606597908,114.0,0.0,111.0,75.0,19.8,48.0
1606597909,114.0,0.0,111.0,74.0,19.8,48.0
1606597910,114.0,0.0,111.0,74.0,19.8,48.0
1606597911,114.0,0.0,111.0,74.0,19.8,48.0
1606597912,114.0,0.0,111.0,73.0,19.8,48.0
1606597913,113.0,0.0,111.0,72.0,19.9,48.1
1606597914,113.0,0.0,111.0,72.0,19.9,48.1
1606597915,112.0,0.0,112.0,72.0,19.9,48.1
1606597916,112.0,0.0,112.0,70.0,19.9,48.1
1606597917,112.0,0.0,112.0,69.0,19.9,48.1
1606597918,111.0,0.0,112.0,69.0,19.8,48.0
1606597919,111.0,0.0,112.0,69.0,19.8,48.0
1606597920,111.0,0.0,112.0,69.0,19.8,48.0
1606597921,111.0,0.0,113.0,69.0,19.8,48.0
1606597922,111.0,0.0,113.0,70.0,19.8,48.0
1606597923,111.0,0.0,113.0,70.0,19.8,48.0
1606597924,111.0,0.0,113.0,70.0,19.8,48.0
1606597925,111.0,0.0,113.0,72.0,19.8,48.0
1606597926,111.0,0.0,113.0,72.0,19.8,48.0
1606597927,112.0,0.0,114.0,73.0,19.8,48.0
1606597928,112.0,0.0,114.0,73.0,19.8,48.0
1606597929,112.0,0.0,114.0,74.0,19.8,48.0
1606597930,112.0,0.0,113.0,74.0,19.8,48.0
1606597931,112.0,0.0,113.0,75.0,19.8,48.0
1606597932,111.0,0.0,113.0,75.0,19.8,48.0
1606597933,111.0,0.0,113.0,75.0,19.8,48.0
1606597934,111.0,0.0,113.0,75.0,19.8,48.0
1606597935,111.0,0.0,112.0,75.0,19.8,48.0
1606597936,110.5,0.0,112.0,75.5,19.8,48.0
1606597937,110.0,0.0,112.0,76.0,19.8,48.0
1606597938,110.0,0.0,112.0,76.0,19.8,48.0
1606597939,109.0,0.0,112.0,76.0,19.9,48.1
1606597940,108.0,0.0,112.0,76.0,19.9,48.1
1606597941,108.0,0.0,111.0,76.0,19.9,48.1
1606597942,107.0,0.0,111.0,76.0,19.9,48.1
1606597943,107.0,0.0,110.0,76.0,19.9,48.1
1606597944,107.0,0.0,110.0,76.0,19.8,48.0
1606597945,106.0,0.0,110.0,76.0,19.8,48.0
1606597946,105.0,0.0,109.0,76.0,19.8,48.0
1606597947,105.0,0.0,109.0,76.0,19.8,48.0
1606597948,105.0,0.0,109.0,76.0,19.8,48.0
1606597949,105.0,0.0,109.0,76.0,19.9,48.1
1606597950,105.0,0.0,109.0,76.0,19.9,48.1
1606597951,105.0,0.0,109.0,76.0,19.9,48.1
1606597952,105.0,0.0,109.0,76.0,19.9,48.1
1606597953,106.0,0.0,110.0,76.0,19.9,48.1
1606597954,106.0,0.0,110.0,76.0,19.8,48.0
1606597955,106.0,0.0,110.0,76.0,19.8,48.0
1606597956,106.0,0.0,111.0,76.0,19.8,48.0
1606597957,106.0,0.0,111.0,76.0,19.8,48.0
1606597958,105.0,0.0,112.0,76.0,19.8,48.0
1606597959,105.0,0.0,113.0,76.0,19.8,48.0
1606597960,105.0,0.0,113.0,77.0,19.8,48.0
1606597961,105.0,0.0,113.0,77.0,19.8,48.0
1606597962,105.0,0.0,113.0,77.0,19.8,48.0
1606597963,105.0,0.0,113.0,78.0,19.8,48.0
1606597964,105.0,0.0,114.0,79.0,19.9,48.0
1606597965,105.0,0.0,114.0,79.0,19.9,48.0
1606597966,105.0,0.0,115.0,79.0,19.9,48.0
1606597967,105.0,0.0,116.0,79.0,19.9,48.0
1606597968,105.0,0.0,116.0,79.0,19.9,48.0
1606597969,105.0,0.0,116.0,79.0,19.9,48.0
1606597970,105.0,0.0,116.0,79.0,19.9,48.0
1606597971,106.0,0.0,116.0,79.0,19.9,48.0
1606597972,106.0,0.0,116.0,79.0,19.9,48.0
1606597973,107.0,0.0,115.0,78.0,19.9,48.0
1606597974,108.0,0.0,114.0,78.0,19.9,48.0
1606597975,108.0,0.0,114.0,78.0,19.9,48.0
1606597976,109.0,0.0,112.0,78.0,19.9,48.0
1606597977,109.0,0.0,110.0,78.0,19.9,48.0
1606597978,109.0,0.0,110.0,78.0,19.9,48.0
1606597979,109.0,0.0,110.0,78.0,19.8,47.9
1606597980,109.0,0.0,109.0,79.0,19.8,47.9
1606597981,109.0,0.0,109.0,79.0,19.8,47.9
1606597982,109.0,0.0,109.0,79.0,19.8,47.9
1606597983,108.0,0.0,109.0,80.0,19.8,47.9
1606597984,108.0,0.0,110.0,80.0,19.9,48.0
1606597985,108.0,0.0,110.0,80.0,19.9,48.0
1606597986,108.0,0.0,111.0,80.0,19.9,48.0
1606597987,108.0,0.0,112.0,80.0,19.9,48.0
1606597988,108.0,0.0,112.0,80.0,19.9,48.0
1606597989,108.0,0.0,113.0,80.0,19.9,48.0
1606597990,108.0,0.0,114.0,80.0,19.9,48.0
1606597991,108.0,0.0,114.0,80.0,19.9,48.0
1606597992,107.0,0.0,114.0,80.0,19.9,48.0
1606597993,107.0,0.0,115.0,81.0,19.9,48.0
1606597994,107.0,0.0,118.0,81.0,19.9,48.0
1606597995,107.0,0.0,118.0,81.0,19.9,48.0
1606597996,107.0,0.0,118.0,81.0,19.9,48.0
1606597997,107.0,0.0,118.0,81.0,19.9,48.0
1606597998,106.0,0.0,118.0,81.0,19.9,48.0
1606597999,106.0,0.0,119.0,81.0,19.9,47.9
1606598000,106.0,0.0,118.0,81.0,19.9,47.9
1606598001,106.0,0.0,118.0,81.0,19.9,47.9
1606598002,106.0,0.0,118.0,81.0,19.9,47.9
1606598003,106.0,0.0,118.0,81.0,19.9,47.9
1606598004,106.0,0.0,118.0,82.0,19.9,47.9
1606598005,106.0,0.0,118.0,82.0,19.9,47.9
1606598006,106.0,0.0,118.0,83.0,19.9,47.9
1606598007,106.0,0.0,118.0,83.0,19.9,47.9
1606598008,106.11111111111111,0.0,117.88888888888889,83.0,19.9,47.9
1606598009,106.22222222222224,0.0,117.77777777777776,83.0,19.9,47.9
1606598010,106.33333333333331,0.0,117.66666666666669,83.0,19.9,47.9
1606598011,106.44444444444444,0.0,117.55555555555556,83.0,19.9,47.9
1606598012,106.55555555555556,0.0,117.44444444444444,83.0,19.9,47.9
1606598013,106.66666666666669,0.0,117.33333333333331,83.0,19.9,47.9
1606598014,106.77777777777776,0.0,117.22222222222224,83.0,19.9,47.9
1606598015,106.88888888888889,0.0,117.11111111111111,83.0,19.9,47.9
1606598016,107.0,0.0,117.0,83.0,19.9,47.9
1606598017,107.0,0.0,117.0,84.0,19.9,47.9
1606598018,107.0,0.0,117.0,84.0,19.9,47.9
1606598019,107.0,0.0,117.0,84.0,19.9,47.9
1606598020,107.0,0.0,117.0,84.0,19.9,47.9
1606598021,107.0,0.0,117.0,83.0,19.9,47.9
1606598022,107.0,0.0,116.0,83.0,19.9,47.9
1606598023,107.0,0.0,116.0,83.0,19.9,47.9
1606598024,107.0,0.0,116.0,83.0,19.9,47.9
1606598025,107.0,0.0,115.0,82.0,19.9,47.9
1606598026,107.0,0.0,114.0,81.0,19.9,47.9
1606598027,107.0,0.0,113.0,81.0,19.9,47.8
1606598028,107.0,0.0,112.0,81.0,19.9,47.8
1606598029,108.0,0.0,111.0,80.0,19.9,47.8
1606598030,109.0,0.0,111.0,80.0,19.9,47.8
1606598031,109.0,0.0,110.0,80.0,19.9,47.8
1606598032,110.0,0.0,109.0,79.0,19.9,47.8
1606598033,112.0,0.0,109.0,79.0,19.9,47.8
1606598034,113.0,0.0,108.0,78.0,19.9,47.8
1606598035,113.0,0.0,108.0,78.0,19.9,47.8
1606598036,113.0,0.0,108.0,78.0,19.9,47.8
1606598037,114.0,0.0,108.0,78.0,19.9,47.8
1606598038,114.0,0.0,108.0,78.0,19.9,47.8
1606598039,115.0,0.0,108.0,78.0,19.9,47.8
1606598040,114.0,0.0,108.0,78.0,19.9,47.8
1606598041,114.0,0.0,107.0,79.0,19.9,47.8
1606598042,114.0,0.0,107.0,79.0,19.9,47.8
1606598043,113.0,0.0,108.0,79.0,19.9,47.8
1606598044,112.0,0.0,108.0,80.0,19.9,47.8
1606598045,112.0,0.0,108.0,80.0,19.9,47.8
1606598046,112.0,0.0,108.0,80.0,19.9,47.8
1606598047,112.0,0.0,108.0,81.0,19.9,47.8
1606598048,112.0,0.0,109.0,81.0,19.9,47.8
1606598049,112.0,0.0,110.0,81.0,19.9,47.8
1606598050,112.0,0.0,110.0,81.0,19.9,47.8
1606598051,112.0,0.0,111.0,81.0,19.9,47.8
1606598052,112.0,0.0,111.0,81.0,19.9,47.8
1606598053,113.0,0.0,112.0,81.0,19.9,47.8
1606598054,112.0,0.0,113.0,81.0,19.9,47.8
1606598055,112.0,0.0,113.0,80.0,19.9,47.8
1606598056,112.0,0.0,113.0,80.0,19.9,47.8
1606598057,112.0,0.0,113.0,80.0,19.9,47.8
1606598058,112.0,0.0,113.0,78.0,19.9,47.8
1606598059,112.0,0.0,113.0,77.0,19.9,47.8
1606598060,112.0,0.0,112.0,77.0,19.9,47.8
1606598061,112.0,0.0,112.0,77.0,19.9,47.8
1606598062,112.0,0.0,112.0,76.0,19.9,47.8
1606598063,112.0,0.0,112.0,76.0,19.9,47.8
1606598064,112.0,0.0,111.0,76.0,19.9,47.8
1606598065,112.0,0.0,111.0,77.0,19.9,47.8
1606598066,113.0,0.0,111.0,77.0,19.9,47.8
1606598067,112.0,0.0,111.0,78.0,20.0,47.9
1606598068,112.0,0.0,111.0,78.0,20.0,47.9
1606598069,112.0,0.0,111.0,78.0,20.0,47.9
1606598070,112.0,0.0,110.0,78.0,20.0,47.9
1606598071,112.0,0.0,110.0,78.0,20.0,47.9
1606598072,112.0,0.0,110.0,78.0,20.0,47.8
1606598073,112.0,0.0,110.0,78.0,20.0,47.8
1606598074,111.0,0.0,110.0,78.0,20.0,47.8
1606598075,111.0,0.0,110.0,78.0,20.0,47.8
1606598076,111.0,0.0,110.0,78.0,20.0,47.8
1606598077,111.0,0.0,110.0,78.0,19.9,47.7
1606598078,111.0,0.0,110.0,78.0,19.9,47.7
1606598079,111.0,0.0,110.0,78.0,19.9,47.7
1606598080,110.0,0.0,109.0,79.0,19.9,47.7
1606598081,110.0,0.0,110.0,78.0,19.9,47.7
1606598082,110.0,0.0,110.0,78.0,19.9,47.7
1606598083,109.0,0.0,110.0,78.0,19.9,47.7
1606598084,109.0,0.0,109.0,79.0,19.9,47.7
1606598085,109.0,0.0,109.0,78.0,19.9,47.7
1606598086,109.0,0.0,109.0,78.0,19.9,47.7
1606598087,109.0,0.0,109.0,78.0,20.0,47.8
1606598088,109.0,0.0,109.0,78.0,20.0,47.8
1606598089,110.0,0.0,109.0,78.0,20.0,47.8
1606598090,110.0,0.0,110.0,78.0,20.0,47.8
1606598091,111.0,0.0,110.0,78.0,20.0,47.8
1606598092,112.0,0.0,110.0,78.0,20.0,47.8
1606598093,112.0,0.0,110.0,78.0,20.0,47.8
1606598094,113.0,0.0,110.0,78.0,20.0,47.8
1606598095,114.0,0.0,111.0,78.0,20.0,47.8
1606598096,114.0,0.0,111.0,78.0,20.0,47.8
1606598097,114.0,0.0,111.0,78.0,20.0,47.8
1606598098,114.0,0.0,111.0,78.0,20.0,47.8
1606598099,114.0,0.0,111.0,78.0,20.0,47.8
1606598100,114.0,0.0,111.0,78.0,20.0,47.8
1606598101,114.0,0.0,110.0,78.0,20.0,47.8
1606598102,113.0,0.0,110.0,78.0,20.0,47.8
1606598103,113.0,0.0,110.0,78.0,20.0,47.8
1606598104,113.0,0.0,109.0,77.0,20.0,47.8
1606598105,113.0,0.0,109.0,77.0,20.0,47.8
1606598106,113.0,0.0,109.0,77.0,20.0,47.8
1606598107,113.0,0.0,110.0,77.0,20.0,47.8
1606598108,112.0,0.0,110.0,77.0,20.0,47.8
1606598109,112.0,0.0,110.0,77.0,20.0,47.8
1606598110,112.0,0.0,111.0,77.0,20.0,47.8
1606598111,111.0,0.0,112.0,77.0,20.0,47.8
1606598112,112.0,0.0,112.0,77.0,20.0,47.8
1606598113,112.0,0.0,113.0,77.0,20.0,47.8
1606598114,112.0,0.0,114.0,78.0,20.0,47.8
1606598115,112.0,0.0,114.0,78.0,20.0,47.8
1606598116,112.0,0.0,114.0,78.0,20.0,47.8
1606598117,112.0,0.0,114.0,78.0,19.9,47.7
1606598118,112.0,0.0,114.0,78.0,19.9,47.7
1606598119,112.0,0.0,114.0,79.0,19.9,47.7
1606598120,113.0,0.0,115.0,79.0,19.9,47.7
1606598121,113.0,0.0,115.0,79.0,19.9,47.7
1606598122,113.0,0.0,115.0,78.0,20.0,47.8
1606598123,112.0,0.0,115.0,78.0,20.0,47.8
1606598124,111.0,0.0,116.0,78.0,20.0,47.8
1606598125,111.0,0.0,116.0,77.0,20.0,47.8
1606598126,111.0,0.0,116.0,77.0,20.0,47.8
1606598127,110.0,0.0,117.0,76.0,19.9,47.6
1606598128,110.0,0.0,117.0,76.0,19.9,47.6
1606598129,110.0,0.0,118.0,76.0,19.9,47.6
1606598130,109.0,0.0,118.0,76.0,19.9,47.6
1606598131,109.0,0.0,118.0,76.0,19.9,47.6
1606598132,108.0,0.0,118.0,76.0,20.0,47.7
1606598133,108.0,0.0,118.0,76.0,20.0,47.7
1606598134,108.0,0.0,118.0,76.0,20.0,47.7
1606598135,108.0,0.0,117.0,77.0,20.0,47.7
1606598136,107.0,0.0,117.0,77.0,20.0,47.7
1606598137,107.0,0.0,117.0,78.0,20.0,47.7
1606598138,107.0,0.0,116.0,78.0,20.0,47.7
1606598139,107.0,0.0,116.0,78.0,20.0,47.7
1606598140,107.0,0.0,115.0,79.0,20.0,47.7
1606598141,106.0,0.0,115.0,79.0,20.0,47.7
1606598142,107.0,0.0,114.0,80.0,20.0,47.7
1606598143,107.0,0.0,114.0,80.0,20.0,47.7
1606598144,107.0,0.0,114.0,80.0,20.0,47.7
1606598145,107.0,0.0,112.0,80.0,20.0,47.7
1606598146,108.0,0.0,112.0,80.0,20.0,47.7
1606598147,108.0,0.0,112.0,80.0,20.0,47.7
1606598148,108.0,0.0,111.0,80.0,20.0,47.7
1606598149,108.0,0.0,110.0,80.0,20.0,47.7
1606598150,108.0,0.0,110.0,80.0,20.0,47.7
1606598151,109.0,0.0,109.0,80.0,20.0,47.7
1606598152,109.0,0.0,107.0,80.0,19.9,47.6
1606598153,109.0,0.0,107.0,80.0,19.9,47.6
1606598154,109.0,0.0,107.0,80.0,19.9,47.6
1606598155,109.0,0.0,106.0,80.0,19.9,47.6
1606598156,109.0,0.0,106.0,79.0,19.9,47.6
1606598157,109.0,0.0,106.0,78.0,20.0,47.7
1606598158,109.0,0.0,107.0,78.0,20.0,47.7
1606598159,109.0,0.0,107.0,77.0,20.0,47.7
1606598160,110.0,0.0,108.0,77.0,20.0,47.7
1606598161,110.0,0.0,109.0,77.0,20.0,47.7
1606598162,111.0,0.0,110.0,77.0,20.0,47.7
1606598163,111.0,0.0,111.0,75.0,20.0,47.7
1606598164,112.0,0.0,113.0,75.0,20.0,47.7
1606598165,113.0,0.0,114.0,75.0,20.0,47.7
1606598166,113.0,0.0,115.0,75.0,20.0,47.7
1606598167,114.0,0.0,115.0,75.0,19.9,47.6
1606598168,115.0,0.0,116.0,75.0,19.9,47.6
1606598169,116.0,0.0,116.0,75.0,19.9,47.6
1606598170,117.0,0.0,116.0,74.0,19.9,47.6
1606598171,118.0,0.0,116.0,74.0,19.9,47.6
1606598172,118.0,0.0,116.0,73.0,20.0,47.7
1606598173,119.0,0.0,116.0,73.0,20.0,47.7
1606598174,119.0,0.0,115.0,72.0,20.0,47.7
1606598175,119.0,0.0,115.0,71.0,20.0,47.7
1606598176,118.0,0.0,114.0,70.0,20.0,47.7
1606598177,117.0,0.0,114.0,69.0,20.0,47.6
1606598178,117.0,0.0,113.0,68.0,20.0,47.6
1606598179,117.0,0.0,112.0,68.0,20.0,47.6
1606598180,116.0,0.0,112.0,67.0,20.0,47.6
1606598181,115.0,0.0,111.0,67.0,20.0,47.6
1606598182,114.0,0.0,110.0,67.0,19.9,47.5
1606598183,114.0,0.0,110.0,67.0,19.9,47.5
1606598184,114.0,0.0,110.0,67.0,19.9,47.5
1606598185,114.0,0.0,110.0,68.0,19.9,47.5
1606598186,114.0,0.0,110.0,68.0,19.9,47.5
1606598187,114.0,0.0,110.0,68.0,20.0,47.6
1606598188,114.0,0.0,110.0,68.0,20.0,47.6
1606598189,113.0,0.0,110.0,69.0,20.0,47.6
1606598190,113.0,0.0,110.0,68.0,20.0,47.6
1606598191,112.0,0.0,111.0,68.0,20.0,47.6
1606598192,112.0,0.0,112.0,68.0,19.9,47.5
1606598193,111.0,0.0,112.0,67.0,19.9,47.5
1606598194,111.0,0.0,112.0,67.0,19.9,47.5
1606598195,110.0,0.0,112.0,66.0,19.9,47.5
1606598196,110.0,0.0,113.0,65.0,19.9,47.5
1606598197,109.0,0.0,114.0,64.0,20.0,47.6
1606598198,109.0,0.0,114.0,63.0,20.0,47.6
1606598199,108.0,0.0,115.0,63.0,20.0,47.6
1606598200,108.125,0.0,115.0,63.0,20.0,47.6
1606598201,108.25,0.0,115.0,63.0,20.0,47.6
1606598202,108.375,0.0,115.0,63.0,20.0,47.6
1606598203,108.5,0.0,115.0,63.0,20.0,47.6
1606598204,108.625,0.0,115.0,63.0,20.0,47.6
1606598205,108.75,0.0,115.0,63.0,20.0,47.6
1606598206,108.875,0.0,115.0,63.0,20.0,47.6
1606598207,109.0,0.0,115.0,63.0,20.0,47.6
1606598208,110.0,0.0,115.0,63.0,20.0,47.6
1606598209,110.0,0.0,115.0,63.0,20.0,47.6
1606598210,111.0,0.0,115.0,63.0,20.0,47.6
1606598211,111.0,0.0,116.0,63.0,20.0,47.6
1606598212,112.0,0.0,116.0,64.0,20.0,47.6
1606598213,113.0,0.0,115.0,65.0,20.0,47.6
1606598214,113.0,0.0,115.0,66.0,20.0,47.6
1606598215,114.0,0.0,115.0,66.0,20.0,47.6
1606598216,114.0,0.0,115.0,66.0,20.0,47.6
1606598217,114.0,0.0,115.0,66.0,20.0,47.6
1606598218,113.0,0.0,114.0,66.0,20.0,47.6
1606598219,113.0,0.0,114.0,66.0,20.0,47.6
1606598220,112.0,0.0,114.0,66.0,20.0,47.6
1606598221,112.0,0.0,114.0,67.0,20.0,47.6
1606598222,112.0,0.0,113.0,67.0,20.0,47.6
1606598223,111.0,0.0,113.0,67.0,20.0,47.6
1606598224,111.0,0.0,113.0,67.0,20.0,47.6
1606598225,110.0,0.0,113.0,67.0,20.0,47.6
1606598226,110.0,0.0,113.0,67.0,20.0,47.6
1606598227,110.0,0.0,112.0,67.0,20.0,47.6
1606598228,110.0,0.0,112.0,67.0,20.0,47.6
1606598229,111.0,0.0,113.0,68.0,20.0,47.5
1606598230,111.0,0.0,113.0,68.0,20.0,47.5
1606598231,111.0,0.0,113.0,68.0,20.0,47.5
1606598232,111.0,0.0,113.0,68.0,20.0,47.5
1606598233,111.0,0.0,114.0,68.0,20.0,47.5
1606598234,111.0,0.0,114.0,68.0,19.9,47.5
1606598235,111.0,0.0,114.0,68.0,19.9,47.5
1606598236,111.0,0.0,114.0,68.0,19.9,47.5
1606598237,110.0,0.0,114.0,68.0,19.9,47.5
1606598238,110.0,0.0,113.0,68.0,19.9,47.5
1606598239,110.0,0.0,113.0,68.0,20.0,47.5
1606598240,110.0,0.0,113.0,68.0,20.0,47.5
1606598241,110.0,0.0,112.0,68.0,20.0,47.5
1606598242,110.0,0.0,111.0,68.0,20.0,47.5
1606598243,110.0,0.0,111.0,69.0,20.0,47.5
1606598244,110.0,0.0,111.0,69.0,19.9,47.5
1606598245,111.0,0.0,111.0,69.0,19.9,47.5
1606598246,112.0,0.0,111.0,70.0,19.9,47.5
1606598247,112.0,0.0,111.0,70.0,19.9,47.5
1606598248,112.0,0.0,112.0,70.0,19.9,47.5
1606598249,112.0,0.0,113.0,70.0,20.0,47.6
1606598250,112.0,0.0,113.0,71.0,20.0,47.6
1606598251,112.0,0.0,114.0,71.0,20.0,47.6
1606598252,112.0,0.0,115.0,71.0,20.0,47.6
1606598253,111.0,0.0,116.0,71.0,20.0,47.6
1606598254,110.0,0.0,117.0,70.0,20.0,47.6
1606598255,109.0,0.0,118.0,70.0,20.0,47.6
1606598256,108.0,0.0,118.0,70.0,20.0,47.6
1606598257,107.0,0.0,118.0,69.0,20.0,47.6
1606598258,107.0,0.0,118.0,69.0,20.0,47.6
1606598259,104.0,0.0,118.0,69.0,20.0,47.6
1606598260,102.0,0.0,117.0,69.0,20.0,47.6
1606598261,101.0,0.0,117.0,68.0,20.0,47.6
1606598262,100.0,0.0,117.0,68.0,20.0,47.6
1606598263,99.0,0.0,116.0,68.0,20.0,47.6
1606598264,98.0,0.0,116.0,68.0,20.0,47.6
1606598265,97.0,0.0,115.0,68.0,20.0,47.6
1606598266,97.0,0.0,115.0,68.0,20.0,47.6
1606598267,97.0,0.0,115.0,68.0,20.0,47.6
1606598268,98.0,0.0,115.0,68.0,20.0,47.6
1606598269,98.0,0.0,116.0,68.0,20.0,47.6
1606598270,98.0,0.0,116.0,67.0,20.0,47.6
1606598271,99.0,0.0,116.0,67.0,20.0,47.6
1606598272,99.0,0.0,116.0,67.0,20.0,47.6
1606598273,100.0,0.0,116.0,67.0,20.0,47.6
1606598274,100.0,0.0,116.0,67.0,20.0,47.6
1606598275,100.0,0.0,116.0,67.0,20.0,47.6
1606598276,100.0,0.0,116.0,68.0,20.0,47.6
1606598277,100.0,0.0,115.0,68.0,20.0,47.6
1606598278,100.0,0.0,114.0,68.0,20.0,47.6
1606598279,100.0,0.0,113.0,69.0,20.0,47.6
1606598280,100.0,0.0,113.0,69.0,20.0,47.6
1606598281,101.0,0.0,112.0,68.0,20.0,47.6
1606598282,101.0,0.0,111.0,68.0,20.0,47.6
1606598283,101.0,0.0,109.0,68.0,20.0,47.6
1606598284,102.0,0.0,108.0,68.0,20.0,47.6
1606598285,102.0,0.0,108.0,68.0,20.0,47.6
1606598286,103.0,0.0,106.0,67.0,20.0,47.6
1606598287,103.0,0.0,105.0,67.0,20.0,47.6
1606598288,104.0,0.0,105.0,67.0,20.0,47.6
1606598289,104.0,0.0,105.0,66.0,20.0,47.6
1606598290,105.0,0.0,105.0,66.0,20.0,47.6
1606598291,105.0,0.0,105.0,66.0,20.0,47.6
1606598292,105.0,0.0,105.0,66.0,20.0,47.6
1606598293,106.0,0.0,105.0,66.0,20.0,47.6
1606598294,107.0,0.0,106.0,66.0,20.0,47.6
1606598295,107.0,0.0,106.0,66.0,20.0,47.6
1606598296,108.0,0.0,106.0,66.0,20.0,47.6
1606598297,108.0,0.0,106.0,66.0,20.0,47.6
1606598298,109.0,0.0,106.0,67.0,20.0,47.6
1606598299,109.0,0.0,106.0,67.0,20.1,47.7
1606598300,109.0,0.0,106.0,67.0,20.1,47.7
1606598301,109.0,0.0,105.0,67.0,20.1,47.7
1606598302,109.0,0.0,105.0,68.0,20.1,47.7
1606598303,109.0,0.0,104.0,68.0,20.1,47.7
1606598304,108.0,0.0,103.0,68.0,20.0,47.6
1606598305,108.0,0.0,103.0,68.0,20.0,47.6
1606598306,108.0,0.0,102.0,69.0,20.0,47.6
1606598307,107.0,0.0,102.0,69.0,20.0,47.6
1606598308,106.0,0.0,102.0,70.0,20.0,47.6
1606598309,106.0,0.0,102.0,70.0,20.0,47.6
1606598310,105.0,0.0,102.0,71.0,20.0,47.6
1606598311,105.0,0.0,101.0,71.0,20.0,47.6
1606598312,105.0,0.0,101.0,71.0,20.0,47.6
1606598313,105.0,0.0,101.0,71.0,20.0,47.6
1606598314,105.0,0.0,101.0,71.0,20.0,47.6
1606598315,106.0,0.0,101.0,71.0,20.0,47.6
1606598316,106.0,0.0,101.0,70.0,20.0,47.6
1606598317,106.0,0.0,101.0,70.0,20.0,47.6
1606598318,106.0,0.0,101.0,69.0,20.0,47.6
1606598319,108.0,0.0,102.0,69.0,20.1,47.7
1606598320,108.0,0.0,102.0,68.0,20.1,47.7
1606598321,109.0,0.0,102.0,68.0,20.1,47.7
1606598322,109.0,0.0,101.0,68.0,20.1,47.7
1606598323,109.0,0.0,101.0,67.0,20.1,47.7
1606598324,109.0,0.0,101.0,67.0,20.0,47.6
1606598325,108.0,0.0,101.0,68.0,20.0,47.6
1606598326,108.0,0.0,101.0,68.0,20.0,47.6
1606598327,107.0,0.0,101.0,68.0,20.0,47.6
1606598328,106.0,0.0,102.0,69.0,20.0,47.6
1606598329,105.0,0.0,102.0,69.0,20.0,47.7
1606598330,105.0,0.0,102.0,70.0,20.0,47.7
1606598331,104.0,0.0,103.0,70.0,20.0,47.7
1606598332,103.0,0.0,104.0,71.0,20.0,47.7
1606598333,102.0,0.0,106.0,71.0,20.0,47.7
1606598334,102.0,0.0,107.0,71.0,20.0,47.7
1606598335,102.0,0.0,107.0,71.0,20.0,47.7
1606598336,101.0,0.0,108.0,71.0,20.0,47.7
1606598337,101.0,0.0,108.0,71.0,20.0,47.7
1606598338,101.0,0.0,109.0,70.0,20.0,47.7
1606598339,100.0,0.0,109.0,70.0,20.1,47.8
1606598340,100.0,0.0,110.0,69.0,20.1,47.8
1606598341,100.0,0.0,110.0,68.0,20.1,47.8
1606598342,100.0,0.0,110.0,68.0,20.1,47.8
1606598343,100.0,0.0,110.0,68.0,20.1,47.8
1606598344,100.0,0.0,110.0,68.0,20.1,47.9
1606598345,100.0,0.0,110.0,69.0,20.1,47.9
1606598346,100.0,0.0,111.0,69.0,20.1,47.9
1606598347,101.0,0.0,111.0,69.0,20.1,47.9
1606598348,101.0,0.0,112.0,70.0,20.1,47.9
1606598349,101.0,0.0,112.0,70.0,20.1,47.9
1606598350,102.0,0.0,113.0,71.0,20.1,47.9
1606598351,102.0,0.0,113.0,71.0,20.1,47.9
1606598352,103.0,0.0,113.0,71.0,20.1,47.9
1606598353,104.0,0.0,114.0,70.0,20.1,47.9
1606598354,104.0,0.0,113.0,70.0,20.1,47.9
1606598355,105.0,0.0,113.0,70.0,20.1,47.9
1606598356,106.0,0.0,113.0,69.0,20.1,47.9
1606598357,106.0,0.0,112.0,69.0,20.1,47.9
1606598358,107.0,0.0,112.0,68.0,20.1,47.9
1606598359,107.0,0.0,111.0,68.0,20.0,47.8
1606598360,108.0,0.0,110.0,69.0,20.0,47.8
1606598361,108.0,0.0,109.0,69.0,20.0,47.8
1606598362,109.0,0.0,108.0,70.0,20.0,47.8
1606598363,109.0,0.0,108.0,70.0,20.0,47.8
1606598364,109.0,0.0,106.0,70.0,20.1,47.8
1606598365,110.0,0.0,105.0,70.0,20.1,47.8
1606598366,110.0,0.0,105.0,70.0,20.1,47.8
1606598367,110.0,0.0,104.0,70.0,20.1,47.8
1606598368,110.0,0.0,104.0,71.0,20.1,47.8
1606598369,111.0,0.0,104.0,71.0,20.1,47.8
1606598370,111.0,0.0,104.0,72.0,20.1,47.8
1606598371,110.0,0.0,105.0,72.0,20.1,47.8
1606598372,110.0,0.0,105.0,72.0,20.1,47.8
1606598373,110.0,0.0,106.0,72.0,20.1,47.8
1606598374,110.0,0.0,106.0,71.0,20.1,47.8
1606598375,110.0,0.0,107.0,71.0,20.1,47.8
1606598376,110.0,0.0,109.0,71.0,20.1,47.8
1606598377,110.0,0.0,109.0,71.0,20.1,47.8
1606598378,110.0,0.0,110.0,71.0,20.1,47.8
1606598379,110.0,0.0,110.0,70.0,20.0,47.6
1606598380,110.0,0.0,110.0,70.0,20.0,47.6
1606598381,111.0,0.0,109.0,70.0,20.0,47.6
1606598382,112.0,0.0,108.0,70.0,20.0,47.6
1606598383,112.0,0.0,107.0,70.0,20.0,47.6
1606598384,112.0,0.0,106.0,70.0,20.0,47.6
1606598385,113.0,0.0,104.0,70.0,20.0,47.6
1606598386,113.0,0.0,104.0,70.0,20.0,47.6
1606598387,113.0,0.0,103.375,70.0,20.0,47.6
1606598388,113.0,0.0,102.75,70.0,20.0,47.6
1606598389,113.0,0.0,102.125,70.0,20.0,47.6
1606598390,113.0,0.0,101.5,70.0,20.0,47.6
1606598391,113.0,0.0,100.875,70.0,20.0,47.6
1606598392,113.0,0.0,100.25,70.0,20.0,47.6
1606598393,113.0,0.0,99.625,70.0,20.0,47.6
1606598394,113.0,0.0,99.0,70.0,20.0,47.6
1606598395,113.0,0.0,97.0,70.0,20.0,47.6
1606598396,113.0,0.0,94.0,70.0,20.1,47.7
1606598397,114.0,0.0,92.0,70.0,20.1,47.7
1606598398,114.0,0.0,90.0,70.0,20.1,47.7
1606598399,114.0,0.0,90.0,70.0,20.1,47.7
1606598400,114.0,0.0,86.0,69.0,20.1,47.7
1606598401,114.0,0.0,86.0,69.0,20.1,47.7
1606598402,114.0,0.0,85.0,69.0,20.1,47.7
1606598403,114.0,0.0,84.0,69.0,20.1,47.7
1606598404,113.0,0.0,84.0,70.0,20.1,47.7
1606598405,112.0,0.0,84.0,70.0,20.1,47.7
1606598406,112.0,0.0,85.0,70.0,20.1,47.7
1606598407,111.0,0.0,85.0,70.0,20.1,47.7
1606598408,110.0,0.0,86.0,70.0,20.1,47.7
1606598409,110.0,0.0,87.0,70.0,20.1,47.7
1606598410,109.0,0.0,88.0,70.0,20.1,47.7
1606598411,108.0,0.0,88.0,70.0,20.1,47.7
1606598412,108.0,0.0,88.0,70.0,20.1,47.7
1606598413,107.0,0.0,90.0,70.0,20.1,47.7
1606598414,107.0,0.0,90.0,70.0,20.1,47.7
1606598415,107.0,0.0,90.0,71.0,20.1,47.7
1606598416,107.0,0.0,90.0,71.0,20.1,47.6
1606598417,106.0,0.0,90.0,71.0,20.1,47.6
1606598418,106.0,0.0,90.0,71.0,20.1,47.6
1606598419,105.0,0.0,90.0,71.0,20.1,47.6
1606598420,105.0,0.0,90.0,71.0,20.1,47.6
1606598421,105.0,0.0,90.0,70.0,20.1,47.6
1606598422,105.0,0.0,90.0,70.0,20.1,47.6
1606598423,104.0,0.0,90.0,70.0,20.1,47.6
1606598424,104.0,0.0,90.0,69.0,20.1,47.6
1606598425,104.0,0.0,90.0,69.0,20.1,47.6
1606598426,104.0,0.0,90.0,69.0,20.1,47.6
1606598427,105.0,0.0,90.0,69.0,20.1,47.6
1606598428,105.0,0.0,90.0,69.0,20.1,47.6
1606598429,106.0,0.0,90.0,68.0,20.1,47.6
1606598430,107.0,0.0,90.0,69.0,20.1,47.6
1606598431,107.0,0.0,89.0,69.0,20.1,47.6
1606598432,108.0,0.0,89.0,69.0,20.1,47.6
1606598433,108.0,0.0,89.0,69.0,20.1,47.6
1606598434,108.0,0.0,89.0,69.0,20.1,47.6
1606598435,109.0,0.0,88.0,70.0,20.1,47.6
1606598436,110.0,0.0,88.0,70.0,20.1,47.6
1606598437,110.0,0.0,88.0,70.0,20.1,47.6
1606598438,109.0,0.0,89.0,70.0,20.1,47.6
1606598439,109.0,0.0,89.0,70.0,20.1,47.6
1606598440,108.0,0.0,90.0,70.0,20.1,47.6
1606598441,107.0,0.0,90.0,70.0,20.1,47.6
1606598442,107.0,0.0,91.0,70.0,20.1,47.6
1606598443,107.0,0.0,92.0,70.0,20.1,47.6
1606598444,106.0,0.0,93.0,70.0,20.1,47.6
1606598445,106.0,0.0,94.0,70.0,20.1,47.6
1606598446,105.0,0.0,95.0,70.0,20.1,47.7
1606598447,105.0,0.0,95.0,70.0,20.1,47.7
1606598448,106.0,0.0,96.0,70.0,20.1,47.7
1606598449,106.0,0.0,96.0,70.0,20.1,47.7
1606598450,106.0,0.0,97.0,70.0,20.1,47.7
1606598451,106.0,0.0,97.0,70.0,20.1,47.7
1606598452,106.0,0.0,97.0,70.0,20.1,47.7
1606598453,107.0,0.0,97.0,70.0,20.1,47.7
1606598454,107.0,0.0,97.0,70.0,20.1,47.7
1606598455,107.0,0.0,97.0,70.0,20.1,47.7
1606598456,108.0,0.0,97.0,70.0,20.1,47.7
1606598457,108.0,0.0,97.0,70.0,20.1,47.7
1606598458,108.0,0.0,97.0,70.0,20.1,47.7
1606598459,109.0,0.0,97.0,70.0,20.1,47.7
1606598460,109.0,0.0,97.0,70.0,20.1,47.7
1606598461,110.0,0.0,97.0,70.0,20.1,47.7
1606598462,110.0,0.0,97.0,70.0,20.1,47.7
1606598463,110.0,0.0,97.0,70.0,20.1,47.7
1606598464,111.0,0.0,97.0,70.0,20.1,47.7
1606598465,111.0,0.0,97.0,70.0,20.1,47.7
1606598466,111.0,0.0,97.0,70.0,20.1,47.8
1606598467,111.0,0.0,97.0,70.0,20.1,47.8
1606598468,111.0,0.0,96.0,70.0,20.1,47.8
1606598469,110.0,0.0,96.0,70.0,20.1,47.8
1606598470,110.0,0.0,96.0,70.0,20.1,47.8
1606598471,109.0,0.0,97.0,70.0,20.1,47.8
1606598472,109.0,0.0,98.0,70.0,20.1,47.8
1606598473,109.0,0.0,99.0,70.0,20.1,47.8
1606598474,109.0,0.0,99.0,69.0,20.1,47.8
1606598475,109.0,0.0,100.0,69.0,20.1,47.8
1606598476,109.0,0.0,100.0,69.0,20.1,47.8
1606598477,109.0,0.0,101.0,69.0,20.1,47.8
1606598478,109.0,0.0,102.0,69.0,20.1,47.8
1606598479,109.0,0.0,102.0,69.0,20.1,47.8
1606598480,109.0,0.0,103.0,69.0,20.1,47.8
1606598481,110.0,0.0,104.0,69.0,20.1,47.9
1606598482,110.0,0.0,104.0,70.0,20.1,47.9
1606598483,110.0,0.0,104.0,70.0,20.1,47.9
1606598484,110.0,0.0,104.0,71.0,20.1,47.9
1606598485,110.0,0.0,105.0,71.0,20.1,47.9
1606598486,110.0,0.0,105.0,71.0,20.1,47.9
1606598487,109.0,0.0,105.0,71.0,20.1,47.9
1606598488,109.0,0.0,105.0,71.0,20.1,47.9
1606598489,109.0,0.0,106.0,71.0,20.1,47.9
1606598490,108.0,0.0,106.0,71.0,20.1,47.9
1606598491,108.0,0.0,106.0,70.0,20.1,47.9
1606598492,108.0,0.0,106.0,70.0,20.1,47.9
1606598493,108.0,0.0,106.0,70.0,20.1,47.9
1606598494,108.0,0.0,105.0,70.0,20.1,47.9
1606598495,108.0,0.0,105.0,70.0,20.1,47.9
1606598496,109.0,0.0,105.0,70.0,20.1,48.0
1606598497,109.0,0.0,105.0,70.0,20.1,48.0
1606598498,110.0,0.0,105.0,70.0,20.1,48.0
1606598499,111.0,0.0,104.0,70.0,20.1,48.0
1606598500,111.0,0.0,102.0,70.0,20.1,48.0
1606598501,112.0,0.0,102.0,71.0,20.1,48.0
1606598502,113.0,0.0,101.0,71.0,20.1,48.0
1606598503,113.0,0.0,101.0,71.0,20.1,48.0
1606598504,113.0,0.0,101.0,70.0,20.1,48.0
1606598505,114.0,0.0,101.0,70.0,20.1,48.0
1606598506,114.0,0.0,101.0,70.0,20.1,48.0
1606598507,115.0,0.0,101.0,70.0,20.1,48.0
1606598508,116.0,0.0,102.0,70.0,20.1,48.0
1606598509,116.0,0.0,102.0,70.0,20.1,48.0
1606598510,116.0,0.0,103.0,70.0,20.1,48.0
1606598511,117.0,0.0,103.0,70.0,20.1,48.0
1606598512,118.0,0.0,103.0,70.0,20.1,48.0
1606598513,118.0,0.0,104.0,70.0,20.1,48.0
1606598514,119.0,0.0,105.0,70.0,20.1,48.0
1606598515,119.0,0.0,105.0,70.0,20.1,48.0
1606598516,119.0,0.0,105.0,70.0,20.1,47.8
1606598517,119.0,0.0,105.0,70.0,20.1,47.8
1606598518,119.0,0.0,106.0,69.0,20.1,47.8
1606598519,118.0,0.0,106.0,69.0,20.1,47.8
1606598520,118.0,0.0,106.0,69.0,20.1,47.8
1606598521,118.0,0.0,107.0,68.0,20.1,47.7
1606598522,117.0,0.0,107.0,68.0,20.1,47.7
1606598523,117.0,0.0,107.0,68.0,20.1,47.7
1606598524,116.0,0.0,107.0,68.0,20.1,47.7
1606598525,116.0,0.0,108.0,68.0,20.1,47.7
1606598526,116.0,0.0,108.0,68.0,20.1,47.7
1606598527,116.0,0.0,108.0,68.0,20.1,47.7
1606598528,116.0,0.0,108.0,68.0,20.1,47.7
1606598529,116.0,0.0,108.0,68.0,20.1,47.7
1606598530,116.0,0.0,108.0,68.0,20.1,47.7
1606598531,116.0,0.0,108.0,68.0,20.2,47.7
1606598532,116.0,0.0,108.0,68.0,20.2,47.7
1606598533,117.0,0.0,107.0,68.0,20.2,47.7
1606598534,117.0,0.0,107.0,68.0,20.2,47.7
1606598535,117.0,0.0,106.0,69.0,20.2,47.7
1606598536,118.0,0.0,105.0,69.0,20.1,47.6
1606598537,117.0,0.0,104.0,69.0,20.1,47.6
1606598538,117.0,0.0,104.0,70.0,20.1,47.6
1606598539,117.0,0.0,102.0,70.0,20.1,47.6
1606598540,117.0,0.0,101.0,70.0,20.1,47.6
1606598541,118.0,0.0,100.0,71.0,20.2,47.6
1606598542,118.0,0.0,100.0,71.0,20.2,47.6
1606598543,117.0,0.0,99.0,71.0,20.2,47.6
1606598544,117.0,0.0,99.0,70.0,20.2,47.6
1606598545,117.0,0.0,99.0,70.0,20.2,47.6
1606598546,117.0,0.0,100.0,70.0,20.1,47.5
1606598547,117.0,0.0,100.0,70.0,20.1,47.5
1606598548,117.0,0.0,100.0,70.0,20.1,47.5
1606598549,117.0,0.0,100.0,69.0,20.1,47.5
1606598550,117.0,0.0,100.0,70.0,20.1,47.5
1606598551,117.0,0.0,100.0,70.0,20.1,47.5
1606598552,117.0,0.0,100.0,70.0,20.1,47.5
1606598553,117.0,0.0,99.0,71.0,20.1,47.5
1606598554,117.0,0.0,99.0,71.0,20.1,47.5
1606598555,118.0,0.0,98.0,71.0,20.1,47.5
1606598556,118.0,0.0,98.0,72.0,20.1,47.5
1606598557,118.0,0.0,98.0,72.0,20.1,47.5
1606598558,118.0,0.0,97.0,72.0,20.1,47.5
1606598559,119.0,0.0,97.0,72.0,20.1,47.5
1606598560,118.0,0.0,96.0,72.0,20.1,47.5
1606598561,118.0,0.0,97.0,71.0,20.1,47.5
1606598562,118.0,0.0,97.0,71.0,20.1,47.5
1606598563,118.0,0.0,97.0,71.0,20.1,47.5
1606598564,118.0,0.0,98.0,71.0,20.1,47.5
1606598565,118.0,0.0,98.0,70.0,20.1,47.5
1606598566,119.0,0.0,99.0,69.0,20.2,47.6
1606598567,118.0,0.0,100.0,68.0,20.2,47.6
1606598568,118.0,0.0,101.0,68.0,20.2,47.6
1606598569,118.0,0.0,102.0,68.0,20.2,47.6
1606598570,117.0,0.0,102.0,67.0,20.2,47.6
1606598571,117.0,0.0,103.0,67.0,20.2,47.6
1606598572,117.0,0.0,104.0,67.0,20.2,47.6
1606598573,116.0,0.0,105.0,67.0,20.2,47.6
1606598574,116.0,0.0,105.0,67.0,20.2,47.6
1606598575,115.0,0.0,105.0,67.0,20.2,47.6
1606598576,114.0,0.0,106.0,67.0,20.1,47.5
1606598577,114.0,0.0,106.0,67.0,20.1,47.5
1606598578,113.625,0.0,106.0,67.25,20.1,47.5
1606598579,113.25,0.0,106.0,67.5,20.1,47.5
1606598580,112.875,0.0,106.0,67.75,20.1,47.5
1606598581,112.5,0.0,106.0,68.0,20.1,47.5
1606598582,112.125,0.0,106.0,68.25,20.1,47.5
1606598583,111.75,0.0,106.0,68.5,20.1,47.5
1606598584,111.375,0.0,106.0,68.75,20.1,47.5
1606598585,111.0,0.0,106.0,69.0,20.1,47.5
1606598586,111.0,0.0,105.0,69.0,20.1,47.5
1606598587,111.0,0.0,104.0,70.0,20.1,47.5
1606598588,112.0,0.0,104.0,70.0,20.1,47.6
1606598589,113.0,0.0,103.0,71.0,20.1,47.6
1606598590,113.0,0.0,102.0,71.0,20.1,47.6
1606598591,113.0,0.0,102.0,71.0,20.1,47.6
1606598592,114.0,0.0,101.0,71.0,20.1,47.6
1606598593,115.0,0.0,100.0,71.0,20.1,47.6
1606598594,115.0,0.0,99.0,71.0,20.1,47.6
1606598595,116.0,0.0,99.0,70.0,20.1,47.6
1606598596,116.0,0.0,99.0,70.0,20.1,47.6
1606598597,116.0,0.0,98.0,70.0,20.1,47.6
1606598598,115.0,0.0,98.0,69.0,20.1,47.6
1606598599,116.0,0.0,98.0,69.0,20.1,47.6
1606598600,116.0,0.0,98.0,69.0,20.1,47.6
1606598601,116.0,0.0,98.0,68.0,20.1,47.6
1606598602,116.0,0.0,99.0,68.0,20.1,47.6
1606598603,116.0,0.0,99.0,68.0,20.2,47.7
1606598604,116.0,0.0,100.0,69.0,20.2,47.7
1606598605,116.0,0.0,100.0,69.0,20.2,47.7
1606598606,116.0,0.0,100.5,69.0,20.2,47.7
1606598607,116.0,0.0,101.0,69.0,20.2,47.7
1606598608,116.0,0.0,102.0,70.0,20.2,47.7
1606598609,116.0,0.0,102.0,70.0,20.1,47.6
1606598610,116.0,0.0,103.0,71.0,20.1,47.6
1606598611,115.0,0.0,103.0,72.0,20.1,47.6
1606598612,115.0,0.0,104.0,72.0,20.1,47.6
1606598613,115.0,0.0,104.0,73.0,20.1,47.6
1606598614,115.0,0.0,104.0,73.0,20.2,47.6
1606598615,115.0,0.0,104.0,73.0,20.2,47.6
1606598616,115.0,0.0,105.0,73.0,20.2,47.6
1606598617,115.0,0.0,105.0,73.0,20.2,47.6
1606598618,115.0,0.0,105.0,73.0,20.2,47.6
1606598619,115.0,0.0,106.0,73.0,20.1,47.6
1606598620,115.0,0.0,106.0,73.0,20.1,47.6
1606598621,114.0,0.0,106.0,73.0,20.1,47.6
1606598622,114.0,0.0,107.0,73.0,20.1,47.6
1606598623,114.0,0.0,107.0,72.0,20.1,47.6
1606598624,113.0,0.0,108.0,72.0,20.1,47.6
1606598625,113.0,0.0,108.0,72.0,20.1,47.6
1606598626,113.0,0.0,108.0,72.0,20.1,47.6
1606598627,113.0,0.0,108.0,72.0,20.1,47.6
1606598628,113.0,0.0,108.0,73.0,20.1,47.6
1606598629,113.0,0.0,108.0,72.0,20.1,47.6
1606598630,113.0,0.0,102.0,72.0,20.1,47.6
1606598631,113.0,0.0,102.0,72.0,20.1,47.6
1606598632,113.0,0.0,103.0,73.0,20.1,47.6
1606598633,114.0,0.0,103.0,73.0,20.1,47.6
1606598634,114.0,0.0,103.0,74.0,20.2,47.7
1606598635,115.0,0.0,104.0,74.0,20.2,47.7
1606598636,115.0,0.0,104.0,74.0,20.2,47.7
1606598637,116.0,0.0,104.0,74.0,20.2,47.7
1606598638,116.0,0.0,104.0,74.0,20.2,47.7
1606598639,116.0,0.0,104.0,75.0,20.2,47.6
1606598640,116.0,0.0,104.0,75.0,20.2,47.6
1606598641,116.0,0.0,104.0,75.0,20.2,47.6
1606598642,116.0,0.0,104.0,74.0,20.2,47.6
1606598643,116.0,0.0,104.0,73.0,20.2,47.6
1606598644,115.0,0.0,103.0,73.0,20.2,47.6
1606598645,115.0,0.0,103.0,72.0,20.2,47.6
1606598646,115.0,0.0,103.0,72.0,20.2,47.6
1606598647,114.0,0.0,103.0,72.0,20.2,47.6
1606598648,114.0,0.0,103.0,72.0,20.2,47.6
1606598649,114.0,0.0,102.0,72.0,20.2,47.6
1606598650,115.0,0.0,102.0,72.0,20.2,47.6
1606598651,115.0,0.0,102.0,72.0,20.2,47.6
1606598652,116.0,0.0,102.0,73.0,20.2,47.6
1606598653,116.0,0.0,102.0,74.0,20.2,47.6
1606598654,117.0,0.0,102.0,74.0,20.1,47.5
1606598655,117.0,0.0,102.0,74.0,20.1,47.5
1606598656,117.0,0.0,102.0,74.0,20.1,47.5
1606598657,117.0,0.0,102.0,74.0,20.1,47.5
1606598658,117.0,0.0,103.0,73.0,20.1,47.5
1606598659,117.0,0.0,103.0,73.0,20.1,47.5
1606598660,117.0,0.0,103.0,72.0,20.1,47.5
1606598661,116.0,0.0,103.0,72.0,20.1,47.5
1606598662,116.0,0.0,103.0,72.0,20.1,47.5
1606598663,116.0,0.0,103.0,71.0,20.1,47.5
1606598664,115.0,0.0,102.0,71.0,20.1,47.5
1606598665,115.0,0.0,102.0,70.0,20.1,47.5
1606598666,115.0,0.0,102.0,69.0,20.1,47.5
1606598667,114.0,0.0,101.0,69.0,20.1,47.5
1606598668,114.0,0.0,101.0,70.0,20.1,47.5
1606598669,114.0,0.0,101.0,71.0,20.1,47.5
1606598670,115.0,0.0,100.0,71.0,20.1,47.5
1606598671,115.0,0.0,100.0,71.0,20.1,47.5
1606598672,115.0,0.0,99.0,71.0,20.1,47.5
1606598673,115.0,0.0,99.0,71.0,20.1,47.5
1606598674,114.0,0.0,99.0,72.0,20.2,47.6
1606598675,114.0,0.0,98.0,72.0,20.2,47.6
1606598676,114.0,0.0,98.0,72.0,20.2,47.6
1606598677,113.0,0.0,98.0,72.0,20.2,47.6
1606598678,113.0,0.0,97.0,72.0,20.2,47.6
1606598679,110.0,0.0,97.0,72.0,20.1,47.5
1606598680,110.0,0.0,97.0,73.0,20.1,47.5
1606598681,107.0,0.0,97.0,73.0,20.1,47.5
1606598682,105.0,0.0,98.0,73.0,20.1,47.5
1606598683,103.0,0.0,98.0,73.0,20.1,47.5
1606598684,101.0,0.0,98.0,74.0,20.1,47.5
1606598685,100.0,0.0,99.0,74.0,20.1,47.5
1606598686,99.0,0.0,99.0,74.0,20.1,47.5
1606598687,98.0,0.0,100.0,74.0,20.1,47.5
1606598688,97.0,0.0,100.0,75.0,20.1,47.5
1606598689,96.0,0.0,101.0,75.0,20.1,47.5
1606598690,96.0,0.0,101.0,75.0,20.1,47.5
1606598691,96.0,0.0,102.0,75.0,20.1,47.5
1606598692,97.0,0.0,102.0,75.0,20.1,47.5
1606598693,97.0,0.0,103.0,75.0,20.1,47.5
1606598694,97.0,0.0,104.0,74.0,20.1,47.5
1606598695,97.0,0.0,104.0,74.0,20.1,47.5
1606598696,97.0,0.0,105.0,74.0,20.1,47.5
1606598697,98.0,0.0,105.0,72.0,20.1,47.5
1606598698,98.0,0.0,106.0,71.0,20.1,47.5
1606598699,98.0,0.0,106.0,69.0,20.1,47.5
1606598700,98.0,0.0,107.0,67.0,20.1,47.5
1606598701,99.0,0.0,107.0,65.0,20.1,47.5
1606598702,99.0,0.0,106.0,65.0,20.1,47.5
1606598703,99.0,0.0,106.0,62.0,20.1,47.5
1606598704,99.0,0.0,106.0,61.0,20.1,47.5
1606598705,99.0,0.0,106.0,60.0,20.1,47.5
1606598706,100.0,0.0,106.0,59.0,20.1,47.5
1606598707,100.0,0.0,106.0,59.0,20.1,47.5
1606598708,100.0,0.0,106.0,59.0,20.1,47.5
1606598709,100.0,0.0,106.0,59.0,20.1,47.5
1606598710,100.0,0.0,106.0,60.0,20.1,47.5
1606598711,100.0,0.0,106.0,60.0,20.1,47.5
1606598712,100.0,0.0,106.0,61.0,20.1,47.5
1606598713,100.0,0.0,106.0,62.0,20.1,47.5
1606598714,101.0,0.0,106.0,63.0,20.1,47.5
1606598715,101.0,0.0,107.0,63.0,20.1,47.5
1606598716,101.0,0.0,107.0,64.0,20.1,47.5
1606598717,101.0,0.0,107.0,64.0,20.1,47.5
1606598718,102.0,0.0,107.0,63.0,20.1,47.5
1606598719,102.0,0.0,108.0,63.0,20.1,47.5
1606598720,102.0,0.0,108.0,63.0,20.1,47.5
1606598721,102.0,0.0,108.0,62.0,20.1,47.5
1606598722,103.0,0.0,108.0,62.0,20.1,47.5
1606598723,103.0,0.0,108.0,62.0,20.1,47.5
1606598724,103.0,0.0,108.0,62.0,20.1,47.6
1606598725,103.0,0.0,108.0,62.0,20.1,47.6
1606598726,103.0,0.0,108.0,61.0,20.1,47.6
1606598727,103.0,0.0,108.0,61.0,20.1,47.6
1606598728,103.0,0.0,108.0,61.0,20.1,47.6
1606598729,103.0,0.0,108.0,61.0,20.1,47.6
1606598730,103.0,0.0,107.0,61.0,20.1,47.6
1606598731,103.0,0.0,107.0,61.0,20.1,47.6
1606598732,103.0,0.0,107.0,61.0,20.1,47.6
1606598733,104.0,0.0,107.0,60.0,20.1,47.6
1606598734,104.0,0.0,107.0,60.0,20.1,47.6
1606598735,104.0,0.0,107.0,60.0,20.1,47.6
1606598736,104.0,0.0,107.0,60.0,20.1,47.6
1606598737,104.0,0.0,107.0,60.0,20.1,47.6
1606598738,105.0,0.0,107.0,60.0,20.1,47.6
1606598739,105.0,0.0,106.0,60.0,20.1,47.6
1606598740,105.0,0.0,106.0,60.0,20.1,47.6
1606598741,105.0,0.0,106.0,60.0,20.1,47.6
1606598742,104.0,0.0,106.0,60.0,20.1,47.6
1606598743,104.0,0.0,106.0,60.0,20.1,47.6
1606598744,104.0,0.0,105.0,60.0,20.1,47.6
1606598745,104.0,0.0,105.0,59.0,20.1,47.6
1606598746,104.0,0.0,105.0,59.0,20.1,47.6
1606598747,105.0,0.0,106.0,59.0,20.1,47.6
1606598748,105.0,0.0,106.0,59.0,20.1,47.6
1606598749,105.0,0.0,106.0,58.0,20.1,47.6
1606598750,105.0,0.0,106.0,58.0,20.1,47.6
1606598751,106.0,0.0,106.0,59.0,20.1,47.6
1606598752,106.0,0.0,107.0,59.0,20.1,47.6
1606598753,107.0,0.0,107.0,59.0,20.1,47.6
1606598754,107.0,0.0,107.0,59.0,20.1,47.6
1606598755,107.0,0.0,107.0,60.0,20.1,47.6
1606598756,107.0,0.0,107.0,60.0,20.1,47.6
1606598757,107.0,0.0,107.0,60.0,20.1,47.6
1606598758,107.0,0.0,107.0,62.0,20.1,47.6
1606598759,107.0,0.0,108.0,62.0,20.1,47.6
1606598760,108.0,0.0,108.0,63.0,20.1,47.6
1606598761,108.0,0.0,108.0,63.0,20.1,47.6
1606598762,109.0,0.0,109.0,63.0,20.1,47.6
1606598763,109.0,0.0,109.0,63.0,20.1,47.6
1606598764,110.0,0.0,109.0,63.0,20.1,47.6
1606598765,110.0,0.0,109.0,63.0,20.1,47.6
1606598766,111.0,0.0,110.0,63.0,20.1,47.6
1606598767,112.0,0.0,110.0,63.0,20.1,47.6
1606598768,111.625,0.0,110.0,63.0,20.1,47.6
1606598769,111.25,0.0,110.0,63.0,20.1,47.6
1606598770,110.875,0.0,110.0,63.0,20.1,47.6
1606598771,110.5,0.0,110.0,63.0,20.1,47.6
1606598772,110.125,0.0,110.0,63.0,20.1,47.6
1606598773,109.75,0.0,110.0,63.0,20.1,47.6
1606598774,109.375,0.0,110.0,63.0,20.1,47.6
1606598775,109.0,0.0,110.0,63.0,20.1,47.6
1606598776,108.0,0.0,111.0,63.0,20.1,47.6
1606598777,107.0,0.0,110.0,63.0,20.1,47.6
1606598778,106.0,0.0,110.0,63.0,20.1,47.6
1606598779,106.0,0.0,110.0,63.0,20.1,47.6
1606598780,106.0,0.0,110.0,63.0,20.1,47.6
1606598781,106.0,0.0,109.0,63.0,20.1,47.6
1606598782,106.0,0.0,109.0,63.0,20.1,47.6
1606598783,106.0,0.0,109.0,63.0,20.1,47.6
1606598784,106.0,0.0,109.0,63.0,20.1,47.6
1606598785,107.0,0.0,110.0,63.0,20.1,47.6
1606598786,107.0,0.0,113.0,63.0,20.1,47.5
1606598787,107.0,0.0,113.0,62.0,20.1,47.5
1606598788,107.0,0.0,112.0,62.0,20.1,47.5
1606598789,108.0,0.0,112.0,62.0,20.1,47.5
1606598790,108.0,0.0,112.0,62.0,20.1,47.5
1606598791,108.0,0.0,111.0,61.0,20.1,47.5
1606598792,108.0,0.0,111.0,61.0,20.1,47.5
1606598793,108.0,0.0,110.0,60.0,20.1,47.5
1606598794,108.0,0.0,110.0,60.0,20.1,47.5
1606598795,108.0,0.0,109.0,60.0,20.1,47.5
1606598796,108.0,0.0,109.0,60.0,20.1,47.5
1606598797,108.0,0.0,109.0,60.0,20.1,47.5
1606598798,108.0,0.0,109.0,60.0,20.1,47.5
1606598799,108.0,0.0,109.0,60.0,20.1,47.5
1606598800,108.0,0.0,109.0,60.0,20.1,47.5
1606598801,108.0,0.0,109.0,61.0,20.1,47.5
1606598802,108.0,0.0,109.0,61.0,20.1,47.5
1606598803,108.0,0.0,109.0,62.0,20.1,47.5
1606598804,107.0,0.0,109.0,62.0,20.1,47.5
1606598805,107.0,0.0,109.0,62.0,20.1,47.5
1606598806,107.0,0.0,109.0,62.0,20.1,47.5
1606598807,107.0,0.0,109.0,63.0,20.1,47.5
1606598808,107.0,0.0,109.0,63.0,20.1,47.5
1606598809,107.0,0.0,109.0,62.0,20.1,47.5
1606598810,107.0,0.0,109.0,62.0,20.1,47.5
1606598811,107.0,0.0,109.0,62.0,20.1,47.4
1606598812,107.0,0.0,109.0,62.0,20.1,47.4
1606598813,107.0,0.0,108.0,62.0,20.1,47.4
1606598814,107.0,0.0,108.0,62.0,20.1,47.4
1606598815,107.0,0.0,108.0,62.0,20.1,47.4
1606598816,107.0,0.0,107.0,62.0,20.1,47.5
1606598817,106.0,0.0,107.0,62.0,20.1,47.5
1606598818,106.0,0.0,107.0,62.0,20.1,47.5
1606598819,106.0,0.0,107.0,62.0,20.1,47.5
1606598820,106.0,0.0,108.0,62.0,20.1,47.5
1606598821,106.0,0.0,108.0,62.0,20.1,47.5
1606598822,106.0,0.0,108.0,62.0,20.1,47.5
1606598823,106.0,0.0,108.0,64.0,20.1,47.5
1606598824,106.0,0.0,108.0,64.0,20.1,47.5
1606598825,106.0,0.0,108.0,65.0,20.1,47.5
1606598826,107.0,0.0,108.0,65.0,20.1,47.5
1606598827,107.0,0.0,107.0,65.0,20.1,47.5
1606598828,108.0,0.0,107.0,65.0,20.1,47.5
1606598829,108.0,0.0,107.0,65.0,20.1,47.5
1606598830,109.0,0.0,106.0,65.0,20.1,47.5
1606598831,110.0,0.0,106.0,65.0,20.1,47.5
1606598832,111.0,0.0,106.0,65.0,20.1,47.5
1606598833,111.0,0.0,106.0,66.0,20.1,47.5
1606598834,112.0,0.0,106.0,66.0,20.1,47.5
1606598835,112.0,0.0,106.0,66.0,20.1,47.5
1606598836,113.0,0.0,106.0,67.0,20.1,47.6
1606598837,113.0,0.0,106.0,67.0,20.1,47.6
1606598838,113.0,0.0,106.0,67.0,20.1,47.6
1606598839,113.0,0.0,106.0,67.0,20.1,47.6
1606598840,114.0,0.0,106.0,67.0,20.1,47.6
1606598841,114.0,0.0,106.0,67.0,20.1,47.6
1606598842,114.0,0.0,106.0,67.0,20.1,47.6
1606598843,115.0,0.0,106.0,67.0,20.1,47.6
1606598844,115.0,0.0,107.0,67.0,20.1,47.6
1606598845,115.0,0.0,107.0,66.0,20.1,47.6
1606598846,115.0,0.0,107.0,66.0,20.1,47.6
1606598847,116.0,0.0,106.0,66.0,20.1,47.6
1606598848,116.0,0.0,106.0,65.0,20.1,47.6
1606598849,116.0,0.0,106.0,65.0,20.1,47.6
1606598850,116.0,0.0,106.0,65.0,20.1,47.6
1606598851,116.0,0.0,105.0,65.0,20.0,47.5
1606598852,116.0,0.0,105.0,65.0,20.0,47.5
1606598853,116.0,0.0,104.0,65.0,20.0,47.5
1606598854,116.0,0.0,104.0,65.0,20.0,47.5
1606598855,116.0,0.0,103.0,65.0,20.0,47.5
1606598856,116.0,0.0,102.0,66.0,20.1,47.6
1606598857,116.0,0.0,102.0,66.0,20.1,47.6
1606598858,115.0,0.0,102.0,67.0,20.1,47.6
1606598859,114.0,0.0,102.0,67.0,20.1,47.6
1606598860,114.0,0.0,102.0,67.0,20.1,47.6
1606598861,113.0,0.0,102.0,68.0,20.1,47.6
1606598862,112.0,0.0,102.0,68.0,20.1,47.6
1606598863,112.0,0.0,102.0,68.0,20.1,47.6
1606598864,111.0,0.0,103.0,68.0,20.1,47.6
1606598865,111.0,0.0,103.0,67.0,20.1,47.6
1606598866,111.0,0.0,104.0,66.0,20.1,47.6
1606598867,110.0,0.0,105.0,66.0,20.1,47.6
1606598868,110.0,0.0,105.0,65.0,20.1,47.6
1606598869,110.0,0.0,105.0,65.0,20.1,47.6
1606598870,110.0,0.0,105.0,64.0,20.1,47.6
1606598871,110.0,0.0,105.0,64.0,20.1,47.6
1606598872,110.0,0.0,104.0,64.0,20.1,47.6
1606598873,109.0,0.0,104.0,65.0,20.1,47.6
1606598874,109.0,0.0,103.0,65.0,20.1,47.6
1606598875,109.0,0.0,103.0,66.0,20.1,47.6
1606598876,108.0,0.0,103.0,67.0,20.1,47.6
1606598877,108.0,0.0,103.0,67.0,20.1,47.6
1606598878,107.0,0.0,103.0,67.0,20.1,47.6
1606598879,107.0,0.0,103.0,68.0,20.1,47.6
1606598880,107.0,0.0,103.0,68.0,20.1,47.6
1606598881,107.0,0.0,104.0,69.0,20.1,47.6
1606598882,107.0,0.0,104.0,68.0,20.1,47.6
1606598883,107.0,0.0,104.0,68.0,20.1,47.6
1606598884,107.0,0.0,104.0,68.0,20.1,47.6
1606598885,107.0,0.0,105.0,67.0,20.1,47.6
1606598886,107.0,0.0,104.0,67.0,20.1,47.6
1606598887,107.0,0.0,104.0,67.0,20.1,47.6
1606598888,107.0,0.0,103.0,68.0,20.1,47.6
1606598889,107.0,0.0,103.0,68.0,20.1,47.6
1606598890,107.0,0.0,103.0,68.0,20.1,47.6
1606598891,108.0,0.0,103.0,68.0,20.1,47.6
1606598892,108.0,0.0,103.0,69.0,20.1,47.6
1606598893,109.0,0.0,103.0,69.0,20.1,47.6
1606598894,109.0,0.0,103.0,70.0,20.1,47.6
1606598895,110.0,0.0,103.0,70.0,20.1,47.6
1606598896,111.0,0.0,102.0,70.0,20.0,47.7
1606598897,111.0,0.0,102.0,69.0,20.0,47.7
1606598898,112.0,0.0,102.0,69.0,20.0,47.7
1606598899,112.0,0.0,102.0,69.0,20.0,47.7
1606598900,112.0,0.0,102.0,69.0,20.0,47.7
1606598901,112.0,0.0,101.0,69.0,20.1,47.6
1606598902,112.0,0.0,101.0,68.0,20.1,47.6
1606598903,111.0,0.0,101.0,68.0,20.1,47.6
1606598904,111.0,0.0,101.0,68.0,20.1,47.6
1606598905,110.0,0.0,100.0,68.0,20.1,47.6
1606598906,110.0,0.0,100.0,68.0,20.1,47.6
1606598907,109.0,0.0,100.0,68.0,20.1,47.6
1606598908,109.0,0.0,100.0,68.0,20.1,47.6
1606598909,109.0,0.0,100.0,68.0,20.1,47.6
1606598910,109.0,0.0,99.0,68.0,20.1,47.6
1606598911,109.0,0.0,99.0,68.0,20.1,47.6
1606598912,109.0,0.0,99.0,68.0,20.1,47.6
1606598913,109.0,0.0,98.0,68.0,20.1,47.6
1606598914,109.0,0.0,98.0,68.0,20.1,47.6
1606598915,109.0,0.0,98.0,68.0,20.1,47.6
1606598916,109.0,0.0,98.0,68.0,20.1,47.6
1606598917,109.0,0.0,98.0,68.0,20.1,47.6
1606598918,109.0,0.0,98.0,68.0,20.1,47.6
1606598919,108.0,0.0,99.0,68.0,20.1,47.6
1606598920,108.0,0.0,100.0,68.0,20.1,47.6
1606598921,108.0,0.0,100.0,68.0,20.1,47.6
1606598922,108.0,0.0,102.0,68.0,20.1,47.6
1606598923,108.0,0.0,103.0,68.0,20.1,47.6
1606598924,108.0,0.0,104.0,68.0,20.1,47.6
1606598925,108.0,0.0,105.0,68.0,20.1,47.6
1606598926,109.0,0.0,106.0,68.0,20.1,47.6
1606598927,109.0,0.0,106.0,68.0,20.1,47.6
1606598928,110.0,0.0,107.0,69.0,20.1,47.6
1606598929,110.0,0.0,108.0,69.0,20.1,47.6
1606598930,111.0,0.0,109.0,69.0,20.1,47.6
1606598931,111.0,0.0,109.0,69.0,20.1,47.6
1606598932,112.0,0.0,105.0,70.0,20.1,47.6
1606598933,112.0,0.0,105.0,70.0,20.1,47.6
1606598934,113.0,0.0,105.0,70.0,20.1,47.6
1606598935,113.0,0.0,105.0,71.0,20.1,47.6
1606598936,113.0,0.0,105.0,71.0,20.1,47.6
1606598937,113.0,0.0,105.0,72.0,20.1,47.6
1606598938,113.0,0.0,106.0,72.0,20.1,47.6
1606598939,113.0,0.0,106.0,73.0,20.1,47.6
1606598940,113.0,0.0,106.0,73.0,20.1,47.6
1606598941,114.0,0.0,106.0,73.0,20.1,47.6
1606598942,114.0,0.0,106.0,74.0,20.1,47.6
1606598943,115.0,0.0,106.0,75.0,20.1,47.6
1606598944,115.0,0.0,106.0,75.0,20.1,47.6
1606598945,116.0,0.0,106.0,76.0,20.1,47.6
1606598946,116.0,0.0,105.0,76.0,20.1,47.6
1606598947,116.0,0.0,105.0,76.0,20.1,47.6
1606598948,117.0,0.0,104.0,75.0,20.1,47.6
1606598949,117.0,0.0,104.0,75.0,20.1,47.6
1606598950,117.0,0.0,104.0,74.0,20.1,47.6
1606598951,118.0,0.0,104.0,74.0,20.1,47.6
1606598952,118.0,0.0,104.0,73.0,20.1,47.6
1606598953,117.0,0.0,103.0,72.0,20.1,47.6
1606598954,117.0,0.0,103.0,71.0,20.1,47.6
1606598955,117.0,0.0,103.0,70.0,20.1,47.6
1606598956,117.0,0.0,103.0,70.0,20.1,47.6
1606598957,117.0,0.0,103.0,69.0,20.1,47.6
1606598958,116.5,0.0,103.0,69.0,20.1,47.6
1606598959,116.0,0.0,103.0,69.0,20.1,47.6
1606598960,115.5,0.0,103.0,69.0,20.1,47.6
1606598961,115.0,0.0,103.0,69.0,20.1,47.6
1606598962,114.5,0.0,103.0,69.0,20.1,47.6
1606598963,114.0,0.0,103.0,69.0,20.1,47.6
1606598964,113.5,0.0,103.0,69.0,20.1,47.6
1606598965,113.0,0.0,103.0,69.0,20.1,47.6
1606598966,112.0,0.0,103.0,68.0,20.1,47.6
1606598967,112.0,0.0,103.0,68.0,20.1,47.6
1606598968,111.0,0.0,103.0,68.0,20.1,47.6
1606598969,110.0,0.0,103.0,69.0,20.1,47.6
1606598970,109.0,0.0,103.0,69.0,20.1,47.6
1606598971,109.0,0.0,103.0,70.0,20.1,47.6
1606598972,109.0,0.0,103.0,70.0,20.1,47.6
1606598973,108.0,0.0,104.0,72.0,20.1,47.6
1606598974,108.0,0.0,104.0,72.0,20.1,47.6
1606598975,108.0,0.0,104.0,72.0,20.1,47.6
1606598976,108.0,0.0,104.0,72.0,20.1,47.6
1606598977,108.0,0.0,106.0,72.0,20.1,47.6
1606598978,108.0,0.0,106.0,72.0,20.1,47.6
1606598979,108.0,0.0,106.0,71.0,20.1,47.6
1606598980,108.0,0.0,108.0,71.0,20.1,47.6
1606598981,109.0,0.0,108.0,70.0,20.1,47.6
1606598982,109.0,0.0,108.0,70.0,20.1,47.6
1606598983,109.0,0.0,108.0,69.0,20.1,47.6
1606598984,109.0,0.0,107.0,69.0,20.1,47.6
1606598985,110.0,0.0,107.0,68.0,20.1,47.6
1606598986,110.0,0.0,106.0,68.0,20.1,47.6
1606598987,110.0,0.0,106.0,68.0,20.1,47.6
1606598988,111.0,0.0,106.0,68.0,20.1,47.6
1606598989,111.0,0.0,105.0,68.0,20.1,47.6
1606598990,111.0,0.0,105.0,68.0,20.1,47.6
1606598991,111.0,0.0,105.0,68.0,20.1,47.6
1606598992,112.0,0.0,105.0,68.0,20.1,47.6
1606598993,112.0,0.0,106.0,68.0,20.1,47.6
1606598994,113.0,0.0,106.0,68.0,20.1,47.6
1606598995,113.0,0.0,107.0,68.0,20.1,47.6
1606598996,114.0,0.0,107.0,68.0,20.1,47.6
1606598997,114.0,0.0,108.0,68.0,20.1,47.6
1606598998,114.0,0.0,108.0,68.0,20.1,47.6
1606598999,114.0,0.0,108.0,67.0,20.1,47.6
1606599000,115.0,0.0,108.0,66.0,20.1,47.6
1606599001,114.0,0.0,109.0,66.0,20.1,47.6
1606599002,114.0,0.0,109.0,65.0,20.1,47.6
1606599003,114.0,0.0,108.0,65.0,20.1,47.6
1606599004,113.0,0.0,108.0,65.0,20.1,47.6
1606599005,113.0,0.0,108.0,65.0,20.1,47.6
1606599006,112.0,0.0,108.0,65.0,20.1,47.6
1606599007,111.0,0.0,107.0,66.0,20.1,47.6
1606599008,110.0,0.0,107.0,66.0,20.1,47.5
1606599009,110.0,0.0,107.0,66.0,20.1,47.5
1606599010,110.0,0.0,107.0,66.0,20.1,47.5
1606599011,109.0,0.0,107.0,67.0,20.1,47.5
1606599012,109.0,0.0,107.0,67.0,20.1,47.5
1606599013,108.0,0.0,107.0,68.0,20.1,47.5
1606599014,108.0,0.0,106.0,68.0,20.1,47.5
1606599015,108.0,0.0,106.0,68.0,20.1,47.5
1606599016,108.0,0.0,106.0,68.0,20.1,47.5
1606599017,108.0,0.0,106.0,68.0,20.1,47.5
1606599018,108.0,0.0,106.0,68.0,20.0,47.4
1606599019,108.0,0.0,106.0,69.0,20.0,47.4
1606599020,108.0,0.0,105.0,68.0,20.0,47.4
1606599021,108.0,0.0,104.0,68.0,20.0,47.4
1606599022,108.0,0.0,104.0,68.0,20.0,47.4
1606599023,108.0,0.0,104.0,68.0,20.1,47.4
1606599024,108.0,0.0,103.0,67.0,20.1,47.4
1606599025,108.0,0.0,103.0,67.0,20.1,47.4
1606599026,108.0,0.0,103.0,66.0,20.1,47.4
1606599027,108.0,0.0,102.0,66.0,20.1,47.4
1606599028,109.0,0.0,101.0,66.0,20.1,47.4
1606599029,109.0,0.0,101.0,65.0,20.1,47.4
1606599030,109.0,0.0,101.0,65.0,20.1,47.4
1606599031,109.0,0.0,100.0,65.0,20.1,47.4
1606599032,110.0,0.0,100.0,65.0,20.1,47.4
1606599033,110.0,0.0,100.0,65.0,20.1,47.4
1606599034,110.0,0.0,99.0,66.0,20.1,47.4
1606599035,110.0,0.0,99.0,66.0,20.1,47.4
1606599036,110.0,0.0,98.0,66.0,20.1,47.4
1606599037,110.0,0.0,98.0,66.0,20.1,47.4
1606599038,110.0,0.0,99.0,67.0,20.1,47.4
1606599039,109.0,0.0,99.0,67.0,20.1,47.4
1606599040,109.0,0.0,99.0,67.0,20.1,47.4
1606599041,108.0,0.0,99.0,67.0,20.1,47.4
1606599042,108.0,0.0,99.0,68.0,20.1,47.4
1606599043,107.0,0.0,99.0,68.0,20.1,47.4
1606599044,107.0,0.0,100.0,68.0,20.1,47.4
1606599045,107.0,0.0,100.0,68.0,20.1,47.4
1606599046,107.0,0.0,100.0,68.0,20.1,47.4
1606599047,107.0,0.0,100.0,68.0,20.1,47.4
1606599048,108.0,0.0,100.0,68.0,20.0,47.3
1606599049,108.0,0.0,100.0,68.0,20.0,47.3
1606599050,108.0,0.0,101.0,68.0,20.0,47.3
1606599051,108.0,0.0,101.0,68.0,20.0,47.3
1606599052,109.0,0.0,102.0,68.0,20.0,47.3
1606599053,109.0,0.0,103.0,68.0,20.1,47.3
1606599054,109.0,0.0,103.0,68.0,20.1,47.3
1606599055,109.0,0.0,104.0,68.0,20.1,47.3
1606599056,109.0,0.0,105.0,68.0,20.1,47.3
1606599057,109.0,0.0,105.0,67.0,20.1,47.3
1606599058,108.0,0.0,106.0,67.0,20.1,47.2
1606599059,108.0,0.0,107.0,67.0,20.1,47.2
1606599060,107.0,0.0,107.0,66.0,20.1,47.2
1606599061,106.0,0.0,107.0,66.0,20.1,47.2
1606599062,105.0,0.0,109.0,65.0,20.1,47.2
1606599063,104.0,0.0,110.0,65.0,20.1,47.2
1606599064,104.0,0.0,111.0,65.0,20.1,47.2
1606599065,104.0,0.0,111.0,65.0,20.1,47.2
1606599066,104.0,0.0,112.0,66.0,20.1,47.2
1606599067,104.0,0.0,113.0,66.0,20.1,47.2
1606599068,104.0,0.0,114.0,66.0,20.1,47.2
1606599069,104.0,0.0,115.0,66.0,20.1,47.2
1606599070,105.0,0.0,116.0,66.0,20.1,47.2
1606599071,105.0,0.0,116.0,66.0,20.1,47.2
1606599072,106.0,0.0,116.0,66.0,20.1,47.2
1606599073,107.0,0.0,116.0,67.0,20.1,47.2
1606599074,107.0,0.0,115.0,67.0,20.1,47.2
1606599075,108.0,0.0,114.0,67.0,20.1,47.2
1606599076,108.0,0.0,113.0,68.0,20.1,47.2
1606599077,108.0,0.0,112.0,68.0,20.1,47.2
1606599078,109.0,0.0,111.0,69.0,20.0,47.1
1606599079,109.0,0.0,110.0,69.0,20.0,47.1
1606599080,109.0,0.0,109.0,70.0,20.0,47.1
1606599081,110.0,0.0,109.0,70.0,20.0,47.1
1606599082,110.0,0.0,106.0,71.0,20.0,47.1
1606599083,110.0,0.0,106.0,72.0,20.1,47.2
1606599084,110.0,0.0,105.0,73.0,20.1,47.2
1606599085,111.0,0.0,104.0,73.0,20.1,47.2
1606599086,111.0,0.0,104.0,74.0,20.1,47.2
1606599087,111.0,0.0,104.0,74.0,20.1,47.2
1606599088,111.0,0.0,104.0,74.0,20.1,47.2
1606599089,111.0,0.0,104.0,74.0,20.1,47.2
1606599090,112.0,0.0,105.0,74.0,20.1,47.2
1606599091,112.0,0.0,105.0,74.0,20.1,47.2
1606599092,112.0,0.0,112.0,73.0,20.1,47.2
1606599093,112.0,0.0,113.0,72.0,20.1,47.2
1606599094,112.0,0.0,113.0,71.0,20.1,47.2
1606599095,112.0,0.0,113.0,70.0,20.1,47.2
1606599096,112.0,0.0,113.0,69.0,20.1,47.2
1606599097,112.0,0.0,113.0,69.0,20.1,47.2
1606599098,112.0,0.0,113.0,68.0,20.1,47.2
1606599099,111.0,0.0,113.0,68.0,20.1,47.2
1606599100,111.0,0.0,113.0,67.0,20.1,47.2
1606599101,110.0,0.0,113.0,66.0,20.1,47.2
1606599102,110.0,0.0,113.0,66.0,20.1,47.2
1606599103,109.0,0.0,114.0,66.0,20.1,47.2
1606599104,108.0,0.0,114.0,66.0,20.1,47.2
1606599105,108.0,0.0,114.0,66.0,20.1,47.2
1606599106,108.0,0.0,114.0,67.0,20.1,47.2
1606599107,107.0,0.0,115.0,67.0,20.1,47.2
1606599108,107.0,0.0,115.0,67.0,20.1,47.2
1606599109,106.0,0.0,115.0,68.0,20.1,47.2
1606599110,106.0,0.0,116.0,68.0,20.1,47.2
1606599111,106.0,0.0,116.0,69.0,20.1,47.2
1606599112,107.0,0.0,116.0,70.0,20.1,47.2
1606599113,107.0,0.0,116.0,70.0,20.0,47.2
1606599114,108.0,0.0,117.0,70.0,20.0,47.2
1606599115,108.0,0.0,117.0,70.0,20.0,47.2
1606599116,109.0,0.0,116.0,70.0,20.0,47.2
1606599117,109.0,0.0,116.0,70.0,20.0,47.2
1606599118,110.0,0.0,115.0,70.0,20.1,47.3
1606599119,111.0,0.0,114.0,66.0,20.1,47.3
1606599120,111.0,0.0,113.0,65.0,20.1,47.3
1606599121,112.0,0.0,112.0,64.0,20.1,47.3
1606599122,112.0,0.0,111.0,64.0,20.1,47.3
1606599123,112.0,0.0,111.0,63.0,20.0,47.2
1606599124,112.0,0.0,110.0,63.0,20.0,47.2
1606599125,112.0,0.0,109.0,62.0,20.0,47.2
1606599126,111.0,0.0,109.0,62.0,20.0,47.2
1606599127,111.0,0.0,109.0,62.0,20.0,47.2
1606599128,110.0,0.0,109.0,61.0,20.1,47.4
1606599129,109.0,0.0,110.0,61.0,20.1,47.4
1606599130,109.0,0.0,110.0,61.0,20.1,47.4
1606599131,108.0,0.0,111.0,61.0,20.1,47.4
1606599132,107.0,0.0,112.0,61.0,20.1,47.4
1606599133,107.0,0.0,112.0,61.0,20.1,47.4
1606599134,106.0,0.0,113.0,62.0,20.1,47.4
1606599135,106.0,0.0,113.0,62.0,20.1,47.4
1606599136,106.0,0.0,113.0,62.0,20.1,47.4
1606599137,105.0,0.0,113.0,63.0,20.1,47.4
1606599138,105.0,0.0,113.0,63.0,20.1,47.5
1606599139,105.0,0.0,112.0,64.0,20.1,47.5
1606599140,105.0,0.0,111.0,65.0,20.1,47.5
1606599141,105.0,0.0,110.0,66.0,20.1,47.5
1606599142,105.0,0.0,110.0,66.0,20.1,47.5
1606599143,105.0,0.0,109.0,67.0,20.1,47.5
1606599144,105.0,0.0,108.0,67.0,20.1,47.5
1606599145,106.0,0.0,107.0,68.0,20.1,47.5
1606599146,106.0,0.0,107.0,68.0,20.1,47.5
1606599147,106.0,0.0,107.0,68.0,20.1,47.5
1606599148,106.0,0.0,106.0,67.0,20.1,47.5
1606599149,106.0,0.0,106.0,67.0,20.1,47.5
1606599150,106.11111111111111,0.0,105.88888888888889,66.88888888888889,20.1,47.5
1606599151,106.22222222222224,0.0,105.77777777777776,66.77777777777777,20.1,47.5
1606599152,106.33333333333331,0.0,105.66666666666669,66.66666666666667,20.1,47.5
1606599153,106.44444444444444,0.0,105.55555555555556,66.55555555555556,20.1,47.5
1606599154,106.55555555555556,0.0,105.44444444444444,66.44444444444444,20.1,47.5
1606599155,106.66666666666669,0.0,105.33333333333331,66.33333333333333,20.1,47.5
1606599156,106.77777777777776,0.0,105.22222222222224,66.22222222222223,20.1,47.5
1606599157,106.88888888888889,0.0,105.11111111111111,66.11111111111111,20.1,47.5
1606599158,107.0,0.0,105.0,66.0,20.1,47.5
1606599159,106.0,0.0,105.0,66.0,20.1,47.5
1606599160,105.0,0.0,106.0,65.0,20.1,47.5
1606599161,104.0,0.0,106.0,65.0,20.0,47.5
1606599162,104.0,0.0,105.0,64.0,20.0,47.5
1606599163,104.0,0.0,105.0,64.0,20.0,47.5
1606599164,104.0,0.0,105.0,64.0,20.0,47.5
1606599165,104.0,0.0,105.0,63.0,20.0,47.5
1606599166,105.0,0.0,105.0,63.0,20.1,47.6
1606599167,106.0,0.0,106.0,62.0,20.1,47.6
1606599168,107.0,0.0,106.0,62.0,20.1,47.6
1606599169,108.0,0.0,106.0,63.0,20.1,47.6
1606599170,110.0,0.0,106.0,63.0,20.1,47.6
1606599171,111.0,0.0,105.0,63.0,20.0,47.5
1606599172,111.0,0.0,105.0,63.0,20.0,47.5
1606599173,112.0,0.0,105.0,63.0,20.0,47.5
1606599174,113.0,0.0,105.0,64.0,20.0,47.5
1606599175,114.0,0.0,105.0,64.0,20.0,47.5
1606599176,114.0,0.0,105.0,64.0,20.0,47.5
1606599177,115.0,0.0,104.0,65.0,20.0,47.5
1606599178,114.0,0.0,103.0,65.0,20.0,47.5
1606599179,114.0,0.0,102.0,65.0,20.0,47.5
1606599180,114.0,0.0,102.0,65.0,20.0,47.5
1606599181,113.0,0.0,102.0,65.0,20.0,47.6
1606599182,113.0,0.0,102.0,65.0,20.0,47.6
1606599183,113.0,0.0,102.0,64.0,20.0,47.6
1606599184,112.0,0.0,102.0,64.0,20.0,47.6
1606599185,112.0,0.0,102.0,64.0,20.0,47.6
1606599186,111.0,0.0,102.0,64.0,20.1,47.6
1606599187,111.0,0.0,102.0,64.0,20.1,47.6
1606599188,111.0,0.0,103.0,64.0,20.1,47.6
1606599189,111.0,0.0,103.0,64.0,20.1,47.6
1606599190,111.0,0.0,103.0,64.0,20.1,47.6
1606599191,111.0,0.0,103.0,65.0,20.1,47.6
1606599192,111.0,0.0,103.0,65.0,20.1,47.6
1606599193,111.0,0.0,103.0,65.0,20.1,47.6
1606599194,111.0,0.0,103.0,65.0,20.1,47.6
1606599195,111.0,0.0,103.0,65.0,20.1,47.6
1606599196,110.0,0.0,103.0,66.0,20.0,47.6
1606599197,110.0,0.0,103.0,66.0,20.0,47.6
1606599198,109.0,0.0,104.0,66.0,20.0,47.6
1606599199,107.0,0.0,104.0,66.0,20.0,47.6
1606599200,106.0,0.0,104.0,66.0,20.0,47.6
1606599201,104.0,0.0,105.0,66.0,20.1,47.8
1606599202,103.0,0.0,105.0,67.0,20.1,47.8
1606599203,101.0,0.0,105.0,67.0,20.1,47.8
1606599204,100.0,0.0,106.0,67.0,20.1,47.8
1606599205,98.0,0.0,106.0,67.0,20.1,47.8
1606599206,97.0,0.0,107.0,68.0,20.1,47.7
1606599207,97.0,0.0,107.0,68.0,20.1,47.7
1606599208,96.0,0.0,108.0,68.0,20.1,47.7
1606599209,96.0,0.0,108.0,68.0,20.1,47.7
1606599210,96.0,0.0,108.0,68.0,20.1,47.7
1606599211,96.0,0.0,108.0,67.0,20.0,47.7
1606599212,97.0,0.0,108.0,67.0,20.0,47.7
1606599213,97.0,0.0,108.0,66.0,20.0,47.7
1606599214,98.0,0.0,108.0,65.0,20.0,47.7
1606599215,99.0,0.0,107.0,65.0,20.0,47.7
1606599216,100.0,0.0,107.0,64.0,20.0,47.8
1606599217,100.0,0.0,107.0,63.0,20.0,47.8
1606599218,101.0,0.0,107.0,63.0,20.0,47.8
1606599219,101.0,0.0,107.0,63.0,20.0,47.8
1606599220,101.0,0.0,106.0,63.0,20.0,47.8
1606599221,101.0,0.0,106.0,63.0,20.0,47.8
1606599222,101.0,0.0,106.0,64.0,20.0,47.8
1606599223,101.0,0.0,107.0,64.0,20.0,47.8
1606599224,101.0,0.0,107.0,64.0,20.0,47.8
1606599225,101.0,0.0,107.0,65.0,20.0,47.8
1606599226,101.0,0.0,106.0,65.0,20.1,47.9
1606599227,101.0,0.0,106.0,65.0,20.1,47.9
1606599228,101.0,0.0,106.0,65.0,20.1,47.9
1606599229,100.0,0.0,106.0,65.0,20.1,47.9
1606599230,100.0,0.0,106.0,65.0,20.1,47.9
1606599231,100.0,0.0,106.0,65.0,20.0,47.9
1606599232,100.0,0.0,107.0,65.0,20.0,47.9
1606599233,101.0,0.0,107.0,65.0,20.0,47.9
1606599234,101.0,0.0,107.0,65.0,20.0,47.9
1606599235,101.0,0.0,107.0,65.0,20.0,47.9
1606599236,101.0,0.0,107.0,65.0,20.0,47.8
1606599237,102.0,0.0,108.0,65.0,20.0,47.8
1606599238,103.0,0.0,109.0,65.0,20.0,47.8
1606599239,103.0,0.0,109.0,65.0,20.0,47.8
1606599240,104.0,0.0,110.0,65.0,20.0,47.8
1606599241,104.0,0.0,110.0,65.0,20.0,47.7
1606599242,105.0,0.0,111.0,65.0,20.0,47.7
1606599243,105.0,0.0,111.0,65.0,20.0,47.7
1606599244,105.0,0.0,111.0,65.0,20.0,47.7
1606599245,106.0,0.0,112.0,65.0,20.0,47.7
1606599246,106.0,0.0,112.0,65.0,20.0,47.6
1606599247,106.0,0.0,112.0,65.0,20.0,47.6
1606599248,106.0,0.0,113.0,65.0,20.0,47.6
1606599249,106.0,0.0,114.0,65.0,20.0,47.6
1606599250,106.0,0.0,114.0,65.0,20.0,47.6
1606599251,105.0,0.0,117.0,65.0,20.0,47.6
1606599252,105.0,0.0,116.0,65.0,20.0,47.6
1606599253,104.0,0.0,116.0,65.0,20.0,47.6
1606599254,103.0,0.0,115.0,65.0,20.0,47.6
1606599255,103.0,0.0,114.0,64.0,20.0,47.6
1606599256,102.0,0.0,114.0,64.0,20.0,47.6
1606599257,101.0,0.0,113.0,64.0,20.0,47.6
1606599258,101.0,0.0,113.0,64.0,20.0,47.6
1606599259,100.0,0.0,113.0,64.0,20.0,47.6
1606599260,99.0,0.0,113.0,64.0,20.0,47.6
1606599261,99.0,0.0,113.0,64.0,20.0,47.6
1606599262,98.0,0.0,113.0,64.0,20.0,47.6
1606599263,98.0,0.0,114.0,64.0,20.0,47.6
1606599264,97.0,0.0,114.0,65.0,20.0,47.6
1606599265,97.0,0.0,114.0,65.0,20.0,47.6
1606599266,96.0,0.0,113.0,65.0,20.0,47.6
1606599267,96.0,0.0,113.0,66.0,20.0,47.6
1606599268,95.0,0.0,112.0,66.0,20.0,47.6
1606599269,95.0,0.0,112.0,65.0,20.0,47.6
1606599270,95.0,0.0,111.0,66.0,20.0,47.6
1606599271,95.0,0.0,110.0,66.0,20.0,47.6
1606599272,95.0,0.0,109.0,67.0,20.0,47.6
1606599273,95.0,0.0,108.0,67.0,20.0,47.6
1606599274,95.0,0.0,107.0,67.0,20.0,47.6
1606599275,95.0,0.0,107.0,67.0,20.0,47.6
1606599276,96.0,0.0,107.0,67.0,20.0,47.6
1606599277,96.0,0.0,107.0,68.0,20.0,47.6
1606599278,96.0,0.0,107.0,68.0,20.0,47.6
1606599279,97.0,0.0,107.0,68.0,20.0,47.6
1606599280,97.0,0.0,108.0,68.0,20.0,47.6
1606599281,97.0,0.0,109.0,67.0,20.0,47.6
1606599282,97.0,0.0,110.0,67.0,20.0,47.6
1606599283,97.0,0.0,110.0,66.0,20.0,47.6
1606599284,97.0,0.0,110.0,66.0,20.0,47.6
1606599285,97.0,0.0,112.0,66.0,20.0,47.6
1606599286,97.0,0.0,112.0,66.0,19.9,47.6
1606599287,97.0,0.0,112.0,66.0,19.9,47.6
1606599288,96.0,0.0,112.0,66.0,19.9,47.6
1606599289,96.0,0.0,112.0,66.0,19.9,47.6
1606599290,96.0,0.0,111.0,66.0,19.9,47.6
1606599291,96.0,0.0,111.0,66.0,20.0,47.6
1606599292,96.0,0.0,110.0,67.0,20.0,47.6
1606599293,96.0,0.0,109.0,67.0,20.0,47.6
1606599294,96.0,0.0,109.0,67.0,20.0,47.6
1606599295,96.0,0.0,109.0,67.0,20.0,47.6
1606599296,97.0,0.0,108.0,68.0,20.0,47.6
1606599297,97.0,0.0,108.0,68.0,19.9,47.6
1606599298,98.0,0.0,108.0,68.0,19.9,47.6
1606599299,98.0,0.0,107.0,68.0,19.9,47.6
1606599300,99.0,0.0,107.0,68.0,19.9,47.6
1606599301,99.0,0.0,107.0,68.0,19.9,47.6
1606599302,100.0,0.0,108.0,69.0,20.0,47.6
1606599303,101.0,0.0,108.0,69.0,20.0,47.6
1606599304,102.0,0.0,108.0,69.0,20.0,47.6
1606599305,102.0,0.0,108.0,70.0,20.0,47.6
1606599306,102.0,0.0,107.0,71.0,20.0,47.6
1606599307,102.0,0.0,107.0,71.0,20.0,47.6
1606599308,102.0,0.0,107.0,71.0,20.0,47.6
1606599309,103.0,0.0,107.0,71.0,20.0,47.6
1606599310,103.0,0.0,107.0,71.0,20.0,47.6
1606599311,102.0,0.0,106.0,71.0,20.0,47.6
1606599312,102.0,0.0,106.0,70.0,19.9,47.5
1606599313,101.0,0.0,106.0,70.0,19.9,47.5
1606599314,101.0,0.0,106.0,69.0,19.9,47.5
1606599315,101.0,0.0,106.0,68.0,19.9,47.5
1606599316,100.0,0.0,105.0,68.0,19.9,47.5
1606599317,100.0,0.0,105.0,67.0,19.9,47.5
1606599318,100.0,0.0,105.0,67.0,19.9,47.5
1606599319,100.0,0.0,105.0,67.0,19.9,47.5
1606599320,100.0,0.0,105.0,67.0,19.9,47.5
1606599321,100.0,0.0,105.0,67.0,19.9,47.5
1606599322,100.0,0.0,105.0,67.0,19.9,47.5
1606599323,100.0,0.0,105.0,67.0,19.9,47.5
1606599324,100.0,0.0,105.0,67.0,19.9,47.5
1606599325,100.0,0.0,105.0,67.0,19.9,47.5
1606599326,101.0,0.0,105.0,67.0,19.9,47.5
1606599327,101.0,0.0,105.0,67.0,19.9,47.5
1606599328,101.0,0.0,105.0,67.0,19.9,47.5
1606599329,101.0,0.0,107.0,67.0,19.9,47.5
1606599330,101.0,0.0,107.0,68.0,19.9,47.5
1606599331,101.0,0.0,108.0,68.0,19.9,47.5
1606599332,101.0,0.0,108.0,68.0,19.9,47.6
1606599333,102.0,0.0,108.0,68.0,19.9,47.6
1606599334,103.0,0.0,110.0,68.0,19.9,47.6
1606599335,103.0,0.0,111.0,68.0,19.9,47.6
1606599336,103.0,0.0,111.0,68.0,19.9,47.6
1606599337,104.0,0.0,112.0,68.0,19.9,47.6
1606599338,104.0,0.0,112.0,68.0,19.9,47.6
1606599339,105.0,0.0,111.0,68.0,19.9,47.6
1606599340,105.0,0.0,111.0,68.0,19.9,47.6
1606599341,106.0,0.0,111.0,68.0,19.9,47.6
1606599342,106.0,0.0,110.0,68.0,19.9,47.6
1606599343,107.0,0.0,110.0,68.0,19.9,47.6
1606599344,107.0,0.0,110.0,68.0,19.9,47.6
1606599345,107.0,0.0,110.0,68.0,19.9,47.6
1606599346,107.0,0.0,109.0,67.0,19.9,47.6
1606599347,107.0,0.0,109.0,67.0,19.9,47.6
1606599348,107.0,0.0,109.0,66.0,19.9,47.6
1606599349,107.0,0.0,109.0,66.0,19.9,47.6
1606599350,106.33333333333331,0.0,109.0,65.88888888888889,19.9,47.6
1606599351,105.66666666666669,0.0,109.0,65.77777777777777,19.9,47.6
1606599352,105.0,0.0,109.0,65.66666666666667,19.9,47.6
1606599353,104.33333333333331,0.0,109.0,65.55555555555556,19.9,47.6
1606599354,103.66666666666669,0.0,109.0,65.44444444444444,19.9,47.6
1606599355,103.0,0.0,109.0,65.33333333333333,19.9,47.6
1606599356,102.33333333333331,0.0,109.0,65.22222222222223,19.9,47.6
1606599357,101.66666666666669,0.0,109.0,65.11111111111111,19.9,47.6
1606599358,101.0,0.0,109.0,65.0,19.9,47.6
1606599359,101.0,0.0,109.0,65.0,19.9,47.6
