timestamp,pm25_0,pm25_1,pm25_2,pm25_3,temperature,humidity
1604448010,64.0,75.0,80.0,82.0,18.8,57.1
1604448011,64.0,75.0,80.0,82.0,18.8,57.1
1604448012,64.0,74.0,80.0,81.0,18.8,57.1
1604448013,65.0,74.0,80.0,81.0,18.8,57.0
1604448014,65.0,73.0,80.0,81.0,18.8,57.0
1604448015,65.0,73.0,80.0,80.0,18.8,57.0
1604448016,65.0,72.0,80.0,80.0,18.8,57.0
1604448017,65.0,71.0,79.0,80.0,18.8,57.0
1604448018,66.0,71.0,79.0,79.0,18.8,57.0
1604448019,67.0,70.0,79.0,78.0,18.8,57.0
1604448020,67.0,70.0,79.0,78.0,18.8,57.0
1604448021,68.0,70.0,80.0,78.0,18.8,57.0
1604448022,68.0,70.0,80.0,78.0,18.8,57.0
1604448023,68.0,71.0,80.0,78.0,18.8,57.0
1604448024,68.0,71.0,80.0,78.0,18.8,57.0
1604448025,68.0,71.0,81.0,78.0,18.8,57.0
1604448026,68.0,72.0,81.0,79.0,18.8,57.0
1604448027,68.0,72.0,82.0,79.0,18.8,57.0
1604448028,68.0,73.0,83.0,80.0,18.8,57.0
1604448029,68.0,73.0,83.0,80.0,18.8,57.0
1604448030,68.0,73.0,84.0,80.0,18.8,57.0
1604448031,67.0,74.0,84.0,80.0,18.8,57.0
1604448032,67.0,74.0,84.0,81.0,18.8,57.0
1604448033,66.0,74.0,84.0,82.0,18.8,57.0
1604448034,66.0,74.0,84.0,82.0,18.8,57.0
1604448035,66.0,75.0,84.0,82.0,18.8,57.0
1604448036,66.0,75.0,84.0,83.0,18.8,57.0
1604448037,66.0,75.0,84.0,83.0,18.8,57.0
1604448038,66.0,75.0,84.0,83.0,18.8,57.0
1604448039,66.0,75.0,83.0,83.0,18.8,57.0
1604448040,66.0,75.0,78.0,83.0,18.8,57.0
1604448041,66.0,75.0,78.0,82.0,18.8,57.0
1604448042,66.0,75.0,78.0,82.0,18.8,57.0
1604448043,66.0,75.0,78.0,81.0,18.8,57.1
1604448044,66.0,75.0,78.0,81.0,18.8,57.1
1604448045,66.0,75.0,78.0,81.0,18.8,57.1
1604448046,66.0,75.0,78.0,80.0,18.8,57.1
1604448047,65.0,75.0,78.0,79.0,18.8,57.1
1604448048,65.0,75.0,79.0,79.0,18.8,57.1
1604448049,65.0,75.0,79.0,79.0,18.8,57.1
1604448050,65.0,75.0,79.0,79.0,18.8,57.1
1604448051,64.0,75.0,79.0,79.0,18.8,57.1
1604448052,64.0,76.0,80.0,79.0,18.8,57.1
1604448053,64.0,76.0,80.0,79.0,18.8,57.0
1604448054,65.0,77.0,80.0,79.0,18.8,57.0
1604448055,65.0,77.0,79.0,79.0,18.8,57.0
1604448056,65.0,77.0,79.0,79.0,18.8,57.0
1604448057,65.0,77.0,79.0,79.0,18.8,57.0
1604448058,66.0,77.0,79.0,80.0,18.9,57.1
1604448059,66.0,78.0,79.0,80.0,18.9,57.1
1604448060,66.0,78.0,79.0,80.0,18.9,57.1
1604448061,66.0,78.0,79.0,80.0,18.9,57.1
1604448062,66.0,77.0,78.0,81.0,18.9,57.1
1604448063,66.0,77.0,78.0,81.0,18.8,56.9
1604448064,66.0,77.0,78.0,81.0,18.8,56.9
1604448065,66.0,77.0,78.0,81.0,18.8,56.9
1604448066,66.0,77.0,78.0,81.0,18.8,56.9
1604448067,66.0,77.0,78.0,81.0,18.8,56.9
1604448068,66.0,78.0,78.0,81.0,18.8,56.9
1604448069,66.0,78.0,78.0,81.0,18.8,56.9
1604448070,66.0,78.0,79.0,81.0,18.8,56.9
1604448071,66.0,78.0,79.0,82.0,18.8,56.9
1604448072,66.0,78.0,79.0,82.0,18.8,56.9
1604448073,65.0,78.0,80.0,82.0,18.8,56.9
1604448074,65.0,78.0,80.0,82.0,18.8,56.9
1604448075,65.0,77.0,80.0,82.0,18.8,56.9
1604448076,65.0,76.0,80.0,83.0,18.8,56.9
1604448077,64.0,76.0,80.0,83.0,18.8,56.9
1604448078,64.0,75.0,81.0,83.0,18.8,56.8
1604448079,64.0,74.0,80.0,83.0,18.8,56.8
1604448080,64.0,74.0,80.0,83.0,18.8,56.8
1604448081,64.0,72.0,79.0,83.0,18.8,56.8
1604448082,65.0,72.0,79.0,83.0,18.8,56.8
1604448083,66.0,71.0,78.0,84.0,18.8,56.8
1604448084,66.0,71.0,78.0,83.0,18.8,56.8
1604448085,66.0,71.0,78.0,83.0,18.8,56.8
1604448086,67.0,71.0,78.0,83.0,18.8,56.8
1604448087,67.0,71.0,77.0,82.0,18.8,56.8
1604448088,68.0,71.0,77.0,82.0,18.8,56.8
1604448089,68.0,72.0,78.0,81.0,18.8,56.8
1604448090,68.0,72.0,78.0,80.0,18.8,56.8
1604448091,68.0,72.0,78.0,80.0,18.8,56.8
1604448092,68.0,72.0,79.0,79.0,18.8,56.8
1604448093,68.0,73.0,79.0,79.0,18.9,56.9
1604448094,68.0,73.0,79.0,79.0,18.9,56.9
1604448095,68.0,73.0,79.0,79.0,18.9,56.9
1604448096,68.0,73.0,79.0,79.0,18.9,56.9
1604448097,68.0,73.0,79.0,79.0,18.9,56.9
1604448098,68.0,73.0,79.0,79.0,18.8,56.8
1604448099,67.0,74.0,78.0,79.0,18.8,56.8
1604448100,67.0,74.0,78.0,79.0,18.8,56.8
1604448101,66.0,74.0,78.0,79.0,18.8,56.8
1604448102,66.0,75.0,77.0,79.0,18.8,56.8
1604448103,66.0,76.0,77.0,79.0,18.8,56.8
1604448104,66.0,76.0,77.0,79.0,18.8,56.8
1604448105,66.0,77.0,77.0,79.0,18.8,56.8
1604448106,65.0,78.0,78.0,78.0,18.8,56.8
1604448107,65.0,79.0,78.0,78.0,18.8,56.8
1604448108,66.0,79.0,78.0,78.0,18.8,56.8
1604448109,66.0,79.0,78.0,78.0,18.8,56.8
1604448110,66.0,80.0,79.0,78.0,18.8,56.8
1604448111,66.0,80.0,79.0,78.0,18.8,56.8
1604448112,66.0,81.0,79.0,78.0,18.8,56.8
1604448113,66.0,81.0,80.0,79.0,18.8,56.8
1604448114,66.0,81.0,80.0,79.0,18.8,56.8
1604448115,66.0,80.0,81.0,79.0,18.8,56.8
1604448116,66.0,80.0,81.0,80.0,18.8,56.8
1604448117,66.0,79.0,81.0,80.0,18.8,56.8
1604448118,65.0,79.0,82.0,80.0,18.8,56.8
1604448119,65.0,78.0,82.0,80.0,18.8,56.8
1604448120,65.0,77.0,82.0,80.0,18.8,56.8
1604448121,65.0,77.0,83.0,80.0,18.8,56.8
1604448122,65.0,76.0,83.0,80.0,18.8,56.8
1604448123,65.0,75.0,82.0,80.0,18.8,56.7
1604448124,65.0,75.0,82.0,80.0,18.8,56.7
1604448125,65.0,74.0,82.0,80.0,18.8,56.7
1604448126,65.0,74.0,82.0,81.0,18.8,56.7
1604448127,64.0,74.0,82.0,81.0,18.8,56.7
1604448128,64.0,74.0,82.0,82.0,18.8,56.7
1604448129,64.0,75.0,82.0,82.0,18.8,56.7
1604448130,64.0,75.0,82.0,82.0,18.8,56.7
1604448131,64.0,75.0,82.0,83.0,18.8,56.7
1604448132,64.0,75.0,82.0,84.0,18.8,56.7
1604448133,64.0,75.0,83.0,84.0,18.8,56.7
1604448134,64.0,75.0,83.0,84.0,18.8,56.7
1604448135,65.0,75.0,83.0,85.0,18.8,56.7
1604448136,65.0,75.0,83.0,84.0,18.8,56.7
1604448137,65.0,76.0,83.0,84.0,18.8,56.7
1604448138,66.0,77.0,83.0,84.0,18.8,56.7
1604448139,66.0,77.0,82.0,84.0,18.8,56.7
1604448140,67.0,77.0,82.0,84.0,18.8,56.7
1604448141,67.0,78.0,81.0,83.0,18.8,56.7
1604448142,67.0,78.0,81.0,83.0,18.8,56.7
1604448143,67.0,78.0,80.0,82.0,18.8,56.7
1604448144,67.0,78.0,79.0,82.0,18.8,56.7
1604448145,67.0,78.0,79.0,81.0,18.8,56.7
1604448146,67.0,78.0,78.0,81.0,18.8,56.7
1604448147,67.0,78.0,78.0,81.0,18.8,56.7
1604448148,67.0,78.0,78.0,81.0,18.8,56.8
1604448149,66.0,77.0,78.0,81.0,18.8,56.8
1604448150,66.0,77.0,78.0,81.0,18.8,56.8
1604448151,66.0,77.0,78.0,81.0,18.8,56.8
1604448152,66.0,77.0,79.0,81.0,18.8,56.8
1604448153,66.0,77.0,79.0,81.0,18.8,56.8
1604448154,66.0,77.0,79.0,81.0,18.8,56.8
1604448155,66.0,76.0,79.0,81.0,18.8,56.8
1604448156,66.0,75.9,79.1,81.0,18.8,56.8
1604448157,66.0,75.8,79.2,81.0,18.8,56.8
1604448158,66.0,75.7,79.3,81.0,18.8,56.8
1604448159,66.0,75.6,79.4,81.0,18.8,56.8
1604448160,66.0,75.5,79.5,81.0,18.8,56.8
1604448161,66.0,75.4,79.6,81.0,18.8,56.8
1604448162,66.0,75.3,79.7,81.0,18.8,56.8
1604448163,66.0,75.2,79.8,81.0,18.8,56.8
1604448164,66.0,75.1,79.9,81.0,18.8,56.8
1604448165,66.0,75.0,80.0,81.0,18.8,56.8
1604448166,66.0,75.0,80.0,81.0,18.8,56.8
1604448167,66.0,74.0,80.0,81.0,18.8,56.8
1604448168,66.0,74.0,79.0,82.0,18.8,56.8
1604448169,67.0,74.0,79.0,82.0,18.8,56.8
1604448170,67.0,74.0,79.0,82.0,18.8,56.8
1604448171,67.0,74.0,79.0,82.0,18.8,56.8
1604448172,67.0,74.0,79.0,82.0,18.9,56.9
1604448173,67.0,74.0,79.0,83.0,18.9,56.9
1604448174,68.0,74.0,79.0,83.0,18.9,56.9
1604448175,68.0,74.0,80.0,83.0,18.9,56.9
1604448176,68.0,74.0,80.0,83.0,18.9,56.9
1604448177,68.0,75.0,80.0,83.0,18.8,56.8
1604448178,68.0,75.0,80.0,82.0,18.8,56.8
1604448179,68.0,75.0,80.0,82.0,18.8,56.8
1604448180,69.0,75.0,81.0,82.0,18.8,56.8
1604448181,69.0,75.0,81.0,82.0,18.8,56.8
1604448182,69.0,75.0,81.0,81.0,18.8,56.7
1604448183,70.0,75.0,80.0,81.0,18.8,56.7
1604448184,70.0,75.0,80.0,81.0,18.8,56.7
1604448185,70.0,75.0,80.0,81.0,18.8,56.7
1604448186,70.0,75.0,80.0,81.0,18.8,56.7
1604448187,70.0,74.0,80.0,81.0,18.8,56.7
1604448188,70.0,74.0,79.0,81.0,18.8,56.7
1604448189,69.0,74.0,79.0,81.0,18.8,56.7
1604448190,69.0,74.0,79.0,82.0,18.8,56.7
1604448191,68.0,74.0,78.0,82.0,18.8,56.7
1604448192,68.0,74.0,78.0,82.0,18.8,56.7
1604448193,68.0,75.0,78.0,82.0,18.8,56.7
1604448194,67.0,75.0,78.0,83.0,18.8,56.7
1604448195,67.0,75.0,78.0,83.0,18.8,56.7
1604448196,67.0,75.0,78.0,83.0,18.8,56.7
1604448197,67.0,75.0,78.0,83.0,18.8,56.7
1604448198,67.0,75.0,77.0,84.0,18.8,56.7
1604448199,67.0,75.0,77.0,83.0,18.8,56.7
1604448200,67.0,75.0,77.0,83.0,18.8,56.7
1604448201,67.0,75.0,77.0,83.0,18.8,56.7
1604448202,67.0,75.0,77.0,83.0,18.8,56.7
1604448203,67.0,75.0,78.0,83.0,18.8,56.7
1604448204,66.0,76.0,78.0,82.0,18.8,56.7
1604448205,66.0,76.0,78.0,82.0,18.8,56.7
1604448206,66.0,76.0,78.0,82.0,18.8,56.7
1604448207,66.0,76.0,78.0,82.0,18.8,56.7
1604448208,66.0,76.0,79.0,81.0,18.8,56.7
1604448209,66.0,76.0,79.0,81.0,18.8,56.7
1604448210,66.0,76.0,79.0,81.0,18.8,56.7
1604448211,66.0,76.0,79.0,81.0,18.8,56.7
1604448212,66.0,76.0,79.0,82.0,18.8,56.7
1604448213,66.0,76.0,79.0,82.0,18.8,56.7
1604448214,66.0,76.0,78.0,82.0,18.8,56.7
1604448215,66.0,75.0,78.0,82.0,18.8,56.7
1604448216,66.0,75.0,78.0,82.0,18.8,56.7
1604448217,66.0,75.0,77.0,83.0,18.9,56.8
1604448218,67.0,75.0,77.0,83.0,18.9,56.8
1604448219,66.0,75.0,77.0,83.0,18.9,56.8
1604448220,66.0,75.0,77.0,83.0,18.9,56.8
1604448221,65.0,75.0,77.0,83.0,18.9,56.8
1604448222,65.0,74.0,77.0,83.0,18.8,56.8
1604448223,65.0,74.0,77.0,83.0,18.8,56.8
1604448224,65.0,74.0,77.0,83.0,18.8,56.8
1604448225,65.0,74.0,77.0,83.0,18.8,56.8
1604448226,64.0,74.0,77.0,83.0,18.8,56.8
1604448227,65.0,74.0,78.0,82.0,18.8,56.8
1604448228,65.0,74.0,78.0,82.0,18.8,56.8
1604448229,65.0,74.0,77.0,82.0,18.8,56.8
1604448230,67.0,74.0,77.0,81.0,18.8,56.8
1604448231,67.0,74.0,77.0,81.0,18.8,56.8
1604448232,68.0,74.0,77.0,81.0,18.8,56.8
1604448233,69.0,74.0,77.0,81.0,18.8,56.8
1604448234,69.0,74.0,77.0,81.0,18.8,56.8
1604448235,70.0,74.0,77.0,81.0,18.8,56.8
1604448236,70.0,74.0,77.0,81.0,18.8,56.8
1604448237,70.0,74.0,77.0,81.0,18.8,56.7
1604448238,70.0,74.0,78.0,80.0,18.8,56.7
1604448239,70.0,74.0,78.0,80.0,18.8,56.7
1604448240,70.0,74.0,79.0,80.0,18.8,56.7
1604448241,69.0,74.0,79.0,80.0,18.8,56.7
1604448242,69.0,73.0,80.0,80.0,18.8,56.9
1604448243,69.0,73.0,81.0,79.0,18.8,56.9
1604448244,69.0,73.0,81.0,79.0,18.8,56.9
1604448245,69.0,73.0,82.0,79.0,18.8,56.9
1604448246,69.0,73.0,82.0,79.0,18.8,56.9
1604448247,69.0,73.0,81.0,79.0,18.9,56.7
1604448248,68.0,73.0,81.0,80.0,18.9,56.7
1604448249,69.0,73.0,81.0,80.0,18.9,56.7
1604448250,69.0,73.0,80.0,80.0,18.9,56.7
1604448251,69.0,73.0,79.0,80.0,18.9,56.7
1604448252,69.0,72.0,79.0,81.0,18.8,56.6
1604448253,68.0,72.0,79.0,82.0,18.8,56.6
1604448254,68.0,72.0,78.0,82.0,18.8,56.6
1604448255,68.0,72.0,77.0,82.0,18.8,56.6
1604448256,68.0,72.0,77.0,83.0,18.8,56.6
1604448257,68.0,72.0,77.0,84.0,18.8,56.6
1604448258,68.0,72.0,77.0,84.0,18.8,56.6
1604448259,67.0,72.0,77.0,85.0,18.8,56.6
1604448260,67.0,72.0,77.0,85.0,18.8,56.6
1604448261,67.0,72.0,77.0,85.0,18.8,56.6
1604448262,67.0,72.0,77.0,84.0,18.8,56.6
1604448263,66.0,72.0,76.0,84.0,18.8,56.6
1604448264,66.0,73.0,76.0,84.0,18.8,56.6
1604448265,66.0,73.0,76.0,83.0,18.8,56.6
1604448266,66.0,73.0,76.0,82.0,18.8,56.6
1604448267,66.0,73.0,75.0,81.0,18.8,56.6
1604448268,67.0,73.0,75.0,81.0,18.8,56.6
1604448269,67.0,74.0,75.0,80.0,18.8,56.6
1604448270,67.0,74.0,75.0,80.0,18.8,56.6
1604448271,67.0,74.0,75.0,80.0,18.8,56.6
1604448272,67.0,75.0,75.0,80.0,18.8,56.6
1604448273,67.0,76.0,75.0,80.0,18.8,56.6
1604448274,67.0,76.0,76.0,80.0,18.8,56.6
1604448275,67.0,76.0,76.0,81.0,18.8,56.6
1604448276,67.0,76.0,76.0,81.0,18.8,56.6
1604448277,67.0,76.0,77.0,82.0,18.8,56.6
1604448278,67.0,76.0,77.0,82.0,18.8,56.6
1604448279,67.0,76.0,78.0,83.0,18.8,56.6
1604448280,67.0,76.0,79.0,83.0,18.8,56.6
1604448281,67.0,75.0,79.0,83.0,18.8,56.6
1604448282,67.0,75.0,80.0,83.0,18.8,56.6
1604448283,67.0,74.0,81.0,84.0,18.8,56.6
1604448284,67.0,73.0,81.0,84.0,18.8,56.6
1604448285,67.0,73.0,81.0,84.0,18.8,56.6
1604448286,67.0,73.0,82.0,84.0,18.8,56.6
1604448287,66.0,73.0,82.0,84.0,18.8,56.6
1604448288,66.0,73.0,82.0,83.0,18.8,56.6
1604448289,66.0,73.0,81.0,83.0,18.8,56.6
1604448290,66.0,74.0,81.0,83.0,18.8,56.6
1604448291,66.0,74.0,80.0,82.0,18.8,56.6
1604448292,65.0,74.0,80.0,82.0,18.8,56.7
1604448293,66.0,75.0,80.0,82.0,18.8,56.7
1604448294,66.0,76.0,79.0,81.0,18.8,56.7
1604448295,66.0,77.0,79.0,81.0,18.8,56.7
1604448296,66.0,78.0,78.0,81.0,18.8,56.7
1604448297,66.0,78.0,78.0,81.0,18.8,56.7
1604448298,67.0,78.0,78.0,81.0,18.8,56.7
1604448299,67.0,78.0,79.0,81.0,18.8,56.7
1604448300,67.0,79.0,79.0,81.0,18.8,56.7
1604448301,67.0,78.0,80.0,82.0,18.8,56.7
1604448302,67.0,78.0,80.0,82.0,18.8,56.7
1604448303,67.0,78.0,80.0,83.0,18.8,56.7
1604448304,67.0,77.0,81.0,83.0,18.8,56.7
1604448305,67.0,77.0,78.0,83.0,18.8,56.7
1604448306,67.0,77.0,78.0,83.0,18.8,56.7
1604448307,67.0,75.0,79.0,83.0,18.8,56.8
1604448308,67.0,75.0,79.0,83.0,18.8,56.8
1604448309,67.0,74.0,79.0,84.0,18.8,56.8
1604448310,67.0,74.0,80.0,83.0,18.8,56.8
1604448311,67.0,74.0,80.0,83.0,18.8,56.8
1604448312,67.0,74.0,80.0,83.0,18.8,56.7
1604448313,67.0,74.0,80.0,82.0,18.8,56.7
1604448314,67.0,73.0,79.0,82.0,18.8,56.7
1604448315,67.0,73.0,79.0,81.0,18.8,56.7
1604448316,67.0,73.0,79.0,81.0,18.8,56.7
1604448317,67.0,74.0,78.0,81.0,18.7,56.7
1604448318,67.0,74.0,77.0,80.0,18.7,56.7
1604448319,67.0,74.0,77.0,80.0,18.7,56.7
1604448320,67.0,74.0,77.0,80.0,18.7,56.7
1604448321,66.0,75.0,77.0,80.0,18.7,56.7
1604448322,66.0,75.0,77.0,80.0,18.8,56.7
1604448323,66.0,75.0,78.0,80.0,18.8,56.7
1604448324,66.0,75.0,78.0,80.0,18.8,56.7
1604448325,67.0,75.0,78.0,81.0,18.8,56.7
1604448326,67.0,75.0,78.0,81.0,18.8,56.7
1604448327,67.0,75.0,80.0,81.0,18.8,56.8
1604448328,67.0,75.0,80.0,82.0,18.8,56.8
1604448329,66.0,76.0,81.0,82.0,18.8,56.8
1604448330,66.0,76.0,81.0,83.0,18.8,56.8
1604448331,67.0,76.0,81.0,83.0,18.8,56.8
1604448332,67.0,76.0,81.0,83.0,18.7,56.7
1604448333,66.0,76.0,80.0,83.0,18.7,56.7
1604448334,66.0,76.0,80.0,84.0,18.7,56.7
1604448335,66.0,77.0,79.0,84.0,18.7,56.7
1604448336,66.0,77.0,79.0,84.0,18.7,56.7
1604448337,66.0,77.0,78.0,84.0,18.7,56.7
1604448338,67.0,77.0,78.0,83.0,18.7,56.7
1604448339,68.0,77.0,78.0,83.0,18.7,56.7
1604448340,68.0,77.0,77.0,82.0,18.7,56.7
1604448341,69.0,77.0,77.0,82.0,18.7,56.7
1604448342,69.0,77.0,78.0,82.0,18.7,56.8
1604448343,69.0,77.0,78.0,81.0,18.7,56.8
1604448344,70.0,76.0,79.0,81.0,18.7,56.8
1604448345,70.0,76.0,79.0,81.0,18.7,56.8
1604448346,70.0,76.0,80.0,81.0,18.7,56.8
1604448347,70.0,76.0,80.0,81.0,18.7,56.7
1604448348,70.0,75.0,81.0,82.0,18.7,56.7
1604448349,69.0,75.0,81.0,83.0,18.7,56.7
1604448350,69.0,76.0,82.0,83.0,18.7,56.7
1604448351,69.0,76.0,82.0,84.0,18.7,56.7
1604448352,69.0,76.0,82.0,84.0,18.7,56.7
1604448353,68.0,77.0,82.0,85.0,18.7,56.7
1604448354,67.0,77.0,82.0,85.0,18.7,56.7
1604448355,67.0,77.0,82.0,85.0,18.7,56.7
1604448356,66.0,78.0,81.0,85.0,18.7,56.7
1604448357,66.0,78.0,81.0,86.0,18.7,56.8
1604448358,65.0,78.0,81.0,85.0,18.7,56.8
1604448359,65.0,78.0,80.0,85.0,18.7,56.8
1604448360,65.0,78.0,79.0,85.0,18.7,56.8
1604448361,65.0,78.0,79.0,85.0,18.7,56.8
1604448362,65.0,78.0,79.0,84.0,18.7,56.8
1604448363,64.0,78.0,78.0,83.0,18.7,56.8
1604448364,64.0,77.0,79.0,83.0,18.7,56.8
1604448365,64.0,77.0,79.0,83.0,18.7,56.8
1604448366,65.0,77.0,80.0,83.0,18.7,56.8
1604448367,65.0,77.0,80.0,82.0,18.7,57.0
1604448368,66.0,76.0,81.0,82.0,18.7,57.0
1604448369,66.44444444444444,76.11111111111111,81.0,82.0,18.7,57.0
1604448370,66.88888888888889,76.22222222222223,81.0,82.0,18.7,57.0
1604448371,67.33333333333333,76.33333333333333,81.0,82.0,18.7,57.0
1604448372,67.77777777777777,76.44444444444444,81.0,82.0,18.7,57.0
1604448373,68.22222222222223,76.55555555555556,81.0,82.0,18.7,57.0
1604448374,68.66666666666667,76.66666666666667,81.0,82.0,18.7,57.0
1604448375,69.11111111111111,76.77777777777777,81.0,82.0,18.7,57.0
1604448376,69.55555555555556,76.88888888888889,81.0,82.0,18.7,57.0
1604448377,70.0,77.0,81.0,82.0,18.7,57.0
1604448378,70.0,77.0,82.0,82.0,18.7,57.0
1604448379,71.0,77.0,82.0,82.0,18.7,57.0
1604448380,71.0,77.0,82.0,83.0,18.7,57.0
1604448381,71.0,77.0,82.0,83.0,18.7,57.0
1604448382,72.0,77.0,81.0,82.0,18.7,57.0
1604448383,72.0,76.0,80.0,82.0,18.7,57.0
1604448384,72.0,76.0,79.0,82.0,18.7,57.0
1604448385,71.0,76.0,79.0,82.0,18.7,57.0
1604448386,70.0,76.0,78.0,82.0,18.7,57.0
1604448387,70.0,76.0,77.0,81.0,18.7,57.0
1604448388,69.0,76.0,77.0,81.0,18.7,57.0
1604448389,69.0,76.0,77.0,81.0,18.7,57.0
1604448390,68.0,76.0,77.0,81.0,18.7,57.0
1604448391,68.0,76.0,77.0,81.0,18.7,57.0
1604448392,67.0,76.0,77.0,81.0,18.7,57.0
1604448393,67.0,76.0,78.0,81.0,18.7,57.0
1604448394,66.0,76.0,78.0,81.0,18.7,57.0
1604448395,66.0,76.0,78.0,81.0,18.8,57.1
1604448396,66.0,76.0,78.0,81.0,18.8,57.1
1604448397,66.0,75.0,78.0,80.0,18.8,57.1
1604448398,66.0,75.0,78.0,80.0,18.8,57.1
1604448399,66.0,74.0,78.0,80.0,18.8,57.1
1604448400,66.0,74.0,78.0,80.0,18.7,57.0
1604448401,65.0,73.0,78.0,80.0,18.7,57.0
1604448402,65.0,73.0,78.0,80.0,18.7,57.0
1604448403,65.0,73.0,79.0,80.0,18.7,57.0
1604448404,65.0,72.0,79.0,80.0,18.7,57.0
1604448405,66.0,72.0,79.0,80.0,18.7,57.0
1604448406,66.0,71.0,79.0,80.0,18.7,57.0
1604448407,66.0,72.0,80.0,80.0,18.7,57.0
1604448408,66.0,72.0,79.0,81.0,18.7,57.0
1604448409,67.0,72.0,79.0,81.0,18.7,57.0
1604448410,67.0,72.0,80.0,81.0,18.8,57.2
1604448411,68.0,72.0,80.0,81.0,18.8,57.2
1604448412,68.0,72.0,80.0,81.0,18.8,57.2
1604448413,68.0,72.0,80.0,82.0,18.8,57.2
1604448414,68.0,73.0,80.0,82.0,18.8,57.2
1604448415,69.0,74.0,80.0,82.0,18.7,57.1
1604448416,69.0,74.0,80.0,82.0,18.7,57.1
1604448417,69.0,75.0,80.0,81.0,18.7,57.1
1604448418,69.0,75.0,80.0,82.0,18.7,57.1
1604448419,69.0,75.0,81.0,81.0,18.7,57.1
1604448420,69.0,75.0,81.0,81.0,18.7,57.1
1604448421,69.0,75.0,81.0,81.0,18.7,57.1
1604448422,69.0,75.0,81.0,81.0,18.7,57.1
1604448423,69.0,74.0,81.0,80.0,18.7,57.1
1604448424,69.0,74.0,80.0,80.0,18.7,57.1
1604448425,70.0,73.0,80.0,80.0,18.7,57.2
1604448426,70.0,73.0,80.0,80.0,18.7,57.2
1604448427,70.0,73.0,80.0,80.0,18.7,57.2
1604448428,71.0,73.0,80.0,80.0,18.7,57.2
1604448429,71.0,73.0,80.0,80.0,18.7,57.2
1604448430,71.0,73.0,79.0,80.0,18.7,57.2
1604448431,71.0,73.0,79.0,80.0,18.7,57.2
1604448432,71.0,73.0,79.0,80.0,18.7,57.2
1604448433,71.0,73.0,80.0,80.0,18.7,57.2
1604448434,71.0,73.0,80.0,80.0,18.7,57.2
1604448435,71.0,73.0,80.0,79.0,18.7,57.2
1604448436,71.0,73.0,80.0,79.0,18.7,57.2
1604448437,71.0,73.0,80.0,79.0,18.7,57.2
1604448438,71.0,73.0,80.0,79.0,18.7,57.2
1604448439,71.0,72.0,80.0,79.0,18.7,57.2
1604448440,71.0,72.0,80.0,79.0,18.7,57.2
1604448441,71.0,71.0,80.0,79.0,18.7,57.2
1604448442,71.0,72.0,80.0,79.0,18.7,57.2
1604448443,70.0,72.0,80.0,79.0,18.7,57.2
1604448444,70.0,72.0,81.0,79.0,18.7,57.2
1604448445,70.0,72.0,81.0,79.0,18.7,57.2
1604448446,70.0,72.0,82.0,79.0,18.7,57.2
1604448447,70.0,72.0,82.0,79.0,18.7,57.2
1604448448,70.0,73.0,82.0,79.0,18.7,57.2
1604448449,69.0,73.0,82.0,80.0,18.7,57.2
1604448450,69.0,73.0,83.0,80.0,18.7,57.2
1604448451,69.0,73.0,83.0,81.0,18.7,57.2
1604448452,68.5,73.0,83.0,81.0,18.7,57.2
1604448453,68.0,73.0,83.0,81.0,18.7,57.2
1604448454,68.0,72.0,84.0,83.0,18.7,57.2
1604448455,68.0,72.0,84.0,83.0,18.7,57.2
1604448456,68.0,72.0,83.0,83.0,18.7,57.2
1604448457,68.0,73.0,83.0,85.0,18.7,57.2
1604448458,68.0,73.0,82.0,85.0,18.7,57.2
1604448459,68.0,73.0,82.0,85.0,18.7,57.2
1604448460,68.0,73.0,82.0,84.0,18.7,57.2
1604448461,68.0,73.0,82.0,83.0,18.7,57.2
1604448462,68.0,74.0,82.0,83.0,18.7,57.2
1604448463,68.0,74.0,82.0,83.0,18.7,57.2
1604448464,68.0,75.0,81.0,80.0,18.7,57.2
1604448465,68.0,75.0,81.0,79.0,18.7,57.2
1604448466,68.0,75.0,81.0,79.0,18.7,57.2
1604448467,67.0,75.0,81.0,78.0,18.7,57.2
1604448468,67.0,75.0,81.0,77.0,18.7,57.2
1604448469,67.0,75.0,81.0,77.0,18.7,57.2
1604448470,67.0,75.0,80.0,77.0,18.7,57.2
1604448471,67.0,75.0,80.0,77.0,18.7,57.2
1604448472,68.0,76.0,79.0,77.0,18.7,57.2
1604448473,68.0,76.0,78.0,78.0,18.7,57.2
1604448474,68.0,76.0,78.0,78.0,18.7,57.2
1604448475,68.0,76.0,77.0,79.0,18.7,57.2
1604448476,68.0,76.0,77.0,80.0,18.7,57.2
1604448477,68.0,76.0,76.0,80.0,18.7,57.2
1604448478,68.0,76.0,76.0,80.0,18.7,57.2
1604448479,68.0,76.0,75.0,80.0,18.7,57.2
1604448480,67.0,76.0,75.0,80.0,18.7,57.2
1604448481,67.0,76.0,76.0,80.0,18.8,57.2
1604448482,67.0,76.0,76.0,80.0,18.8,57.2
1604448483,66.0,76.0,76.0,80.0,18.8,57.2
1604448484,66.0,76.0,76.0,80.0,18.8,57.2
1604448485,66.0,76.0,77.0,79.0,18.8,57.2
1604448486,65.0,77.0,77.0,79.0,18.8,57.2
1604448487,65.0,77.0,78.0,80.0,18.8,57.2
1604448488,65.0,77.0,78.0,80.0,18.8,57.2
1604448489,64.0,77.0,79.0,80.0,18.8,57.2
1604448490,63.0,76.0,80.0,81.0,18.8,57.2
1604448491,63.0,76.0,80.0,81.0,18.8,57.1
1604448492,63.0,76.0,81.0,82.0,18.8,57.1
1604448493,62.0,76.0,82.0,82.0,18.8,57.1
1604448494,62.0,76.0,82.0,82.0,18.8,57.1
1604448495,63.0,75.0,83.0,83.0,18.8,57.1
1604448496,63.0,75.0,83.0,83.0,18.8,57.1
1604448497,63.0,75.0,83.0,83.0,18.8,57.1
1604448498,63.0,74.0,83.0,83.0,18.8,57.1
1604448499,63.0,74.0,82.0,82.0,18.8,57.1
1604448500,63.0,74.0,81.0,82.0,18.8,57.1
1604448501,64.0,74.0,81.0,81.0,18.7,57.2
1604448502,65.0,74.0,80.0,81.0,18.7,57.2
1604448503,65.0,74.0,80.0,80.0,18.7,57.2
1604448504,66.0,74.0,80.0,80.0,18.7,57.2
1604448505,66.0,75.0,81.0,80.0,18.7,57.2
1604448506,66.0,75.0,81.0,78.0,18.8,57.1
1604448507,66.0,75.0,82.0,78.0,18.8,57.1
1604448508,67.0,75.0,82.0,78.0,18.8,57.1
1604448509,67.0,75.0,83.0,78.0,18.8,57.1
1604448510,67.0,75.0,84.0,78.0,18.8,57.1
1604448511,67.0,75.0,84.0,78.0,18.7,57.0
1604448512,67.0,75.0,84.0,79.0,18.7,57.0
1604448513,67.0,75.0,84.0,79.0,18.7,57.0
1604448514,67.0,75.0,84.0,79.0,18.7,57.0
1604448515,67.0,75.0,83.0,79.0,18.7,57.0
1604448516,67.0,74.0,83.0,80.0,18.8,57.2
1604448517,68.0,74.0,83.0,79.0,18.8,57.2
1604448518,68.0,74.0,82.0,79.0,18.8,57.2
1604448519,68.0,74.0,81.0,80.0,18.8,57.2
1604448520,69.0,73.0,81.0,79.0,18.8,57.2
1604448521,69.0,73.0,81.0,79.0,18.7,57.1
1604448522,69.0,73.0,81.0,79.0,18.7,57.1
1604448523,69.0,73.0,81.0,79.0,18.7,57.1
1604448524,69.0,72.0,82.0,79.0,18.7,57.1
1604448525,69.0,72.0,82.0,79.0,18.7,57.1
1604448526,69.0,72.0,82.0,80.0,18.8,57.2
1604448527,70.0,73.0,82.0,80.0,18.8,57.2
1604448528,70.0,73.0,82.0,81.0,18.8,57.2
1604448529,70.0,73.0,82.0,81.0,18.8,57.2
1604448530,70.0,74.0,83.0,81.0,18.8,57.2
1604448531,70.0,74.0,83.0,81.0,18.7,57.1
1604448532,70.0,75.0,82.0,81.0,18.7,57.1
1604448533,70.0,76.0,82.0,81.0,18.7,57.1
1604448534,70.0,76.0,82.0,81.0,18.7,57.1
1604448535,70.0,77.0,83.0,81.0,18.7,57.1
1604448536,70.0,78.0,83.0,81.0,18.7,57.2
1604448537,70.0,78.0,83.0,81.0,18.7,57.2
1604448538,69.0,78.0,83.0,81.0,18.7,57.2
1604448539,69.0,79.0,83.0,81.0,18.7,57.2
1604448540,69.0,79.0,82.0,82.0,18.7,57.2
1604448541,69.0,79.0,82.0,82.0,18.8,57.3
1604448542,69.0,79.0,82.0,83.0,18.8,57.3
1604448543,69.0,79.0,81.0,83.0,18.8,57.3
1604448544,68.0,78.0,81.0,84.0,18.8,57.3
1604448545,68.0,78.0,80.0,84.0,18.8,57.3
1604448546,67.0,78.0,80.0,84.0,18.7,57.2
1604448547,67.0,77.0,80.0,84.0,18.7,57.2
1604448548,67.0,77.0,79.0,84.0,18.7,57.2
1604448549,67.0,77.0,79.0,84.0,18.7,57.2
1604448550,68.0,76.0,79.0,84.0,18.7,57.2
1604448551,68.0,76.0,79.0,83.0,18.8,57.2
1604448552,68.0,75.0,79.0,83.0,18.8,57.2
1604448553,68.0,75.0,79.0,82.0,18.8,57.2
1604448554,69.0,75.0,79.0,81.0,18.8,57.2
1604448555,69.0,74.0,80.0,81.0,18.8,57.2
1604448556,69.0,74.0,80.0,81.0,18.8,57.2
1604448557,70.0,74.0,80.0,80.0,18.8,57.2
1604448558,70.0,74.0,80.0,81.0,18.8,57.2
1604448559,69.0,74.0,80.0,81.0,18.8,57.2
1604448560,69.0,74.0,80.0,80.0,18.8,57.2
1604448561,69.0,74.0,80.0,81.0,18.8,57.2
1604448562,68.0,74.0,79.0,81.0,18.8,57.2
1604448563,68.0,75.0,79.0,81.0,18.8,57.2
1604448564,67.0,75.0,79.0,82.0,18.8,57.2
1604448565,67.0,76.0,79.0,82.0,18.8,57.2
1604448566,66.0,76.0,80.0,82.0,18.8,57.2
1604448567,66.0,76.0,80.0,82.0,18.8,57.2
1604448568,66.0,75.0,80.0,82.0,18.8,57.2
1604448569,66.0,75.0,80.0,82.0,18.8,57.2
1604448570,66.0,75.0,81.0,82.0,18.8,57.2
1604448571,67.0,76.0,81.0,82.0,18.8,57.2
1604448572,67.0,75.0,81.0,82.0,18.8,57.2
1604448573,67.0,75.0,83.0,81.0,18.8,57.2
1604448574,67.0,75.0,82.0,81.0,18.8,57.2
1604448575,67.0,75.0,82.0,81.0,18.8,57.2
1604448576,67.0,75.0,82.0,80.0,18.8,57.2
1604448577,67.0,75.0,82.0,80.0,18.8,57.2
1604448578,68.0,76.0,81.0,80.0,18.8,57.2
1604448579,68.0,76.0,80.0,79.0,18.8,57.2
1604448580,68.0,76.0,80.0,79.0,18.8,57.2
1604448581,68.0,76.0,80.0,78.0,18.8,57.2
1604448582,68.0,76.0,80.0,78.0,18.8,57.2
1604448583,68.0,76.0,80.0,78.0,18.8,57.2
1604448584,68.22222222222223,76.0,80.0,78.0,18.8,57.2
1604448585,68.44444444444444,76.0,80.0,78.0,18.8,57.2
1604448586,68.66666666666667,76.0,80.0,78.0,18.8,57.2
1604448587,68.88888888888889,76.0,80.0,78.0,18.8,57.2
1604448588,69.11111111111111,76.0,80.0,78.0,18.8,57.2
1604448589,69.33333333333333,76.0,80.0,78.0,18.8,57.2
1604448590,69.55555555555556,76.0,80.0,78.0,18.8,57.2
1604448591,69.77777777777777,76.0,80.0,78.0,18.8,57.2
1604448592,70.0,76.0,80.0,78.0,18.8,57.2
1604448593,70.0,76.0,80.0,78.0,18.8,57.2
1604448594,70.0,75.0,80.0,78.0,18.7,57.1
1604448595,69.0,75.0,80.0,79.0,18.7,57.1
1604448596,69.0,74.0,80.0,79.0,18.7,57.1
1604448597,69.0,74.0,80.0,79.0,18.7,57.1
1604448598,68.0,73.0,80.0,80.0,18.7,57.1
1604448599,68.0,73.0,80.0,80.0,18.7,57.0
1604448600,67.0,73.0,80.0,80.0,18.7,57.0
1604448601,67.0,73.0,79.0,80.0,18.7,57.0
1604448602,67.0,72.0,79.0,81.0,18.7,57.0
1604448603,67.0,72.0,78.0,81.0,18.7,57.0
1604448604,67.0,72.0,78.0,81.0,18.7,57.1
1604448605,67.0,72.0,77.0,81.0,18.7,57.1
1604448606,67.0,72.0,77.0,81.0,18.7,57.1
1604448607,67.0,72.0,77.0,81.0,18.7,57.1
1604448608,67.0,72.0,77.0,81.0,18.7,57.1
1604448609,67.0,72.0,77.0,80.0,18.7,57.1
1604448610,67.0,73.0,78.0,80.0,18.7,57.1
1604448611,67.0,73.0,78.0,80.0,18.7,57.1
1604448612,67.0,73.0,79.0,79.0,18.7,57.1
1604448613,67.0,73.0,80.0,79.0,18.7,57.1
1604448614,67.0,73.0,80.0,79.0,18.7,57.0
1604448615,66.0,72.0,81.0,79.0,18.7,57.0
1604448616,66.0,72.0,81.0,79.0,18.7,57.0
1604448617,66.0,72.0,82.0,80.0,18.7,57.0
1604448618,66.0,72.0,82.0,80.0,18.7,57.0
1604448619,66.0,72.0,82.0,80.0,18.7,57.0
1604448620,66.0,73.0,82.0,80.0,18.7,57.0
1604448621,66.0,73.0,82.0,80.0,18.7,57.0
1604448622,66.0,73.0,82.0,80.0,18.7,57.0
1604448623,67.0,73.0,82.0,81.0,18.7,57.0
1604448624,67.0,74.0,82.0,81.0,18.7,57.0
1604448625,68.0,74.0,82.0,81.0,18.7,57.0
1604448626,68.0,74.0,82.0,81.0,18.7,57.0
1604448627,70.0,74.0,82.0,80.0,18.7,57.0
1604448628,70.0,74.0,82.0,80.0,18.7,57.0
1604448629,70.0,74.0,83.0,80.0,18.7,57.0
1604448630,70.0,74.0,82.0,80.0,18.7,57.0
1604448631,70.0,74.0,82.0,80.0,18.7,57.0
1604448632,70.0,74.0,82.0,81.0,18.7,57.0
1604448633,70.0,74.0,82.0,81.0,18.7,57.0
1604448634,70.0,74.0,81.0,81.0,18.7,57.1
1604448635,69.0,74.0,81.0,80.0,18.7,57.1
1604448636,69.0,73.0,81.0,80.0,18.7,57.1
1604448637,69.0,73.0,80.0,80.0,18.7,57.1
1604448638,68.0,73.0,79.0,80.0,18.7,57.1
1604448639,67.0,73.0,79.0,80.0,18.7,57.1
1604448640,67.0,73.0,78.0,79.0,18.7,57.1
1604448641,67.0,73.0,78.0,79.0,18.7,57.1
1604448642,67.0,73.0,77.0,78.0,18.7,57.1
1604448643,67.0,72.0,77.0,78.0,18.7,57.1
1604448644,67.0,72.0,76.0,78.0,18.7,57.0
1604448645,67.0,72.0,76.0,78.0,18.7,57.0
1604448646,67.0,73.0,76.0,78.0,18.7,57.0
1604448647,67.0,73.0,77.0,79.0,18.7,57.0
1604448648,67.0,73.0,77.0,79.0,18.7,57.0
1604448649,68.0,74.0,77.0,79.0,18.7,57.1
1604448650,68.0,74.0,78.0,80.0,18.7,57.1
1604448651,68.0,74.0,78.0,80.0,18.7,57.1
1604448652,68.0,75.0,79.0,81.0,18.7,57.1
1604448653,67.0,75.0,79.0,82.0,18.7,57.1
1604448654,68.0,75.0,79.0,83.0,18.7,57.1
1604448655,68.0,75.0,79.0,83.0,18.7,57.1
1604448656,68.0,75.0,80.0,83.0,18.7,57.1
1604448657,68.0,74.0,80.0,83.0,18.7,57.1
1604448658,68.0,73.0,80.0,83.0,18.7,57.1
1604448659,67.0,73.0,80.0,83.0,18.7,57.0
1604448660,67.0,72.0,80.0,83.0,18.7,57.0
1604448661,67.0,72.0,80.0,83.0,18.7,57.0
1604448662,67.0,72.0,80.0,81.0,18.7,57.0
1604448663,66.0,72.0,81.0,81.0,18.7,57.0
1604448664,66.0,72.0,81.0,81.0,18.7,56.9
1604448665,66.0,72.0,81.0,80.0,18.7,56.9
1604448666,66.0,72.0,81.0,80.0,18.7,56.9
1604448667,66.0,72.0,82.0,79.0,18.7,56.9
1604448668,66.0,72.0,82.0,79.0,18.7,56.9
1604448669,66.0,73.0,82.0,79.0,18.7,56.9
1604448670,65.0,73.0,82.0,80.0,18.7,56.9
1604448671,65.0,73.0,82.0,80.0,18.7,56.9
1604448672,65.0,73.0,82.0,80.0,18.7,56.9
1604448673,65.0,73.0,82.0,81.0,18.7,56.9
1604448674,65.0,73.0,82.0,81.0,18.7,56.9
1604448675,65.0,72.0,82.0,82.0,18.7,56.9
1604448676,65.0,72.0,81.0,82.0,18.7,56.9
1604448677,65.0,72.0,81.0,82.0,18.7,56.9
1604448678,65.0,71.0,82.0,83.0,18.7,56.9
1604448679,65.0,71.0,82.0,83.0,18.7,56.8
1604448680,65.0,70.0,82.0,83.0,18.7,56.8
1604448681,65.0,70.0,82.0,83.0,18.7,56.8
1604448682,65.0,70.0,83.0,83.0,18.7,56.8
1604448683,66.0,70.0,83.0,83.0,18.7,56.8
1604448684,66.0,70.0,83.0,83.0,18.7,56.8
1604448685,66.0,71.0,83.0,83.0,18.7,56.8
1604448686,66.0,71.0,83.0,83.0,18.7,56.8
1604448687,66.0,72.0,83.0,82.0,18.7,56.8
1604448688,66.0,72.0,82.0,82.0,18.7,56.8
1604448689,66.0,72.0,82.0,82.0,18.7,56.8
1604448690,66.0,73.0,81.0,82.0,18.7,56.8
1604448691,66.0,73.0,81.0,81.0,18.7,56.8
1604448692,66.0,73.0,80.0,81.0,18.7,56.8
1604448693,65.0,74.0,80.0,81.0,18.7,56.8
1604448694,65.0,75.0,80.0,81.0,18.7,56.7
1604448695,65.0,75.0,80.0,81.0,18.7,56.7
1604448696,66.0,75.0,79.0,81.0,18.7,56.7
1604448697,66.0,75.0,80.0,81.0,18.7,56.7
1604448698,67.0,75.0,80.0,81.0,18.7,56.7
1604448699,67.0,76.0,80.0,81.0,18.7,56.7
1604448700,68.0,76.0,80.0,81.0,18.7,56.7
1604448701,68.0,77.0,81.0,80.0,18.7,56.7
1604448702,69.0,77.0,82.0,80.0,18.7,56.7
1604448703,69.0,78.0,82.0,79.0,18.7,56.7
1604448704,69.0,78.0,82.0,79.0,18.7,56.8
1604448705,69.0,78.0,82.0,79.0,18.7,56.8
1604448706,69.0,78.0,82.0,78.0,18.7,56.8
1604448707,68.0,79.0,83.0,78.0,18.7,56.8
1604448708,68.0,79.0,83.0,78.0,18.7,56.8
1604448709,68.0,79.0,83.0,78.0,18.7,56.6
1604448710,68.0,79.0,83.0,78.0,18.7,56.6
1604448711,68.0,78.0,83.0,79.0,18.7,56.6
1604448712,68.0,78.0,82.0,79.0,18.7,56.6
1604448713,68.0,77.0,82.0,80.0,18.7,56.6
1604448714,67.0,76.0,82.0,80.0,18.7,56.6
1604448715,67.0,76.0,82.0,80.0,18.7,56.6
1604448716,68.0,75.0,82.0,81.0,18.7,56.6
1604448717,68.0,75.0,81.0,82.0,18.7,56.6
1604448718,68.0,74.0,81.0,82.0,18.7,56.6
1604448719,68.0,74.0,81.0,82.0,18.7,56.5
1604448720,68.0,73.0,80.0,83.0,18.7,56.5
1604448721,68.0,73.0,80.0,83.0,18.7,56.5
1604448722,68.0,73.0,80.0,83.0,18.7,56.5
1604448723,68.0,72.0,80.0,83.0,18.7,56.5
1604448724,68.0,72.0,81.0,83.0,18.7,56.5
1604448725,69.0,72.0,81.0,83.0,18.7,56.5
1604448726,68.0,72.0,81.0,83.0,18.7,56.5
1604448727,68.0,72.0,81.0,84.0,18.7,56.5
1604448728,68.0,72.0,81.0,84.0,18.7,56.5
1604448729,67.0,72.0,81.0,83.0,18.7,56.5
1604448730,67.0,72.0,81.0,83.0,18.7,56.5
1604448731,67.0,72.0,81.0,83.0,18.7,56.5
1604448732,67.0,72.0,81.0,84.0,18.7,56.5
1604448733,67.0,72.0,81.0,84.0,18.7,56.5
1604448734,66.0,72.0,80.0,84.0,18.7,56.4
1604448735,66.0,72.0,80.0,84.0,18.7,56.4
1604448736,66.0,72.0,80.0,83.0,18.7,56.4
1604448737,66.0,73.0,80.0,83.0,18.7,56.4
1604448738,66.0,73.0,80.0,82.0,18.7,56.4
1604448739,67.0,73.0,80.0,82.0,18.7,56.5
1604448740,67.0,73.0,80.0,82.0,18.7,56.5
1604448741,67.0,73.0,80.0,81.0,18.7,56.5
1604448742,67.0,73.0,80.0,81.0,18.7,56.5
1604448743,67.0,73.0,81.0,80.0,18.7,56.5
1604448744,67.0,73.0,81.0,80.0,18.7,56.4
1604448745,67.0,73.0,81.0,80.0,18.7,56.4
1604448746,67.0,73.0,81.0,80.0,18.7,56.4
1604448747,67.0,73.0,81.0,80.0,18.7,56.4
1604448748,67.0,74.0,81.0,80.0,18.7,56.4
1604448749,67.0,74.0,80.0,80.0,18.7,56.5
1604448750,66.0,74.0,80.0,80.0,18.7,56.5
1604448751,66.0,75.0,79.0,80.0,18.7,56.5
1604448752,66.0,75.0,79.0,81.0,18.7,56.5
1604448753,66.0,75.0,78.0,81.0,18.7,56.5
1604448754,66.0,76.0,78.0,81.0,18.7,56.5
1604448755,66.0,76.0,78.0,81.0,18.7,56.5
1604448756,66.0,75.0,78.0,82.0,18.7,56.5
1604448757,66.0,75.0,78.0,83.0,18.7,56.5
1604448758,66.0,75.0,78.0,83.0,18.7,56.5
1604448759,66.0,75.0,78.0,83.0,18.7,56.5
1604448760,66.0,75.0,78.0,84.0,18.7,56.5
1604448761,66.0,75.0,78.0,84.0,18.7,56.5
1604448762,66.0,75.0,78.0,84.0,18.7,56.5
1604448763,66.0,75.0,78.0,84.0,18.7,56.5
1604448764,66.0,75.0,78.0,84.0,18.6,56.5
1604448765,66.0,76.0,78.0,84.0,18.6,56.5
1604448766,66.0,76.0,78.0,84.0,18.6,56.5
1604448767,66.0,77.0,78.0,83.0,18.6,56.5
1604448768,66.0,77.0,78.0,82.0,18.6,56.5
1604448769,66.0,77.0,78.0,82.0,18.7,56.7
1604448770,67.0,77.0,77.0,82.0,18.7,56.7
1604448771,67.0,76.0,78.0,80.0,18.7,56.7
1604448772,67.0,76.0,78.0,80.0,18.7,56.7
1604448773,67.0,75.0,78.0,79.0,18.7,56.7
1604448774,67.0,75.0,79.0,79.0,18.7,56.7
1604448775,68.0,75.0,79.0,79.0,18.7,56.7
1604448776,68.0,74.0,79.0,79.0,18.7,56.7
1604448777,68.0,74.0,79.0,79.0,18.7,56.7
1604448778,68.0,74.0,79.0,79.0,18.7,56.7
1604448779,68.0,74.0,79.0,79.0,18.6,56.7
1604448780,68.0,74.0,80.0,79.0,18.6,56.7
1604448781,68.0,74.0,80.0,79.0,18.6,56.7
1604448782,68.0,74.0,80.0,80.0,18.6,56.7
1604448783,68.0,74.0,80.0,80.0,18.6,56.7
1604448784,68.0,74.0,80.0,80.0,18.7,56.8
1604448785,68.0,74.0,80.0,80.0,18.7,56.8
1604448786,68.0,74.0,81.0,81.0,18.7,56.8
1604448787,68.0,74.0,81.0,81.0,18.7,56.8
1604448788,69.0,74.0,81.0,81.0,18.7,56.8
1604448789,69.2,74.0,81.0,81.1,18.69,56.8
1604448790,69.4,74.0,81.0,81.2,18.68,56.8
1604448791,69.6,74.0,81.0,81.3,18.67,56.8
1604448792,69.8,74.0,81.0,81.4,18.66,56.8
1604448793,70.0,74.0,81.0,81.5,18.65,56.8
1604448794,70.2,74.0,81.0,81.6,18.64,56.8
1604448795,70.4,74.0,81.0,81.7,18.630000000000003,56.8
1604448796,70.6,74.0,81.0,81.8,18.62,56.8
1604448797,70.8,74.0,81.0,81.9,18.61,56.8
1604448798,71.0,74.0,81.0,82.0,18.6,56.8
1604448799,70.0,74.0,81.0,82.0,18.6,56.8
1604448800,69.0,74.0,81.0,82.0,18.6,56.8
1604448801,69.0,73.0,81.0,82.0,18.6,56.8
1604448802,69.0,73.0,81.0,83.0,18.6,56.8
1604448803,68.0,73.0,81.0,83.0,18.7,56.8
1604448804,68.0,72.0,81.0,82.0,18.7,56.8
1604448805,67.0,72.0,80.0,82.0,18.7,56.8
1604448806,67.0,72.0,80.0,82.0,18.7,56.8
1604448807,67.0,72.0,80.0,82.0,18.7,56.8
1604448808,67.0,72.0,80.0,82.0,18.7,56.8
1604448809,67.0,72.0,79.0,81.0,18.7,56.8
1604448810,66.0,72.0,79.0,81.0,18.7,56.8
1604448811,66.0,72.0,79.0,81.0,18.7,56.8
1604448812,66.0,72.0,78.0,81.0,18.7,56.8
1604448813,66.0,72.0,78.0,82.0,18.7,56.9
1604448814,66.0,72.0,78.0,82.0,18.7,56.9
1604448815,66.0,72.0,78.0,82.0,18.7,56.9
1604448816,66.0,72.0,78.0,83.0,18.7,56.9
1604448817,66.0,73.0,78.0,83.0,18.7,56.9
1604448818,66.0,72.0,78.0,83.0,18.7,56.8
1604448819,66.0,72.0,78.0,83.0,18.7,56.8
1604448820,67.0,72.0,79.0,83.0,18.7,56.8
1604448821,67.0,72.0,79.0,83.0,18.7,56.8
1604448822,67.0,72.0,79.0,83.0,18.7,56.8
1604448823,67.0,73.0,80.0,83.0,18.7,56.7
1604448824,67.0,73.0,80.0,82.0,18.7,56.7
1604448825,67.0,73.0,80.0,82.0,18.7,56.7
1604448826,67.0,73.0,80.0,81.0,18.7,56.7
1604448827,67.0,73.0,80.0,81.0,18.7,56.7
1604448828,68.0,73.0,80.0,81.0,18.7,56.7
1604448829,68.0,73.0,80.0,81.0,18.7,56.7
1604448830,68.0,73.0,81.0,81.0,18.7,56.7
1604448831,68.0,74.0,81.0,80.0,18.7,56.7
1604448832,67.0,74.0,81.0,80.0,18.7,56.7
1604448833,67.0,75.0,81.0,80.0,18.7,56.7
1604448834,67.0,75.0,81.0,80.0,18.7,56.7
1604448835,68.0,76.0,81.0,81.0,18.7,56.7
1604448836,68.0,76.0,81.0,81.0,18.7,56.7
1604448837,68.0,77.0,83.0,81.0,18.7,56.7
1604448838,68.0,77.0,83.0,81.0,18.7,56.7
1604448839,68.0,77.0,83.0,81.0,18.7,56.7
1604448840,69.0,77.0,82.0,81.0,18.7,56.7
1604448841,69.0,77.0,82.0,81.0,18.7,56.7
1604448842,69.0,76.0,82.0,81.0,18.7,56.7
1604448843,69.0,76.0,81.0,81.0,18.7,56.6
1604448844,69.0,75.0,81.0,81.0,18.7,56.6
1604448845,69.0,75.0,80.0,80.0,18.7,56.6
1604448846,69.0,75.0,80.0,80.0,18.7,56.6
1604448847,68.0,75.0,80.0,79.0,18.7,56.6
1604448848,68.0,74.0,80.0,79.0,18.7,56.7
1604448849,68.0,74.0,80.0,79.0,18.7,56.7
1604448850,68.0,74.0,80.0,79.0,18.7,56.7
1604448851,68.0,74.0,80.0,79.0,18.7,56.7
1604448852,67.0,74.0,80.0,79.0,18.7,56.7
1604448853,67.0,74.0,80.0,78.0,18.7,56.7
1604448854,67.0,74.0,81.0,79.0,18.7,56.7
1604448855,67.0,74.0,81.0,79.0,18.7,56.7
1604448856,67.0,74.0,81.0,79.0,18.7,56.7
1604448857,67.0,75.0,81.0,79.0,18.7,56.7
1604448858,66.0,75.0,81.0,79.0,18.7,56.7
1604448859,66.0,75.0,81.0,79.0,18.7,56.7
1604448860,66.0,76.0,81.0,79.0,18.7,56.7
1604448861,66.0,76.0,81.0,79.0,18.7,56.7
1604448862,66.0,76.0,81.0,79.0,18.7,56.7
1604448863,66.0,76.0,81.0,79.0,18.7,56.6
1604448864,66.0,76.0,81.0,79.0,18.7,56.6
1604448865,66.0,76.0,81.0,79.0,18.7,56.6
1604448866,66.0,75.0,81.0,79.0,18.7,56.6
1604448867,66.0,75.0,81.0,80.0,18.7,56.6
1604448868,66.0,75.0,81.0,80.0,18.7,56.6
1604448869,67.0,75.0,81.0,80.0,18.7,56.6
1604448870,67.0,74.0,81.0,80.0,18.7,56.6
1604448871,67.0,74.0,81.0,80.0,18.7,56.6
1604448872,67.0,74.0,81.0,80.0,18.7,56.6
1604448873,67.0,74.0,81.0,80.0,18.7,56.8
1604448874,67.0,74.0,81.0,81.0,18.7,56.8
1604448875,67.0,74.0,81.0,81.0,18.7,56.8
1604448876,67.0,74.0,80.0,81.0,18.7,56.8
1604448877,67.0,74.0,81.0,81.0,18.7,56.8
1604448878,67.0,74.0,81.0,81.0,18.7,56.8
1604448879,67.0,74.0,81.0,81.0,18.7,56.8
1604448880,67.0,74.0,81.0,82.0,18.7,56.8
1604448881,67.0,74.0,81.0,82.0,18.7,56.8
1604448882,67.0,74.0,81.0,82.0,18.7,56.8
1604448883,67.0,74.0,81.0,82.0,18.7,56.8
1604448884,67.0,74.0,81.0,82.0,18.7,56.8
1604448885,67.0,74.0,81.0,82.0,18.7,56.8
1604448886,67.0,74.0,81.0,82.0,18.7,56.8
1604448887,67.0,73.0,80.0,82.0,18.7,56.8
1604448888,67.0,73.0,80.0,82.0,18.7,56.8
1604448889,68.0,73.0,80.0,82.0,18.7,56.8
1604448890,68.0,73.0,81.0,82.0,18.7,56.8
1604448891,68.0,73.0,81.0,82.0,18.7,56.8
1604448892,68.0,73.0,82.0,82.0,18.7,56.8
1604448893,68.0,73.0,82.0,82.0,18.7,56.7
1604448894,67.0,73.0,82.0,83.0,18.7,56.7
1604448895,67.0,73.0,82.0,83.0,18.7,56.7
1604448896,67.0,73.0,84.0,83.0,18.7,56.7
1604448897,67.0,73.0,84.0,83.0,18.7,56.7
1604448898,67.0,73.0,84.0,83.0,18.7,56.5
1604448899,67.0,73.0,84.0,83.0,18.7,56.5
1604448900,68.0,72.0,84.0,83.0,18.7,56.5
1604448901,68.0,73.0,83.0,83.0,18.7,56.5
1604448902,68.0,73.0,82.0,83.0,18.7,56.5
1604448903,68.0,73.0,81.0,83.0,18.6,56.4
1604448904,68.0,73.0,81.0,83.0,18.6,56.4
1604448905,68.0,73.0,80.0,83.0,18.6,56.4
1604448906,69.0,73.0,79.0,83.0,18.6,56.4
1604448907,69.0,73.0,78.0,83.0,18.6,56.4
1604448908,69.0,73.0,77.0,81.0,18.7,56.5
1604448909,69.0,74.0,77.0,81.0,18.7,56.5
1604448910,69.0,74.0,77.0,81.0,18.7,56.5
1604448911,69.0,74.0,77.0,80.0,18.7,56.5
1604448912,69.0,75.0,77.0,80.0,18.7,56.5
1604448913,69.0,75.0,77.0,80.0,18.7,56.5
1604448914,69.0,75.0,77.0,79.0,18.7,56.5
1604448915,68.0,75.0,77.0,79.0,18.7,56.5
1604448916,68.0,75.0,77.0,79.0,18.7,56.5
1604448917,68.0,75.0,77.0,79.0,18.7,56.5
1604448918,68.0,75.0,77.0,79.0,18.7,56.5
1604448919,68.0,75.0,77.0,79.0,18.7,56.5
1604448920,68.0,75.0,77.0,79.0,18.7,56.5
1604448921,68.0,75.0,78.0,79.0,18.7,56.5
1604448922,68.0,75.0,78.0,80.0,18.7,56.5
1604448923,68.0,75.0,78.0,80.0,18.7,56.5
1604448924,69.0,75.0,78.0,80.0,18.7,56.5
1604448925,69.0,75.0,79.0,80.0,18.7,56.5
1604448926,69.0,75.0,79.0,80.0,18.7,56.5
1604448927,70.0,75.0,80.0,80.0,18.7,56.5
1604448928,70.0,75.0,80.0,81.0,18.7,56.5
1604448929,71.0,75.0,81.0,81.0,18.7,56.5
1604448930,71.0,75.0,81.0,81.0,18.7,56.5
1604448931,71.0,75.0,82.0,81.0,18.7,56.5
1604448932,71.0,74.0,82.0,81.0,18.7,56.5
1604448933,71.0,74.0,83.0,81.0,18.7,56.5
1604448934,71.0,74.0,83.0,81.0,18.7,56.5
1604448935,71.0,74.0,83.0,82.0,18.7,56.5
1604448936,71.0,74.0,84.0,82.0,18.7,56.5
1604448937,70.0,73.0,84.0,82.0,18.7,56.5
1604448938,70.0,73.0,83.0,82.0,18.7,56.5
1604448939,70.0,73.0,83.0,83.0,18.7,56.5
1604448940,70.0,73.0,83.0,83.0,18.7,56.5
1604448941,70.0,74.0,83.0,83.0,18.7,56.5
1604448942,69.0,74.0,81.0,84.0,18.7,56.5
1604448943,69.0,74.0,81.0,83.0,18.7,56.5
1604448944,69.0,75.0,80.0,84.0,18.7,56.5
1604448945,69.0,75.0,80.0,84.0,18.7,56.5
1604448946,69.0,75.0,79.0,84.0,18.7,56.5
1604448947,67.0,76.0,79.0,84.0,18.7,56.5
1604448948,67.0,76.0,79.0,84.0,18.6,56.3
1604448949,67.0,76.0,79.0,84.0,18.6,56.3
1604448950,67.0,76.0,79.0,84.0,18.6,56.3
1604448951,67.0,76.0,79.0,84.0,18.6,56.3
1604448952,66.0,75.0,79.0,84.0,18.6,56.3
1604448953,66.0,75.0,80.0,84.0,18.6,56.3
1604448954,66.0,75.0,80.0,84.0,18.6,56.3
1604448955,66.0,74.0,80.0,84.0,18.6,56.3
1604448956,66.0,74.0,80.0,84.0,18.6,56.3
1604448957,67.0,74.0,80.0,84.0,18.6,56.3
1604448958,67.0,74.0,80.0,83.0,18.6,56.3
1604448959,68.0,73.0,79.0,83.0,18.6,56.3
1604448960,68.0,73.0,79.0,83.0,18.6,56.3
1604448961,69.0,73.0,79.0,82.0,18.6,56.3
1604448962,69.0,73.0,79.0,82.0,18.6,56.3
1604448963,69.0,73.0,79.0,81.0,18.7,56.4
1604448964,70.0,72.0,79.0,81.0,18.7,56.4
1604448965,70.0,72.0,78.0,80.0,18.7,56.4
1604448966,70.0,72.0,78.0,79.0,18.7,56.4
1604448967,70.0,72.0,78.0,79.0,18.7,56.4
1604448968,70.0,73.0,79.0,79.0,18.7,56.4
1604448969,70.0,73.0,79.0,79.0,18.7,56.4
1604448970,70.0,73.0,79.0,79.0,18.7,56.4
1604448971,69.0,73.0,79.0,79.0,18.7,56.4
1604448972,69.0,73.0,79.0,79.0,18.7,56.4
1604448973,69.0,74.0,79.0,79.0,18.7,56.4
1604448974,68.0,74.0,81.0,79.0,18.7,56.4
1604448975,68.0,74.0,81.0,79.0,18.7,56.4
1604448976,68.0,74.0,82.0,79.0,18.7,56.4
1604448977,68.0,74.0,82.0,79.0,18.7,56.4
1604448978,69.0,74.0,82.0,79.0,18.6,56.3
1604448979,69.0,74.0,83.0,79.0,18.6,56.3
1604448980,69.0,74.0,83.0,78.0,18.6,56.3
1604448981,69.0,74.0,83.0,78.0,18.6,56.3
1604448982,69.0,74.0,83.0,78.0,18.6,56.3
1604448983,69.0,74.0,82.0,78.0,18.7,56.4
1604448984,70.0,75.0,82.0,78.0,18.7,56.4
1604448985,69.0,75.0,81.0,78.0,18.7,56.4
1604448986,69.0,75.0,80.0,78.0,18.7,56.4
1604448987,69.0,75.0,80.0,79.0,18.7,56.4
1604448988,68.0,75.0,80.0,79.0,18.6,56.3
1604448989,67.0,75.0,79.0,79.0,18.6,56.3
1604448990,67.0,75.0,79.0,80.0,18.6,56.3
1604448991,66.0,75.0,79.0,80.0,18.6,56.3
1604448992,66.0,75.0,79.0,81.0,18.6,56.3
1604448993,65.0,75.0,79.0,81.0,18.6,56.3
1604448994,65.0,75.0,79.0,81.0,18.6,56.3
1604448995,65.0,75.0,79.0,82.0,18.6,56.3
1604448996,64.0,75.0,79.0,82.0,18.6,56.3
1604448997,64.0,75.0,80.0,82.0,18.6,56.3
1604448998,65.0,75.0,80.0,82.0,18.6,56.3
1604448999,65.0,74.0,80.0,83.0,18.6,56.3
1604449000,65.0,74.0,79.0,83.0,18.6,56.3
1604449001,65.0,74.0,79.0,83.0,18.6,56.3
1604449002,66.0,73.0,79.0,83.0,18.6,56.3
1604449003,66.0,72.0,80.0,83.0,18.6,56.4
1604449004,66.22222222222223,72.0,79.88888888888889,83.0,18.6,56.4
1604449005,66.44444444444444,72.0,79.77777777777777,83.0,18.6,56.4
1604449006,66.66666666666667,72.0,79.66666666666667,83.0,18.6,56.4
1604449007,66.88888888888889,72.0,79.55555555555556,83.0,18.6,56.4
1604449008,67.11111111111111,72.0,79.44444444444444,83.0,18.6,56.4
1604449009,67.33333333333333,72.0,79.33333333333333,83.0,18.6,56.4
1604449010,67.55555555555556,72.0,79.22222222222223,83.0,18.6,56.4
1604449011,67.77777777777777,72.0,79.11111111111111,83.0,18.6,56.4
1604449012,68.0,72.0,79.0,83.0,18.6,56.4
1604449013,68.0,71.0,79.0,83.0,18.6,56.4
1604449014,68.0,71.0,79.0,83.0,18.6,56.4
1604449015,68.0,71.0,79.0,83.0,18.6,56.4
1604449016,68.0,72.0,79.0,83.0,18.6,56.4
1604449017,68.0,72.0,79.0,83.0,18.6,56.4
1604449018,68.0,72.0,79.0,83.0,18.6,56.4
1604449019,68.0,73.0,79.0,84.0,18.6,56.4
1604449020,68.0,73.0,79.0,84.0,18.6,56.4
1604449021,68.0,74.0,79.0,84.0,18.6,56.4
1604449022,68.0,74.0,80.0,84.0,18.6,56.4
1604449023,68.0,74.0,80.0,84.0,18.6,56.4
1604449024,68.0,74.0,81.0,84.0,18.6,56.4
1604449025,68.0,74.0,81.0,85.0,18.6,56.4
1604449026,68.0,74.0,81.0,85.0,18.6,53.2
1604449027,68.0,74.0,82.0,85.0,18.6,53.2
1604449028,67.0,74.0,83.0,84.0,18.6,53.2
1604449029,67.0,74.0,84.0,84.0,18.6,53.2
1604449030,67.0,74.0,84.0,83.0,18.6,53.2
1604449031,67.0,73.0,84.0,83.0,18.6,56.4
1604449032,67.0,73.0,84.0,83.0,18.6,56.4
1604449033,67.0,72.0,83.0,82.0,18.6,56.4
1604449034,66.0,73.0,83.0,82.0,18.6,56.4
1604449035,66.0,73.0,82.0,81.0,18.6,56.4
1604449036,66.0,73.0,81.0,81.0,18.6,56.5
1604449037,66.0,73.0,81.0,81.0,18.6,56.5
1604449038,66.0,72.0,79.0,81.0,18.6,56.5
1604449039,66.0,73.0,78.0,81.0,18.6,56.5
1604449040,66.0,73.0,77.0,81.0,18.6,56.5
1604449041,66.0,73.0,77.0,81.0,18.6,56.5
1604449042,66.0,73.0,76.0,82.0,18.6,56.5
1604449043,66.0,73.0,75.0,82.0,18.6,56.5
1604449044,67.0,73.0,75.0,82.0,18.6,56.5
1604449045,67.0,73.0,75.0,82.0,18.6,56.5
1604449046,67.0,73.0,75.0,82.0,18.5,56.4
1604449047,67.0,73.0,75.0,82.0,18.5,56.4
1604449048,67.0,73.0,75.0,82.0,18.5,56.4
1604449049,67.0,72.0,75.0,82.0,18.5,56.4
1604449050,67.0,72.0,76.0,82.0,18.5,56.4
1604449051,67.0,72.0,76.0,82.0,18.6,56.5
1604449052,68.0,72.0,77.0,82.0,18.6,56.5
1604449053,68.0,72.0,77.0,82.0,18.6,56.5
1604449054,68.0,72.0,77.0,82.0,18.6,56.5
1604449055,69.0,72.0,78.0,82.0,18.6,56.5
1604449056,70.0,72.0,78.0,82.0,18.6,56.6
1604449057,70.0,72.0,78.0,82.0,18.6,56.6
1604449058,70.0,72.0,79.0,82.0,18.6,56.6
1604449059,71.0,72.0,79.0,82.0,18.6,56.6
1604449060,72.0,72.0,79.0,83.0,18.6,56.6
1604449061,72.0,72.0,79.0,83.0,18.6,56.6
1604449062,72.0,72.0,79.0,83.0,18.6,56.6
1604449063,72.0,72.0,79.0,83.0,18.6,56.6
1604449064,72.0,72.0,79.0,83.0,18.6,56.6
1604449065,72.0,73.0,79.0,83.0,18.6,56.6
1604449066,72.0,73.0,80.0,83.0,18.6,56.6
1604449067,72.0,73.0,80.0,83.0,18.6,56.6
1604449068,71.0,73.0,80.0,83.0,18.6,56.6
1604449069,71.0,74.0,80.0,83.0,18.6,56.6
1604449070,70.0,74.0,81.0,82.0,18.6,56.6
1604449071,70.0,74.0,81.0,82.0,18.6,56.6
1604449072,69.0,74.0,81.0,82.0,18.6,56.6
1604449073,69.0,74.0,81.0,81.0,18.6,56.6
1604449074,68.0,73.0,81.0,81.0,18.6,56.6
1604449075,68.0,73.0,81.0,81.0,18.6,56.6
1604449076,67.0,73.0,80.0,81.0,18.6,56.5
1604449077,67.0,73.0,80.0,82.0,18.6,56.5
1604449078,66.0,72.0,80.0,82.0,18.6,56.5
1604449079,66.0,74.0,80.0,83.0,18.6,56.5
1604449080,66.0,74.0,80.0,84.0,18.6,56.5
1604449081,65.0,75.0,80.0,84.0,18.6,56.5
1604449082,65.0,75.0,80.0,85.0,18.6,56.5
1604449083,65.0,75.0,80.0,85.0,18.6,56.5
1604449084,65.0,75.0,80.0,85.0,18.6,56.5
1604449085,65.0,75.0,81.0,85.0,18.6,56.5
1604449086,65.0,75.0,81.0,84.0,18.6,56.5
1604449087,65.0,75.0,81.0,84.0,18.6,56.5
1604449088,65.0,75.0,81.0,83.0,18.6,56.5
1604449089,65.0,74.0,81.0,82.0,18.6,56.5
1604449090,65.0,74.0,81.0,81.0,18.6,56.5
1604449091,65.0,74.0,80.0,80.0,18.6,56.5
1604449092,65.0,73.0,80.0,80.0,18.6,56.5
1604449093,65.0,73.0,80.0,79.0,18.6,56.5
1604449094,65.0,73.0,79.0,78.0,18.6,56.5
1604449095,65.0,73.0,79.0,78.0,18.6,56.5
1604449096,66.0,73.0,78.0,78.0,18.6,56.5
1604449097,66.0,73.0,78.0,78.0,18.6,56.5
1604449098,66.0,73.0,78.0,78.0,18.6,56.5
1604449099,67.0,74.0,78.0,79.0,18.6,56.5
1604449100,67.0,74.0,77.0,79.0,18.6,56.5
1604449101,67.0,74.0,77.0,80.0,18.6,56.5
1604449102,67.0,74.0,77.0,81.0,18.6,56.5
1604449103,67.0,74.0,76.0,81.0,18.6,56.5
1604449104,67.0,74.0,76.0,82.0,18.6,56.5
1604449105,67.0,74.0,76.0,83.0,18.6,56.5
1604449106,67.0,74.0,76.0,83.0,18.6,56.5
1604449107,67.0,74.0,76.0,83.0,18.6,56.5
1604449108,68.0,74.0,76.0,84.0,18.6,56.5
1604449109,68.0,74.0,76.0,84.0,18.6,56.5
1604449110,68.0,73.0,76.0,83.0,18.6,56.5
1604449111,68.0,73.0,76.0,83.0,18.6,56.5
1604449112,69.0,73.0,76.0,83.0,18.6,56.5
1604449113,69.0,72.0,77.0,83.0,18.6,56.5
1604449114,69.0,72.0,77.0,82.0,18.6,56.5
1604449115,69.0,72.0,78.0,82.0,18.6,56.5
1604449116,69.0,71.0,78.0,82.0,18.6,56.5
1604449117,69.0,71.0,78.0,81.0,18.6,56.5
1604449118,69.0,71.0,79.0,81.0,18.6,56.5
1604449119,69.0,71.0,79.0,81.0,18.6,56.5
1604449120,68.0,71.0,79.0,80.0,18.6,56.5
1604449121,68.0,70.0,80.0,80.0,18.6,56.5
1604449122,67.0,70.0,80.0,80.0,18.6,56.5
1604449123,67.0,70.0,80.0,80.0,18.6,56.5
1604449124,67.0,70.0,80.0,80.0,18.6,56.5
1604449125,67.0,70.0,80.0,80.0,18.6,56.5
1604449126,67.0,71.0,80.0,80.0,18.6,56.5
1604449127,66.5,71.0,80.0,80.0,18.6,56.5
1604449128,66.0,71.0,80.0,80.0,18.6,56.5
1604449129,66.0,71.0,80.0,80.0,18.6,56.5
1604449130,66.0,72.0,79.0,80.0,18.6,56.5
1604449131,66.0,72.0,79.0,80.0,18.6,56.5
1604449132,66.0,72.0,78.0,80.0,18.6,56.5
1604449133,66.0,73.0,78.0,81.0,18.6,56.5
1604449134,67.0,73.0,78.0,82.0,18.6,56.5
1604449135,67.0,74.0,78.0,82.0,18.6,56.5
1604449136,67.0,74.0,78.0,82.0,18.6,56.5
1604449137,67.0,75.0,78.0,83.0,18.6,56.5
1604449138,68.0,75.0,78.0,84.0,18.6,56.5
1604449139,68.0,75.0,78.0,84.0,18.6,56.5
1604449140,69.0,75.0,78.0,85.0,18.6,56.5
1604449141,69.0,75.0,78.0,86.0,18.6,56.5
1604449142,69.0,76.0,78.0,86.0,18.6,56.5
1604449143,69.0,76.0,79.0,87.0,18.6,56.5
1604449144,69.0,76.0,79.0,86.0,18.6,56.5
1604449145,69.0,76.0,79.0,86.0,18.6,56.5
1604449146,69.0,76.0,80.0,85.0,18.6,56.5
1604449147,69.0,76.0,80.0,85.0,18.6,56.5
1604449148,69.0,75.0,80.0,85.0,18.6,56.5
1604449149,68.0,75.0,80.0,85.0,18.6,56.5
1604449150,68.0,75.0,80.0,85.0,18.6,56.5
1604449151,68.0,74.0,80.0,85.0,18.6,56.5
1604449152,68.0,74.0,80.0,86.0,18.6,56.5
1604449153,67.0,74.0,79.0,85.0,18.6,56.5
1604449154,67.0,73.0,79.0,86.0,18.6,56.5
1604449155,67.0,73.0,79.0,86.0,18.6,56.5
1604449156,67.0,73.0,79.0,86.0,18.6,56.5
1604449157,66.0,73.0,79.0,86.0,18.6,56.6
1604449158,66.0,73.0,79.0,86.0,18.6,56.6
1604449159,66.0,74.0,79.0,86.0,18.6,56.6
1604449160,66.0,74.0,79.0,86.0,18.6,56.6
1604449161,66.0,74.0,79.0,86.0,18.6,56.6
1604449162,66.0,75.0,80.0,86.0,18.6,56.5
1604449163,66.0,75.0,80.0,85.0,18.6,56.5
1604449164,66.0,74.0,80.0,85.0,18.6,56.5
1604449165,65.0,74.0,80.0,85.0,18.6,56.5
1604449166,66.0,74.0,80.0,84.0,18.6,56.5
1604449167,66.0,74.0,80.0,84.0,18.6,56.6
1604449168,66.0,73.0,80.0,84.0,18.6,56.6
1604449169,66.0,73.0,81.0,84.0,18.6,56.6
1604449170,66.0,73.0,81.0,83.0,18.6,56.6
1604449171,67.0,73.0,81.0,83.0,18.6,56.6
1604449172,67.0,73.0,81.0,83.0,18.6,56.6
1604449173,67.0,73.0,81.0,83.0,18.6,56.6
1604449174,67.0,73.0,81.0,84.0,18.6,56.6
1604449175,68.0,73.0,81.0,84.0,18.6,56.6
1604449176,68.0,73.0,81.0,84.0,18.6,56.6
1604449177,68.0,73.0,81.0,84.0,18.6,56.6
1604449178,67.0,73.0,81.0,84.0,18.6,56.6
1604449179,67.0,73.0,81.0,85.0,18.6,56.6
1604449180,67.0,73.0,81.0,85.0,18.6,56.6
1604449181,67.0,73.0,81.0,85.0,18.6,56.6
1604449182,67.0,73.0,81.0,86.0,18.6,56.6
1604449183,67.0,73.0,82.0,86.0,18.6,56.6
1604449184,66.0,73.0,82.0,85.0,18.6,56.6
1604449185,66.0,73.0,82.0,85.0,18.6,56.6
1604449186,66.0,73.0,82.0,85.0,18.6,56.6
1604449187,66.0,73.0,82.0,85.0,18.6,56.6
1604449188,67.0,73.0,83.0,85.0,18.6,56.6
1604449189,67.0,73.0,83.0,84.0,18.6,56.6
1604449190,67.0,73.0,83.0,84.0,18.6,56.6
1604449191,68.0,73.0,83.0,84.0,18.6,56.6
1604449192,68.0,72.0,83.0,84.0,18.6,56.7
1604449193,69.0,72.0,83.0,84.0,18.6,56.7
1604449194,70.0,71.0,82.0,83.0,18.6,56.7
1604449195,70.0,71.0,81.0,83.0,18.6,56.7
1604449196,70.0,70.0,81.0,83.0,18.6,56.7
1604449197,71.0,70.0,81.0,83.0,18.6,56.6
1604449198,71.0,70.0,81.0,83.0,18.6,56.6
1604449199,71.0,69.0,81.0,83.0,18.6,56.6
1604449200,71.0,69.0,82.0,83.0,18.6,56.6
1604449201,70.0,69.0,82.0,83.0,18.6,56.6
1604449202,70.0,70.0,82.0,83.0,18.6,56.6
1604449203,70.0,70.0,83.0,83.0,18.6,56.6
1604449204,69.0,70.0,84.0,83.0,18.6,56.6
1604449205,69.0,70.0,84.0,83.0,18.6,56.6
1604449206,69.0,71.0,84.0,83.0,18.6,56.6
1604449207,69.0,71.0,84.0,83.0,18.6,56.6
1604449208,68.0,71.0,84.0,83.0,18.6,56.6
1604449209,68.0,72.0,84.0,82.0,18.6,56.6
1604449210,68.0,72.0,84.0,82.0,18.6,56.6
1604449211,68.0,73.0,84.0,81.0,18.6,56.6
1604449212,68.0,73.0,84.0,81.0,18.6,56.6
1604449213,68.0,73.0,84.0,81.0,18.6,56.6
1604449214,67.0,73.0,84.0,81.0,18.6,56.6
1604449215,67.0,73.0,84.0,81.0,18.6,56.6
1604449216,66.88888888888889,73.11111111111111,84.0,81.0,18.6,56.6
1604449217,66.77777777777777,73.22222222222223,84.0,81.0,18.6,56.6
1604449218,66.66666666666667,73.33333333333333,84.0,81.0,18.6,56.6
1604449219,66.55555555555556,73.44444444444444,84.0,81.0,18.6,56.6
1604449220,66.44444444444444,73.55555555555556,84.0,81.0,18.6,56.6
1604449221,66.33333333333333,73.66666666666667,84.0,81.0,18.6,56.6
1604449222,66.22222222222223,73.77777777777777,84.0,81.0,18.6,56.6
1604449223,66.11111111111111,73.88888888888889,84.0,81.0,18.6,56.6
1604449224,66.0,74.0,84.0,81.0,18.6,56.6
1604449225,66.0,74.0,84.0,81.0,18.6,56.6
1604449226,66.0,74.0,84.0,81.0,18.6,56.6
1604449227,66.0,74.0,84.0,82.0,18.6,56.6
1604449228,66.0,74.0,84.0,82.0,18.6,56.6
1604449229,67.0,74.0,83.0,82.0,18.6,56.6
1604449230,67.0,74.0,83.0,82.0,18.6,56.6
1604449231,68.0,75.0,83.0,83.0,18.6,56.6
1604449232,68.0,75.0,83.0,84.0,18.6,56.6
1604449233,69.0,76.0,83.0,84.0,18.6,56.6
1604449234,69.0,76.0,83.0,84.0,18.6,56.6
1604449235,70.0,76.0,83.0,83.0,18.6,56.6
1604449236,70.0,77.0,84.0,83.0,18.6,56.6
1604449237,71.0,77.0,84.0,83.0,18.6,56.6
1604449238,71.0,78.0,84.0,82.0,18.6,56.6
1604449239,71.0,78.0,84.0,82.0,18.6,56.6
1604449240,71.0,79.0,84.0,82.0,18.6,56.5
1604449241,70.0,79.0,84.0,81.0,18.6,56.5
1604449242,70.0,79.0,84.0,81.0,18.6,56.5
1604449243,70.0,79.0,84.0,81.0,18.6,56.5
1604449244,70.0,78.0,84.0,81.0,18.6,56.5
1604449245,69.0,78.0,84.0,81.0,18.6,56.5
1604449246,69.0,77.0,83.0,81.0,18.6,56.5
1604449247,69.0,77.0,83.0,81.0,18.6,56.5
1604449248,69.0,76.0,82.0,82.0,18.6,56.5
1604449249,69.0,76.0,82.0,83.0,18.6,56.5
1604449250,68.0,76.0,82.0,83.0,18.6,56.5
1604449251,68.0,75.0,82.0,83.0,18.6,56.5
1604449252,68.0,75.0,82.0,84.0,18.6,56.5
1604449253,68.0,75.0,82.0,84.0,18.6,56.5
1604449254,68.0,75.0,81.0,84.0,18.6,56.5
1604449255,68.0,75.0,81.0,85.0,18.6,56.4
1604449256,68.0,75.0,81.0,85.0,18.6,56.4
1604449257,68.0,76.0,82.0,85.0,18.6,56.4
1604449258,68.0,76.0,82.0,85.0,18.6,56.4
1604449259,68.0,76.0,83.0,85.0,18.6,56.4
1604449260,68.0,76.0,83.0,85.0,18.6,56.4
1604449261,68.0,77.0,83.0,85.0,18.6,56.4
1604449262,68.0,77.0,84.0,84.0,18.6,56.4
1604449263,68.0,77.0,84.0,84.0,18.6,56.4
1604449264,68.0,77.0,84.0,84.0,18.6,56.4
1604449265,69.0,76.0,85.0,84.0,18.6,56.4
1604449266,69.0,76.0,85.0,84.0,18.6,56.4
1604449267,70.0,75.0,85.0,84.0,18.6,56.4
1604449268,70.0,75.0,84.0,84.0,18.6,56.4
1604449269,70.0,74.0,84.0,84.0,18.6,56.4
1604449270,71.0,74.0,84.0,84.0,18.7,56.5
1604449271,72.0,74.0,83.0,84.0,18.7,56.5
1604449272,72.0,74.0,82.0,84.0,18.7,56.5
1604449273,72.0,74.0,82.0,85.0,18.7,56.5
1604449274,72.0,74.0,81.0,85.0,18.7,56.5
1604449275,72.0,74.0,81.0,85.0,18.6,56.4
1604449276,71.0,74.0,81.0,85.0,18.6,56.4
1604449277,71.0,74.0,81.0,85.0,18.6,56.4
1604449278,71.0,74.0,81.0,86.0,18.6,56.4
1604449279,70.0,74.0,81.0,86.0,18.6,56.4
1604449280,70.0,74.0,82.0,86.0,18.6,56.4
1604449281,70.0,74.0,83.0,86.0,18.6,56.4
1604449282,70.0,73.0,83.0,85.0,18.6,56.4
1604449283,70.0,73.0,83.0,85.0,18.6,56.4
1604449284,70.0,72.0,84.0,84.0,18.6,56.4
1604449285,70.0,72.0,84.0,83.0,18.6,56.5
1604449286,70.0,71.0,84.0,83.0,18.6,56.5
1604449287,70.0,71.0,84.0,82.0,18.6,56.5
1604449288,70.0,70.0,85.0,81.0,18.6,56.5
1604449289,71.0,70.0,85.0,81.0,18.6,56.5
1604449290,70.0,70.0,85.0,80.0,18.6,56.4
1604449291,70.0,70.0,84.0,80.0,18.6,56.4
1604449292,70.0,70.0,84.0,80.0,18.6,56.4
1604449293,70.0,70.0,84.0,79.0,18.6,56.4
1604449294,69.0,71.0,85.0,79.0,18.6,56.4
1604449295,69.0,71.0,85.0,79.0,18.6,56.4
1604449296,68.0,72.0,85.0,79.0,18.6,56.4
1604449297,68.0,73.0,85.0,79.0,18.6,56.4
1604449298,68.0,73.0,84.0,80.0,18.6,56.4
1604449299,68.0,74.0,84.0,80.0,18.6,56.4
1604449300,68.0,74.0,85.0,80.0,18.6,56.4
1604449301,68.0,75.0,85.0,80.0,18.6,56.4
1604449302,68.0,76.0,85.0,81.0,18.6,56.4
1604449303,68.0,76.0,85.0,81.0,18.6,56.4
1604449304,68.0,78.0,86.0,82.0,18.6,56.4
1604449305,68.0,78.0,86.0,82.0,18.6,56.4
1604449306,68.0,75.0,86.0,83.0,18.6,56.4
1604449307,68.0,75.0,86.0,83.0,18.6,56.4
1604449308,68.0,75.0,86.0,84.0,18.6,56.4
1604449309,68.0,75.0,86.0,84.0,18.6,56.4
1604449310,68.0,75.0,86.0,84.0,18.6,56.4
1604449311,68.0,75.0,86.0,85.0,18.6,56.4
1604449312,67.0,75.0,86.0,85.0,18.6,56.4
1604449313,67.0,75.0,86.0,85.0,18.6,56.4
1604449314,67.0,75.0,86.0,85.0,18.6,56.4
1604449315,68.0,74.0,86.0,85.0,18.6,56.4
1604449316,68.0,74.0,86.0,85.0,18.6,56.4
1604449317,68.0,74.0,86.0,85.0,18.6,56.4
1604449318,68.0,74.0,87.0,85.0,18.6,56.4
1604449319,68.0,73.0,87.0,85.0,18.6,56.4
1604449320,68.0,73.0,86.0,85.0,18.6,56.4
1604449321,68.0,73.0,86.0,85.0,18.6,56.4
1604449322,68.0,73.0,85.0,85.0,18.6,56.4
1604449323,67.0,73.0,85.0,84.0,18.6,56.4
1604449324,67.0,73.0,85.0,84.0,18.6,56.4
1604449325,67.0,73.0,85.0,84.0,18.6,56.4
1604449326,66.0,73.0,85.0,83.0,18.6,56.4
1604449327,66.0,74.0,85.0,82.0,18.6,56.4
1604449328,66.0,74.0,85.0,82.0,18.6,56.4
1604449329,66.0,74.0,84.0,82.0,18.6,56.4
1604449330,66.0,75.0,85.0,82.0,18.6,56.4
1604449331,66.0,75.0,85.0,81.0,18.6,56.4
1604449332,66.0,75.0,84.0,81.0,18.6,56.4
1604449333,67.0,75.0,84.0,81.0,18.6,56.4
1604449334,67.0,75.0,83.0,81.0,18.6,56.4
1604449335,68.0,75.0,82.0,82.0,18.6,56.4
1604449336,68.0,75.0,82.0,82.0,18.6,56.4
1604449337,69.0,75.0,82.0,82.0,18.6,56.4
1604449338,69.0,74.0,81.0,82.0,18.6,56.4
1604449339,70.0,74.0,80.0,82.0,18.6,56.4
1604449340,70.0,73.0,80.0,82.0,18.6,56.4
1604449341,71.0,73.0,79.0,82.0,18.6,56.4
1604449342,71.0,73.0,79.0,82.0,18.6,56.4
1604449343,71.0,73.0,79.0,82.0,18.6,56.4
1604449344,71.0,73.0,79.0,82.0,18.6,56.4
1604449345,71.0,73.0,79.0,82.0,18.6,56.4
1604449346,71.0,73.0,79.0,82.0,18.6,56.4
1604449347,71.0,73.0,80.0,82.0,18.6,56.4
1604449348,70.0,73.0,80.0,81.0,18.6,56.4
1604449349,70.0,73.0,80.0,81.0,18.6,56.4
1604449350,69.0,74.0,83.0,81.0,18.6,56.3
1604449351,69.0,74.0,83.0,81.0,18.6,56.3
1604449352,68.0,73.0,83.0,81.0,18.6,56.3
1604449353,68.0,73.0,83.0,81.0,18.6,56.3
1604449354,68.0,73.0,83.0,81.0,18.6,56.3
1604449355,67.0,73.0,83.0,81.0,18.6,56.3
1604449356,67.0,73.0,84.0,81.0,18.6,56.3
1604449357,67.0,73.0,84.0,81.0,18.6,56.3
1604449358,68.0,73.0,84.0,81.0,18.6,56.3
1604449359,68.0,73.0,85.0,81.0,18.6,56.3
1604449360,68.0,73.0,85.0,81.0,18.6,56.3
1604449361,68.0,73.0,85.0,81.0,18.6,56.3
1604449362,69.0,73.0,85.0,81.0,18.6,56.3
1604449363,69.0,73.0,85.0,81.0,18.6,56.3
1604449364,69.0,73.0,85.0,81.0,18.6,56.3
1604449365,70.0,73.0,85.0,81.0,18.5,56.3
1604449366,70.0,73.0,85.0,81.0,18.5,56.3
1604449367,70.0,73.0,85.0,81.0,18.5,56.3
1604449368,70.0,73.0,85.0,81.0,18.5,56.3
1604449369,71.0,74.0,84.0,81.0,18.5,56.3
1604449370,71.0,74.0,84.0,81.0,18.5,56.3
1604449371,71.0,75.0,85.0,81.0,18.5,56.3
1604449372,71.0,75.0,85.0,81.0,18.5,56.3
1604449373,70.0,75.0,85.0,81.0,18.5,56.3
1604449374,70.0,76.0,84.0,80.0,18.5,56.3
1604449375,70.0,76.0,84.0,80.0,18.5,56.3
1604449376,70.0,76.0,84.0,81.0,18.5,56.3
1604449377,70.0,77.0,84.0,81.0,18.5,56.3
1604449378,70.0,77.0,83.0,81.0,18.5,56.3
1604449379,70.0,77.0,83.0,81.0,18.5,56.3
1604449380,70.0,77.0,82.0,81.0,18.6,56.3
1604449381,70.0,77.0,82.0,81.0,18.6,56.3
1604449382,70.0,77.0,81.0,81.0,18.6,56.3
1604449383,70.0,77.0,80.0,81.0,18.6,56.3
1604449384,70.0,77.0,80.0,81.0,18.6,56.3
1604449385,70.0,77.0,80.0,81.0,18.5,56.3
1604449386,70.0,77.0,79.0,81.0,18.5,56.3
1604449387,70.0,77.0,79.0,81.0,18.5,56.3
1604449388,70.0,77.0,80.0,81.0,18.5,56.3
1604449389,70.0,77.0,80.0,80.0,18.5,56.3
1604449390,70.0,77.0,80.0,81.0,18.6,56.4
1604449391,70.0,77.0,81.0,81.0,18.6,56.4
1604449392,70.0,77.0,81.0,81.0,18.6,56.4
1604449393,70.0,77.0,82.0,81.0,18.6,56.4
1604449394,70.0,76.0,82.0,81.0,18.6,56.4
1604449395,70.0,76.0,83.0,81.0,18.5,56.4
1604449396,71.0,76.0,83.0,82.0,18.5,56.4
1604449397,71.0,76.0,83.0,82.0,18.5,56.4
1604449398,71.0,76.0,83.0,82.0,18.5,56.4
1604449399,71.0,76.0,83.0,82.0,18.5,56.4
1604449400,71.0,76.0,83.0,82.0,18.6,56.5
1604449401,72.0,76.0,83.0,82.0,18.6,56.5
1604449402,72.0,76.0,83.0,82.0,18.6,56.5
1604449403,72.0,75.0,83.0,82.0,18.6,56.5
1604449404,72.0,75.0,83.0,82.0,18.6,56.5
1604449405,72.0,75.0,84.0,82.0,18.5,56.4
1604449406,71.0,74.0,84.0,83.0,18.5,56.4
1604449407,71.0,74.0,84.0,83.0,18.5,56.4
1604449408,71.0,74.0,85.0,83.0,18.5,56.4
1604449409,71.0,73.0,85.0,84.0,18.5,56.4
1604449410,70.0,73.0,85.0,84.0,18.6,56.5
1604449411,70.0,73.0,85.0,84.0,18.6,56.5
1604449412,70.0,73.0,85.0,84.0,18.6,56.5
1604449413,70.0,73.0,84.0,84.0,18.6,56.5
1604449414,70.0,73.0,84.0,83.0,18.6,56.5
1604449415,70.0,73.0,84.0,83.0,18.6,56.6
1604449416,70.0,73.0,84.0,82.0,18.6,56.6
1604449417,70.0,74.0,83.0,82.0,18.6,56.6
1604449418,71.0,74.0,83.0,82.0,18.6,56.6
1604449419,71.0,75.0,83.0,81.0,18.6,56.6
1604449420,71.0,75.0,83.0,80.0,18.5,56.7
1604449421,72.0,75.0,82.0,80.0,18.5,56.7
1604449422,72.0,75.0,82.0,80.0,18.5,56.7
1604449423,72.0,75.0,81.0,80.0,18.5,56.7
1604449424,72.0,76.0,81.0,80.0,18.5,56.7
1604449425,72.0,75.0,81.0,81.0,18.6,56.6
1604449426,72.0,75.0,81.0,81.0,18.6,56.6
1604449427,73.0,75.0,81.0,81.0,18.6,56.6
1604449428,73.0,75.0,81.0,81.0,18.6,56.6
1604449429,73.0,75.0,81.0,82.0,18.6,56.6
1604449430,72.66666666666667,75.0,81.11111111111111,82.0,18.58888888888889,56.58888888888889
1604449431,72.33333333333333,75.0,81.22222222222223,82.0,18.57777777777778,56.577777777777776
1604449432,72.0,75.0,81.33333333333333,82.0,18.566666666666663,56.56666666666667
1604449433,71.66666666666667,75.0,81.44444444444444,82.0,18.55555555555556,56.55555555555556
1604449434,71.33333333333333,75.0,81.55555555555556,82.0,18.544444444444444,56.54444444444445
1604449435,71.0,75.0,81.66666666666667,82.0,18.53333333333333,56.53333333333333
1604449436,70.66666666666667,75.0,81.77777777777777,82.0,18.522222222222226,56.52222222222223
1604449437,70.33333333333333,75.0,81.88888888888889,82.0,18.511111111111116,56.51111111111111
1604449438,70.0,75.0,82.0,82.0,18.5,56.5
1604449439,70.0,75.0,82.0,83.0,18.5,56.5
1604449440,70.0,75.0,83.0,83.0,18.5,56.5
1604449441,69.0,75.0,84.0,83.0,18.5,56.5
1604449442,69.0,75.0,85.0,83.0,18.5,56.5
1604449443,69.0,75.0,85.0,82.0,18.5,56.4
1604449444,68.0,75.0,85.0,82.0,18.5,56.4
1604449445,68.0,75.0,86.0,82.0,18.5,56.4
1604449446,68.0,75.0,86.0,82.0,18.5,56.4
1604449447,69.0,75.0,86.0,81.0,18.5,56.4
1604449448,69.0,74.0,87.0,81.0,18.5,56.4
1604449449,69.0,74.0,87.0,81.0,18.5,56.4
1604449450,69.0,74.0,87.0,81.0,18.5,56.4
1604449451,69.0,74.0,87.0,80.0,18.5,56.4
1604449452,69.0,74.0,86.0,80.0,18.5,56.4
1604449453,70.0,74.0,86.0,80.0,18.5,56.4
1604449454,71.0,74.0,86.0,80.0,18.5,56.4
1604449455,71.0,73.0,86.0,80.0,18.5,56.4
1604449456,71.0,73.0,86.0,80.0,18.5,56.4
1604449457,71.0,73.0,85.0,80.0,18.5,56.4
1604449458,70.0,73.0,84.0,81.0,18.5,56.5
1604449459,70.0,73.0,83.0,81.0,18.5,56.5
1604449460,70.0,73.0,83.0,81.0,18.5,56.5
1604449461,69.0,73.0,82.0,81.0,18.5,56.5
1604449462,69.0,72.0,82.0,81.0,18.5,56.5
1604449463,68.0,72.0,82.0,82.0,18.5,56.5
1604449464,68.0,73.0,82.0,82.0,18.5,56.5
1604449465,68.0,73.0,81.0,82.0,18.5,56.5
1604449466,68.0,73.0,81.0,82.0,18.5,56.5
1604449467,68.0,73.0,81.0,82.0,18.5,56.5
1604449468,68.0,73.0,82.0,82.0,18.5,56.5
1604449469,69.0,72.0,82.0,82.0,18.5,56.5
1604449470,69.0,72.0,82.0,82.0,18.5,56.5
1604449471,69.0,73.0,82.0,82.0,18.5,56.5
1604449472,69.0,73.0,83.0,82.0,18.5,56.5
1604449473,70.0,73.0,83.0,82.0,18.5,56.5
1604449474,70.0,73.0,84.0,82.0,18.5,56.5
1604449475,71.0,73.0,84.0,82.0,18.5,56.5
1604449476,71.0,74.0,84.0,82.0,18.5,56.5
1604449477,71.0,75.0,84.0,83.0,18.5,56.5
1604449478,71.0,75.0,84.0,83.0,18.5,56.5
1604449479,70.0,76.0,84.0,82.0,18.5,56.5
1604449480,70.0,76.0,85.0,82.0,18.5,56.5
1604449481,70.0,77.0,85.0,82.0,18.5,56.5
1604449482,70.0,77.0,85.0,82.0,18.5,56.5
1604449483,69.0,77.0,85.0,82.0,18.5,56.5
1604449484,69.0,78.0,85.0,82.0,18.5,56.5
1604449485,69.0,78.0,85.0,82.0,18.5,56.5
1604449486,69.0,77.0,85.0,82.0,18.5,56.5
1604449487,69.0,77.0,85.0,82.0,18.5,56.5
1604449488,69.0,77.0,85.0,82.0,18.5,56.5
1604449489,70.0,77.0,85.0,82.0,18.5,56.5
1604449490,70.0,76.0,84.0,83.0,18.5,56.5
1604449491,71.0,76.0,84.0,83.0,18.5,56.5
1604449492,71.0,76.0,84.0,83.0,18.5,56.5
1604449493,72.0,75.0,83.0,84.0,18.5,56.5
1604449494,72.0,75.0,83.0,84.0,18.5,56.5
1604449495,72.0,75.0,82.0,84.0,18.5,56.5
1604449496,72.0,75.0,82.0,84.0,18.5,56.5
1604449497,72.0,75.0,82.0,84.0,18.5,56.5
1604449498,72.0,75.0,83.0,85.0,18.5,56.5
1604449499,72.0,75.0,83.0,85.0,18.5,56.5
1604449500,71.0,76.0,84.0,85.0,18.5,56.5
1604449501,70.0,76.0,84.0,85.0,18.5,56.5
1604449502,70.0,76.0,84.0,85.0,18.5,56.5
1604449503,70.0,76.0,85.0,85.0,18.5,56.5
1604449504,69.0,76.0,85.0,85.0,18.5,56.5
1604449505,68.0,76.0,85.0,85.0,18.5,56.5
1604449506,68.0,76.0,85.0,85.0,18.5,56.5
1604449507,67.0,75.0,85.0,85.0,18.5,56.5
1604449508,67.0,75.0,85.0,85.0,18.5,56.5
1604449509,67.0,74.0,85.0,85.0,18.5,56.5
1604449510,67.0,74.0,84.0,84.0,18.5,56.5
1604449511,67.0,74.0,84.0,84.0,18.5,56.5
1604449512,68.0,73.0,84.0,84.0,18.5,56.5
1604449513,68.0,73.0,84.0,84.0,18.5,56.5
1604449514,68.0,73.0,84.0,84.0,18.5,56.5
1604449515,69.0,72.0,84.0,83.0,18.5,56.5
1604449516,70.0,72.0,84.0,83.0,18.5,56.5
1604449517,70.0,72.0,84.0,83.0,18.5,56.5
1604449518,70.0,72.0,84.0,84.0,18.5,56.5
1604449519,70.0,72.0,83.0,84.0,18.5,56.5
1604449520,71.0,72.0,83.0,84.0,18.5,56.5
1604449521,71.0,73.0,83.0,85.0,18.5,56.5
1604449522,71.0,73.0,83.0,85.0,18.5,56.5
1604449523,71.0,73.0,83.0,85.0,18.5,56.5
1604449524,71.0,73.0,83.0,85.0,18.5,56.5
1604449525,71.0,73.0,83.0,85.0,18.5,56.5
1604449526,70.0,73.0,83.0,85.0,18.5,56.5
1604449527,70.0,73.0,83.0,85.0,18.5,56.5
1604449528,70.0,73.0,83.0,84.0,18.5,56.5
1604449529,70.0,73.0,84.0,84.0,18.5,56.5
1604449530,70.0,73.0,84.0,84.0,18.5,56.5
1604449531,70.0,73.0,84.0,84.0,18.5,56.5
1604449532,70.0,74.0,84.0,84.0,18.5,56.5
1604449533,70.0,74.0,83.0,84.0,18.5,56.5
1604449534,70.0,74.0,83.0,84.0,18.5,56.5
1604449535,70.0,73.0,83.0,84.0,18.5,56.5
1604449536,70.0,72.0,83.0,84.0,18.5,56.5
1604449537,69.0,72.0,82.0,84.0,18.5,56.5
1604449538,69.0,72.0,82.0,84.0,18.5,56.5
1604449539,69.0,72.0,81.0,84.0,18.5,56.5
1604449540,68.0,72.0,81.0,84.0,18.5,56.5
1604449541,68.0,72.0,80.0,84.0,18.5,56.5
1604449542,68.0,73.0,81.0,84.0,18.5,56.5
1604449543,68.0,73.0,81.0,84.0,18.5,56.5
1604449544,68.0,74.0,82.0,84.0,18.5,56.5
1604449545,68.0,75.0,83.0,85.0,18.5,56.5
1604449546,68.0,75.0,84.0,85.0,18.5,56.5
1604449547,68.0,75.0,84.0,85.0,18.5,56.5
1604449548,68.0,75.0,85.0,85.0,18.5,56.5
1604449549,68.0,75.0,85.0,85.0,18.5,56.5
1604449550,68.0,75.0,86.0,84.0,18.5,56.5
1604449551,68.0,75.0,87.0,84.0,18.5,56.5
1604449552,68.0,75.0,87.0,84.0,18.5,56.5
1604449553,68.0,75.0,86.0,84.0,18.5,56.5
1604449554,69.0,74.0,86.0,84.0,18.5,56.5
1604449555,69.0,74.0,85.0,84.0,18.5,56.5
1604449556,69.0,74.0,85.0,84.0,18.5,56.5
1604449557,69.0,73.0,84.0,83.0,18.5,56.5
1604449558,70.0,73.0,84.0,83.0,18.5,56.5
1604449559,70.0,73.0,84.0,83.0,18.5,56.5
1604449560,70.0,73.0,84.0,83.0,18.5,56.5
1604449561,70.0,73.0,83.0,84.0,18.5,56.5
1604449562,70.0,74.0,83.0,84.0,18.5,56.5
1604449563,70.0,74.0,83.0,84.0,18.5,56.5
1604449564,70.0,75.0,84.0,83.0,18.5,56.5
1604449565,70.0,75.0,84.0,83.0,18.5,56.5
1604449566,69.0,75.0,84.0,83.0,18.5,56.5
1604449567,69.0,75.0,84.0,83.0,18.5,56.5
1604449568,69.0,75.0,84.0,83.0,18.5,56.6
1604449569,68.0,76.0,84.0,83.0,18.5,56.6
1604449570,68.0,76.0,84.0,83.0,18.5,56.6
1604449571,68.0,77.0,84.0,83.0,18.5,56.6
1604449572,68.0,77.0,84.0,83.0,18.5,56.6
1604449573,68.0,77.0,83.0,83.0,18.5,56.6
1604449574,68.0,77.0,83.0,83.0,18.5,56.6
1604449575,68.0,77.0,83.0,83.0,18.5,56.6
1604449576,68.0,78.0,84.0,83.0,18.5,56.6
1604449577,68.0,78.0,84.0,83.0,18.5,56.6
1604449578,68.0,78.0,84.0,83.0,18.5,56.7
1604449579,68.0,77.0,84.0,83.0,18.5,56.7
1604449580,68.0,77.0,84.0,83.0,18.5,56.7
1604449581,68.0,77.0,84.0,83.0,18.5,56.7
1604449582,68.0,76.0,84.0,83.0,18.5,56.7
1604449583,68.0,76.0,84.0,83.0,18.5,56.5
1604449584,68.0,76.0,84.0,83.0,18.5,56.5
1604449585,68.0,75.0,84.0,84.0,18.5,56.5
1604449586,68.0,75.0,83.0,84.0,18.5,56.5
1604449587,67.0,74.0,83.0,85.0,18.5,56.5
1604449588,67.0,74.0,83.0,85.0,18.5,56.7
1604449589,67.0,74.0,83.0,86.0,18.5,56.7
1604449590,67.0,74.0,83.0,86.0,18.5,56.7
1604449591,67.0,74.0,83.0,86.0,18.5,56.7
1604449592,67.0,74.0,83.0,86.0,18.5,56.7
1604449593,67.0,74.0,84.0,86.0,18.6,56.9
1604449594,66.0,74.0,84.0,86.0,18.6,56.9
1604449595,66.0,74.0,84.0,86.0,18.6,56.9
1604449596,66.0,74.0,85.0,86.0,18.6,56.9
1604449597,66.0,74.0,85.0,86.0,18.6,56.9
1604449598,66.0,75.0,85.0,85.0,18.5,56.8
1604449599,66.0,75.0,85.0,85.0,18.5,56.8
1604449600,67.0,75.0,85.0,84.0,18.5,56.8
1604449601,67.0,75.0,85.0,84.0,18.5,56.8
1604449602,67.0,75.0,85.0,84.0,18.5,56.8
1604449603,67.0,76.0,85.0,83.0,18.6,56.9
1604449604,67.0,76.0,85.0,83.0,18.6,56.9
1604449605,68.0,76.0,84.0,83.0,18.6,56.9
1604449606,67.0,76.0,83.0,83.0,18.6,56.9
1604449607,67.0,76.0,83.0,83.0,18.6,56.9
1604449608,67.0,76.0,84.0,83.0,18.5,56.8
1604449609,67.0,76.0,84.0,83.0,18.5,56.8
1604449610,66.0,76.0,83.0,83.0,18.5,56.8
1604449611,66.0,77.0,83.0,83.0,18.5,56.8
1604449612,66.0,77.0,83.0,83.0,18.5,56.8
1604449613,66.0,77.0,83.0,83.0,18.5,56.7
1604449614,66.0,77.0,83.0,83.0,18.5,56.7
1604449615,65.0,77.0,83.0,83.0,18.5,56.7
1604449616,66.0,78.0,83.0,83.0,18.5,56.7
1604449617,66.0,78.0,83.0,84.0,18.5,56.7
1604449618,66.0,78.0,83.0,85.0,18.6,56.8
1604449619,66.0,78.0,83.0,85.0,18.6,56.8
1604449620,66.0,77.0,83.0,85.0,18.6,56.8
1604449621,66.0,77.0,83.0,86.0,18.6,56.8
1604449622,66.0,77.0,83.0,86.0,18.6,56.8
1604449623,66.0,77.0,83.0,86.0,18.5,56.7
1604449624,66.0,76.0,84.0,86.0,18.5,56.7
1604449625,66.0,76.0,84.0,86.0,18.5,56.7
1604449626,66.0,75.0,84.0,86.0,18.5,56.7
1604449627,66.0,75.0,84.0,86.0,18.5,56.7
1604449628,67.0,75.0,84.0,86.0,18.5,56.7
1604449629,67.0,75.0,84.0,86.0,18.5,56.7
1604449630,67.0,74.0,84.0,86.0,18.5,56.7
1604449631,68.0,74.0,84.0,86.0,18.5,56.7
1604449632,68.0,74.0,84.0,85.0,18.5,56.7
1604449633,68.0,74.0,84.0,85.0,18.6,56.7
1604449634,68.0,74.0,84.0,85.0,18.6,56.7
1604449635,68.0,73.0,84.0,85.0,18.6,56.7
1604449636,67.0,73.0,83.0,85.0,18.6,56.7
1604449637,67.0,73.0,83.0,85.0,18.6,56.7
1604449638,67.0,73.0,83.0,85.0,18.5,56.6
1604449639,67.0,73.0,83.0,86.0,18.5,56.6
1604449640,66.0,73.0,83.0,86.0,18.5,56.6
1604449641,66.0,74.0,83.0,87.0,18.5,56.6
1604449642,66.0,74.0,83.0,87.0,18.5,56.6
1604449643,66.0,74.0,83.0,87.0,18.5,56.6
1604449644,66.0,75.0,83.0,87.0,18.5,56.6
1604449645,66.11111111111111,75.11111111111111,82.88888888888889,87.0,18.5,56.6
1604449646,66.22222222222223,75.22222222222223,82.77777777777777,87.0,18.5,56.6
1604449647,66.33333333333333,75.33333333333333,82.66666666666667,87.0,18.5,56.6
1604449648,66.44444444444444,75.44444444444444,82.55555555555556,87.0,18.5,56.6
1604449649,66.55555555555556,75.55555555555556,82.44444444444444,87.0,18.5,56.6
1604449650,66.66666666666667,75.66666666666667,82.33333333333333,87.0,18.5,56.6
1604449651,66.77777777777777,75.77777777777777,82.22222222222223,87.0,18.5,56.6
1604449652,66.88888888888889,75.88888888888889,82.11111111111111,87.0,18.5,56.6
1604449653,67.0,76.0,82.0,87.0,18.5,56.6
1604449654,67.0,76.0,82.0,87.0,18.5,56.6
1604449655,67.0,77.0,82.0,87.0,18.5,56.6
1604449656,66.0,77.0,82.0,87.0,18.6,56.7
1604449657,66.0,77.0,82.0,87.0,18.6,56.7
1604449658,66.0,77.0,83.0,87.0,18.6,56.7
1604449659,66.0,77.0,84.0,87.0,18.6,56.7
1604449660,66.0,76.0,84.0,86.0,18.6,56.7
1604449661,66.0,76.0,84.0,86.0,18.6,56.7
1604449662,66.0,76.0,85.0,86.0,18.6,56.7
1604449663,66.0,75.0,86.0,85.0,18.6,56.7
1604449664,66.0,75.0,87.0,85.0,18.6,56.7
1604449665,66.0,74.0,87.0,84.0,18.6,56.7
1604449666,66.0,74.0,87.0,84.0,18.6,56.7
1604449667,66.0,74.0,87.0,83.0,18.6,56.7
1604449668,66.0,74.0,87.0,83.0,18.6,56.7
1604449669,66.0,74.0,87.0,83.0,18.6,56.7
1604449670,66.0,74.0,86.0,82.0,18.6,56.7
1604449671,67.0,74.0,86.0,82.0,18.6,56.7
1604449672,67.0,74.0,86.0,82.0,18.6,56.7
1604449673,67.0,75.0,85.0,82.0,18.6,56.7
1604449674,67.0,75.0,85.0,83.0,18.6,56.7
1604449675,67.0,75.0,85.0,83.0,18.6,56.7
1604449676,66.0,76.0,85.0,84.0,18.6,56.7
1604449677,66.0,75.0,85.0,85.0,18.6,56.7
1604449678,66.0,75.0,85.0,86.0,18.6,56.7
1604449679,66.0,75.0,86.0,86.0,18.6,56.7
1604449680,66.0,75.0,86.0,87.0,18.6,56.7
1604449681,66.0,75.0,86.0,87.0,18.6,56.7
1604449682,65.0,75.0,87.0,87.0,18.6,56.7
1604449683,65.0,75.0,87.0,87.0,18.6,56.7
1604449684,65.0,75.0,87.0,87.0,18.6,56.7
1604449685,65.0,75.0,88.0,87.0,18.6,56.7
1604449686,65.0,76.0,88.0,86.0,18.6,56.7
1604449687,65.0,76.0,88.0,86.0,18.6,56.7
1604449688,65.0,76.0,88.0,85.0,18.6,56.7
1604449689,65.0,76.0,88.0,85.0,18.6,56.7
1604449690,65.0,76.0,88.0,84.0,18.6,56.7
1604449691,65.0,76.0,87.0,84.0,18.5,56.6
1604449692,65.0,76.0,87.0,84.0,18.5,56.6
1604449693,65.0,76.0,87.0,84.0,18.5,56.6
1604449694,65.0,75.0,86.0,83.0,18.5,56.6
1604449695,64.0,75.0,86.0,83.0,18.5,56.6
1604449696,64.0,75.0,86.0,83.0,18.6,56.7
1604449697,65.0,74.0,86.0,84.0,18.6,56.7
1604449698,65.0,74.0,86.0,84.0,18.6,56.7
1604449699,65.0,74.0,86.0,84.0,18.6,56.7
1604449700,64.0,74.0,86.0,85.0,18.6,56.7
1604449701,64.0,74.0,86.0,85.0,18.5,56.6
1604449702,65.0,75.0,86.0,85.0,18.5,56.6
1604449703,65.0,75.0,86.0,86.0,18.5,56.6
1604449704,66.0,75.0,86.0,86.0,18.5,56.6
1604449705,67.0,75.0,86.0,86.0,18.5,56.6
1604449706,67.0,75.0,85.0,86.0,18.5,56.7
1604449707,68.0,75.0,85.0,86.0,18.5,56.7
1604449708,68.0,75.0,85.0,86.0,18.5,56.7
1604449709,68.0,75.0,85.0,86.0,18.5,56.7
1604449710,69.0,75.0,85.0,85.0,18.5,56.7
1604449711,69.0,75.0,84.0,85.0,18.5,56.7
1604449712,69.0,75.0,84.0,84.0,18.5,56.7
1604449713,68.0,75.0,84.0,83.0,18.5,56.7
1604449714,68.0,75.0,84.0,83.0,18.5,56.7
1604449715,68.0,75.0,84.0,82.0,18.5,56.7
1604449716,68.0,75.0,83.0,82.0,18.5,56.7
1604449717,68.0,75.0,82.0,82.0,18.5,56.7
1604449718,68.0,75.0,81.0,82.0,18.5,56.7
1604449719,68.0,75.0,81.0,82.0,18.5,56.7
1604449720,69.0,75.0,80.0,82.0,18.5,56.7
1604449721,69.0,75.0,80.0,82.0,18.5,56.7
1604449722,69.0,75.0,80.0,82.0,18.5,56.7
1604449723,69.0,75.0,79.0,84.0,18.5,56.7
1604449724,69.0,75.0,79.0,85.0,18.5,56.7
1604449725,68.0,75.0,79.0,85.0,18.5,56.7
1604449726,68.0,75.0,80.0,87.0,18.5,56.7
1604449727,68.0,75.0,80.0,88.0,18.5,56.7
1604449728,68.0,75.0,81.0,89.0,18.5,56.7
1604449729,68.0,75.0,82.0,89.0,18.5,56.7
1604449730,67.0,75.0,82.0,89.0,18.5,56.7
1604449731,67.0,75.0,83.0,89.0,18.4,56.6
1604449732,67.0,74.0,83.0,89.0,18.4,56.6
1604449733,67.0,74.0,84.0,89.0,18.4,56.6
1604449734,67.0,74.0,85.0,88.0,18.4,56.6
1604449735,67.0,74.0,85.0,88.0,18.4,56.6
1604449736,67.0,74.0,85.0,87.0,18.5,56.7
1604449737,67.0,74.0,85.0,87.0,18.5,56.7
1604449738,67.0,74.0,85.0,86.0,18.5,56.7
1604449739,67.0,74.0,85.0,86.0,18.5,56.7
1604449740,67.0,74.0,85.0,86.0,18.5,56.7
1604449741,68.0,74.0,85.0,86.0,18.5,56.7
1604449742,68.0,74.0,85.0,86.0,18.5,56.7
1604449743,68.0,74.0,85.0,85.0,18.5,56.7
1604449744,68.0,74.0,85.0,85.0,18.5,56.7
1604449745,68.0,75.0,85.0,85.0,18.5,56.7
1604449746,68.0,75.0,85.0,85.0,18.5,56.8
1604449747,67.0,75.0,85.0,85.0,18.5,56.8
1604449748,67.0,75.0,85.0,85.0,18.5,56.8
1604449749,67.0,76.0,85.0,85.0,18.5,56.8
1604449750,67.0,76.0,85.0,85.0,18.5,56.8
1604449751,67.0,76.0,85.0,85.0,18.5,56.8
1604449752,67.0,77.0,85.0,85.0,18.5,56.8
1604449753,67.0,77.0,85.0,85.0,18.5,56.8
1604449754,66.0,77.0,86.0,85.0,18.5,56.8
1604449755,66.0,78.0,86.0,85.0,18.5,56.8
1604449756,66.0,78.0,86.0,85.0,18.5,56.8
1604449757,66.0,78.0,86.0,85.0,18.5,56.8
1604449758,66.0,78.0,86.0,84.0,18.5,56.8
1604449759,66.0,78.0,86.0,83.0,18.5,56.8
1604449760,66.0,78.0,86.0,83.0,18.5,56.8
1604449761,65.0,78.0,86.0,83.0,18.5,56.8
1604449762,66.0,78.0,86.0,83.0,18.5,56.8
1604449763,66.0,78.0,86.0,83.0,18.5,56.8
1604449764,66.0,77.0,86.0,83.0,18.5,56.8
1604449765,66.0,77.0,86.0,83.0,18.5,56.8
1604449766,66.0,78.0,86.0,84.0,18.4,56.7
1604449767,66.0,78.0,86.0,84.0,18.4,56.7
1604449768,66.0,78.0,85.0,85.0,18.4,56.7
1604449769,67.0,78.0,85.0,86.0,18.4,56.7
1604449770,67.0,78.0,84.0,86.0,18.4,56.7
1604449771,67.0,78.0,84.0,86.0,18.4,56.7
1604449772,67.0,78.0,84.0,87.0,18.4,56.7
1604449773,67.0,78.0,84.0,88.0,18.4,56.7
1604449774,68.0,77.0,84.0,88.0,18.4,56.7
1604449775,68.0,76.0,84.0,88.0,18.4,56.7
1604449776,68.0,76.0,84.0,87.0,18.5,56.9
1604449777,69.0,76.0,84.0,87.0,18.5,56.9
1604449778,69.0,74.0,85.0,87.0,18.5,56.9
1604449779,69.0,74.0,85.0,87.0,18.5,56.9
1604449780,69.0,74.0,85.0,86.0,18.5,56.9
1604449781,69.0,73.0,85.0,86.0,18.4,56.8
1604449782,69.0,73.0,85.0,85.0,18.4,56.8
1604449783,69.0,73.0,85.0,85.0,18.4,56.8
1604449784,69.0,73.0,84.0,85.0,18.4,56.8
1604449785,69.0,73.0,84.0,85.0,18.4,56.8
1604449786,69.0,73.0,84.0,84.0,18.4,56.8
1604449787,68.0,74.0,83.0,84.0,18.4,56.8
1604449788,68.0,74.0,83.0,84.0,18.4,56.8
1604449789,68.0,74.0,82.0,85.0,18.4,56.8
1604449790,68.0,73.0,82.0,85.0,18.4,56.8
1604449791,67.0,74.0,82.0,85.0,18.4,56.8
1604449792,67.0,73.0,82.0,85.0,18.4,56.8
1604449793,67.0,73.0,82.0,85.0,18.4,56.8
1604449794,67.0,73.0,82.0,85.0,18.4,56.8
1604449795,67.0,73.0,82.0,86.0,18.4,56.8
1604449796,67.0,73.0,83.0,86.0,18.4,56.7
1604449797,67.0,73.0,84.0,86.0,18.4,56.7
1604449798,67.0,73.0,84.0,86.0,18.4,56.7
1604449799,67.0,74.0,85.0,86.0,18.4,56.7
1604449800,67.0,73.0,86.0,86.0,18.4,56.7
1604449801,67.0,73.0,86.0,86.0,18.4,56.8
1604449802,66.0,73.0,87.0,85.0,18.4,56.8
1604449803,66.0,73.0,88.0,85.0,18.4,56.8
1604449804,67.0,73.0,88.0,85.0,18.4,56.8
1604449805,67.0,73.0,89.0,85.0,18.4,56.8
1604449806,67.0,73.0,89.0,84.0,18.4,56.8
1604449807,68.0,73.0,89.0,84.0,18.4,56.8
1604449808,68.0,74.0,89.0,84.0,18.4,56.8
1604449809,69.0,75.0,88.0,84.0,18.4,56.8
1604449810,69.0,75.0,88.0,84.0,18.4,56.8
1604449811,69.0,76.0,87.0,84.0,18.4,56.8
1604449812,70.0,76.0,87.0,85.0,18.4,56.8
1604449813,70.0,77.0,86.0,85.0,18.4,56.8
1604449814,70.0,79.0,86.0,85.0,18.4,56.8
1604449815,70.0,79.0,85.0,85.0,18.4,56.8
1604449816,70.0,79.5,84.5,85.5,18.4,56.85
1604449817,70.0,80.0,84.0,86.0,18.4,56.9
1604449818,70.0,80.0,83.0,86.0,18.4,56.9
1604449819,69.0,80.0,83.0,87.0,18.4,56.9
1604449820,69.0,80.0,83.0,87.0,18.4,56.9
1604449821,69.0,80.0,82.0,87.0,18.4,56.9
1604449822,69.0,80.0,82.0,87.0,18.4,56.9
1604449823,69.0,80.0,82.0,87.0,18.4,56.9
1604449824,69.0,80.0,82.0,87.0,18.4,56.9
1604449825,69.0,79.0,83.0,88.0,18.4,56.9
1604449826,68.0,79.0,83.0,88.0,18.4,56.9
1604449827,68.0,79.0,83.0,89.0,18.4,56.9
1604449828,68.0,79.0,84.0,89.0,18.4,56.9
1604449829,68.0,79.0,84.0,89.0,18.4,56.9
1604449830,67.0,79.0,84.0,89.0,18.4,56.9
1604449831,67.0,79.0,84.0,89.0,18.4,56.9
1604449832,67.0,79.0,85.0,89.0,18.4,56.9
1604449833,67.0,78.0,85.0,88.0,18.4,56.9
1604449834,66.0,77.0,84.0,88.0,18.4,56.9
1604449835,66.0,77.0,84.0,87.0,18.4,56.9
1604449836,66.0,77.0,84.0,86.0,18.4,56.9
1604449837,66.0,76.0,84.0,85.0,18.4,57.0
1604449838,67.0,75.0,84.0,85.0,18.4,57.0
1604449839,67.0,75.0,84.0,84.0,18.4,57.0
1604449840,67.0,74.0,84.0,83.0,18.4,57.0
1604449841,67.0,73.0,83.0,83.0,18.4,57.0
1604449842,67.0,73.0,83.0,83.0,18.4,57.0
1604449843,67.0,73.0,83.0,83.0,18.4,57.0
1604449844,67.0,72.0,83.0,83.0,18.4,57.0
1604449845,67.0,72.0,83.0,84.0,18.4,57.0
1604449846,67.0,72.0,83.0,84.0,18.4,57.0
1604449847,67.0,71.0,83.0,84.0,18.3,56.8
1604449848,67.0,72.0,83.0,84.0,18.3,56.8
1604449849,67.0,72.0,83.0,85.0,18.3,56.8
1604449850,68.0,72.0,83.0,85.0,18.3,56.8
1604449851,68.0,72.0,83.0,85.0,18.3,56.8
1604449852,68.0,73.0,84.0,86.0,18.3,56.8
1604449853,68.0,74.0,84.0,85.0,18.3,56.8
1604449854,69.0,74.0,84.0,85.0,18.3,56.8
1604449855,69.0,75.0,84.0,85.0,18.3,56.8
1604449856,69.0,75.0,84.0,85.0,18.3,56.8
1604449857,69.0,76.0,84.0,85.0,18.3,56.8
1604449858,68.0,76.0,85.0,85.0,18.3,56.8
1604449859,68.0,76.0,85.0,85.0,18.3,56.8
1604449860,68.0,76.0,85.0,86.0,18.3,56.8
1604449861,68.0,75.0,86.0,85.0,18.3,56.8
1604449862,68.0,75.0,86.0,85.11111111111111,18.3,56.8
1604449863,68.0,75.0,86.0,85.22222222222223,18.3,56.8
1604449864,68.0,75.0,86.0,85.33333333333333,18.3,56.8
1604449865,68.0,75.0,86.0,85.44444444444444,18.3,56.8
1604449866,68.0,75.0,86.0,85.55555555555556,18.3,56.8
1604449867,68.0,75.0,86.0,85.66666666666667,18.3,56.8
1604449868,68.0,75.0,86.0,85.77777777777777,18.3,56.8
1604449869,68.0,75.0,86.0,85.88888888888889,18.3,56.8
1604449870,68.0,75.0,86.0,86.0,18.3,56.8
1604449871,68.0,75.0,87.0,86.0,18.3,56.8
1604449872,68.0,74.0,87.0,86.0,18.3,56.8
1604449873,68.0,74.0,87.0,86.0,18.3,56.8
1604449874,68.0,74.0,86.0,86.0,18.3,56.8
1604449875,68.0,73.0,86.0,86.0,18.3,56.9
1604449876,67.0,73.0,86.0,86.0,18.3,56.9
1604449877,67.0,72.0,86.0,85.0,18.3,56.9
1604449878,67.0,73.0,86.0,85.0,18.3,56.9
1604449879,67.0,73.0,86.0,85.0,18.3,56.9
1604449880,68.0,73.0,86.0,86.0,18.3,56.9
1604449881,68.0,74.0,86.0,86.0,18.3,56.9
1604449882,68.0,74.0,85.0,85.0,18.3,56.9
1604449883,68.0,75.0,85.0,85.0,18.3,56.9
1604449884,68.0,75.0,85.0,85.0,18.3,56.9
1604449885,68.0,76.0,84.0,85.0,18.2,56.8
1604449886,68.0,77.0,83.0,84.0,18.2,56.8
1604449887,68.0,78.0,82.0,84.0,18.2,56.8
1604449888,68.0,78.0,82.0,84.0,18.2,56.8
1604449889,67.0,78.0,82.0,84.0,18.2,56.8
1604449890,67.0,78.0,82.0,85.0,18.2,56.9
1604449891,67.0,78.0,82.0,85.0,18.2,56.9
1604449892,67.0,77.0,82.0,85.0,18.2,56.9
1604449893,67.0,77.0,82.0,85.0,18.2,56.9
1604449894,67.0,77.0,82.0,87.0,18.2,56.9
1604449895,67.0,76.0,83.0,87.0,18.2,56.9
1604449896,67.0,76.0,83.0,87.0,18.2,56.9
1604449897,67.0,75.0,84.0,87.0,18.2,56.9
1604449898,67.0,75.0,84.0,87.0,18.2,56.9
1604449899,68.0,75.0,84.0,87.0,18.2,56.9
1604449900,68.0,75.0,84.0,87.0,18.2,57.1
1604449901,68.0,75.0,84.0,87.0,18.2,57.1
1604449902,68.0,75.0,84.0,86.0,18.2,57.1
1604449903,69.0,75.0,84.0,86.0,18.2,57.1
1604449904,69.0,75.0,84.0,85.0,18.2,57.1
1604449905,69.0,76.0,83.0,84.0,18.2,56.9
1604449906,70.0,76.0,83.0,84.0,18.2,56.9
1604449907,70.0,76.0,83.0,84.0,18.2,56.9
1604449908,70.0,77.0,84.0,84.0,18.2,56.9
1604449909,70.0,77.0,84.0,84.0,18.2,56.9
1604449910,70.0,78.0,84.0,85.0,18.2,57.0
1604449911,71.0,78.0,86.0,85.0,18.2,57.0
1604449912,71.0,78.0,86.0,85.0,18.2,57.0
1604449913,71.0,78.0,87.0,86.0,18.2,57.0
1604449914,71.0,78.0,88.0,87.0,18.2,57.0
1604449915,71.0,78.0,88.0,88.0,18.2,56.9
1604449916,72.0,78.0,89.0,88.0,18.2,56.9
1604449917,72.0,78.0,89.0,88.0,18.2,56.9
1604449918,72.0,77.0,89.0,89.0,18.2,56.9
1604449919,73.0,76.0,88.0,89.0,18.2,56.9
1604449920,73.0,75.0,88.0,88.0,18.2,56.9
1604449921,73.0,75.0,88.0,88.0,18.2,56.9
1604449922,73.0,74.0,88.0,88.0,18.2,56.9
1604449923,73.0,73.0,87.0,87.0,18.2,56.9
1604449924,73.0,73.0,87.0,87.0,18.2,56.9
1604449925,73.0,72.0,87.0,87.0,18.2,56.9
1604449926,73.0,72.0,87.0,86.0,18.2,56.9
1604449927,73.0,72.0,87.0,85.0,18.2,56.9
1604449928,73.0,72.0,87.0,85.0,18.2,56.9
1604449929,72.0,72.0,87.0,85.0,18.2,56.9
1604449930,72.0,73.0,87.0,85.0,18.2,56.9
1604449931,71.0,73.0,87.0,85.0,18.2,56.9
1604449932,71.0,73.0,86.0,86.0,18.2,56.9
1604449933,71.0,74.0,86.0,86.0,18.2,56.9
1604449934,71.0,74.0,85.0,86.0,18.2,56.9
1604449935,71.0,75.0,85.0,87.0,18.2,57.0
1604449936,71.0,75.0,84.0,88.0,18.2,57.0
1604449937,71.0,75.0,84.0,88.0,18.2,57.0
1604449938,71.0,75.0,84.0,89.0,18.2,57.0
1604449939,71.0,75.0,83.0,89.0,18.2,57.0
1604449940,72.0,75.0,83.0,89.0,18.2,57.1
1604449941,72.0,76.0,83.0,90.0,18.2,57.1
1604449942,73.0,76.0,83.0,90.0,18.2,57.1
1604449943,73.0,76.0,84.0,89.0,18.2,57.1
1604449944,73.0,76.0,85.0,89.0,18.2,57.1
1604449945,73.0,76.0,86.0,89.0,18.2,57.1
1604449946,73.0,77.0,86.0,88.0,18.2,57.1
1604449947,73.0,77.0,87.0,87.0,18.2,57.1
1604449948,73.0,77.0,88.0,87.0,18.2,57.1
1604449949,73.0,77.0,88.0,87.0,18.2,57.1
1604449950,72.0,77.0,88.0,86.0,18.2,57.1
1604449951,72.0,77.0,88.0,86.0,18.2,57.1
1604449952,72.0,77.0,88.0,86.0,18.2,57.1
1604449953,71.0,77.0,87.0,86.0,18.2,57.1
1604449954,71.0,77.0,87.0,86.0,18.2,57.1
1604449955,71.0,76.0,87.0,86.0,18.2,57.2
1604449956,71.0,76.0,86.0,86.0,18.2,57.2
1604449957,71.0,76.0,86.0,85.0,18.2,57.2
1604449958,70.0,76.0,86.0,85.0,18.2,57.2
1604449959,71.0,76.0,85.0,85.0,18.2,57.2
1604449960,70.0,76.0,85.0,85.0,18.2,57.2
1604449961,70.0,76.0,84.0,85.0,18.2,57.2
1604449962,70.0,75.0,84.0,84.0,18.2,57.2
1604449963,70.0,75.0,84.0,84.0,18.2,57.2
1604449964,70.0,75.0,84.0,84.0,18.2,57.2
1604449965,71.0,74.0,83.0,84.0,18.2,57.2
1604449966,71.0,74.0,83.0,84.0,18.2,57.2
1604449967,71.0,74.0,83.0,84.0,18.2,57.2
1604449968,71.0,73.0,83.0,84.0,18.2,57.2
1604449969,71.0,73.0,83.0,84.0,18.2,57.2
1604449970,71.0,73.0,82.0,84.0,18.2,57.1
1604449971,72.0,72.0,82.0,84.0,18.2,57.1
1604449972,72.0,72.0,82.0,84.0,18.2,57.1
1604449973,72.0,72.0,82.0,84.0,18.2,57.1
1604449974,72.0,72.0,82.0,84.0,18.2,57.1
1604449975,72.0,73.0,83.0,84.0,18.2,57.1
1604449976,71.0,72.0,83.0,84.0,18.2,57.1
1604449977,72.0,72.0,84.0,84.0,18.2,57.1
1604449978,71.0,72.0,84.0,84.0,18.2,57.1
1604449979,72.0,72.0,84.0,84.0,18.2,57.1
1604449980,71.0,72.0,85.0,84.0,18.2,57.0
1604449981,71.0,72.0,85.0,84.0,18.2,57.0
1604449982,71.0,72.0,86.0,84.0,18.2,57.0
1604449983,71.0,72.0,86.0,84.0,18.2,57.0
1604449984,72.0,72.0,86.0,84.0,18.2,57.0
1604449985,72.0,72.0,86.0,84.0,18.2,57.0
1604449986,72.0,72.0,87.0,84.0,18.2,57.0
1604449987,73.0,72.0,86.0,84.0,18.2,57.0
1604449988,73.0,73.0,86.0,85.0,18.2,57.0
1604449989,73.0,73.0,86.0,85.0,18.2,57.0
1604449990,74.0,73.0,86.0,85.0,18.2,57.2
1604449991,74.0,74.0,86.0,85.0,18.2,57.2
1604449992,74.0,74.0,86.0,85.0,18.2,57.2
1604449993,74.0,74.0,86.0,85.0,18.2,57.2
1604449994,74.0,74.0,86.0,86.0,18.2,57.2
1604449995,74.0,74.0,86.0,86.0,18.2,57.0
1604449996,74.0,74.0,85.0,87.0,18.2,57.0
1604449997,74.0,74.0,85.0,87.0,18.2,57.0
1604449998,73.0,74.0,86.0,87.0,18.2,57.0
1604449999,72.0,74.0,86.0,87.0,18.2,57.0
1604450000,72.0,74.0,86.0,87.0,18.2,57.0
1604450001,71.0,74.0,86.0,87.0,18.2,57.0
1604450002,71.0,74.0,86.0,87.0,18.2,57.0
1604450003,71.0,74.0,86.0,87.0,18.2,57.0
1604450004,71.0,74.0,86.0,86.0,18.2,57.0
1604450005,71.0,74.0,87.0,86.0,18.2,57.0
1604450006,71.0,74.0,87.0,86.0,18.2,57.0
1604450007,71.0,75.0,87.0,86.0,18.2,57.0
1604450008,71.0,75.0,86.0,85.0,18.2,57.0
1604450009,72.0,75.0,86.0,85.0,18.2,57.0
1604450010,72.0,75.0,86.0,85.0,18.2,57.0
1604450011,72.0,76.0,86.0,85.0,18.2,57.0
1604450012,72.0,76.0,86.0,85.0,18.2,57.0
1604450013,73.0,76.0,86.0,85.0,18.2,57.0
1604450014,73.0,76.0,85.0,85.0,18.2,57.0
1604450015,73.0,76.0,85.0,85.0,18.2,57.0
1604450016,73.0,76.0,85.0,85.0,18.2,57.0
1604450017,73.0,76.0,84.0,86.0,18.2,57.0
1604450018,73.0,76.0,84.0,86.0,18.2,57.0
1604450019,73.0,76.0,84.0,86.0,18.2,57.0
1604450020,73.0,76.0,84.0,86.0,18.2,57.1
1604450021,73.0,76.0,83.0,87.0,18.2,57.1
1604450022,72.0,75.0,83.0,87.0,18.2,57.1
1604450023,71.0,75.0,83.0,87.0,18.2,57.1
1604450024,71.0,75.0,83.0,87.0,18.2,57.1
1604450025,71.0,74.0,83.0,86.0,18.2,57.1
1604450026,71.0,74.0,83.0,86.0,18.2,57.1
1604450027,71.0,75.0,84.0,85.0,18.2,57.1
1604450028,71.0,74.0,84.0,85.0,18.2,57.1
1604450029,71.0,74.0,85.0,84.0,18.2,57.1
1604450030,71.0,75.0,85.0,84.0,18.2,57.1
1604450031,71.0,75.0,85.0,83.0,18.2,57.1
1604450032,71.0,75.0,86.0,83.0,18.2,57.1
1604450033,71.0,75.0,86.0,82.0,18.2,57.1
1604450034,71.0,75.0,87.0,82.0,18.2,57.1
1604450035,71.0,76.0,87.0,81.0,18.2,57.1
1604450036,70.0,76.0,87.0,81.0,18.2,57.1
1604450037,70.0,76.0,87.0,81.0,18.2,57.1
1604450038,70.0,76.0,87.0,81.0,18.2,57.1
1604450039,70.0,76.0,87.0,81.0,18.2,57.1
1604450040,70.0,76.0,87.0,81.0,18.2,57.1
1604450041,70.0,76.0,87.0,81.0,18.2,57.1
1604450042,70.0,76.0,86.0,82.0,18.2,57.1
1604450043,71.0,76.0,86.0,82.0,18.2,57.1
1604450044,71.0,76.0,85.0,82.0,18.2,57.1
1604450045,71.0,76.0,85.0,82.0,18.2,57.1
1604450046,71.0,75.0,85.0,83.0,18.2,57.1
1604450047,71.0,75.0,86.0,83.0,18.2,57.1
1604450048,71.0,75.0,86.0,83.0,18.2,57.1
1604450049,71.0,75.0,87.0,84.0,18.2,57.1
1604450050,71.0,75.0,87.0,84.0,18.3,57.2
1604450051,70.0,75.0,88.0,84.0,18.3,57.2
1604450052,70.0,75.0,89.0,84.0,18.3,57.2
1604450053,69.0,75.0,89.0,84.0,18.3,57.2
1604450054,69.0,75.0,90.0,84.0,18.3,57.2
1604450055,69.0,75.0,90.0,84.0,18.2,57.1
1604450056,69.0,76.0,90.0,84.0,18.2,57.1
1604450057,69.0,76.0,89.0,84.0,18.2,57.1
1604450058,68.0,77.0,88.0,84.0,18.2,57.1
1604450059,68.0,77.0,88.0,83.0,18.2,57.1
1604450060,69.0,77.0,87.0,83.0,18.2,57.1
1604450061,69.0,78.0,87.0,83.0,18.2,57.1
1604450062,69.0,78.0,86.0,83.0,18.2,57.1
1604450063,69.0,78.0,85.0,83.0,18.2,57.1
1604450064,70.0,78.0,85.0,83.0,18.2,57.1
1604450065,70.0,78.0,85.0,83.0,18.3,57.2
1604450066,70.0,78.0,85.0,82.0,18.3,57.2
1604450067,70.0,78.0,85.0,82.0,18.3,57.2
1604450068,71.0,77.0,85.0,82.0,18.3,57.2
1604450069,71.0,77.0,85.0,83.0,18.3,57.2
1604450070,71.0,76.0,86.0,83.0,18.2,57.1
1604450071,71.0,76.0,86.0,83.0,18.2,57.1
1604450072,71.0,75.0,86.0,83.0,18.2,57.1
1604450073,71.0,75.0,86.0,83.0,18.2,57.1
1604450074,72.0,75.0,86.0,83.0,18.2,57.1
1604450075,71.88888888888889,75.0,86.0,83.11111111111111,18.2,57.11111111111112
1604450076,71.77777777777777,75.0,86.0,83.22222222222223,18.2,57.12222222222223
1604450077,71.66666666666667,75.0,86.0,83.33333333333333,18.2,57.13333333333333
1604450078,71.55555555555556,75.0,86.0,83.44444444444444,18.2,57.144444444444446
1604450079,71.44444444444444,75.0,86.0,83.55555555555556,18.2,57.15555555555556
1604450080,71.33333333333333,75.0,86.0,83.66666666666667,18.2,57.16666666666667
1604450081,71.22222222222223,75.0,86.0,83.77777777777777,18.2,57.17777777777778
1604450082,71.11111111111111,75.0,86.0,83.88888888888889,18.2,57.18888888888889
1604450083,71.0,75.0,86.0,84.0,18.2,57.2
1604450084,71.0,74.0,86.0,84.0,18.2,57.2
1604450085,71.0,74.0,85.0,84.0,18.2,57.2
1604450086,71.0,75.0,85.0,84.0,18.2,57.2
1604450087,71.0,75.0,85.0,85.0,18.2,57.2
1604450088,71.0,76.0,85.0,86.0,18.2,57.2
1604450089,71.0,76.0,84.0,86.0,18.2,57.2
1604450090,71.0,76.0,84.0,86.0,18.2,57.2
1604450091,71.0,76.0,85.0,86.0,18.2,57.2
1604450092,71.0,76.0,85.0,87.0,18.2,57.2
1604450093,71.0,76.0,85.0,87.0,18.2,57.2
1604450094,72.0,75.0,86.0,87.0,18.2,57.2
1604450095,72.0,75.0,86.0,87.0,18.2,57.2
1604450096,72.0,75.0,86.0,87.0,18.2,57.2
1604450097,72.0,75.0,86.0,87.0,18.2,57.2
1604450098,72.0,74.0,86.0,87.0,18.2,57.3
1604450099,72.0,74.0,86.0,87.0,18.2,57.3
1604450100,73.0,74.0,86.0,86.0,18.2,57.3
1604450101,73.0,74.0,86.0,86.0,18.2,57.3
1604450102,73.0,75.0,86.0,86.0,18.2,57.3
1604450103,73.0,75.0,86.0,85.0,18.2,57.3
1604450104,73.0,75.0,85.0,85.0,18.2,57.3
1604450105,72.0,76.0,85.0,85.0,18.2,57.3
1604450106,72.0,77.0,85.0,85.0,18.2,57.3
1604450107,72.0,77.0,85.0,85.0,18.2,57.3
1604450108,72.0,77.0,85.0,84.0,18.2,57.3
1604450109,72.0,77.0,85.0,84.0,18.2,57.3
1604450110,72.0,77.0,85.0,84.0,18.2,57.3
1604450111,72.0,77.0,85.0,84.0,18.2,57.3
1604450112,71.0,77.0,86.0,84.0,18.2,57.3
1604450113,71.0,77.0,86.0,84.0,18.3,57.4
1604450114,71.0,76.0,87.0,85.0,18.3,57.4
1604450115,71.0,76.0,87.0,84.0,18.3,57.4
1604450116,71.0,76.0,87.0,84.0,18.3,57.4
1604450117,71.0,76.0,87.0,84.0,18.3,57.4
1604450118,71.0,76.0,87.0,83.0,18.2,57.4
1604450119,71.0,76.0,85.0,83.0,18.2,57.4
1604450120,71.0,76.0,85.0,82.0,18.2,57.4
1604450121,71.0,76.0,86.0,82.0,18.2,57.4
1604450122,71.0,76.0,86.0,82.0,18.2,57.4
1604450123,71.0,77.0,86.0,82.0,18.2,57.5
1604450124,71.0,77.0,86.0,82.0,18.2,57.5
1604450125,71.0,78.0,85.0,82.0,18.2,57.5
1604450126,71.0,78.0,84.0,82.0,18.2,57.5
1604450127,70.0,78.0,84.0,82.0,18.2,57.5
1604450128,70.0,78.0,83.0,82.0,18.2,57.5
1604450129,70.0,78.0,83.0,82.0,18.2,57.5
1604450130,70.0,78.0,82.0,82.0,18.2,57.5
1604450131,70.0,78.0,81.0,82.0,18.2,57.5
1604450132,70.0,78.0,80.0,82.0,18.2,57.5
1604450133,70.0,77.0,80.0,82.0,18.3,57.7
1604450134,70.0,77.0,80.0,82.0,18.3,57.7
1604450135,70.0,76.0,80.0,82.0,18.3,57.7
1604450136,70.0,76.0,80.0,83.0,18.3,57.7
1604450137,70.0,75.0,82.0,84.0,18.3,57.7
1604450138,70.0,75.0,83.0,84.0,18.3,57.6
1604450139,70.0,75.0,84.0,84.0,18.3,57.6
1604450140,70.0,74.0,85.0,85.0,18.3,57.6
1604450141,71.0,74.0,85.0,85.0,18.3,57.6
1604450142,71.0,74.0,86.0,86.0,18.3,57.6
1604450143,71.0,74.0,87.0,87.0,18.3,57.6
1604450144,71.0,74.0,87.0,87.0,18.3,57.6
1604450145,72.0,74.0,88.0,87.0,18.3,57.6
1604450146,72.0,74.0,88.0,87.0,18.3,57.6
1604450147,72.0,74.0,88.0,87.0,18.3,57.6
1604450148,72.0,75.0,88.0,88.0,18.2,57.5
1604450149,72.0,75.0,88.0,88.0,18.2,57.5
1604450150,72.0,75.0,87.0,88.0,18.2,57.5
1604450151,73.0,76.0,87.0,88.0,18.2,57.5
1604450152,73.0,76.0,87.0,88.0,18.2,57.5
1604450153,73.0,76.0,87.0,88.0,18.3,57.6
1604450154,73.0,75.0,86.0,88.0,18.3,57.6
1604450155,72.0,75.0,86.0,87.0,18.3,57.6
1604450156,72.0,76.0,85.0,87.0,18.3,57.6
1604450157,72.0,76.0,85.0,87.0,18.3,57.6
1604450158,72.0,75.0,84.0,87.0,18.2,57.5
1604450159,72.0,75.0,84.0,87.0,18.2,57.5
1604450160,72.0,75.0,84.0,86.0,18.2,57.5
1604450161,72.0,76.0,84.0,86.0,18.2,57.5
1604450162,72.0,76.0,84.0,85.0,18.2,57.5
1604450163,72.0,76.0,84.0,85.0,18.2,57.6
1604450164,72.0,76.0,84.0,85.0,18.2,57.6
1604450165,72.0,77.0,83.0,85.0,18.2,57.6
1604450166,72.0,77.0,83.0,85.0,18.2,57.6
1604450167,72.0,77.0,83.0,85.0,18.2,57.6
1604450168,72.0,77.0,84.0,85.0,18.2,57.6
1604450169,71.0,77.0,84.0,85.0,18.2,57.6
1604450170,71.0,77.0,85.0,85.0,18.2,57.6
1604450171,71.0,77.0,86.0,85.0,18.2,57.6
1604450172,71.0,77.0,86.0,85.0,18.2,57.6
1604450173,71.0,76.0,87.0,85.0,18.3,57.7
1604450174,71.0,76.0,87.0,85.0,18.3,57.7
1604450175,70.0,76.0,87.0,85.0,18.3,57.7
1604450176,70.0,75.0,87.0,85.0,18.3,57.7
1604450177,70.0,75.0,87.0,85.0,18.3,57.7
1604450178,70.0,75.0,87.0,85.0,18.3,57.7
1604450179,70.0,75.0,86.0,85.0,18.3,57.7
1604450180,70.0,75.0,86.0,85.0,18.3,57.7
1604450181,70.0,75.0,85.0,85.0,18.3,57.7
1604450182,70.0,75.0,85.0,85.0,18.3,57.7
1604450183,70.0,75.0,84.0,85.0,18.3,57.5
1604450184,70.0,75.0,84.0,85.0,18.3,57.5
1604450185,70.0,76.0,84.0,85.0,18.3,57.5
1604450186,70.0,76.0,84.0,85.0,18.3,57.5
1604450187,70.0,76.0,84.0,85.0,18.3,57.5
1604450188,70.0,75.0,84.0,84.0,18.2,57.4
1604450189,70.0,75.0,84.0,84.0,18.2,57.4
1604450190,69.0,75.0,84.0,84.0,18.2,57.4
1604450191,69.0,75.0,84.0,84.0,18.2,57.4
1604450192,68.0,75.0,84.0,84.0,18.2,57.4
1604450193,68.0,75.0,84.0,84.0,18.3,57.5
1604450194,67.0,75.0,84.0,83.0,18.3,57.5
1604450195,67.0,74.0,83.0,83.0,18.3,57.5
1604450196,67.0,74.0,83.0,83.0,18.3,57.5
1604450197,66.0,74.0,83.0,83.0,18.3,57.5
1604450198,67.0,74.0,83.0,83.0,18.3,57.5
1604450199,67.0,75.0,83.0,82.0,18.3,57.5
1604450200,67.0,75.0,83.0,82.0,18.3,57.5
1604450201,67.0,74.0,83.0,82.0,18.3,57.5
1604450202,68.0,74.0,83.0,82.0,18.3,57.5
1604450203,69.0,74.0,83.0,82.0,18.2,57.4
1604450204,70.0,74.0,83.0,83.0,18.2,57.4
1604450205,71.0,75.0,82.0,83.0,18.2,57.4
1604450206,71.0,75.0,82.0,83.0,18.2,57.4
1604450207,72.0,75.0,82.0,83.0,18.2,57.4
1604450208,72.0,75.0,81.0,83.0,18.3,57.5
1604450209,73.0,75.0,81.0,83.0,18.3,57.5
1604450210,72.0,75.0,81.0,83.0,18.3,57.5
1604450211,73.0,75.0,80.0,83.0,18.3,57.5
1604450212,72.0,75.0,80.0,83.0,18.3,57.5
1604450213,73.0,76.0,79.0,83.0,18.3,57.4
1604450214,73.0,75.0,79.0,83.0,18.3,57.4
1604450215,72.0,75.0,79.0,83.0,18.3,57.4
1604450216,72.0,75.0,79.0,83.0,18.3,57.4
1604450217,71.0,75.0,79.0,83.0,18.3,57.4
1604450218,71.0,75.0,79.0,83.0,18.2,57.3
1604450219,71.0,77.0,79.0,83.0,18.2,57.3
1604450220,71.0,77.0,78.0,83.0,18.2,57.3
1604450221,71.0,77.0,79.0,83.0,18.2,57.3
1604450222,71.0,78.0,79.0,83.0,18.2,57.3
1604450223,71.0,78.0,79.0,83.0,18.2,57.3
1604450224,71.0,79.0,80.0,83.0,18.2,57.3
1604450225,71.0,79.0,80.0,82.0,18.2,57.3
1604450226,71.0,79.0,81.0,82.0,18.2,57.3
1604450227,71.0,79.0,81.0,82.0,18.2,57.3
1604450228,71.0,78.0,81.0,82.0,18.2,57.2
1604450229,71.0,78.0,81.0,82.0,18.2,57.2
1604450230,71.0,78.0,82.0,82.0,18.2,57.2
1604450231,71.0,78.0,82.0,82.0,18.2,57.2
1604450232,71.0,78.0,82.0,82.0,18.2,57.2
1604450233,71.0,78.0,82.0,83.0,18.2,57.2
1604450234,71.0,77.0,82.0,83.0,18.2,57.2
1604450235,71.0,76.0,82.0,84.0,18.2,57.2
1604450236,71.0,76.0,82.0,84.0,18.2,57.2
1604450237,71.0,76.0,82.0,84.0,18.2,57.2
1604450238,70.0,75.0,83.0,85.0,18.2,57.3
1604450239,70.0,75.0,83.0,85.0,18.2,57.3
1604450240,70.0,75.0,83.0,85.0,18.2,57.3
1604450241,70.0,75.0,83.0,85.0,18.2,57.3
1604450242,70.0,75.0,83.0,85.0,18.2,57.3
1604450243,70.0,75.0,82.0,85.0,18.2,57.3
1604450244,70.0,75.0,82.0,85.0,18.2,57.3
1604450245,70.0,76.0,82.0,84.0,18.2,57.3
1604450246,70.0,76.0,82.0,84.0,18.2,57.3
1604450247,70.0,76.0,82.0,84.0,18.2,57.3
1604450248,70.0,76.0,82.0,84.0,18.3,57.4
1604450249,70.0,76.0,81.0,84.0,18.3,57.4
1604450250,70.0,76.0,81.0,84.0,18.3,57.4
1604450251,70.0,76.0,80.0,84.0,18.3,57.4
1604450252,70.0,76.0,80.0,85.0,18.3,57.4
1604450253,70.0,77.0,80.0,86.0,18.2,57.3
1604450254,69.0,77.0,80.0,87.0,18.2,57.3
1604450255,69.0,77.0,80.0,88.0,18.2,57.3
1604450256,68.0,78.0,79.0,88.0,18.2,57.3
1604450257,68.0,78.0,79.0,89.0,18.2,57.3
1604450258,67.0,78.0,79.0,90.0,18.2,57.3
1604450259,67.0,78.0,79.0,91.0,18.2,57.3
1604450260,67.0,78.0,79.0,91.0,18.2,57.3
1604450261,67.0,77.0,79.0,91.0,18.2,57.3
1604450262,67.0,77.0,79.0,91.0,18.2,57.3
1604450263,67.0,77.0,80.0,91.0,18.2,57.3
1604450264,67.0,77.0,80.0,91.0,18.2,57.3
1604450265,67.0,77.0,80.0,90.0,18.2,57.3
1604450266,67.0,77.0,81.0,90.0,18.2,57.3
1604450267,68.0,76.0,82.0,89.0,18.2,57.3
1604450268,68.0,76.0,82.0,88.0,18.2,57.4
1604450269,68.0,76.0,83.0,87.0,18.2,57.4
1604450270,68.0,76.0,83.0,87.0,18.2,57.4
1604450271,68.0,76.0,84.0,86.0,18.2,57.4
1604450272,68.0,76.0,84.0,85.0,18.2,57.4
1604450273,68.0,76.0,84.0,85.0,18.2,57.4
1604450274,68.0,75.0,84.0,85.0,18.2,57.4
1604450275,67.0,75.0,84.0,84.0,18.2,57.4
1604450276,67.0,75.0,84.0,84.0,18.2,57.4
1604450277,66.0,74.0,84.0,84.0,18.2,57.4
1604450278,66.0,74.0,84.0,84.0,18.2,57.8
1604450279,66.0,74.0,84.0,84.0,18.2,57.8
1604450280,67.0,74.0,84.0,83.0,18.2,57.8
1604450281,67.0,74.0,84.0,83.0,18.2,57.8
1604450282,67.0,75.0,84.0,83.0,18.2,57.8
1604450283,68.0,75.0,83.0,83.0,18.1,57.9
1604450284,68.0,75.0,83.0,83.0,18.1,57.9
1604450285,69.0,75.0,83.0,84.0,18.1,57.9
1604450286,69.0,75.11111111111111,82.88888888888889,84.0,18.1,57.9
1604450287,69.0,75.22222222222223,82.77777777777777,84.0,18.1,57.9
1604450288,69.0,75.33333333333333,82.66666666666667,84.0,18.1,57.9
1604450289,69.0,75.44444444444444,82.55555555555556,84.0,18.1,57.9
1604450290,69.0,75.55555555555556,82.44444444444444,84.0,18.1,57.9
1604450291,69.0,75.66666666666667,82.33333333333333,84.0,18.1,57.9
1604450292,69.0,75.77777777777777,82.22222222222223,84.0,18.1,57.9
1604450293,69.0,75.88888888888889,82.11111111111111,84.0,18.1,57.9
1604450294,69.0,76.0,82.0,84.0,18.1,57.9
1604450295,69.0,76.0,82.0,84.0,18.1,57.9
1604450296,69.0,77.0,81.0,84.0,18.1,57.9
1604450297,70.0,77.0,81.0,84.0,18.1,57.9
1604450298,70.0,77.0,80.0,85.0,18.1,57.9
1604450299,70.0,77.0,80.0,85.0,18.1,57.9
1604450300,70.0,78.0,80.0,85.0,18.1,57.9
1604450301,70.0,78.0,80.0,86.0,18.1,58.0
1604450302,70.0,78.0,79.0,86.0,18.1,58.0
1604450303,70.0,78.0,79.0,86.0,18.1,58.0
1604450304,70.0,79.0,79.0,86.0,18.1,58.0
1604450305,70.0,78.0,80.0,85.0,18.1,58.0
1604450306,70.0,78.0,80.0,85.0,18.1,58.0
1604450307,70.0,78.0,80.0,84.0,18.1,58.0
1604450308,70.0,78.0,80.0,84.0,18.1,58.0
1604450309,70.0,78.0,80.0,84.0,18.1,58.0
1604450310,70.0,78.0,81.0,83.0,18.1,58.0
1604450311,70.0,77.0,81.0,83.0,18.1,58.0
1604450312,71.0,77.0,81.0,83.0,18.1,58.0
1604450313,71.0,77.0,81.0,83.0,18.1,58.0
1604450314,71.0,75.0,81.0,83.0,18.1,58.0
1604450315,71.0,75.0,80.0,83.0,18.1,58.0
1604450316,71.0,75.0,80.0,84.0,18.1,58.0
1604450317,71.0,75.0,80.0,85.0,18.1,58.0
1604450318,71.0,74.0,81.0,85.0,18.1,58.0
1604450319,71.0,74.0,81.0,86.0,18.1,58.0
1604450320,71.0,73.0,82.0,86.0,18.1,58.0
1604450321,71.0,73.0,82.0,86.0,18.1,58.0
1604450322,71.0,73.0,82.0,87.0,18.1,58.0
1604450323,71.0,73.0,82.0,87.0,18.1,58.0
1604450324,71.0,73.0,83.0,87.0,18.1,58.0
1604450325,71.0,73.0,83.0,87.0,18.1,58.0
1604450326,71.0,73.0,83.0,87.0,18.1,58.0
1604450327,70.0,73.0,83.0,87.0,18.1,58.0
1604450328,70.0,74.0,83.0,87.0,18.1,58.0
1604450329,69.0,74.0,83.0,86.0,18.1,58.0
1604450330,69.0,75.0,83.0,86.0,18.1,58.0
1604450331,69.0,75.0,83.0,85.0,18.1,58.0
1604450332,69.0,76.0,83.0,86.0,18.1,58.0
1604450333,69.0,76.0,83.0,85.0,18.1,58.0
1604450334,69.0,76.0,83.0,85.0,18.1,58.0
1604450335,69.0,77.0,82.0,85.0,18.1,58.0
1604450336,69.0,78.0,82.0,86.0,18.1,58.0
1604450337,69.0,78.0,81.0,86.0,18.1,58.0
1604450338,69.0,78.0,81.0,86.0,18.1,58.0
1604450339,69.0,79.0,81.0,86.0,18.1,58.0
1604450340,70.0,79.0,81.0,86.0,18.1,58.0
1604450341,70.0,79.0,81.0,86.0,18.2,58.1
1604450342,70.0,79.0,81.0,86.0,18.2,58.1
1604450343,70.0,78.0,81.0,86.0,18.2,58.1
1604450344,70.0,78.0,82.0,86.0,18.2,58.1
1604450345,70.0,78.0,82.0,86.0,18.2,58.1
1604450346,70.0,77.0,83.0,86.0,18.2,58.1
1604450347,71.0,77.0,83.0,86.0,18.2,58.1
1604450348,71.0,76.0,84.0,86.0,18.2,58.1
1604450349,71.0,76.0,84.0,86.0,18.2,58.1
1604450350,71.0,75.0,84.0,86.0,18.2,58.1
1604450351,70.0,75.0,84.0,86.0,18.1,57.8
1604450352,70.0,75.0,84.0,86.0,18.1,57.8
1604450353,70.0,75.0,84.0,86.0,18.1,57.8
1604450354,70.0,75.0,83.0,83.0,18.1,57.8
1604450355,69.0,75.0,83.0,83.0,18.1,57.8
1604450356,69.0,75.0,83.0,83.0,18.1,58.0
1604450357,68.0,76.0,81.0,83.0,18.1,58.0
1604450358,68.0,76.0,80.0,84.0,18.1,58.0
1604450359,68.0,76.0,80.0,84.0,18.1,58.0
1604450360,68.0,77.0,80.0,84.0,18.1,58.0
1604450361,67.0,77.0,79.0,84.0,18.2,58.1
1604450362,68.0,77.0,79.0,84.0,18.2,58.1
1604450363,68.0,77.0,79.0,84.0,18.2,58.1
1604450364,68.0,77.0,79.0,84.0,18.2,58.1
1604450365,68.0,76.0,82.0,84.0,18.2,58.1
1604450366,68.0,76.0,82.0,84.0,18.1,58.0
1604450367,68.0,76.0,81.0,84.0,18.1,58.0
1604450368,68.0,75.0,81.0,84.0,18.1,58.0
1604450369,68.0,75.0,81.0,84.0,18.1,58.0
1604450370,68.0,74.0,80.0,84.0,18.1,58.0
1604450371,68.0,74.0,79.0,84.0,18.2,58.1
1604450372,68.0,74.0,79.0,84.0,18.2,58.1
1604450373,68.0,73.0,79.0,84.0,18.2,58.1
1604450374,67.0,73.0,79.0,83.0,18.2,58.1
1604450375,67.0,73.0,79.0,83.0,18.2,58.1
1604450376,67.0,73.0,80.0,83.0,18.1,58.0
1604450377,67.0,73.0,80.0,82.0,18.1,58.0
1604450378,67.0,73.0,80.0,82.0,18.1,58.0
1604450379,67.0,73.0,81.0,82.0,18.1,58.0
1604450380,67.0,73.0,82.0,82.0,18.1,58.0
1604450381,67.0,73.0,82.0,82.0,18.2,58.1
1604450382,67.0,74.0,82.0,82.0,18.2,58.1
1604450383,68.0,74.0,82.0,82.0,18.2,58.1
1604450384,68.0,74.0,82.0,82.0,18.2,58.1
1604450385,68.0,74.0,82.0,83.0,18.2,58.1
1604450386,69.0,74.0,81.0,83.0,18.2,58.2
1604450387,69.0,74.0,81.0,84.0,18.2,58.2
1604450388,70.0,75.0,80.0,84.0,18.2,58.2
1604450389,70.0,75.0,80.0,84.0,18.2,58.2
1604450390,70.0,75.0,80.0,85.0,18.2,58.2
1604450391,70.0,75.0,80.0,85.0,18.2,58.2
1604450392,70.0,75.0,80.0,85.0,18.2,58.2
1604450393,71.0,75.0,80.0,85.0,18.2,58.2
1604450394,71.0,75.0,81.0,86.0,18.2,58.2
1604450395,71.0,75.0,81.0,86.0,18.2,58.2
1604450396,71.0,75.0,82.0,86.0,18.1,58.1
1604450397,71.0,74.0,83.0,87.0,18.1,58.1
1604450398,71.0,74.0,84.0,87.0,18.1,58.1
1604450399,71.0,74.0,85.0,87.0,18.1,58.1
1604450400,71.0,74.0,85.0,87.0,18.1,58.1
1604450401,71.0,74.0,85.0,88.0,18.2,58.2
1604450402,71.0,74.0,85.0,88.0,18.2,58.2
1604450403,71.0,75.0,85.0,88.0,18.2,58.2
1604450404,71.0,75.0,85.0,88.0,18.2,58.2
1604450405,70.0,75.0,84.0,88.0,18.2,58.2
1604450406,70.0,75.0,84.0,88.0,18.1,58.1
1604450407,70.0,75.0,84.0,88.0,18.1,58.1
1604450408,70.0,76.0,83.0,87.0,18.1,58.1
1604450409,70.0,76.0,82.0,87.0,18.1,58.1
1604450410,70.0,76.0,82.0,87.0,18.1,58.1
1604450411,70.0,76.0,82.0,87.0,18.2,58.2
1604450412,70.0,76.0,82.0,86.0,18.2,58.2
1604450413,69.0,76.0,82.0,86.0,18.2,58.2
1604450414,69.0,76.0,82.0,86.0,18.2,58.2
1604450415,69.0,76.0,83.0,86.0,18.2,58.2
1604450416,69.0,75.0,83.0,86.0,18.2,58.2
1604450417,68.0,75.0,84.0,86.0,18.2,58.2
1604450418,68.0,75.0,84.0,86.0,18.2,58.2
1604450419,67.0,75.0,84.0,87.0,18.2,58.2
1604450420,67.0,74.0,84.0,87.0,18.2,58.2
1604450421,67.0,74.0,84.0,86.0,18.2,58.1
1604450422,67.0,74.0,84.0,87.0,18.2,58.1
1604450423,67.0,74.0,84.0,87.0,18.2,58.1
1604450424,67.0,74.0,84.0,87.0,18.2,58.1
1604450425,67.0,74.0,85.0,86.0,18.2,58.1
1604450426,67.0,75.0,84.0,86.0,18.2,58.3
1604450427,68.0,75.0,84.0,86.0,18.2,58.3
1604450428,68.0,75.0,84.0,86.0,18.2,58.3
1604450429,68.0,75.0,83.0,86.0,18.2,58.3
1604450430,68.0,76.0,83.0,86.0,18.2,58.3
1604450431,69.0,76.0,83.0,86.0,18.2,58.1
1604450432,69.0,76.0,83.0,86.0,18.2,58.1
1604450433,69.0,77.0,82.0,86.0,18.2,58.1
1604450434,69.0,77.0,82.0,86.0,18.2,58.1
1604450435,69.0,77.0,81.0,86.0,18.2,58.1
1604450436,69.0,77.0,81.0,86.0,18.2,58.1
1604450437,69.0,76.0,81.0,86.0,18.2,58.1
1604450438,69.0,76.0,81.0,86.0,18.2,58.1
1604450439,69.0,76.0,81.0,86.0,18.2,58.1
1604450440,69.0,76.0,81.0,86.0,18.2,58.1
1604450441,69.0,76.0,80.0,86.0,18.2,58.0
1604450442,69.0,76.0,80.0,86.0,18.2,58.0
1604450443,69.0,75.0,80.0,85.0,18.2,58.0
1604450444,69.0,75.0,80.0,85.0,18.2,58.0
1604450445,68.0,75.0,80.0,85.0,18.2,58.0
1604450446,68.0,75.0,80.0,85.0,18.2,58.0
1604450447,68.0,74.0,80.0,85.0,18.2,58.0
1604450448,68.0,74.0,81.0,85.0,18.2,58.0
1604450449,69.0,74.0,81.0,85.0,18.2,58.0
1604450450,69.0,74.0,81.0,85.0,18.2,58.0
1604450451,68.0,74.0,81.0,85.0,18.2,58.0
1604450452,68.0,74.0,81.0,85.0,18.2,58.0
1604450453,69.0,75.0,81.0,85.0,18.2,58.0
1604450454,69.0,75.0,82.0,85.0,18.2,58.0
1604450455,69.0,75.0,82.0,85.0,18.2,58.0
1604450456,69.0,76.0,82.0,85.0,18.2,58.0
1604450457,69.0,76.0,82.0,85.0,18.2,58.0
1604450458,68.0,76.0,81.0,84.0,18.2,58.0
1604450459,68.0,76.0,81.0,84.0,18.2,58.0
1604450460,68.0,76.0,81.0,83.0,18.2,58.0
1604450461,68.0,76.0,81.0,83.0,18.2,58.0
1604450462,68.0,76.0,82.0,83.0,18.2,58.0
1604450463,67.0,75.0,82.0,82.0,18.2,58.0
1604450464,67.0,74.0,82.0,82.0,18.2,58.0
1604450465,67.0,74.0,82.0,82.0,18.2,58.0
1604450466,67.0,73.0,82.0,83.0,18.2,58.0
1604450467,67.0,72.0,82.0,83.0,18.2,58.0
1604450468,67.0,72.0,82.0,83.0,18.2,58.0
1604450469,67.0,72.0,82.0,83.0,18.2,58.0
1604450470,67.0,72.0,83.0,83.0,18.2,58.0
1604450471,67.0,72.0,83.0,83.5,18.2,58.15
1604450472,67.0,72.0,83.0,84.0,18.2,58.3
1604450473,67.0,72.0,83.0,85.0,18.2,58.3
1604450474,67.0,74.0,83.0,85.0,18.2,58.3
1604450475,67.0,75.0,83.0,85.0,18.2,58.3
1604450476,67.0,76.0,83.0,85.0,18.2,58.3
1604450477,67.0,77.0,83.0,85.0,18.2,57.9
1604450478,67.0,77.0,83.0,85.0,18.2,57.9
1604450479,68.0,78.0,84.0,86.0,18.2,57.9
1604450480,68.0,78.0,84.0,86.0,18.2,57.9
1604450481,68.0,78.0,84.0,86.0,18.2,57.9
1604450482,68.0,78.0,84.0,86.0,18.3,58.0
1604450483,69.0,78.0,84.0,86.0,18.3,58.0
1604450484,69.0,78.0,84.0,86.0,18.3,58.0
1604450485,69.0,78.0,84.0,86.0,18.3,58.0
1604450486,69.0,77.0,85.0,87.0,18.3,58.0
1604450487,69.0,77.0,85.0,87.0,18.2,57.9
1604450488,70.0,77.0,85.0,88.0,18.2,57.9
1604450489,70.0,77.0,84.0,88.0,18.2,57.9
1604450490,70.0,77.0,84.0,88.0,18.2,57.9
1604450491,70.0,77.0,84.0,88.0,18.2,57.9
1604450492,70.0,77.0,84.0,88.0,18.2,57.9
1604450493,70.0,78.0,84.0,88.0,18.2,57.9
1604450494,71.0,78.0,84.0,88.0,18.2,57.9
1604450495,72.0,78.0,83.0,88.0,18.2,57.9
1604450496,72.0,78.0,83.0,88.0,18.2,57.9
1604450497,73.0,78.0,83.0,88.0,18.2,57.9
1604450498,73.0,78.0,83.0,88.0,18.2,57.9
1604450499,73.0,78.0,83.0,88.0,18.2,57.9
1604450500,73.0,78.0,83.0,88.0,18.2,57.9
1604450501,72.88888888888889,78.0,83.0,88.0,18.2,57.9
1604450502,72.77777777777777,78.0,83.0,88.0,18.2,57.9
1604450503,72.66666666666667,78.0,83.0,88.0,18.2,57.9
1604450504,72.55555555555556,78.0,83.0,88.0,18.2,57.9
1604450505,72.44444444444444,78.0,83.0,88.0,18.2,57.9
1604450506,72.33333333333333,78.0,83.0,88.0,18.2,57.9
1604450507,72.22222222222223,78.0,83.0,88.0,18.2,57.9
1604450508,72.11111111111111,78.0,83.0,88.0,18.2,57.9
1604450509,72.0,78.0,83.0,88.0,18.2,57.9
1604450510,72.0,78.0,83.0,88.0,18.2,57.9
1604450511,72.0,79.0,83.0,88.0,18.2,57.9
1604450512,72.0,79.0,83.0,87.0,18.2,57.9
1604450513,72.0,79.0,83.0,87.0,18.2,57.9
1604450514,71.0,79.0,83.0,87.0,18.2,57.9
1604450515,71.0,79.0,83.0,87.0,18.3,58.0
1604450516,71.0,79.0,83.0,86.0,18.3,58.0
1604450517,71.0,79.0,83.0,86.0,18.3,58.0
1604450518,70.0,80.0,83.0,86.0,18.3,58.0
1604450519,70.0,80.0,83.0,86.0,18.3,58.0
1604450520,70.0,80.0,83.0,86.0,18.2,57.9
1604450521,69.0,80.0,83.0,85.0,18.2,57.9
1604450522,69.0,80.0,82.0,86.0,18.2,57.9
1604450523,69.0,80.0,81.0,86.0,18.2,57.9
1604450524,69.0,80.0,81.0,85.0,18.2,57.9
1604450525,69.0,80.0,80.0,85.0,18.3,58.0
1604450526,69.0,80.0,80.0,85.0,18.3,58.0
1604450527,69.0,80.0,79.0,86.0,18.3,58.0
1604450528,70.0,79.0,79.0,86.0,18.3,58.0
1604450529,70.0,79.0,79.0,86.0,18.3,58.0
1604450530,70.0,79.0,79.0,86.0,18.3,58.0
1604450531,71.0,78.0,80.0,86.0,18.3,58.0
1604450532,71.0,78.0,80.0,86.0,18.3,58.0
1604450533,71.0,78.0,80.0,86.0,18.3,58.0
1604450534,71.0,77.0,80.0,87.0,18.3,58.0
1604450535,71.0,77.0,80.0,87.0,18.3,57.9
1604450536,71.0,77.0,81.0,87.0,18.3,57.9
1604450537,71.0,78.0,81.0,87.0,18.3,57.9
1604450538,71.0,78.0,81.0,87.0,18.3,57.9
1604450539,70.0,78.0,81.0,87.0,18.3,57.9
1604450540,70.0,78.0,81.0,87.0,18.3,57.9
1604450541,70.0,78.0,81.0,88.0,18.3,57.9
1604450542,69.0,78.0,81.0,88.0,18.3,57.9
1604450543,69.0,78.0,81.0,88.0,18.3,57.9
1604450544,69.0,78.0,81.0,88.0,18.3,57.9
1604450545,69.0,77.0,81.0,88.0,18.3,57.9
1604450546,68.0,77.0,81.0,88.0,18.3,57.9
1604450547,68.0,77.0,82.0,89.0,18.3,57.9
1604450548,68.0,76.0,81.0,88.0,18.3,57.9
1604450549,69.0,76.0,81.0,88.0,18.3,57.9
1604450550,69.0,76.0,80.0,88.0,18.3,57.9
1604450551,69.0,75.0,80.0,88.0,18.3,57.9
1604450552,69.0,75.0,80.0,88.0,18.3,57.9
1604450553,69.0,76.0,79.0,88.0,18.3,57.9
1604450554,69.0,76.0,79.0,88.0,18.3,57.9
1604450555,70.0,76.0,79.0,88.0,18.3,57.9
1604450556,70.0,76.0,79.0,88.0,18.3,57.9
1604450557,70.0,76.0,78.0,88.0,18.3,57.9
1604450558,70.0,76.0,78.0,88.0,18.3,57.9
1604450559,70.0,77.0,78.0,88.0,18.3,57.9
1604450560,70.0,77.0,79.0,88.0,18.3,57.9
1604450561,70.0,77.0,79.0,88.0,18.3,57.9
1604450562,70.0,77.0,79.0,88.0,18.3,57.9
1604450563,70.0,77.0,79.0,88.0,18.3,57.9
1604450564,70.0,78.0,79.0,88.0,18.3,57.9
1604450565,70.0,78.0,79.0,87.0,18.3,57.9
1604450566,71.0,79.0,80.0,87.0,18.3,57.9
1604450567,71.0,79.0,80.0,87.0,18.3,57.9
1604450568,71.0,80.0,81.0,86.0,18.3,57.9
1604450569,71.0,80.0,81.0,86.0,18.3,57.9
1604450570,71.0,80.0,81.0,85.0,18.3,57.9
1604450571,72.0,80.0,82.0,84.0,18.3,57.9
1604450572,72.0,80.0,83.0,84.0,18.3,57.9
1604450573,73.0,80.0,83.0,84.0,18.3,57.9
1604450574,73.0,79.0,84.0,84.0,18.3,57.9
1604450575,73.0,79.0,85.0,84.0,18.3,57.9
1604450576,73.0,78.0,85.0,84.0,18.3,57.9
1604450577,74.0,77.0,85.0,84.0,18.3,57.9
1604450578,74.0,77.0,86.0,83.0,18.3,57.9
1604450579,74.0,76.0,86.0,83.0,18.3,57.9
1604450580,75.0,75.0,86.0,83.0,18.3,57.9
1604450581,75.0,75.0,85.0,83.0,18.3,57.9
1604450582,75.0,74.0,85.0,83.0,18.3,57.9
1604450583,75.0,74.0,85.0,83.0,18.3,57.9
1604450584,75.0,74.0,85.0,83.0,18.3,57.9
1604450585,75.0,74.0,85.0,83.0,18.3,57.9
1604450586,75.0,74.0,85.0,82.0,18.3,57.9
1604450587,74.0,74.0,85.0,82.0,18.3,57.9
1604450588,74.0,73.0,85.0,82.0,18.3,57.9
1604450589,74.0,73.0,84.0,83.0,18.3,57.9
1604450590,73.0,73.0,84.0,83.0,18.3,57.9
1604450591,73.0,73.0,84.0,83.0,18.3,57.9
1604450592,73.0,73.0,84.0,84.0,18.3,57.9
1604450593,73.0,74.0,83.0,84.0,18.3,57.9
1604450594,72.0,74.0,83.0,84.0,18.3,57.9
1604450595,72.0,74.0,82.0,85.0,18.3,57.9
1604450596,71.0,74.0,82.0,88.0,18.3,57.9
1604450597,71.0,74.0,82.0,88.0,18.3,57.9
1604450598,71.0,75.0,82.0,88.0,18.3,57.9
1604450599,71.0,75.0,81.0,87.0,18.3,57.9
1604450600,71.0,75.0,81.0,87.0,18.3,57.9
1604450601,71.0,76.0,81.0,87.0,18.3,57.9
1604450602,71.0,76.0,82.0,87.0,18.3,57.9
1604450603,71.0,76.0,82.0,88.0,18.3,57.9
1604450604,71.0,76.0,82.0,87.0,18.3,57.9
1604450605,71.0,76.0,82.0,87.0,18.3,57.9
1604450606,71.0,77.0,82.0,87.0,18.3,57.9
1604450607,71.0,77.0,83.0,87.0,18.3,57.9
1604450608,70.0,78.0,83.0,87.0,18.3,57.9
1604450609,70.0,78.0,83.0,86.0,18.3,57.9
1604450610,70.0,78.0,84.0,86.0,18.3,57.9
1604450611,70.0,78.0,84.0,85.0,18.3,57.9
1604450612,70.0,78.0,84.0,85.0,18.3,57.9
1604450613,70.0,78.0,84.0,85.0,18.3,57.9
1604450614,70.0,77.0,84.0,85.0,18.3,57.9
1604450615,70.0,77.0,84.0,85.0,18.3,57.9
1604450616,70.0,76.0,83.0,85.0,18.3,57.9
1604450617,70.0,76.0,83.0,85.0,18.3,57.9
1604450618,70.0,76.0,83.0,85.0,18.3,57.9
1604450619,70.0,75.0,82.0,85.0,18.3,57.9
1604450620,70.0,75.0,82.0,85.0,18.3,57.9
1604450621,71.0,75.0,82.0,85.0,18.3,57.9
1604450622,71.0,75.0,82.0,85.0,18.3,57.9
1604450623,71.0,75.0,82.0,85.0,18.3,57.9
1604450624,71.0,75.0,82.0,85.0,18.3,57.9
1604450625,71.0,75.0,82.0,85.0,18.3,58.0
1604450626,71.0,75.0,82.0,84.0,18.3,58.0
1604450627,71.0,76.0,82.0,84.0,18.3,58.0
1604450628,71.0,76.0,82.0,84.0,18.3,58.0
1604450629,71.0,76.0,82.0,85.0,18.3,58.0
1604450630,71.0,76.0,81.0,85.0,18.3,57.8
1604450631,71.0,77.0,82.0,85.0,18.3,57.8
1604450632,72.0,77.0,82.0,85.0,18.3,57.8
1604450633,72.0,77.0,81.0,85.0,18.3,57.8
1604450634,72.0,77.0,81.0,86.0,18.3,57.8
1604450635,72.0,77.0,81.0,86.0,18.3,57.8
1604450636,73.0,77.0,81.0,86.0,18.3,57.8
1604450637,74.0,78.0,81.0,86.0,18.3,57.8
1604450638,74.0,78.0,81.0,86.0,18.3,57.8
1604450639,74.0,78.0,82.0,85.0,18.3,57.8
1604450640,74.0,77.0,82.0,85.0,18.3,57.8
1604450641,74.0,77.0,82.0,85.0,18.3,57.8
1604450642,74.0,77.0,82.0,84.0,18.3,57.8
1604450643,74.0,77.0,82.0,84.0,18.3,57.8
1604450644,74.0,77.0,82.0,84.0,18.3,57.8
1604450645,74.0,77.0,82.0,83.0,18.3,57.8
1604450646,74.0,78.0,82.0,83.0,18.3,57.8
1604450647,73.0,78.0,82.0,83.0,18.3,57.8
1604450648,73.0,78.0,82.0,83.0,18.3,57.8
1604450649,73.0,78.0,82.0,83.0,18.3,57.8
1604450650,73.0,79.0,82.0,83.0,18.3,57.8
1604450651,73.0,79.0,82.0,84.0,18.3,57.8
1604450652,73.0,79.0,82.0,84.0,18.3,57.8
1604450653,73.0,78.0,82.0,84.0,18.3,57.8
1604450654,73.0,78.0,82.0,84.0,18.3,57.8
1604450655,73.0,78.0,81.0,84.0,18.3,57.8
1604450656,73.0,78.0,81.0,84.0,18.3,57.8
1604450657,73.0,77.0,81.0,84.0,18.3,57.8
1604450658,73.0,77.0,82.0,84.0,18.3,57.8
1604450659,73.0,77.0,82.0,84.0,18.3,57.8
1604450660,73.0,77.0,82.0,83.0,18.3,57.8
1604450661,73.0,77.0,82.0,83.0,18.3,57.8
1604450662,73.0,77.0,83.0,83.0,18.3,57.8
1604450663,73.0,76.0,83.0,84.0,18.3,57.8
1604450664,73.0,76.0,83.0,84.0,18.3,57.8
1604450665,73.0,76.0,84.0,83.0,18.3,57.8
1604450666,73.0,76.0,84.0,83.0,18.3,57.8
1604450667,72.0,76.0,84.0,83.0,18.3,57.8
1604450668,72.0,76.0,84.0,83.0,18.3,57.8
1604450669,72.0,76.0,85.0,84.0,18.3,57.8
1604450670,72.0,76.0,85.0,84.0,18.3,57.7
1604450671,72.0,76.0,85.0,84.0,18.3,57.7
1604450672,72.0,76.0,85.0,84.0,18.3,57.7
1604450673,72.0,76.0,85.0,84.0,18.3,57.7
1604450674,72.0,76.0,85.0,84.0,18.3,57.7
1604450675,72.0,75.0,86.0,85.0,18.3,57.7
1604450676,72.0,75.0,86.0,86.0,18.3,57.7
1604450677,72.0,75.0,86.0,86.0,18.3,57.7
1604450678,72.0,75.0,86.0,86.0,18.3,57.7
1604450679,72.0,74.0,86.0,87.0,18.3,57.7
1604450680,72.0,75.0,86.0,87.0,18.3,57.7
1604450681,72.0,75.0,85.0,88.0,18.3,57.7
1604450682,72.0,75.0,85.0,88.0,18.3,57.7
1604450683,71.0,75.0,85.0,88.0,18.3,57.7
1604450684,71.0,75.0,84.0,88.0,18.3,57.7
1604450685,70.0,75.0,84.0,88.0,18.3,57.8
1604450686,70.0,76.0,83.0,88.0,18.3,57.8
1604450687,70.0,76.0,83.0,88.0,18.3,57.8
1604450688,70.0,76.0,83.0,87.0,18.3,57.8
1604450689,70.0,76.0,83.0,87.0,18.3,57.8
1604450690,69.0,76.0,82.0,86.0,18.3,57.8
1604450691,69.0,76.0,82.0,86.0,18.3,57.8
1604450692,69.0,75.0,83.0,85.0,18.3,57.8
1604450693,70.0,75.0,83.0,85.0,18.3,57.8
1604450694,70.0,75.0,83.0,85.0,18.3,57.8
1604450695,70.0,75.0,83.0,84.0,18.3,57.8
1604450696,70.0,74.0,83.0,83.0,18.3,57.8
1604450697,70.0,74.0,83.0,83.0,18.3,57.8
1604450698,70.0,74.0,83.0,83.0,18.3,57.8
1604450699,71.0,74.0,83.0,83.0,18.3,57.8
1604450700,71.0,74.0,83.0,83.0,18.3,57.8
1604450701,71.0,74.0,83.0,83.0,18.3,57.8
1604450702,71.0,74.0,83.0,84.0,18.3,57.8
1604450703,71.0,74.0,83.0,84.0,18.3,57.8
1604450704,71.0,74.0,83.0,84.0,18.3,57.8
1604450705,72.0,74.0,83.0,84.0,18.3,57.7
1604450706,72.0,74.0,84.0,84.0,18.3,57.7
1604450707,72.0,74.0,83.0,84.0,18.3,57.7
1604450708,72.0,74.0,83.0,84.0,18.3,57.7
1604450709,72.0,74.0,83.0,84.0,18.3,57.7
1604450710,72.0,74.0,83.0,84.0,18.3,57.7
1604450711,72.0,74.0,83.0,85.0,18.3,57.7
1604450712,72.0,74.0,83.0,85.0,18.3,57.7
1604450713,71.88888888888889,74.0,83.11111111111111,85.0,18.3,57.7
1604450714,71.77777777777777,74.0,83.22222222222223,85.0,18.3,57.7
1604450715,71.66666666666667,74.0,83.33333333333333,85.0,18.3,57.7
1604450716,71.55555555555556,74.0,83.44444444444444,85.0,18.3,57.7
1604450717,71.44444444444444,74.0,83.55555555555556,85.0,18.3,57.7
1604450718,71.33333333333333,74.0,83.66666666666667,85.0,18.3,57.7
1604450719,71.22222222222223,74.0,83.77777777777777,85.0,18.3,57.7
1604450720,71.11111111111111,74.0,83.88888888888889,85.0,18.3,57.7
1604450721,71.0,74.0,84.0,85.0,18.3,57.7
1604450722,71.0,75.0,84.0,86.0,18.3,57.7
1604450723,71.0,75.0,84.0,86.0,18.3,57.7
1604450724,71.0,75.0,84.0,86.0,18.3,57.7
1604450725,71.0,74.0,84.0,87.0,18.3,57.7
1604450726,72.0,74.0,85.0,87.0,18.3,57.7
1604450727,72.0,74.0,85.0,87.0,18.3,57.7
1604450728,72.0,74.0,85.0,87.0,18.3,57.8
1604450729,72.0,74.0,85.0,86.0,18.3,57.8
1604450730,72.0,74.0,85.0,86.0,18.3,57.8
1604450731,72.0,74.0,85.0,86.0,18.3,57.8
1604450732,73.0,74.0,85.0,85.0,18.3,57.8
1604450733,73.0,73.0,85.0,85.0,18.3,57.9
1604450734,73.0,73.0,86.0,85.0,18.3,57.9
1604450735,73.0,73.0,86.0,85.0,18.3,57.9
1604450736,73.0,73.0,86.0,85.0,18.3,57.9
1604450737,73.0,73.0,86.0,85.0,18.3,57.9
1604450738,72.0,73.0,85.0,85.0,18.3,57.9
1604450739,72.0,73.0,85.0,85.0,18.3,57.9
1604450740,72.0,73.0,85.0,85.0,18.3,57.9
1604450741,72.0,73.0,85.0,85.0,18.3,57.9
1604450742,72.0,74.0,85.0,85.0,18.3,57.9
1604450743,72.0,74.0,84.0,85.0,18.3,57.9
1604450744,71.0,74.0,84.0,85.0,18.3,57.9
1604450745,71.0,74.0,83.0,85.0,18.3,57.9
1604450746,70.0,74.0,83.0,86.0,18.3,57.9
1604450747,70.0,75.0,83.0,86.0,18.3,57.9
1604450748,70.0,75.0,83.0,86.0,18.3,57.9
1604450749,70.0,75.0,82.0,86.0,18.3,57.9
1604450750,70.0,75.0,82.0,86.0,18.3,57.9
1604450751,70.0,75.0,82.0,86.0,18.3,57.9
1604450752,70.0,75.0,82.0,86.0,18.3,57.9
1604450753,71.0,75.0,82.0,86.0,18.3,57.9
1604450754,71.0,75.0,82.0,86.0,18.3,57.9
1604450755,71.0,74.0,82.0,86.0,18.3,57.9
1604450756,71.0,74.0,82.0,86.0,18.3,57.9
1604450757,71.0,74.0,82.0,86.0,18.3,57.9
1604450758,71.0,74.0,82.0,87.0,18.3,57.9
1604450759,71.0,74.0,82.0,87.0,18.3,57.9
1604450760,71.0,74.0,82.0,87.0,18.3,57.9
1604450761,70.0,73.0,82.0,88.0,18.3,57.9
1604450762,70.0,73.0,83.0,88.0,18.3,57.9
1604450763,70.0,72.0,83.0,88.0,18.3,57.8
1604450764,70.0,72.0,83.0,89.0,18.3,57.8
1604450765,70.0,72.0,83.0,89.0,18.3,57.8
1604450766,70.0,72.0,84.0,88.0,18.3,57.8
1604450767,70.0,73.0,84.0,88.0,18.3,57.8
1604450768,69.0,73.0,84.0,88.0,18.3,57.7
1604450769,70.0,73.0,84.0,87.0,18.3,57.7
1604450770,70.0,73.0,84.0,87.0,18.3,57.7
1604450771,70.0,74.0,84.0,86.0,18.3,57.7
1604450772,70.0,74.0,84.0,86.0,18.3,57.7
1604450773,70.0,75.0,83.0,86.0,18.3,57.7
1604450774,71.0,75.0,83.0,85.0,18.3,57.7
1604450775,71.0,75.0,83.0,85.0,18.3,57.7
1604450776,71.0,75.0,82.0,84.0,18.3,57.7
1604450777,72.0,75.0,82.0,85.0,18.3,57.7
1604450778,72.0,75.0,81.0,85.0,18.3,57.7
1604450779,73.0,75.0,81.0,85.0,18.3,57.7
1604450780,73.0,75.0,81.0,85.0,18.3,57.7
1604450781,73.0,75.0,81.0,85.0,18.3,57.7
1604450782,73.0,75.0,81.0,85.0,18.3,57.7
1604450783,73.0,75.0,82.0,85.0,18.3,57.7
1604450784,73.0,74.0,83.0,85.0,18.3,57.7
1604450785,73.0,74.0,83.0,85.0,18.3,57.7
1604450786,72.0,75.0,83.0,85.0,18.3,57.7
1604450787,72.0,75.0,84.0,85.0,18.3,57.7
1604450788,71.0,74.0,85.0,84.0,18.3,57.7
1604450789,71.0,74.0,85.0,84.0,18.3,57.7
1604450790,70.0,74.0,85.0,83.0,18.3,57.7
1604450791,70.0,74.0,86.0,83.0,18.3,57.7
1604450792,70.0,74.0,85.0,83.0,18.3,57.7
1604450793,70.0,74.0,85.0,83.0,18.3,57.7
1604450794,70.0,74.0,85.0,83.0,18.3,57.7
1604450795,70.0,75.0,85.0,83.0,18.3,57.7
1604450796,71.0,75.0,85.0,82.0,18.3,57.7
1604450797,71.0,75.0,84.0,82.0,18.3,57.7
1604450798,71.0,76.0,84.0,82.0,18.3,57.7
1604450799,72.0,76.0,84.0,82.0,18.3,57.7
1604450800,72.0,76.0,84.0,82.0,18.3,57.7
1604450801,72.0,76.0,83.0,81.0,18.3,57.7
1604450802,72.0,77.0,83.0,81.0,18.3,57.7
1604450803,71.0,77.0,82.0,80.0,18.3,57.7
1604450804,71.0,76.0,82.0,80.0,18.3,57.7
1604450805,71.0,77.0,81.0,80.0,18.3,57.7
1604450806,71.0,77.0,81.0,80.0,18.3,57.7
1604450807,70.0,76.0,81.0,80.0,18.3,57.7
1604450808,70.0,76.0,82.0,80.0,18.3,57.9
1604450809,70.0,76.0,82.0,81.0,18.3,57.9
1604450810,70.0,76.0,82.0,81.0,18.3,57.9
1604450811,71.0,77.0,82.0,81.0,18.3,57.9
1604450812,71.0,77.0,82.0,82.0,18.3,57.9
1604450813,71.0,77.0,82.0,82.0,18.3,57.7
1604450814,71.0,77.0,83.0,83.0,18.3,57.7
1604450815,72.0,76.0,83.0,83.0,18.3,57.7
1604450816,72.0,76.0,82.0,84.0,18.3,57.7
1604450817,71.0,76.0,82.0,84.0,18.3,57.7
1604450818,71.0,77.0,82.0,85.0,18.3,57.7
1604450819,71.0,77.0,82.0,85.0,18.3,57.7
1604450820,71.0,77.0,81.0,85.0,18.3,57.7
1604450821,70.0,77.0,81.0,85.0,18.3,57.7
1604450822,70.0,76.0,81.0,85.0,18.3,57.7
1604450823,70.0,76.0,81.0,84.0,18.3,57.7
1604450824,70.0,77.0,80.0,84.0,18.3,57.7
1604450825,70.0,77.0,80.0,84.0,18.3,57.7
1604450826,70.0,76.0,81.0,83.0,18.3,57.7
1604450827,70.0,76.0,81.0,83.0,18.3,57.7
1604450828,70.0,76.0,81.0,83.0,18.3,57.7
1604450829,70.0,76.0,81.0,83.0,18.3,57.7
1604450830,71.0,76.0,82.0,82.0,18.3,57.7
1604450831,71.0,76.0,82.0,82.0,18.3,57.7
1604450832,71.0,76.0,81.0,82.0,18.3,57.7
1604450833,71.0,75.0,81.0,83.0,18.3,57.7
1604450834,71.0,75.0,81.0,83.0,18.3,57.7
1604450835,72.0,75.0,80.0,83.0,18.3,57.7
1604450836,72.0,75.0,80.0,86.0,18.3,57.7
1604450837,72.0,76.0,80.0,86.0,18.3,57.7
1604450838,72.0,76.0,80.0,86.0,18.3,57.6
1604450839,73.0,76.0,80.0,86.0,18.3,57.6
1604450840,73.0,76.0,80.0,86.0,18.3,57.6
1604450841,73.0,76.0,80.0,86.0,18.3,57.6
1604450842,73.0,76.0,80.0,86.0,18.3,57.6
1604450843,73.0,76.0,81.0,86.0,18.3,57.5
1604450844,74.0,76.0,82.0,86.0,18.3,57.5
1604450845,74.0,76.0,82.0,86.0,18.3,57.5
1604450846,74.0,76.0,83.0,86.0,18.3,57.5
1604450847,73.0,76.0,84.0,87.0,18.3,57.5
1604450848,72.0,76.0,84.0,87.0,18.3,57.5
1604450849,72.0,76.0,84.0,87.0,18.3,57.5
1604450850,72.0,76.0,84.0,87.0,18.3,57.5
1604450851,72.0,76.0,84.0,86.0,18.3,57.5
1604450852,72.0,76.0,84.0,86.0,18.3,57.5
1604450853,71.0,76.0,84.0,86.0,18.3,57.5
1604450854,71.0,76.0,83.0,86.0,18.3,57.5
1604450855,71.0,76.0,83.0,86.0,18.3,57.5
1604450856,71.0,75.0,82.0,85.0,18.3,57.5
1604450857,71.0,75.0,82.0,85.0,18.3,57.5
1604450858,71.0,75.0,81.0,85.0,18.3,57.4
1604450859,71.0,76.0,81.0,85.0,18.3,57.4
1604450860,71.0,76.0,81.0,85.0,18.3,57.4
1604450861,71.0,76.0,81.0,85.0,18.3,57.4
1604450862,70.0,76.0,80.0,86.0,18.3,57.4
1604450863,70.0,76.0,81.0,86.0,18.3,57.3
1604450864,70.0,76.0,81.0,86.0,18.3,57.3
1604450865,70.0,77.0,81.0,86.0,18.3,57.3
1604450866,70.0,77.0,81.0,87.0,18.3,57.3
1604450867,70.0,77.0,82.0,87.0,18.3,57.3
1604450868,70.0,77.0,82.0,87.0,18.3,57.3
1604450869,70.0,77.0,82.0,87.0,18.3,57.3
1604450870,70.0,77.0,82.0,87.0,18.3,57.3
1604450871,70.0,77.0,82.0,87.0,18.3,57.3
1604450872,70.0,77.0,82.0,87.0,18.3,57.3
1604450873,70.0,77.0,82.0,87.0,18.3,57.3
1604450874,70.0,77.0,81.0,87.0,18.3,57.3
1604450875,70.0,77.0,81.0,87.0,18.3,57.3
1604450876,70.0,77.0,81.0,87.0,18.3,57.3
1604450877,69.0,77.0,81.0,87.0,18.3,57.3
1604450878,69.0,76.0,80.0,87.0,18.3,57.3
1604450879,69.0,76.0,80.0,88.0,18.3,57.3
1604450880,69.0,77.0,80.0,87.0,18.3,57.3
1604450881,69.0,76.0,80.0,87.0,18.3,57.3
1604450882,69.0,76.0,85.0,87.0,18.3,57.3
1604450883,69.0,76.0,85.0,86.0,18.3,57.3
1604450884,68.0,76.0,85.0,86.0,18.3,57.3
1604450885,68.0,76.0,84.0,86.0,18.3,57.3
1604450886,68.0,76.0,84.0,86.0,18.3,57.3
1604450887,68.0,77.0,83.0,85.0,18.3,57.3
1604450888,68.0,77.0,83.0,85.0,18.3,57.3
1604450889,68.0,77.0,82.0,85.0,18.3,57.3
1604450890,68.0,77.0,82.0,85.0,18.3,57.3
1604450891,68.0,77.0,82.0,85.0,18.3,57.3
1604450892,68.0,77.0,82.0,85.0,18.3,57.3
1604450893,68.0,78.0,82.0,85.0,18.3,57.3
1604450894,68.0,78.0,82.0,84.0,18.3,57.3
1604450895,69.0,78.0,82.0,84.0,18.3,57.3
1604450896,69.0,78.0,82.0,83.0,18.3,57.3
1604450897,69.0,79.0,83.0,83.0,18.3,57.3
1604450898,70.0,79.0,83.0,82.0,18.3,57.4
1604450899,70.0,79.0,82.0,82.0,18.3,57.4
1604450900,70.0,80.0,82.0,82.0,18.3,57.4
1604450901,70.0,80.0,82.0,81.0,18.3,57.4
1604450902,71.0,80.0,82.0,81.0,18.3,57.4
1604450903,71.0,80.0,82.0,81.0,18.3,57.4
1604450904,71.0,79.0,82.0,81.0,18.3,57.4
1604450905,72.0,79.0,82.0,81.0,18.3,57.4
1604450906,72.0,79.0,82.0,81.0,18.3,57.4
1604450907,72.0,79.0,82.0,82.0,18.3,57.4
1604450908,72.0,79.0,82.0,82.0,18.3,57.5
1604450909,72.0,78.0,82.0,82.0,18.3,57.5
1604450910,72.0,77.0,83.0,83.0,18.3,57.5
1604450911,72.0,77.0,83.0,83.0,18.3,57.5
1604450912,72.0,75.0,83.0,84.0,18.3,57.5
1604450913,72.0,75.0,83.0,84.0,18.3,57.5
1604450914,72.0,75.0,83.0,84.0,18.3,57.5
1604450915,71.0,75.0,83.0,84.0,18.3,57.5
1604450916,71.0,75.0,83.0,84.0,18.3,57.5
1604450917,71.0,76.0,83.0,84.0,18.3,57.5
1604450918,71.0,76.0,83.0,83.0,18.3,57.5
1604450919,71.0,77.0,82.0,83.0,18.3,57.5
1604450920,71.0,77.0,82.0,83.0,18.3,57.5
1604450921,71.0,77.0,82.0,83.0,18.3,57.5
1604450922,71.0,77.0,82.0,84.0,18.3,57.5
1604450923,71.0,77.0,81.0,84.0,18.3,57.6
1604450924,71.0,77.0,81.0,84.0,18.3,57.6
1604450925,71.0,76.0,81.0,84.0,18.3,57.6
1604450926,71.0,76.0,81.0,84.0,18.3,57.6
1604450927,71.0,76.0,81.0,84.11111111111111,18.3,57.6
1604450928,71.0,76.0,81.0,84.22222222222223,18.3,57.6
1604450929,71.0,76.0,81.0,84.33333333333333,18.3,57.6
1604450930,71.0,76.0,81.0,84.44444444444444,18.3,57.6
1604450931,71.0,76.0,81.0,84.55555555555556,18.3,57.6
1604450932,71.0,76.0,81.0,84.66666666666667,18.3,57.6
1604450933,71.0,76.0,81.0,84.77777777777777,18.3,57.6
1604450934,71.0,76.0,81.0,84.88888888888889,18.3,57.6
1604450935,71.0,76.0,81.0,85.0,18.3,57.6
1604450936,71.0,76.0,81.0,85.0,18.3,57.7
1604450937,71.0,76.0,82.0,85.0,18.3,57.7
1604450938,71.0,76.0,82.0,85.0,18.3,57.7
1604450939,71.0,76.0,82.0,85.0,18.3,57.7
1604450940,71.0,76.0,82.0,85.0,18.3,57.7
1604450941,71.0,76.0,83.0,85.0,18.3,57.7
1604450942,71.0,76.0,83.0,85.0,18.3,57.7
1604450943,70.0,76.0,83.0,85.0,18.3,57.7
1604450944,70.0,76.0,83.0,85.0,18.3,57.7
1604450945,69.0,76.0,83.0,84.0,18.3,57.7
1604450946,69.0,76.0,82.0,84.0,18.3,57.7
1604450947,69.0,76.0,82.0,84.0,18.3,57.7
1604450948,68.0,76.0,82.0,85.0,18.3,57.7
1604450949,68.0,75.0,81.0,85.0,18.3,57.7
1604450950,68.0,75.0,81.0,85.0,18.3,57.7
1604450951,68.0,76.0,80.0,85.0,18.3,57.7
1604450952,68.0,76.0,80.0,85.0,18.3,57.7
1604450953,68.0,76.0,80.0,85.0,18.3,57.7
1604450954,69.0,76.0,80.0,84.0,18.3,57.7
1604450955,69.0,76.0,80.0,85.0,18.3,57.7
1604450956,69.0,76.0,80.0,84.0,18.3,57.8
1604450957,70.0,76.0,80.0,84.0,18.3,57.8
1604450958,70.0,76.0,80.0,84.0,18.3,57.8
1604450959,70.0,76.0,81.0,84.0,18.3,57.8
1604450960,70.0,76.0,81.0,84.0,18.3,57.8
1604450961,70.0,76.0,82.0,84.0,18.3,57.9
1604450962,70.0,76.0,82.0,84.0,18.3,57.9
1604450963,69.0,76.0,83.0,84.0,18.3,57.9
1604450964,69.0,76.0,84.0,85.0,18.3,57.9
1604450965,69.0,77.0,84.0,85.0,18.3,57.9
1604450966,69.0,77.0,84.0,85.0,18.3,57.9
1604450967,69.0,77.0,85.0,85.0,18.3,57.9
1604450968,69.0,78.0,85.0,86.0,18.3,57.9
1604450969,69.0,78.0,85.0,86.0,18.3,57.9
1604450970,69.0,78.0,85.0,86.0,18.3,57.9
1604450971,68.0,78.0,84.0,86.0,18.2,57.9
1604450972,68.0,79.0,84.0,86.0,18.2,57.9
1604450973,68.0,79.0,84.0,86.0,18.2,57.9
1604450974,68.0,79.0,84.0,87.0,18.2,57.9
1604450975,68.0,79.0,84.0,87.0,18.2,57.9
1604450976,68.0,79.0,84.0,87.0,18.2,57.9
1604450977,69.0,78.0,83.0,88.0,18.2,57.9
1604450978,69.0,78.0,83.0,88.0,18.2,57.9
1604450979,70.0,78.0,83.0,88.0,18.2,57.9
1604450980,70.0,78.0,83.0,88.0,18.2,57.9
1604450981,71.0,78.0,83.0,88.0,18.3,58.0
1604450982,72.0,77.0,82.0,89.0,18.3,58.0
1604450983,72.0,77.0,82.0,90.0,18.3,58.0
1604450984,72.0,77.0,81.0,89.0,18.3,58.0
1604450985,73.0,78.0,81.0,89.0,18.3,58.0
1604450986,73.0,78.0,81.0,89.0,18.3,58.0
1604450987,72.0,78.0,81.0,89.0,18.3,58.0
1604450988,72.0,78.0,81.0,89.0,18.3,58.0
1604450989,72.0,78.0,80.0,89.0,18.3,58.0
1604450990,71.0,78.0,80.0,88.0,18.3,58.0
1604450991,71.0,78.0,79.0,88.0,18.2,57.9
1604450992,70.0,77.0,79.0,88.0,18.2,57.9
1604450993,69.0,77.0,79.0,87.0,18.2,57.9
1604450994,69.0,77.0,79.0,87.0,18.2,57.9
1604450995,69.0,77.0,79.0,87.0,18.2,57.9
1604450996,68.0,77.0,80.0,87.0,18.3,58.0
1604450997,68.0,77.0,80.0,87.0,18.3,58.0
1604450998,67.0,77.0,80.0,87.0,18.3,58.0
1604450999,67.0,77.0,80.0,86.0,18.3,58.0
1604451000,67.0,77.0,81.0,85.0,18.3,58.0
1604451001,67.0,76.0,81.0,85.0,18.2,57.9
1604451002,66.0,77.0,82.0,85.0,18.2,57.9
1604451003,67.0,77.0,82.0,84.0,18.2,57.9
1604451004,67.0,77.0,83.0,84.0,18.2,57.9
1604451005,67.0,77.0,83.0,84.0,18.2,57.9
1604451006,67.0,77.0,83.0,84.0,18.3,58.0
1604451007,68.0,77.0,83.0,84.0,18.3,58.0
1604451008,68.0,78.0,84.0,84.0,18.3,58.0
1604451009,68.0,78.0,84.0,85.0,18.3,58.0
1604451010,68.0,78.0,85.0,85.0,18.3,58.0
1604451011,69.0,78.0,85.0,86.0,18.2,58.0
1604451012,69.0,79.0,85.0,86.0,18.2,58.0
1604451013,69.0,79.0,85.0,87.0,18.2,58.0
1604451014,69.0,78.0,84.0,87.0,18.2,58.0
1604451015,69.0,78.0,84.0,87.0,18.2,58.0
1604451016,68.0,78.0,84.0,87.0,18.2,57.9
1604451017,68.0,78.0,84.0,87.0,18.2,57.9
1604451018,68.0,78.0,83.0,87.0,18.2,57.9
1604451019,67.0,77.0,83.0,87.0,18.2,57.9
1604451020,67.0,77.0,83.0,87.0,18.2,57.9
1604451021,67.0,77.0,83.0,87.0,18.2,58.0
1604451022,67.0,77.0,83.0,87.0,18.2,58.0
1604451023,67.0,77.0,83.0,87.0,18.2,58.0
1604451024,67.0,78.0,83.0,87.0,18.2,58.0
1604451025,67.0,78.0,84.0,87.0,18.2,58.0
1604451026,67.0,78.0,84.0,86.0,18.2,58.0
1604451027,67.0,79.0,85.0,86.0,18.2,58.0
1604451028,68.0,79.0,85.0,86.0,18.2,58.0
1604451029,68.0,79.0,85.0,86.0,18.2,58.0
1604451030,68.0,80.0,86.0,85.0,18.2,58.0
1604451031,68.0,80.0,86.0,85.0,18.3,58.1
1604451032,68.0,80.0,86.0,85.0,18.3,58.1
1604451033,68.0,79.0,86.0,85.0,18.3,58.1
1604451034,68.0,79.0,86.0,85.0,18.3,58.1
1604451035,68.0,79.0,85.0,85.0,18.3,58.1
1604451036,68.0,79.0,85.0,86.0,18.3,58.1
1604451037,67.0,79.0,84.0,86.0,18.3,58.1
1604451038,66.0,79.0,84.0,87.0,18.3,58.1
1604451039,66.0,78.0,84.0,87.0,18.3,58.1
1604451040,66.0,78.0,84.0,87.0,18.3,58.1
1604451041,66.0,77.0,84.0,88.0,18.2,58.1
1604451042,66.0,77.0,83.0,88.0,18.2,58.1
1604451043,66.0,77.0,83.0,88.0,18.2,58.1
1604451044,66.0,77.0,84.0,88.0,18.2,58.1
1604451045,66.0,77.0,84.0,88.0,18.2,58.1
1604451046,67.0,77.0,84.0,88.0,18.2,58.0
1604451047,67.0,76.0,84.0,87.0,18.2,58.0
1604451048,67.0,76.0,84.0,87.0,18.2,58.0
1604451049,68.0,76.0,84.0,87.0,18.2,58.0
1604451050,68.0,77.0,84.0,87.0,18.2,58.0
1604451051,68.0,77.0,83.0,87.0,18.2,58.0
1604451052,68.0,77.0,83.0,87.0,18.2,58.0
1604451053,68.0,77.0,83.0,87.0,18.2,58.0
1604451054,68.0,77.0,82.0,87.0,18.2,58.0
1604451055,68.0,77.0,82.0,87.0,18.2,58.0
1604451056,68.0,77.0,81.0,87.0,18.2,58.1
1604451057,68.0,77.0,81.0,87.0,18.2,58.1
1604451058,69.0,77.0,81.0,87.0,18.2,58.1
1604451059,69.0,77.0,81.0,88.0,18.2,58.1
1604451060,69.0,77.0,81.0,88.0,18.2,58.1
1604451061,69.0,77.0,81.0,87.0,18.2,58.1
1604451062,69.0,77.0,81.0,87.0,18.2,58.1
1604451063,69.0,77.0,82.0,87.0,18.2,58.1
1604451064,69.0,77.0,82.0,87.0,18.2,58.1
1604451065,69.0,77.0,83.0,86.0,18.2,58.1
1604451066,69.0,77.0,83.0,85.0,18.2,58.1
1604451067,69.0,77.0,84.0,85.0,18.2,58.1
1604451068,69.0,77.0,85.0,85.0,18.2,58.1
1604451069,69.0,77.0,85.0,85.0,18.2,58.1
1604451070,69.0,77.0,86.0,84.0,18.2,58.1
1604451071,70.0,77.0,86.0,84.0,18.2,58.1
1604451072,71.0,77.0,86.0,84.0,18.2,58.1
1604451073,71.0,77.0,86.0,84.0,18.2,58.1
1604451074,72.0,77.0,85.0,84.0,18.2,58.1
1604451075,72.0,77.0,85.0,82.0,18.2,58.1
1604451076,73.0,78.0,85.0,83.0,18.2,58.1
1604451077,73.0,78.0,85.0,83.0,18.2,58.1
1604451078,74.0,78.0,84.0,83.0,18.2,58.1
1604451079,74.0,77.0,84.0,84.0,18.2,58.1
1604451080,74.0,77.0,84.0,85.0,18.2,58.1
1604451081,74.0,77.0,83.0,86.0,18.2,58.2
1604451082,74.0,77.0,83.0,87.0,18.2,58.2
1604451083,74.0,77.0,82.0,87.0,18.2,58.2
1604451084,74.0,76.0,82.0,88.0,18.2,58.2
1604451085,73.0,76.0,82.0,88.0,18.2,58.2
1604451086,72.0,76.0,82.0,88.0,18.2,58.2
1604451087,72.0,75.0,82.0,89.0,18.2,58.2
1604451088,72.0,75.0,82.0,89.0,18.2,58.2
1604451089,71.0,76.0,81.0,88.0,18.2,58.2
1604451090,71.0,76.0,82.0,88.0,18.2,58.2
1604451091,71.0,76.0,82.0,88.0,18.2,58.2
1604451092,71.0,77.0,82.0,87.0,18.2,58.2
1604451093,71.0,77.0,82.0,87.0,18.2,58.2
1604451094,71.0,78.0,82.0,87.0,18.2,58.2
1604451095,71.0,78.0,82.0,86.0,18.2,58.2
1604451096,71.0,79.0,82.0,86.0,18.2,58.2
1604451097,71.0,79.0,82.0,86.0,18.2,58.2
1604451098,71.0,79.0,82.0,85.0,18.2,58.2
1604451099,71.0,79.0,82.0,85.0,18.2,58.2
1604451100,71.0,79.0,82.0,85.0,18.2,58.2
1604451101,71.0,79.0,82.0,85.0,18.2,58.2
1604451102,71.0,78.0,81.0,84.0,18.2,58.2
1604451103,71.0,78.0,80.0,84.0,18.2,58.2
1604451104,71.0,77.0,80.0,84.0,18.2,58.2
1604451105,72.0,77.0,80.0,83.0,18.2,58.2
1604451106,72.0,76.0,81.0,83.0,18.2,58.2
1604451107,73.0,76.0,81.0,83.0,18.2,58.2
1604451108,73.0,75.0,81.0,83.0,18.2,58.2
1604451109,73.0,75.0,82.0,83.0,18.2,58.2
1604451110,73.0,76.0,82.0,83.0,18.2,58.2
1604451111,73.0,76.0,83.0,83.0,18.2,58.2
1604451112,73.0,76.0,84.0,83.0,18.2,58.2
1604451113,73.0,76.0,84.0,83.0,18.2,58.2
1604451114,73.0,77.0,84.0,83.0,18.2,58.2
1604451115,73.0,77.0,83.0,83.0,18.2,58.2
1604451116,73.0,78.0,83.0,83.0,18.2,58.2
1604451117,72.0,78.0,83.0,83.0,18.2,58.2
1604451118,72.0,79.0,83.0,83.0,18.2,58.2
1604451119,72.0,79.0,83.0,83.0,18.2,58.2
1604451120,72.0,79.0,83.0,83.0,18.2,58.2
1604451121,71.0,79.0,83.0,83.0,18.2,58.4
1604451122,71.0,79.0,83.0,83.0,18.2,58.4
1604451123,72.0,80.0,83.0,83.0,18.2,58.4
1604451124,72.0,80.0,83.0,83.0,18.2,58.4
1604451125,72.0,80.0,83.0,84.0,18.2,58.4
1604451126,72.0,80.0,83.0,84.0,18.2,58.4
1604451127,72.0,80.0,83.0,84.0,18.2,58.4
1604451128,73.0,79.0,83.0,84.0,18.2,58.4
1604451129,73.0,79.0,83.0,84.0,18.2,58.4
1604451130,73.0,79.0,83.0,84.0,18.2,58.4
1604451131,73.0,79.0,83.0,85.0,18.2,58.4
1604451132,73.0,78.0,84.0,85.0,18.2,58.4
1604451133,73.0,78.0,84.0,85.0,18.2,58.4
1604451134,72.0,77.0,84.0,85.0,18.2,58.4
1604451135,72.0,77.0,83.0,84.0,18.2,58.4
1604451136,72.0,77.0,83.0,84.0,18.2,58.4
1604451137,72.0,77.0,83.0,84.0,18.2,58.4
1604451138,72.0,76.0,83.0,84.0,18.2,58.4
1604451139,73.0,76.0,82.0,84.0,18.2,58.4
1604451140,73.0,76.0,82.0,84.0,18.2,58.4
1604451141,72.77777777777777,76.0,81.88888888888889,84.0,18.2,58.4
1604451142,72.55555555555556,76.0,81.77777777777777,84.0,18.2,58.4
1604451143,72.33333333333333,76.0,81.66666666666667,84.0,18.2,58.4
1604451144,72.11111111111111,76.0,81.55555555555556,84.0,18.2,58.4
1604451145,71.88888888888889,76.0,81.44444444444444,84.0,18.2,58.4
1604451146,71.66666666666667,76.0,81.33333333333333,84.0,18.2,58.4
1604451147,71.44444444444444,76.0,81.22222222222223,84.0,18.2,58.4
1604451148,71.22222222222223,76.0,81.11111111111111,84.0,18.2,58.4
1604451149,71.0,76.0,81.0,84.0,18.2,58.4
1604451150,70.0,77.0,81.0,83.0,18.2,58.4
1604451151,70.0,77.0,81.0,83.0,18.2,58.4
1604451152,70.0,77.0,81.0,83.0,18.2,58.4
1604451153,70.0,78.0,81.0,83.0,18.2,58.4
1604451154,69.5,78.0,81.5,83.0,18.15,58.4
1604451155,69.0,78.0,82.0,83.0,18.1,58.4
1604451156,69.0,78.0,85.0,83.0,18.1,58.4
1604451157,69.0,78.0,85.0,82.0,18.1,58.4
1604451158,69.0,78.0,85.0,82.0,18.1,58.4
1604451159,69.0,78.0,85.0,82.0,18.1,58.4
1604451160,68.0,78.0,86.0,83.0,18.2,58.4
1604451161,68.0,78.0,86.0,83.0,18.2,58.4
1604451162,68.0,77.0,86.0,82.0,18.2,58.4
1604451163,68.0,77.0,87.0,83.0,18.2,58.4
1604451164,68.0,77.0,87.0,83.0,18.2,58.4
1604451165,68.0,77.0,87.0,83.0,18.2,58.4
1604451166,68.0,77.0,87.0,83.0,18.2,58.4
1604451167,68.0,78.0,86.0,83.0,18.2,58.4
1604451168,68.0,78.0,86.0,82.0,18.2,58.4
1604451169,69.0,78.0,86.0,82.0,18.2,58.4
1604451170,69.0,79.0,85.0,82.0,18.2,58.4
1604451171,70.0,80.0,85.0,81.0,18.2,58.4
1604451172,70.0,80.0,85.0,81.0,18.2,58.4
1604451173,70.0,81.0,85.0,81.0,18.2,58.4
1604451174,71.0,82.0,85.0,81.0,18.2,58.4
1604451175,72.0,82.0,85.0,81.0,18.2,58.4
1604451176,72.0,81.0,85.0,81.0,18.2,58.4
1604451177,72.0,81.0,85.0,81.0,18.2,58.4
1604451178,72.0,81.0,85.0,82.0,18.2,58.4
1604451179,71.0,81.0,86.0,83.0,18.2,58.4
1604451180,71.0,80.0,86.0,83.0,18.1,58.2
1604451181,71.0,80.0,86.0,83.0,18.1,58.2
1604451182,70.0,79.0,86.0,84.0,18.1,58.2
1604451183,69.0,78.0,86.0,84.0,18.1,58.2
1604451184,69.0,78.0,86.0,84.0,18.1,58.2
1604451185,69.0,77.0,86.0,85.0,18.2,58.3
1604451186,69.0,77.0,87.0,85.0,18.2,58.3
1604451187,69.0,77.0,87.0,85.0,18.2,58.3
1604451188,69.0,77.0,87.0,85.0,18.2,58.3
1604451189,69.0,77.0,87.0,85.0,18.2,58.3
1604451190,70.0,77.0,86.0,86.0,18.2,58.3
1604451191,70.0,77.0,86.0,86.0,18.2,58.3
1604451192,70.0,77.0,85.0,86.0,18.2,58.3
1604451193,71.0,77.0,85.0,86.0,18.2,58.3
1604451194,71.0,78.0,85.0,86.0,18.2,58.3
1604451195,71.0,78.0,84.0,87.0,18.2,58.2
1604451196,71.0,78.0,84.0,87.0,18.2,58.2
1604451197,71.0,78.0,84.0,87.0,18.2,58.2
1604451198,71.0,78.0,84.0,87.0,18.2,58.2
1604451199,71.0,79.0,84.0,87.0,18.2,58.2
1604451200,71.0,79.0,84.0,87.0,18.2,58.2
1604451201,71.0,79.0,84.0,87.0,18.2,58.2
1604451202,71.0,78.0,84.0,87.0,18.2,58.2
1604451203,71.0,78.0,84.0,87.0,18.2,58.2
1604451204,71.0,78.0,84.0,86.0,18.2,58.2
1604451205,71.0,77.0,83.0,86.0,18.1,58.1
1604451206,71.0,77.0,83.0,86.0,18.1,58.1
1604451207,71.0,76.0,82.0,85.0,18.1,58.1
1604451208,71.0,76.0,82.0,85.0,18.1,58.1
1604451209,71.0,76.0,81.0,84.0,18.1,58.1
1604451210,71.0,75.0,80.0,84.0,18.2,58.2
1604451211,70.0,75.0,80.0,83.0,18.2,58.2
1604451212,70.0,74.0,79.0,82.0,18.2,58.2
1604451213,70.0,74.0,79.0,82.0,18.2,58.2
1604451214,70.0,74.0,79.0,82.0,18.2,58.2
1604451215,70.0,75.0,79.0,82.0,18.2,58.2
1604451216,70.0,75.0,79.0,82.0,18.2,58.2
1604451217,70.0,76.0,79.0,82.0,18.2,58.2
1604451218,70.0,76.0,79.0,81.0,18.2,58.2
1604451219,70.0,77.0,79.0,81.0,18.2,58.2
1604451220,70.0,77.0,79.0,81.0,18.2,58.2
1604451221,71.0,78.0,79.0,82.0,18.2,58.2
1604451222,71.0,78.0,80.0,82.0,18.2,58.2
1604451223,71.0,78.0,80.0,82.0,18.2,58.2
1604451224,71.0,79.0,80.0,82.0,18.2,58.2
1604451225,71.0,79.0,81.0,82.0,18.2,58.2
1604451226,71.0,79.0,81.0,82.0,18.2,58.2
1604451227,71.0,79.0,82.0,82.0,18.2,58.2
1604451228,71.0,79.0,82.0,82.0,18.2,58.2
1604451229,71.0,79.0,83.0,82.0,18.2,58.2
1604451230,71.0,79.0,83.0,82.0,18.2,58.2
1604451231,70.0,79.0,83.0,82.0,18.2,58.2
1604451232,70.0,79.0,83.0,82.0,18.2,58.2
1604451233,70.0,79.0,83.0,83.0,18.2,58.2
1604451234,70.0,79.0,83.0,83.0,18.2,58.2
1604451235,69.0,79.0,83.0,84.0,18.2,58.2
1604451236,69.0,79.0,82.0,84.0,18.2,58.2
1604451237,69.0,79.0,81.0,84.0,18.2,58.2
1604451238,69.0,79.0,81.0,85.0,18.2,58.2
1604451239,69.0,79.0,80.0,85.0,18.2,58.2
1604451240,69.0,78.0,80.0,86.0,18.2,58.2
1604451241,70.0,78.0,80.0,86.0,18.2,58.2
1604451242,70.0,78.0,80.0,86.0,18.2,58.2
1604451243,70.0,78.0,80.0,86.0,18.2,58.2
1604451244,71.0,78.0,80.0,86.0,18.2,58.2
1604451245,71.0,78.0,81.0,86.0,18.1,58.2
1604451246,71.0,78.0,81.0,86.0,18.1,58.2
1604451247,71.0,78.0,82.0,85.0,18.1,58.2
1604451248,71.0,79.0,83.0,85.0,18.1,58.2
1604451249,71.0,79.0,84.0,85.0,18.1,58.2
1604451250,71.0,79.0,84.0,85.0,18.1,58.2
1604451251,71.0,80.0,84.0,84.0,18.1,58.2
1604451252,71.0,80.0,85.0,84.0,18.1,58.2
1604451253,71.0,80.0,85.0,84.0,18.1,58.2
1604451254,71.0,81.0,85.0,84.0,18.1,58.2
1604451255,71.0,81.0,85.0,84.0,18.1,58.2
1604451256,71.0,81.0,85.0,84.0,18.1,58.2
1604451257,71.0,82.0,84.0,84.0,18.1,58.2
1604451258,71.0,82.0,84.0,84.0,18.1,58.2
1604451259,71.0,82.0,84.0,84.0,18.1,58.2
1604451260,71.0,82.0,84.0,84.0,18.2,58.2
1604451261,70.0,82.0,84.0,85.0,18.2,58.2
1604451262,70.0,82.0,84.0,85.0,18.2,58.2
1604451263,70.0,82.0,84.0,85.0,18.2,58.2
1604451264,70.0,80.0,84.0,85.0,18.2,58.2
1604451265,70.0,79.0,84.0,85.0,18.1,58.1
1604451266,70.0,79.0,84.0,85.0,18.1,58.1
1604451267,70.0,78.0,84.0,86.0,18.1,58.1
1604451268,70.0,77.0,85.0,86.0,18.1,58.1
1604451269,70.0,77.0,84.0,86.0,18.1,58.1
1604451270,70.0,77.0,84.0,86.0,18.2,58.2
1604451271,70.0,76.0,83.0,86.0,18.2,58.2
1604451272,70.0,76.0,83.0,86.0,18.2,58.2
1604451273,70.0,76.0,82.0,85.0,18.2,58.2
1604451274,70.0,77.0,82.0,85.0,18.2,58.2
1604451275,70.0,77.0,82.0,85.0,18.2,58.2
1604451276,70.0,77.0,81.0,85.0,18.2,58.2
1604451277,71.0,78.0,80.0,84.0,18.2,58.2
1604451278,71.0,78.0,79.0,84.0,18.2,58.2
1604451279,71.0,78.0,79.0,83.0,18.2,58.2
1604451280,71.0,78.0,79.0,83.0,18.2,58.2
1604451281,71.0,78.0,79.0,82.0,18.2,58.2
1604451282,71.0,77.0,79.0,82.0,18.2,58.2
1604451283,71.0,78.0,79.0,82.0,18.2,58.2
1604451284,72.0,77.0,80.0,83.0,18.2,58.2
1604451285,72.0,77.0,80.0,83.0,18.2,58.2
1604451286,72.0,77.0,81.0,84.0,18.2,58.2
1604451287,72.0,77.0,81.0,85.0,18.2,58.2
1604451288,72.0,77.0,82.0,85.0,18.2,58.2
1604451289,72.0,78.0,82.0,85.0,18.2,58.2
1604451290,72.0,78.0,82.0,86.0,18.2,58.3
1604451291,72.0,78.0,83.0,87.0,18.2,58.3
1604451292,71.0,78.0,84.0,87.0,18.2,58.3
1604451293,71.0,77.0,84.0,87.0,18.2,58.3
1604451294,71.0,77.0,84.0,87.0,18.2,58.3
1604451295,70.0,77.0,84.0,87.0,18.2,58.3
1604451296,70.0,77.0,83.0,86.0,18.2,58.3
1604451297,70.0,77.0,83.0,86.0,18.2,58.3
1604451298,70.0,77.0,82.0,85.0,18.2,58.3
1604451299,70.0,77.0,82.0,85.0,18.2,58.3
1604451300,70.0,77.0,82.0,85.0,18.2,58.3
1604451301,70.0,77.0,82.0,85.0,18.2,58.3
1604451302,70.0,77.0,82.0,85.0,18.2,58.3
1604451303,71.0,77.0,82.0,85.0,18.2,58.3
1604451304,71.0,77.0,82.0,85.0,18.2,58.3
1604451305,71.0,77.0,83.0,85.0,18.2,58.2
1604451306,71.0,77.0,83.0,86.0,18.2,58.2
1604451307,71.0,77.0,83.0,86.0,18.2,58.2
1604451308,71.0,77.0,84.0,86.0,18.2,58.2
1604451309,71.0,77.0,84.0,86.0,18.2,58.2
1604451310,71.0,77.0,83.0,85.0,18.2,58.2
1604451311,71.0,77.0,83.0,85.0,18.2,58.2
1604451312,72.0,77.0,83.0,85.0,18.2,58.2
1604451313,71.0,77.0,83.0,84.0,18.2,58.2
1604451314,71.0,77.0,82.0,84.0,18.2,58.2
1604451315,72.0,77.0,82.0,84.0,18.2,58.2
1604451316,71.0,77.0,82.0,84.0,18.2,58.2
1604451317,71.0,77.0,82.0,84.0,18.2,58.2
1604451318,71.0,77.0,82.0,84.0,18.2,58.2
1604451319,71.0,77.0,82.0,84.0,18.2,58.2
1604451320,71.0,77.0,82.0,84.0,18.2,58.2
1604451321,72.0,77.0,83.0,84.0,18.2,58.2
1604451322,72.0,77.0,83.0,84.0,18.2,58.2
1604451323,72.0,77.0,83.0,84.0,18.2,58.2
1604451324,72.0,77.0,83.0,83.0,18.2,58.2
1604451325,72.0,78.0,83.0,83.0,18.1,58.2
1604451326,72.0,78.0,83.0,83.0,18.1,58.2
1604451327,72.0,78.0,83.0,83.0,18.1,58.2
1604451328,72.0,78.0,83.0,83.0,18.1,58.2
1604451329,72.0,78.0,82.0,83.0,18.1,58.2
1604451330,72.0,78.0,82.0,83.0,18.1,58.2
1604451331,71.0,78.0,82.0,84.0,18.1,58.2
1604451332,71.0,78.0,82.0,84.0,18.1,58.2
1604451333,70.0,78.0,82.0,84.0,18.1,58.2
1604451334,70.0,78.0,81.0,84.0,18.1,58.2
1604451335,70.0,78.0,82.0,85.0,18.2,58.3
1604451336,70.0,77.0,82.0,85.0,18.2,58.3
1604451337,70.0,77.0,81.0,87.0,18.2,58.3
1604451338,70.0,77.0,81.0,87.0,18.2,58.3
1604451339,70.0,77.0,81.0,87.0,18.2,58.3
1604451340,70.0,77.0,80.0,87.0,18.2,58.3
1604451341,70.0,77.0,80.0,87.0,18.2,58.3
1604451342,70.0,77.0,80.0,87.0,18.2,58.3
1604451343,71.0,77.0,79.0,87.0,18.2,58.3
1604451344,71.0,77.0,79.0,87.0,18.2,58.3
1604451345,71.0,77.0,79.0,86.0,18.2,58.3
1604451346,72.0,77.0,78.0,86.0,18.2,58.3
1604451347,72.0,77.0,78.0,86.0,18.2,58.3
1604451348,72.0,77.0,78.0,86.0,18.2,58.3
1604451349,73.0,77.0,79.0,85.0,18.2,58.3
1604451350,73.0,77.0,79.0,85.0,18.2,58.3
1604451351,73.0,77.0,79.0,85.0,18.2,58.3
1604451352,73.0,77.0,79.0,85.0,18.2,58.3
1604451353,73.0,77.0,79.0,86.0,18.2,58.3
1604451354,73.0,77.0,80.0,86.0,18.2,58.3
1604451355,72.0,77.0,80.0,86.0,18.2,58.2
1604451356,72.0,77.0,81.0,86.0,18.2,58.2
1604451357,71.0,77.0,81.0,86.0,18.2,58.2
1604451358,70.88888888888889,77.0,81.11111111111111,86.11111111111111,18.2,58.2
1604451359,70.77777777777777,77.0,81.22222222222223,86.22222222222223,18.2,58.2
1604451360,70.66666666666667,77.0,81.33333333333333,86.33333333333333,18.2,58.2
1604451361,70.55555555555556,77.0,81.44444444444444,86.44444444444444,18.2,58.2
1604451362,70.44444444444444,77.0,81.55555555555556,86.55555555555556,18.2,58.2
1604451363,70.33333333333333,77.0,81.66666666666667,86.66666666666667,18.2,58.2
1604451364,70.22222222222223,77.0,81.77777777777777,86.77777777777777,18.2,58.2
1604451365,70.11111111111111,77.0,81.88888888888889,86.88888888888889,18.2,58.2
1604451366,70.0,77.0,82.0,87.0,18.2,58.2
1604451367,70.0,77.0,82.0,87.0,18.2,58.2
1604451368,70.0,77.0,83.0,87.0,18.2,58.2
1604451369,71.0,77.0,83.0,87.0,18.2,58.2
1604451370,71.0,78.0,84.0,87.0,18.2,58.2
1604451371,71.0,78.0,84.0,87.0,18.2,58.2
1604451372,71.0,79.0,84.0,87.0,18.2,58.2
1604451373,71.0,80.0,85.0,86.0,18.2,58.2
1604451374,71.0,80.0,85.0,86.0,18.2,58.2
1604451375,71.0,81.0,85.0,86.0,18.2,58.2
1604451376,71.0,81.0,85.0,86.0,18.2,58.2
1604451377,71.0,81.0,85.0,86.0,18.2,58.2
1604451378,70.0,81.0,85.0,86.0,18.2,58.2
1604451379,69.0,81.0,85.0,85.0,18.2,58.2
1604451380,69.0,81.0,86.0,84.0,18.2,58.2
1604451381,69.0,78.0,86.0,84.0,18.2,58.2
1604451382,69.0,78.0,86.0,83.0,18.2,58.2
1604451383,69.0,79.0,86.0,83.0,18.2,58.2
1604451384,69.0,79.0,86.0,82.0,18.2,58.2
1604451385,69.0,78.0,86.0,82.0,18.2,58.2
1604451386,69.0,78.0,86.0,82.0,18.2,58.2
1604451387,69.0,78.0,86.0,81.0,18.2,58.2
1604451388,69.0,78.0,86.0,81.0,18.2,58.2
1604451389,68.0,78.0,86.0,81.0,18.2,58.2
1604451390,68.0,78.0,86.0,82.0,18.2,58.2
1604451391,68.0,79.0,86.0,82.0,18.2,58.2
1604451392,68.0,79.0,86.0,82.0,18.2,58.2
1604451393,68.0,79.0,85.0,82.0,18.2,58.1
1604451394,68.0,79.0,85.0,83.0,18.2,58.1
1604451395,68.0,79.0,84.0,83.0,18.2,58.1
1604451396,68.0,80.0,83.0,83.0,18.2,58.1
1604451397,68.0,81.0,83.0,84.0,18.2,58.1
1604451398,69.0,81.0,82.0,84.0,18.2,58.1
1604451399,69.0,82.0,82.0,84.0,18.2,58.1
1604451400,69.0,82.0,82.0,83.0,18.2,58.1
1604451401,70.0,82.0,82.0,83.0,18.2,58.1
1604451402,70.0,82.0,82.0,82.0,18.2,58.1
1604451403,70.0,82.0,82.0,82.0,18.2,58.1
1604451404,70.0,82.0,82.0,82.0,18.2,58.1
1604451405,71.0,82.0,83.0,82.0,18.2,58.1
1604451406,71.0,82.0,83.0,82.0,18.2,58.1
1604451407,71.0,82.0,84.0,82.0,18.2,58.1
1604451408,71.0,81.0,84.0,82.0,18.2,58.1
1604451409,71.0,81.0,84.0,82.0,18.2,58.1
1604451410,71.0,80.0,84.0,83.0,18.2,58.1
1604451411,71.0,79.0,84.0,83.0,18.2,58.1
1604451412,71.0,79.0,85.0,83.0,18.2,58.1
1604451413,70.0,78.0,85.0,83.0,18.2,58.1
1604451414,70.0,78.0,85.0,84.0,18.2,58.1
1604451415,70.0,77.0,85.0,84.0,18.2,58.1
1604451416,70.0,77.0,85.0,84.0,18.2,58.1
1604451417,70.0,76.0,85.0,84.0,18.2,58.1
1604451418,70.0,76.0,83.0,84.0,18.2,58.1
1604451419,70.0,76.0,83.0,84.0,18.2,58.1
1604451420,70.0,75.0,83.0,84.0,18.2,58.1
1604451421,70.0,75.0,84.0,84.0,18.2,58.1
1604451422,70.0,75.0,84.0,84.0,18.2,58.1
1604451423,70.0,75.0,84.0,84.0,18.2,58.1
1604451424,70.0,75.0,85.0,84.0,18.2,58.1
1604451425,71.0,75.0,86.0,85.0,18.2,58.1
1604451426,71.0,75.0,86.0,85.0,18.2,58.1
1604451427,71.0,75.0,86.0,85.0,18.2,58.1
1604451428,71.0,75.0,86.0,85.0,18.2,58.1
1604451429,71.0,75.0,87.0,85.0,18.2,58.1
1604451430,71.0,75.0,87.0,85.0,18.2,58.1
1604451431,72.0,75.0,87.0,85.0,18.2,58.1
1604451432,72.0,75.0,87.0,85.0,18.2,58.1
1604451433,72.0,75.0,87.0,84.0,18.2,58.1
1604451434,72.0,75.0,87.0,84.0,18.2,58.1
1604451435,72.0,75.0,87.0,84.0,18.2,58.1
1604451436,72.0,74.0,87.0,83.0,18.2,58.1
1604451437,72.0,74.0,87.0,83.0,18.2,58.1
1604451438,72.0,74.0,87.0,83.0,18.2,58.1
1604451439,72.0,74.0,87.0,82.0,18.2,58.1
1604451440,72.0,74.0,87.0,82.0,18.2,58.1
1604451441,72.0,74.0,87.0,82.0,18.2,58.1
1604451442,71.0,74.0,88.0,82.0,18.2,58.1
1604451443,71.0,73.0,88.0,82.0,18.2,58.1
1604451444,71.0,73.0,88.0,83.0,18.2,58.1
1604451445,71.0,74.0,88.0,83.0,18.2,58.1
1604451446,71.0,74.0,88.0,83.0,18.2,58.1
1604451447,71.0,75.0,88.0,84.0,18.2,58.1
1604451448,72.0,75.0,87.0,84.0,18.2,58.1
1604451449,71.0,75.0,87.0,85.0,18.2,58.1
1604451450,72.0,75.0,87.0,85.0,18.2,58.1
1604451451,72.0,76.0,86.0,86.0,18.2,58.1
1604451452,72.0,76.0,86.0,86.0,18.2,58.1
1604451453,72.0,77.0,85.0,86.0,18.2,58.1
1604451454,72.0,77.0,85.0,87.0,18.2,58.1
1604451455,72.0,77.0,84.0,87.0,18.2,58.1
1604451456,71.0,76.0,83.0,87.0,18.2,58.1
1604451457,71.0,76.0,83.0,87.0,18.2,58.1
1604451458,70.0,76.0,83.0,87.0,18.2,58.1
1604451459,70.0,76.0,83.0,87.0,18.2,58.1
1604451460,70.0,76.0,83.0,86.0,18.2,58.1
1604451461,69.0,76.0,83.0,86.0,18.2,58.1
1604451462,69.0,76.0,83.0,85.0,18.2,58.1
1604451463,69.0,76.0,83.0,85.0,18.2,58.0
1604451464,69.0,76.0,84.0,84.0,18.2,58.0
1604451465,69.0,76.0,84.0,84.0,18.2,58.0
1604451466,68.0,76.0,84.0,83.0,18.2,58.0
1604451467,68.0,77.0,85.0,83.0,18.2,58.0
1604451468,68.0,76.0,85.0,83.0,18.2,58.1
1604451469,67.0,76.0,85.0,83.0,18.2,58.1
1604451470,67.0,76.0,85.0,83.0,18.2,58.1
1604451471,67.0,76.0,85.0,84.0,18.2,58.1
1604451472,67.0,76.0,85.0,84.0,18.2,58.1
1604451473,67.0,76.0,85.0,85.0,18.2,58.1
1604451474,67.0,76.0,85.0,85.0,18.2,58.1
1604451475,67.0,76.0,85.0,86.0,18.2,58.1
1604451476,67.0,76.0,85.0,87.0,18.2,58.1
1604451477,68.0,77.0,85.0,87.0,18.2,58.1
1604451478,68.0,77.0,85.0,87.0,18.2,58.1
1604451479,68.0,77.0,84.0,87.0,18.2,58.1
1604451480,69.0,77.0,84.0,87.0,18.2,58.1
1604451481,69.0,78.0,84.0,87.0,18.2,58.1
1604451482,69.0,78.0,83.0,87.0,18.2,58.1
1604451483,69.0,78.0,83.0,86.0,18.2,58.0
1604451484,69.0,78.0,82.0,86.0,18.2,58.0
1604451485,69.0,78.0,82.0,86.0,18.2,58.0
1604451486,69.0,78.0,82.0,85.0,18.2,58.0
1604451487,69.0,78.0,81.0,85.0,18.2,58.0
1604451488,70.0,78.0,81.0,85.0,18.2,58.0
1604451489,70.0,78.0,81.0,85.0,18.2,58.0
1604451490,70.0,78.0,81.0,85.0,18.2,58.0
1604451491,71.0,78.0,81.0,84.0,18.2,58.0
1604451492,71.0,78.0,82.0,84.0,18.2,58.0
1604451493,72.0,78.0,82.0,84.0,18.2,58.0
1604451494,72.0,78.0,83.0,84.0,18.2,58.0
1604451495,73.0,78.0,84.0,84.0,18.2,58.0
1604451496,74.0,78.0,85.0,84.0,18.2,58.0
1604451497,74.0,78.0,85.0,84.0,18.2,58.0
1604451498,74.0,78.0,86.0,84.0,18.2,58.1
1604451499,74.0,78.0,86.0,84.0,18.2,58.1
1604451500,74.0,78.0,86.0,83.0,18.2,58.1
1604451501,73.0,78.0,86.0,83.0,18.2,58.1
1604451502,73.0,78.0,86.0,83.0,18.2,58.1
1604451503,72.0,78.0,86.0,83.0,18.2,58.1
1604451504,71.0,78.0,85.0,83.0,18.2,58.1
1604451505,71.0,79.0,85.0,83.0,18.2,58.1
1604451506,70.0,79.0,84.0,83.0,18.2,58.1
1604451507,70.0,79.0,84.0,83.0,18.2,58.1
1604451508,69.0,79.0,83.0,83.0,18.2,58.0
1604451509,69.0,79.0,83.0,84.0,18.2,58.0
1604451510,69.0,79.0,82.0,84.0,18.2,58.0
1604451511,68.0,79.0,82.0,84.0,18.2,58.0
1604451512,68.0,79.0,81.0,85.0,18.2,58.0
1604451513,68.0,78.0,81.0,85.0,18.2,58.0
1604451514,68.0,77.0,81.0,85.0,18.2,58.0
1604451515,68.0,77.0,80.0,86.0,18.2,58.0
1604451516,68.0,76.0,80.0,86.0,18.2,58.0
1604451517,68.0,76.0,80.0,86.0,18.2,58.0
1604451518,68.0,76.0,80.0,86.0,18.2,58.0
1604451519,68.0,76.0,80.0,86.0,18.2,58.0
1604451520,69.0,76.0,80.0,86.0,18.2,58.0
1604451521,69.0,76.0,81.0,86.0,18.2,58.0
1604451522,69.0,76.0,81.0,86.0,18.2,58.0
1604451523,69.0,76.0,81.0,86.0,18.2,58.0
1604451524,69.0,77.0,81.0,85.0,18.2,58.0
1604451525,69.0,77.0,82.0,85.0,18.2,58.0
1604451526,69.0,77.0,82.0,85.0,18.2,58.0
1604451527,69.0,77.0,82.0,85.0,18.2,58.0
1604451528,69.0,77.0,82.0,84.0,18.2,58.0
1604451529,70.0,76.0,82.0,84.0,18.2,58.0
1604451530,70.0,76.0,82.0,84.0,18.2,58.0
1604451531,70.0,76.0,82.0,85.0,18.2,58.0
1604451532,70.0,76.0,82.0,85.0,18.2,58.0
1604451533,70.0,76.0,82.0,85.0,18.2,58.0
1604451534,70.0,76.0,82.0,85.0,18.2,58.0
1604451535,71.0,76.0,81.0,85.0,18.2,58.0
1604451536,71.0,76.0,82.0,85.0,18.2,58.0
1604451537,71.0,76.0,82.0,85.0,18.2,58.0
1604451538,71.0,77.0,83.0,84.0,18.2,58.0
1604451539,71.0,77.0,83.0,84.0,18.2,58.0
1604451540,71.0,78.0,83.0,84.0,18.2,58.0
1604451541,71.0,78.0,84.0,84.0,18.2,58.0
1604451542,71.0,78.0,85.0,84.0,18.2,58.0
1604451543,72.0,78.0,85.0,84.0,18.2,58.0
1604451544,72.0,78.0,86.0,84.0,18.2,58.0
1604451545,71.0,77.0,86.0,84.0,18.2,58.0
1604451546,71.0,77.0,86.0,84.0,18.2,58.0
1604451547,71.0,77.0,86.0,84.0,18.2,58.0
1604451548,71.0,77.0,85.0,85.0,18.2,58.0
1604451549,71.0,76.0,85.0,86.0,18.2,58.0
1604451550,71.0,76.0,85.0,86.0,18.2,58.0
1604451551,71.0,75.0,84.0,86.0,18.2,58.0
1604451552,71.0,75.0,84.0,87.0,18.2,58.0
1604451553,71.0,75.0,84.0,87.0,18.2,58.0
1604451554,71.0,75.0,83.0,87.0,18.2,58.0
1604451555,71.0,75.0,83.0,88.0,18.2,58.0
1604451556,71.0,75.0,83.0,88.0,18.2,58.0
1604451557,71.0,76.0,83.0,87.0,18.2,58.0
1604451558,71.0,76.0,83.0,87.0,18.2,58.0
1604451559,71.0,77.0,83.0,87.0,18.2,58.0
1604451560,71.0,77.0,83.0,87.0,18.2,58.0
1604451561,71.0,77.0,83.0,87.0,18.2,58.0
1604451562,71.0,78.0,84.0,87.0,18.2,58.0
1604451563,72.0,78.0,84.0,86.0,18.2,58.0
1604451564,72.0,79.0,84.0,86.0,18.2,58.0
1604451565,72.0,79.0,84.0,85.0,18.2,58.0
1604451566,72.0,79.0,84.0,85.0,18.2,58.0
1604451567,72.0,79.0,85.0,85.0,18.2,58.0
1604451568,72.0,79.0,85.0,84.0,18.2,58.0
1604451569,72.0,79.0,85.0,84.0,18.2,58.0
1604451570,72.0,79.0,85.0,84.0,18.2,58.0
1604451571,72.0,79.0,85.0,84.0,18.2,58.0
1604451572,72.0,79.0,85.0,84.0,18.2,58.0
1604451573,72.0,79.0,85.0,84.0,18.2,58.0
1604451574,72.0,79.0,85.0,84.0,18.2,58.0
1604451575,72.0,79.0,85.0,84.0,18.2,58.0
1604451576,72.0,79.0,85.0,84.0,18.2,58.0
1604451577,72.0,79.0,85.0,84.0,18.2,58.0
1604451578,72.0,79.0,85.0,84.0,18.2,58.0
1604451579,72.0,79.0,85.0,84.0,18.2,58.0
1604451580,72.0,78.0,85.0,83.0,18.2,58.0
1604451581,72.0,78.0,85.0,83.0,18.2,58.0
1604451582,72.0,78.0,84.0,83.0,18.2,58.0
1604451583,73.0,78.0,84.0,83.0,18.2,58.0
1604451584,73.0,78.0,84.0,83.0,18.2,58.0
1604451585,73.0,78.0,84.0,84.0,18.2,58.0
1604451586,73.0,77.0,84.0,85.0,18.2,58.0
1604451587,73.0,77.0,84.0,85.0,18.2,58.0
1604451588,73.0,77.0,84.0,86.0,18.2,58.0
1604451589,72.8,77.0,84.0,86.0,18.2,58.0
1604451590,72.6,77.0,84.0,86.0,18.2,58.0
1604451591,72.4,77.0,84.0,86.0,18.2,58.0
1604451592,72.2,77.0,84.0,86.0,18.2,58.0
1604451593,72.0,77.0,84.0,86.0,18.2,58.0
1604451594,71.8,77.0,84.0,86.0,18.2,58.0
1604451595,71.6,77.0,84.0,86.0,18.2,58.0
1604451596,71.4,77.0,84.0,86.0,18.2,58.0
1604451597,71.2,77.0,84.0,86.0,18.2,58.0
1604451598,71.0,77.0,84.0,86.0,18.2,58.0
1604451599,70.8,77.0,84.0,86.0,18.2,58.0
1604451600,70.6,77.0,84.0,86.0,18.2,58.0
1604451601,70.4,77.0,84.0,86.0,18.2,58.0
1604451602,70.2,77.0,84.0,86.0,18.2,58.0
1604451603,70.0,77.0,84.0,86.0,18.2,58.0
1604451604,69.8,77.0,84.0,86.0,18.2,58.0
1604451605,69.6,77.0,84.0,86.0,18.2,58.0
1604451606,69.4,77.0,84.0,86.0,18.2,58.0
1604451607,69.2,77.0,84.0,86.0,18.2,58.0
1604451608,69.0,77.0,84.0,86.0,18.2,58.0
1604451609,69.0,78.0,83.0,86.0,18.2,58.0
1604451610,69.0,78.0,83.0,86.0,18.2,58.0
1604451611,68.0,78.0,83.0,86.0,18.2,58.0
1604451612,68.0,78.0,83.0,86.0,18.2,58.0
1604451613,68.0,78.0,83.0,86.0,18.2,58.0
1604451614,68.0,78.0,82.0,86.0,18.2,58.0
1604451615,69.0,78.0,82.0,86.0,18.2,58.0
1604451616,69.0,77.0,82.0,85.0,18.2,58.0
1604451617,69.0,77.0,82.0,85.0,18.2,58.0
1604451618,69.0,77.0,82.0,85.0,18.2,58.0
1604451619,70.0,77.0,81.0,85.0,18.2,58.0
1604451620,70.0,77.0,81.0,85.0,18.2,58.0
1604451621,71.0,77.0,81.0,85.0,18.2,58.0
1604451622,71.0,77.0,81.0,84.0,18.2,58.0
1604451623,72.0,76.0,81.0,84.0,18.2,58.0
1604451624,72.0,76.0,80.0,84.0,18.2,58.0
1604451625,72.0,76.0,80.0,85.0,18.2,58.0
1604451626,72.0,76.0,80.0,85.0,18.2,58.0
1604451627,72.0,76.0,80.0,85.0,18.2,58.0
1604451628,72.0,76.0,80.0,85.0,18.2,58.0
1604451629,72.0,76.0,80.0,85.0,18.2,58.0
1604451630,72.0,76.0,80.0,85.0,18.2,58.0
1604451631,71.0,76.0,81.0,86.0,18.2,58.0
1604451632,71.0,76.0,81.0,86.0,18.2,58.0
1604451633,71.0,76.0,81.0,86.0,18.2,58.0
1604451634,70.0,76.0,81.0,86.0,18.2,58.0
1604451635,70.0,76.0,81.0,86.0,18.2,58.0
1604451636,70.0,77.0,81.0,86.0,18.2,58.0
1604451637,70.0,76.0,81.0,86.0,18.2,58.0
1604451638,70.0,77.0,81.0,86.0,18.2,58.0
1604451639,70.0,77.0,81.0,86.0,18.2,58.0
1604451640,70.0,77.0,81.0,86.0,18.2,58.0
1604451641,70.0,77.0,80.0,85.0,18.2,58.0
1604451642,70.0,77.0,81.0,85.0,18.2,58.0
1604451643,70.0,78.0,81.0,85.0,18.2,58.0
1604451644,71.0,78.0,81.0,85.0,18.2,58.0
1604451645,71.0,78.0,82.0,86.0,18.2,58.0
1604451646,71.0,78.0,82.0,86.0,18.2,58.1
1604451647,71.0,78.0,82.0,87.0,18.2,58.1
1604451648,71.0,78.0,82.0,88.0,18.2,58.1
1604451649,71.0,78.0,83.0,89.0,18.2,58.1
1604451650,71.0,78.0,83.0,89.0,18.2,58.1
1604451651,71.0,78.0,83.0,89.0,18.1,58.0
1604451652,71.0,78.0,83.0,89.0,18.1,58.0
1604451653,71.0,78.0,83.0,89.0,18.1,58.0
1604451654,71.0,79.0,83.0,89.0,18.1,58.0
1604451655,70.0,79.0,83.0,89.0,18.1,58.0
1604451656,70.0,79.0,83.0,89.0,18.2,58.1
1604451657,70.0,80.0,82.0,88.0,18.2,58.1
1604451658,70.0,80.0,82.0,87.0,18.2,58.1
1604451659,70.0,80.0,82.0,82.0,18.2,58.1
1604451660,70.0,80.0,82.0,82.0,18.2,58.1
1604451661,69.0,80.0,82.0,82.0,18.2,58.1
1604451662,69.0,80.0,82.0,82.0,18.2,58.1
1604451663,69.44444444444444,80.0,82.0,82.0,18.2,58.1
1604451664,69.88888888888889,80.0,82.0,82.0,18.2,58.1
1604451665,70.33333333333333,80.0,82.0,82.0,18.2,58.1
1604451666,70.77777777777777,80.0,82.0,82.0,18.2,58.1
1604451667,71.22222222222223,80.0,82.0,82.0,18.2,58.1
1604451668,71.66666666666667,80.0,82.0,82.0,18.2,58.1
1604451669,72.11111111111111,80.0,82.0,82.0,18.2,58.1
1604451670,72.55555555555556,80.0,82.0,82.0,18.2,58.1
1604451671,73.0,80.0,82.0,82.0,18.2,58.1
1604451672,73.0,80.0,82.0,82.0,18.2,58.1
1604451673,73.0,79.0,82.0,82.0,18.2,58.1
1604451674,73.0,79.0,82.0,81.0,18.1,58.0
1604451675,72.0,79.0,82.0,81.0,18.1,58.0
1604451676,72.0,79.0,82.0,81.0,18.1,58.0
1604451677,71.0,79.0,82.0,81.0,18.1,58.0
1604451678,71.0,78.0,83.0,81.0,18.1,58.0
1604451679,70.0,78.0,83.0,81.0,18.1,58.0
1604451680,70.0,78.0,84.0,81.0,18.1,58.0
1604451681,69.0,78.0,84.0,81.0,18.1,58.0
1604451682,69.0,77.0,84.0,81.0,18.1,58.0
1604451683,69.0,77.0,84.0,81.0,18.1,58.0
1604451684,69.0,77.0,84.0,81.0,18.2,58.1
1604451685,68.0,77.0,84.0,81.0,18.2,58.1
1604451686,68.0,77.0,84.0,82.0,18.2,58.1
1604451687,68.0,77.0,84.0,82.0,18.2,58.1
1604451688,68.0,77.0,84.0,82.0,18.2,58.1
1604451689,68.0,77.0,84.0,83.0,18.1,58.0
1604451690,68.0,78.0,84.0,83.0,18.1,58.0
1604451691,68.0,78.0,84.0,83.0,18.1,58.0
1604451692,68.0,79.0,84.0,83.0,18.1,58.0
1604451693,67.0,79.0,84.0,83.0,18.1,58.0
1604451694,67.0,79.0,84.0,83.0,18.1,58.2
1604451695,67.0,79.0,84.0,83.0,18.1,58.2
1604451696,67.0,80.0,84.0,83.0,18.1,58.2
1604451697,67.0,80.0,84.0,83.0,18.1,58.2
1604451698,67.0,80.0,84.0,83.0,18.1,58.2
1604451699,67.0,80.0,84.0,83.0,18.2,58.1
1604451700,68.0,81.0,84.0,83.0,18.2,58.1
1604451701,68.0,80.0,84.0,83.0,18.2,58.1
1604451702,68.0,80.0,84.0,83.0,18.2,58.1
1604451703,68.0,81.0,84.0,83.0,18.2,58.1
1604451704,69.0,81.0,84.0,83.0,18.2,58.2
1604451705,69.0,81.0,83.0,83.0,18.2,58.2
1604451706,69.0,81.0,83.0,83.0,18.2,58.2
1604451707,69.0,81.0,83.0,83.0,18.2,58.2
1604451708,69.0,80.0,83.0,83.0,18.2,58.2
1604451709,69.0,80.0,83.0,84.0,18.2,58.2
1604451710,69.0,80.0,84.0,84.0,18.2,58.2
1604451711,69.0,80.0,84.0,84.0,18.2,58.2
1604451712,69.0,80.0,85.0,84.0,18.2,58.2
1604451713,69.0,80.0,85.0,84.0,18.2,58.2
1604451714,69.0,80.0,85.0,84.0,18.1,58.1
1604451715,69.0,80.0,85.0,84.0,18.1,58.1
1604451716,69.0,79.0,86.0,84.0,18.1,58.1
1604451717,69.0,79.0,86.0,83.0,18.1,58.1
1604451718,70.0,79.0,86.0,82.0,18.1,58.1
1604451719,70.0,79.0,87.0,81.0,18.2,58.2
1604451720,70.0,79.0,87.0,80.0,18.2,58.2
1604451721,70.0,79.0,87.0,80.0,18.2,58.2
1604451722,70.0,79.0,87.0,79.0,18.2,58.2
1604451723,70.0,79.0,88.0,79.0,18.2,58.2
1604451724,70.0,79.0,88.0,78.0,18.1,58.1
1604451725,70.0,79.0,88.0,78.0,18.1,58.1
1604451726,70.0,79.0,88.0,79.0,18.1,58.1
1604451727,70.0,79.0,87.0,79.0,18.1,58.1
1604451728,70.0,78.0,87.0,79.0,18.1,58.1
1604451729,70.0,78.0,87.0,79.0,18.1,58.1
1604451730,69.0,78.0,86.0,80.0,18.1,58.1
1604451731,69.0,78.0,85.0,81.0,18.1,58.1
1604451732,69.0,78.0,84.0,81.0,18.1,58.1
1604451733,69.0,78.0,84.0,81.0,18.1,58.1
1604451734,69.0,78.0,83.0,82.0,18.1,58.2
1604451735,69.0,78.0,83.0,82.0,18.1,58.2
1604451736,70.0,78.0,84.0,83.0,18.1,58.2
1604451737,69.0,78.0,84.0,83.0,18.1,58.2
1604451738,70.0,78.0,84.0,83.0,18.1,58.2
1604451739,70.0,78.0,84.0,83.0,18.1,58.2
1604451740,70.0,77.0,84.0,83.0,18.1,58.2
1604451741,71.0,77.0,84.0,83.0,18.1,58.2
1604451742,71.0,77.0,84.0,83.0,18.1,58.2
1604451743,72.0,77.0,84.0,83.0,18.1,58.2
1604451744,72.0,78.0,84.0,82.0,18.1,58.2
1604451745,73.0,78.0,84.0,82.0,18.1,58.2
1604451746,73.0,78.0,84.0,82.0,18.1,58.2
1604451747,74.0,78.0,84.0,82.0,18.1,58.2
1604451748,74.0,79.0,84.0,82.0,18.1,58.2
1604451749,74.0,79.0,84.0,82.0,18.1,58.2
1604451750,74.0,80.0,84.0,82.0,18.1,58.2
1604451751,74.0,80.0,85.0,82.0,18.1,58.2
1604451752,74.0,80.0,85.0,82.0,18.1,58.2
1604451753,74.0,80.0,85.0,82.0,18.1,58.2
1604451754,73.0,80.0,85.0,82.0,18.1,58.2
1604451755,72.0,80.0,85.0,82.0,18.1,58.2
1604451756,71.0,80.0,85.0,81.0,18.1,58.2
1604451757,71.0,80.0,85.0,80.0,18.1,58.2
1604451758,70.0,80.0,85.0,80.0,18.1,58.2
1604451759,70.0,80.0,85.0,80.0,18.1,58.2
1604451760,70.0,79.0,85.0,79.0,18.1,58.2
1604451761,69.0,79.0,85.0,79.0,18.1,58.2
1604451762,69.0,79.0,85.0,79.0,18.1,58.2
1604451763,69.0,79.0,85.0,79.0,18.1,58.2
1604451764,69.0,78.0,85.0,79.0,18.1,58.2
1604451765,69.0,78.0,85.0,79.0,18.1,58.2
1604451766,69.0,78.0,85.0,79.0,18.1,58.2
1604451767,69.0,77.0,85.0,79.0,18.1,58.2
1604451768,70.0,77.0,85.0,79.0,18.1,58.2
1604451769,69.0,77.0,85.0,80.0,18.1,58.2
1604451770,69.0,77.0,85.0,81.0,18.1,58.2
1604451771,69.0,77.0,85.0,82.0,18.1,58.2
1604451772,69.0,78.0,85.0,82.0,18.1,58.2
1604451773,69.0,78.0,85.0,83.0,18.1,58.2
1604451774,69.0,78.0,84.0,83.0,18.1,58.3
1604451775,69.0,78.0,84.0,83.0,18.1,58.3
1604451776,69.0,79.0,84.0,84.0,18.1,58.3
1604451777,68.0,79.0,84.0,84.0,18.1,58.3
1604451778,68.0,79.0,84.0,84.0,18.1,58.3
1604451779,68.0,79.0,84.0,85.0,18.1,58.3
1604451780,68.0,79.0,84.0,85.0,18.1,58.3
1604451781,69.0,79.0,83.0,85.0,18.1,58.3
1604451782,69.0,79.0,83.0,84.0,18.1,58.3
1604451783,69.0,79.0,83.0,84.0,18.1,58.3
1604451784,69.0,79.0,83.0,84.0,18.1,58.2
1604451785,70.0,79.0,82.0,84.0,18.1,58.2
1604451786,71.0,79.0,82.0,84.0,18.1,58.2
1604451787,71.0,78.0,83.0,84.0,18.1,58.2
1604451788,71.0,78.0,83.0,84.0,18.1,58.2
1604451789,71.0,78.0,83.0,84.0,18.1,58.2
1604451790,72.0,78.0,83.0,84.0,18.1,58.2
1604451791,72.0,78.0,83.0,84.0,18.1,58.2
1604451792,72.0,78.0,84.0,83.0,18.1,58.2
1604451793,72.0,78.0,84.0,83.0,18.1,58.2
1604451794,72.0,78.0,85.0,83.0,18.1,58.2
1604451795,72.0,77.0,83.0,83.0,18.1,58.2
1604451796,72.0,77.0,83.0,83.0,18.1,58.2
1604451797,71.0,77.0,83.0,83.0,18.1,58.2
1604451798,71.0,77.0,83.0,83.0,18.1,58.2
1604451799,70.0,77.0,83.0,83.0,18.1,58.3
1604451800,70.0,78.0,83.0,83.0,18.1,58.3
1604451801,70.0,78.0,83.0,84.0,18.1,58.3
1604451802,69.0,78.0,83.0,84.0,18.1,58.3
1604451803,69.0,79.0,83.0,84.0,18.1,58.3
1604451804,68.0,79.0,83.0,84.0,18.1,58.3
1604451805,68.0,80.0,83.0,84.0,18.1,58.3
1604451806,67.0,80.0,83.0,84.0,18.1,58.3
1604451807,67.0,80.0,83.0,84.0,18.1,58.3
1604451808,67.0,81.0,83.0,84.0,18.1,58.3
1604451809,67.0,82.0,83.0,84.0,18.1,58.3
1604451810,67.0,82.0,82.0,84.0,18.1,58.3
1604451811,67.0,82.0,82.0,84.0,18.1,58.3
1604451812,67.0,82.0,82.0,84.0,18.1,58.3
1604451813,67.0,82.0,83.0,85.0,18.1,58.3
1604451814,67.0,82.0,83.0,85.0,18.1,58.3
1604451815,67.0,82.0,83.0,85.0,18.1,58.3
1604451816,67.0,82.0,83.0,85.0,18.1,58.3
1604451817,67.0,82.0,82.0,85.0,18.1,58.3
1604451818,67.0,81.0,82.0,85.0,18.1,58.3
1604451819,67.0,81.0,81.0,85.0,18.1,58.3
1604451820,67.0,80.0,81.0,85.0,18.1,58.3
1604451821,67.0,80.0,81.0,84.0,18.1,58.3
1604451822,67.0,80.0,81.0,83.0,18.1,58.3
1604451823,67.0,79.0,80.0,83.0,18.1,58.3
1604451824,67.0,79.0,79.0,82.0,18.1,58.3
1604451825,67.0,79.0,79.0,82.0,18.1,58.3
1604451826,68.0,79.0,79.0,81.0,18.1,58.3
1604451827,68.0,79.0,79.0,81.0,18.1,58.3
1604451828,68.0,79.0,80.0,81.0,18.1,58.3
1604451829,68.0,80.0,80.0,81.0,18.1,58.3
1604451830,69.0,80.0,80.0,81.0,18.1,58.3
1604451831,70.0,81.0,81.0,81.0,18.1,58.3
1604451832,70.0,81.0,81.0,82.0,18.1,58.3
1604451833,70.0,81.0,81.0,82.0,18.1,58.3
1604451834,71.0,82.0,82.0,82.0,18.1,58.3
1604451835,71.0,82.0,82.0,83.0,18.1,58.3
1604451836,71.0,82.0,82.0,84.0,18.1,58.3
1604451837,71.0,82.0,82.0,85.0,18.1,58.3
1604451838,71.0,82.0,82.0,86.0,18.1,58.3
1604451839,71.0,82.0,82.0,87.0,18.1,58.3
1604451840,71.0,82.0,82.0,87.0,18.1,58.3
1604451841,71.0,83.0,82.0,88.0,18.1,58.3
1604451842,71.0,83.0,83.0,88.0,18.1,58.3
1604451843,72.0,82.0,83.0,88.0,18.1,58.3
1604451844,72.0,82.0,84.0,88.0,18.1,58.3
1604451845,72.0,82.0,84.0,88.0,18.1,58.3
1604451846,72.0,82.0,85.0,88.0,18.1,58.3
1604451847,72.0,81.0,85.0,88.0,18.1,58.3
1604451848,72.0,81.0,85.0,87.0,18.1,58.3
1604451849,72.0,80.0,85.0,87.0,18.1,58.5
1604451850,72.0,80.0,85.0,86.0,18.1,58.5
1604451851,72.0,79.0,85.0,86.0,18.1,58.5
1604451852,71.0,79.0,85.0,85.0,18.1,58.5
1604451853,71.0,79.0,85.0,85.0,18.1,58.5
1604451854,71.0,79.0,84.0,84.0,18.1,58.4
1604451855,70.0,79.0,83.0,83.0,18.1,58.4
1604451856,70.0,80.0,83.0,83.0,18.1,58.4
1604451857,69.0,80.0,82.0,82.0,18.1,58.4
1604451858,69.0,80.0,81.0,82.0,18.1,58.4
1604451859,69.0,80.0,81.0,82.0,18.1,58.4
1604451860,69.0,81.0,80.0,82.0,18.1,58.4
1604451861,69.0,81.0,80.0,82.0,18.1,58.4
1604451862,69.0,81.0,79.0,83.0,18.1,58.4
1604451863,69.0,77.0,78.0,83.0,18.1,58.4
1604451864,69.0,77.0,78.0,83.0,18.1,58.3
1604451865,69.0,77.0,78.0,84.0,18.1,58.3
1604451866,70.0,77.0,77.0,84.0,18.1,58.3
1604451867,70.0,77.0,77.0,84.0,18.1,58.3
1604451868,70.0,78.0,77.0,84.0,18.1,58.3
1604451869,70.0,78.0,77.0,85.0,18.1,58.3
1604451870,71.0,79.0,77.0,84.0,18.1,58.3
1604451871,71.0,79.0,78.0,84.0,18.1,58.3
1604451872,71.0,79.0,78.0,84.0,18.1,58.3
1604451873,71.0,79.0,78.0,83.0,18.1,58.3
1604451874,71.0,80.0,78.0,83.0,18.1,58.3
1604451875,70.77777777777777,79.88888888888889,78.0,83.0,18.1,58.3
1604451876,70.55555555555556,79.77777777777777,78.0,83.0,18.1,58.3
1604451877,70.33333333333333,79.66666666666667,78.0,83.0,18.1,58.3
1604451878,70.11111111111111,79.55555555555556,78.0,83.0,18.1,58.3
1604451879,69.88888888888889,79.44444444444444,78.0,83.0,18.1,58.3
1604451880,69.66666666666667,79.33333333333333,78.0,83.0,18.1,58.3
1604451881,69.44444444444444,79.22222222222223,78.0,83.0,18.1,58.3
1604451882,69.22222222222223,79.11111111111111,78.0,83.0,18.1,58.3
1604451883,69.0,79.0,78.0,83.0,18.1,58.3
1604451884,69.0,80.0,79.0,82.0,18.1,58.3
1604451885,70.0,80.0,79.0,82.0,18.1,58.3
1604451886,70.0,79.0,79.0,81.0,18.1,58.3
1604451887,70.0,79.0,79.0,81.0,18.1,58.3
1604451888,70.0,79.0,78.0,81.0,18.1,58.3
1604451889,71.0,79.0,79.0,81.0,18.1,58.3
1604451890,71.0,79.0,79.0,81.0,18.1,58.3
1604451891,71.0,79.0,78.0,81.0,18.1,58.3
1604451892,71.0,79.0,78.0,82.0,18.1,58.2
1604451893,71.0,79.0,78.0,82.0,18.1,58.2
1604451894,71.0,79.0,78.0,83.0,18.1,58.2
1604451895,71.0,79.0,78.0,83.0,18.1,58.2
1604451896,70.0,79.0,79.0,83.0,18.1,58.2
1604451897,70.0,79.0,79.0,83.0,18.1,58.2
1604451898,70.0,79.0,79.0,83.0,18.1,58.2
1604451899,70.0,79.0,79.0,83.0,18.1,58.2
1604451900,70.0,79.0,80.0,83.0,18.1,58.2
1604451901,70.0,79.0,80.0,83.0,18.1,58.2
1604451902,70.0,79.0,81.0,83.0,18.1,58.2
1604451903,70.0,79.0,81.0,83.0,18.1,58.2
1604451904,70.0,79.0,81.0,83.0,18.1,58.2
1604451905,70.0,79.0,82.0,81.0,18.1,58.2
1604451906,70.0,79.0,82.0,81.0,18.1,58.2
1604451907,70.0,79.0,82.0,81.0,18.1,58.2
1604451908,70.0,79.0,82.0,81.0,18.1,58.2
1604451909,70.0,79.0,82.0,81.0,18.1,58.2
1604451910,70.0,79.0,83.0,81.0,18.1,58.2
1604451911,69.0,79.0,83.0,82.0,18.1,58.2
1604451912,69.0,79.0,84.0,82.0,18.1,58.2
1604451913,68.0,79.0,84.0,82.0,18.1,58.2
1604451914,68.0,79.0,85.0,82.0,18.1,58.2
1604451915,67.0,79.0,85.0,82.0,18.1,58.2
1604451916,67.0,79.0,86.0,82.0,18.1,58.2
1604451917,67.0,79.0,86.0,82.0,18.1,58.2
1604451918,66.0,79.0,86.0,82.0,18.1,58.2
1604451919,66.0,80.0,87.0,82.0,18.1,58.2
1604451920,65.0,80.0,87.0,82.0,18.1,58.2
1604451921,65.0,80.0,86.0,82.0,18.1,58.2
1604451922,65.0,80.0,86.0,82.0,18.1,58.3
1604451923,65.0,80.0,86.0,82.0,18.1,58.3
1604451924,64.0,80.0,86.0,82.0,18.1,58.3
1604451925,64.0,80.0,85.0,82.0,18.1,58.3
1604451926,64.0,80.0,85.0,82.0,18.1,58.3
1604451927,64.0,80.0,85.0,82.0,18.1,58.3
1604451928,65.0,80.0,85.0,82.0,18.1,58.3
1604451929,65.0,80.0,84.0,82.0,18.1,58.3
1604451930,66.0,80.0,84.0,82.0,18.1,58.3
1604451931,67.0,80.0,84.0,82.0,18.1,58.3
1604451932,67.0,80.0,83.0,83.0,18.1,58.3
1604451933,68.0,80.0,83.0,83.0,18.1,58.3
1604451934,68.0,80.0,82.0,83.0,18.1,58.3
1604451935,69.0,80.0,81.0,83.0,18.1,58.3
1604451936,69.0,80.0,81.0,83.0,18.1,58.3
1604451937,70.0,80.0,81.0,84.0,18.1,58.3
1604451938,70.0,79.0,80.0,84.0,18.1,58.3
1604451939,71.0,79.0,80.0,84.0,18.1,58.3
1604451940,71.0,78.0,80.0,84.0,18.1,58.3
1604451941,71.0,78.0,80.0,83.0,18.1,58.3
1604451942,72.0,78.0,80.0,83.0,18.1,58.3
1604451943,72.0,78.0,81.0,83.0,18.1,58.3
1604451944,72.0,77.0,81.0,83.0,18.1,58.3
1604451945,72.0,77.0,81.0,83.0,18.1,58.3
1604451946,72.0,77.0,81.0,83.0,18.1,58.3
1604451947,72.0,77.0,80.0,83.0,18.1,58.3
1604451948,72.0,76.0,80.0,83.0,18.1,58.3
1604451949,72.0,77.0,80.0,83.0,18.1,58.3
1604451950,71.0,77.0,79.0,83.0,18.1,58.3
1604451951,71.0,77.0,79.0,83.0,18.1,58.3
1604451952,70.0,77.0,78.0,83.0,18.1,58.3
1604451953,70.0,77.0,77.0,83.0,18.1,58.3
1604451954,70.0,78.0,77.0,83.0,18.1,58.3
1604451955,69.0,78.0,77.0,83.0,18.1,58.3
1604451956,69.0,79.0,77.0,83.0,18.1,58.3
1604451957,69.0,79.0,76.0,83.0,18.1,58.4
1604451958,68.0,79.0,77.0,83.0,18.1,58.4
1604451959,68.0,79.0,77.0,83.0,18.1,58.4
1604451960,68.0,79.0,77.0,84.0,18.1,58.4
1604451961,68.0,79.0,78.0,84.0,18.1,58.4
1604451962,67.0,79.0,78.0,84.0,18.1,58.3
1604451963,67.0,79.0,79.0,84.0,18.1,58.3
1604451964,67.0,79.0,80.0,84.0,18.1,58.3
1604451965,67.0,79.0,80.0,85.0,18.1,58.3
1604451966,67.0,79.0,80.0,85.0,18.1,58.3
1604451967,67.0,79.0,80.0,85.0,18.0,58.2
1604451968,67.0,79.0,80.0,84.0,18.0,58.2
1604451969,67.0,79.0,80.0,84.0,18.0,58.2
1604451970,67.0,80.0,80.0,84.0,18.0,58.2
1604451971,67.0,80.0,80.0,84.0,18.0,58.2
1604451972,68.0,80.0,80.0,83.0,18.1,58.3
1604451973,68.0,81.0,80.0,83.0,18.1,58.3
1604451974,68.0,81.0,79.0,82.0,18.1,58.3
1604451975,68.0,81.0,79.0,81.0,18.1,58.3
1604451976,68.0,81.0,79.0,81.0,18.1,58.3
1604451977,68.0,81.0,80.0,80.0,18.1,58.3
1604451978,68.0,81.0,80.0,80.0,18.1,58.3
1604451979,68.0,81.0,80.0,80.0,18.1,58.3
1604451980,68.0,81.0,80.0,80.0,18.1,58.3
1604451981,68.0,81.0,80.0,79.0,18.1,58.3
1604451982,68.0,81.0,80.0,79.0,18.0,58.2
1604451983,68.0,81.0,80.0,79.0,18.0,58.2
1604451984,69.0,81.0,80.0,79.0,18.0,58.2
1604451985,69.0,81.0,80.0,79.0,18.0,58.2
1604451986,69.0,81.0,80.0,80.0,18.0,58.2
1604451987,69.0,81.0,80.0,80.0,18.0,57.8
1604451988,70.0,81.0,79.0,80.0,18.0,57.8
1604451989,70.0,81.0,79.0,80.0,18.0,57.8
1604451990,70.0,80.0,79.0,80.0,18.0,57.8
1604451991,70.0,80.0,79.0,81.0,18.0,57.8
1604451992,70.0,80.0,79.0,81.0,18.0,58.2
1604451993,70.0,79.0,79.0,81.0,18.0,58.2
1604451994,70.0,79.0,79.0,82.0,18.0,58.2
1604451995,70.0,79.0,78.0,82.0,18.0,58.2
1604451996,70.0,79.0,78.0,82.0,18.0,58.2
1604451997,70.0,79.0,78.0,82.0,18.0,58.2
1604451998,70.0,79.0,79.0,83.0,18.0,58.2
1604451999,71.0,79.0,79.0,83.0,18.0,58.2
1604452000,71.0,79.0,79.0,83.0,18.0,58.2
1604452001,71.0,79.0,79.0,84.0,18.0,58.2
1604452002,71.0,80.0,79.0,83.0,18.1,58.3
1604452003,71.0,79.0,79.0,83.0,18.1,58.3
1604452004,71.0,79.0,79.0,84.0,18.1,58.3
1604452005,71.0,79.0,79.0,84.0,18.1,58.3
1604452006,70.0,79.0,79.0,83.0,18.1,58.3
1604452007,70.0,79.0,79.0,83.0,18.0,58.2
1604452008,70.0,79.0,79.0,83.0,18.0,58.2
1604452009,70.0,79.0,79.0,82.0,18.0,58.2
1604452010,70.0,79.0,79.0,82.0,18.0,58.2
1604452011,69.0,79.0,79.0,82.0,18.0,58.2
1604452012,69.0,79.0,79.0,82.0,18.0,58.3
1604452013,69.0,79.0,80.0,81.0,18.0,58.3
1604452014,68.0,79.0,81.0,80.0,18.0,58.3
1604452015,68.0,79.0,81.0,80.0,18.0,58.3
1604452016,68.0,80.0,82.0,79.0,18.0,58.3
1604452017,68.0,80.0,82.0,79.0,18.0,58.4
1604452018,68.0,80.0,83.0,79.0,18.0,58.4
1604452019,67.0,80.0,84.0,79.0,18.0,58.4
1604452020,67.0,79.0,84.0,79.0,18.0,58.4
1604452021,67.0,80.0,85.0,79.0,18.0,58.4
1604452022,67.0,80.0,85.0,80.0,18.0,58.4
1604452023,68.0,80.0,85.0,80.0,18.0,58.4
1604452024,68.0,80.0,84.0,81.0,18.0,58.4
1604452025,68.0,80.0,84.0,81.0,18.0,58.4
1604452026,69.0,79.0,84.0,81.0,18.0,58.4
1604452027,69.0,79.0,83.0,81.0,18.1,58.4
1604452028,70.0,79.0,83.0,82.0,18.1,58.4
1604452029,70.0,79.0,83.0,82.0,18.1,58.4
1604452030,70.0,79.0,82.0,82.0,18.1,58.4
1604452031,71.0,79.0,82.0,82.0,18.1,58.4
1604452032,71.0,79.0,82.0,82.0,18.1,58.5
1604452033,71.0,79.0,82.0,82.0,18.1,58.5
1604452034,71.0,79.0,84.0,82.0,18.1,58.5
1604452035,70.0,79.0,84.0,82.0,18.1,58.5
1604452036,70.0,79.0,84.0,82.0,18.1,58.5
1604452037,70.0,79.0,85.0,83.0,18.0,58.4
1604452038,69.0,79.0,85.0,83.0,18.0,58.4
1604452039,69.0,79.0,85.0,84.0,18.0,58.4
1604452040,69.0,79.0,85.0,84.0,18.0,58.4
1604452041,68.0,79.0,85.0,84.0,18.0,58.4
1604452042,69.0,79.0,84.0,84.0,18.0,58.4
1604452043,68.0,79.0,83.0,84.0,18.0,58.4
1604452044,69.0,79.0,83.0,83.0,18.0,58.4
1604452045,68.0,80.0,82.0,83.0,18.0,58.4
1604452046,68.0,80.0,82.0,82.0,18.0,58.4
1604452047,68.0,80.0,82.0,82.0,18.1,58.5
1604452048,68.0,80.0,81.0,81.0,18.1,58.5
1604452049,68.0,80.0,81.0,81.0,18.1,58.5
1604452050,68.0,80.0,81.0,81.0,18.1,58.5
1604452051,68.0,80.0,81.0,81.0,18.1,58.5
1604452052,68.0,80.0,81.0,81.0,18.1,58.4
1604452053,68.0,79.0,81.0,81.0,18.1,58.4
1604452054,67.0,79.0,81.0,82.0,18.1,58.4
1604452055,67.0,78.0,79.0,82.0,18.1,58.4
1604452056,67.0,77.0,79.0,83.0,18.1,58.4
1604452057,67.0,77.0,79.0,83.0,18.1,58.4
1604452058,67.0,76.0,79.0,83.0,18.1,58.4
1604452059,67.0,76.0,79.0,84.0,18.1,58.4
1604452060,67.0,75.0,79.0,84.0,18.1,58.4
1604452061,67.0,75.0,79.0,84.0,18.1,58.4
1604452062,67.0,75.0,80.0,84.0,18.1,58.4
1604452063,67.0,75.0,80.0,84.0,18.1,58.4
1604452064,68.0,75.0,80.0,84.0,18.1,58.4
1604452065,68.0,75.0,80.0,83.0,18.1,58.4
1604452066,68.0,76.0,79.0,83.0,18.1,58.4
1604452067,68.0,76.0,79.0,83.0,18.1,58.5
1604452068,68.0,76.0,79.0,83.0,18.1,58.5
1604452069,68.0,76.0,80.0,83.0,18.1,58.5
1604452070,68.0,76.0,80.0,83.0,18.1,58.5
1604452071,69.0,76.0,80.0,83.0,18.1,58.5
1604452072,69.0,76.0,81.0,83.0,18.1,58.4
1604452073,69.0,76.0,81.0,83.0,18.1,58.4
1604452074,69.0,77.0,82.0,83.0,18.1,58.4
1604452075,69.0,77.0,82.0,83.0,18.1,58.4
1604452076,70.0,78.0,83.0,83.0,18.1,58.4
1604452077,70.0,78.0,83.0,83.0,18.0,58.2
1604452078,70.0,79.0,83.0,83.0,18.0,58.2
1604452079,69.0,80.0,83.0,83.0,18.0,58.2
1604452080,69.0,80.0,83.0,83.0,18.0,58.2
1604452081,69.0,80.0,83.0,83.0,18.0,58.2
1604452082,69.0,81.0,83.0,83.0,18.1,58.3
1604452083,69.11111111111111,81.11111111111111,83.11111111111111,83.0,18.1,58.3
1604452084,69.22222222222223,81.22222222222223,83.22222222222223,83.0,18.1,58.3
1604452085,69.33333333333333,81.33333333333333,83.33333333333333,83.0,18.1,58.3
1604452086,69.44444444444444,81.44444444444444,83.44444444444444,83.0,18.1,58.3
1604452087,69.55555555555556,81.55555555555556,83.55555555555556,83.0,18.1,58.3
1604452088,69.66666666666667,81.66666666666667,83.66666666666667,83.0,18.1,58.3
1604452089,69.77777777777777,81.77777777777777,83.77777777777777,83.0,18.1,58.3
1604452090,69.88888888888889,81.88888888888889,83.88888888888889,83.0,18.1,58.3
1604452091,70.0,82.0,84.0,83.0,18.1,58.3
1604452092,71.0,82.0,83.0,83.0,18.1,58.3
1604452093,71.0,82.0,83.0,83.0,18.1,58.3
1604452094,71.0,82.0,83.0,82.0,18.1,58.3
1604452095,72.0,82.0,84.0,82.0,18.1,58.3
1604452096,72.0,82.0,84.0,82.0,18.1,58.3
1604452097,72.0,82.0,84.0,82.0,18.1,58.3
1604452098,72.0,82.0,84.0,82.0,18.1,58.3
1604452099,72.0,82.0,84.0,81.0,18.1,58.3
1604452100,72.0,81.0,83.0,81.0,18.1,58.3
1604452101,71.0,81.0,83.0,81.0,18.1,58.3
1604452102,71.0,81.0,82.0,81.0,18.1,58.3
1604452103,71.0,81.0,82.0,81.0,18.1,58.3
1604452104,70.0,80.0,82.0,81.0,18.1,58.3
1604452105,70.0,78.0,81.0,81.0,18.1,58.3
1604452106,70.0,78.0,80.0,81.0,18.1,58.3
1604452107,69.0,79.0,80.0,81.0,18.1,58.3
1604452108,69.0,79.0,80.0,82.0,18.1,58.3
1604452109,68.0,79.0,80.0,82.0,18.1,58.3
1604452110,68.0,79.0,80.0,82.0,18.1,58.3
1604452111,69.0,79.0,80.0,82.0,18.1,58.3
1604452112,69.0,79.0,80.5,82.0,18.1,58.3
1604452113,69.0,79.0,81.0,82.0,18.1,58.3
1604452114,69.0,79.0,81.0,82.0,18.1,58.3
1604452115,69.0,79.0,81.0,82.0,18.1,58.3
1604452116,69.0,79.0,81.0,82.0,18.1,58.3
1604452117,70.0,79.0,81.0,81.0,18.1,58.3
1604452118,70.0,79.0,80.0,81.0,18.1,58.3
1604452119,71.0,79.0,79.0,81.0,18.1,58.3
1604452120,72.0,79.0,79.0,81.0,18.1,58.3
1604452121,72.0,79.0,78.0,80.0,18.1,58.3
1604452122,72.0,79.0,77.0,80.0,18.1,58.3
1604452123,72.0,79.0,77.0,80.0,18.1,58.3
1604452124,73.0,79.0,77.0,79.0,18.1,58.3
1604452125,73.0,78.0,77.0,79.0,18.1,58.3
1604452126,73.0,78.0,77.0,79.0,18.1,58.3
1604452127,73.0,78.0,77.0,79.0,18.1,58.3
1604452128,73.0,77.0,78.0,79.0,18.1,58.3
1604452129,73.0,77.0,78.0,79.0,18.1,58.3
1604452130,72.0,76.0,78.0,79.0,18.1,58.3
1604452131,71.0,76.0,80.0,79.0,18.1,58.3
1604452132,71.0,76.0,80.0,80.0,18.1,58.3
1604452133,71.0,76.0,80.0,80.0,18.1,58.3
1604452134,70.0,76.0,81.0,80.0,18.1,58.3
1604452135,70.0,76.0,81.0,80.0,18.1,58.3
1604452136,70.0,76.0,81.0,81.0,18.1,58.3
1604452137,69.0,76.0,81.0,81.0,18.1,58.3
1604452138,69.0,77.0,82.0,81.0,18.1,58.3
1604452139,68.0,77.0,82.0,81.0,18.1,58.3
1604452140,68.0,78.0,82.0,81.0,18.1,58.3
1604452141,68.0,79.0,81.0,81.0,18.1,58.3
1604452142,69.0,79.0,81.0,82.0,18.1,58.3
1604452143,69.0,79.0,81.0,82.0,18.1,58.3
1604452144,69.0,80.0,81.0,82.0,18.1,58.3
1604452145,69.0,80.0,81.0,82.0,18.1,58.3
1604452146,69.0,80.0,81.0,82.0,18.1,58.3
1604452147,70.0,81.0,80.0,82.0,18.1,58.3
1604452148,70.0,81.0,80.0,83.0,18.1,58.3
1604452149,71.0,81.0,80.0,83.0,18.1,58.3
1604452150,71.0,81.0,80.0,83.0,18.1,58.3
1604452151,71.0,81.0,80.0,83.0,18.1,58.4
1604452152,70.0,81.0,80.0,84.0,18.1,58.4
1604452153,70.0,81.0,80.0,85.0,18.1,58.4
1604452154,70.0,81.0,80.0,85.0,18.1,58.4
1604452155,70.0,80.0,80.0,85.0,18.1,58.4
1604452156,69.0,80.0,80.0,86.0,18.1,58.3
1604452157,69.0,80.0,80.0,86.0,18.1,58.3
1604452158,68.0,80.0,81.0,86.0,18.1,58.3
1604452159,68.0,80.0,81.0,86.0,18.1,58.3
1604452160,68.0,80.0,81.0,85.0,18.1,58.3
1604452161,67.0,80.0,82.0,85.0,18.1,58.3
1604452162,67.0,80.0,82.0,85.0,18.1,58.3
1604452163,67.0,80.0,82.0,85.0,18.1,58.3
1604452164,67.0,80.0,82.0,84.0,18.1,58.3
1604452165,67.0,80.0,82.0,84.0,18.1,58.3
1604452166,67.0,80.0,81.0,84.0,18.1,58.3
1604452167,67.0,80.0,81.0,84.0,18.1,58.3
1604452168,68.0,80.0,81.0,84.0,18.1,58.3
1604452169,68.0,80.0,81.0,84.0,18.1,58.3
1604452170,68.0,81.0,80.0,84.0,18.1,58.3
1604452171,69.0,80.0,79.0,84.0,18.1,58.3
1604452172,69.0,80.0,79.0,84.0,18.1,58.3
1604452173,70.0,80.0,79.0,83.0,18.1,58.3
1604452174,70.0,80.0,78.0,83.0,18.1,58.3
1604452175,71.0,80.0,78.0,83.0,18.1,58.3
1604452176,71.0,80.0,78.0,83.0,18.1,58.3
1604452177,71.0,79.0,78.0,83.0,18.1,58.3
1604452178,71.0,79.0,78.0,83.0,18.1,58.3
1604452179,71.0,78.0,78.0,83.0,18.1,58.3
1604452180,71.0,78.0,78.0,83.0,18.1,58.3
1604452181,71.0,78.0,78.0,83.0,18.1,58.3
1604452182,71.0,78.0,78.0,83.0,18.1,58.3
1604452183,71.0,78.0,79.0,83.0,18.1,58.3
1604452184,71.0,77.0,79.0,83.0,18.1,58.3
1604452185,70.0,77.0,79.0,83.0,18.1,58.3
1604452186,70.0,77.0,79.0,82.0,18.1,58.3
1604452187,69.0,78.0,79.0,82.0,18.1,58.3
1604452188,68.0,78.0,79.0,82.0,18.1,58.3
1604452189,68.0,78.0,79.0,82.0,18.1,58.3
1604452190,67.0,78.0,79.0,82.0,18.1,58.3
1604452191,67.0,78.0,80.0,82.0,18.1,58.2
1604452192,67.0,78.0,80.0,82.0,18.1,58.2
1604452193,66.0,78.0,79.0,82.0,18.1,58.2
1604452194,65.0,77.0,79.0,82.0,18.1,58.2
1604452195,65.0,77.0,79.0,82.0,18.1,58.2
1604452196,65.0,77.0,79.0,82.0,18.1,58.3
1604452197,65.0,77.0,79.0,82.0,18.1,58.3
1604452198,65.0,76.0,79.0,82.0,18.1,58.3
1604452199,65.0,76.0,79.0,82.0,18.1,58.3
1604452200,65.0,75.0,79.0,83.0,18.1,58.3
1604452201,65.0,75.0,79.0,83.0,18.2,58.3
1604452202,65.0,75.0,79.0,83.0,18.2,58.3
1604452203,66.0,74.0,79.0,83.0,18.2,58.3
1604452204,66.0,74.0,79.0,83.0,18.2,58.3
1604452205,67.0,74.0,80.0,83.0,18.2,58.3
1604452206,67.0,74.0,80.0,83.0,18.1,58.2
1604452207,67.0,74.0,80.0,83.0,18.1,58.2
1604452208,67.0,74.0,81.0,83.0,18.1,58.2
1604452209,68.0,74.0,81.0,83.0,18.1,58.2
1604452210,68.0,75.0,81.0,83.0,18.1,58.2
1604452211,68.0,75.0,81.0,83.0,18.2,58.2
1604452212,68.0,75.0,81.0,83.0,18.2,58.2
1604452213,69.0,75.0,81.0,83.0,18.2,58.2
1604452214,69.0,75.0,81.0,83.0,18.2,58.2
1604452215,69.0,75.0,81.0,82.0,18.2,58.2
1604452216,69.0,75.0,81.0,82.0,18.1,58.1
1604452217,69.0,75.0,81.0,81.0,18.1,58.1
1604452218,69.0,75.0,81.0,81.0,18.1,58.1
1604452219,69.0,75.0,81.0,80.0,18.1,58.1
1604452220,69.0,75.0,82.0,79.0,18.1,58.1
1604452221,70.0,75.0,82.0,78.0,18.2,58.2
1604452222,70.0,75.0,82.0,77.0,18.2,58.2
1604452223,70.0,75.0,82.0,77.0,18.2,58.2
1604452224,70.0,75.0,82.0,77.0,18.2,58.2
1604452225,70.0,76.0,82.0,76.0,18.2,58.2
1604452226,70.0,76.0,82.0,76.0,18.2,58.2
1604452227,70.0,77.0,82.0,76.0,18.2,58.2
1604452228,70.0,78.0,82.0,76.0,18.2,58.2
1604452229,70.0,78.0,82.0,76.0,18.2,58.2
1604452230,70.0,79.0,82.0,76.0,18.2,58.2
1604452231,70.0,80.0,82.0,77.0,18.2,58.2
1604452232,70.0,80.0,82.0,77.0,18.2,58.2
1604452233,70.0,81.0,82.0,77.0,18.2,58.2
1604452234,70.0,81.0,81.0,78.0,18.2,58.2
1604452235,70.0,81.0,81.0,78.0,18.2,58.2
1604452236,70.0,81.0,80.0,78.0,18.2,58.2
1604452237,69.0,81.0,80.0,79.0,18.2,58.2
1604452238,69.0,80.0,80.0,80.0,18.2,58.2
1604452239,69.0,80.0,80.0,80.0,18.2,58.2
1604452240,68.0,79.0,79.0,81.0,18.2,58.2
1604452241,68.0,79.0,79.0,82.0,18.2,58.1
1604452242,67.0,79.0,79.0,83.0,18.2,58.1
1604452243,67.0,78.0,79.0,83.0,18.2,58.1
1604452244,67.0,77.0,79.0,83.0,18.2,58.1
1604452245,66.0,77.0,79.0,84.0,18.2,58.1
1604452246,66.0,77.0,79.0,84.0,18.2,58.1
1604452247,66.0,77.0,78.0,84.0,18.2,58.1
1604452248,66.0,77.0,78.0,84.0,18.2,58.1
1604452249,67.0,78.0,78.0,84.0,18.2,58.1
1604452250,67.0,78.0,78.0,84.0,18.2,58.1
1604452251,67.0,79.0,78.0,83.0,18.2,58.1
1604452252,67.0,79.0,78.0,83.0,18.2,58.1
1604452253,67.0,80.0,79.0,83.0,18.2,58.1
1604452254,67.0,81.0,79.0,83.0,18.2,58.1
1604452255,68.0,81.0,79.0,83.0,18.2,58.1
1604452256,68.0,82.0,79.0,83.0,18.2,58.1
1604452257,68.0,82.0,80.0,82.0,18.2,58.1
1604452258,68.0,82.0,80.0,82.0,18.2,58.1
1604452259,68.0,82.0,80.0,82.0,18.2,58.1
1604452260,68.0,82.0,81.0,82.0,18.2,58.1
1604452261,68.0,83.0,81.0,82.0,18.2,58.0
1604452262,68.0,83.0,82.0,82.0,18.2,58.0
1604452263,68.0,83.0,82.0,82.0,18.2,58.0
1604452264,68.0,82.0,82.0,82.0,18.2,58.0
1604452265,68.0,82.0,82.0,82.0,18.2,58.0
1604452266,68.0,82.0,82.0,81.0,18.2,58.0
1604452267,69.0,82.0,82.0,82.0,18.2,58.0
1604452268,69.0,81.0,82.0,82.0,18.2,58.0
1604452269,69.0,81.0,82.0,82.0,18.2,58.0
1604452270,69.0,81.0,81.0,83.0,18.2,58.0
1604452271,69.0,81.0,80.0,83.0,18.2,58.0
1604452272,69.0,81.0,80.0,83.0,18.2,58.0
1604452273,69.0,81.0,79.0,84.0,18.2,58.0
1604452274,69.0,81.0,79.0,85.0,18.2,58.0
1604452275,69.0,81.0,79.0,85.0,18.2,58.0
1604452276,68.0,81.0,79.0,85.0,18.2,58.0
1604452277,67.0,81.0,78.0,86.0,18.2,58.0
1604452278,67.0,81.0,78.0,86.0,18.2,58.0
1604452279,66.0,81.0,78.0,86.0,18.2,58.0
1604452280,66.0,82.0,78.0,86.0,18.2,58.0
1604452281,65.0,82.0,79.0,86.0,18.2,58.0
1604452282,65.0,82.0,79.0,86.0,18.2,58.0
1604452283,65.0,81.0,79.0,86.0,18.2,58.0
1604452284,65.0,81.0,79.0,86.0,18.2,58.0
1604452285,65.0,81.0,79.0,86.0,18.2,58.0
1604452286,65.0,81.0,79.0,85.0,18.2,57.9
1604452287,65.0,81.0,79.0,86.0,18.2,57.9
1604452288,66.0,81.0,79.0,86.0,18.2,57.9
1604452289,66.0,80.0,79.0,86.0,18.2,57.9
1604452290,66.0,80.0,79.0,86.0,18.2,57.9
1604452291,67.0,80.0,79.0,86.0,18.3,58.0
1604452292,67.0,80.0,79.0,86.0,18.3,58.0
1604452293,67.44444444444444,80.0,79.0,86.11111111111111,18.3,58.0
1604452294,67.88888888888889,80.0,79.0,86.22222222222223,18.3,58.0
1604452295,68.33333333333333,80.0,79.0,86.33333333333333,18.3,58.0
1604452296,68.77777777777777,80.0,79.0,86.44444444444444,18.3,58.0
1604452297,69.22222222222223,80.0,79.0,86.55555555555556,18.3,58.0
1604452298,69.66666666666667,80.0,79.0,86.66666666666667,18.3,58.0
1604452299,70.11111111111111,80.0,79.0,86.77777777777777,18.3,58.0
1604452300,70.55555555555556,80.0,79.0,86.88888888888889,18.3,58.0
1604452301,71.0,80.0,79.0,87.0,18.3,58.0
1604452302,71.0,81.0,79.0,87.0,18.3,58.0
1604452303,71.0,81.0,79.0,87.0,18.3,58.0
1604452304,71.0,81.0,79.0,87.0,18.2,57.9
1604452305,71.0,80.0,79.0,87.0,18.2,57.9
1604452306,71.0,80.0,78.0,86.0,18.2,57.9
1604452307,71.0,80.0,78.0,86.0,18.2,57.9
1604452308,71.0,80.0,78.0,85.0,18.2,57.9
1604452309,70.0,80.0,77.0,84.0,18.3,58.0
1604452310,70.0,80.0,77.0,84.0,18.3,58.0
1604452311,70.0,80.0,77.0,82.0,18.3,58.0
1604452312,69.0,80.0,77.0,82.0,18.3,58.0
1604452313,69.0,80.0,76.0,81.0,18.3,58.0
1604452314,69.0,80.0,76.0,81.0,18.2,57.9
1604452315,69.0,80.0,77.0,80.0,18.2,57.9
1604452316,69.0,80.0,77.0,80.0,18.2,57.9
1604452317,69.0,80.0,77.0,81.0,18.2,57.9
1604452318,69.0,80.0,78.0,81.0,18.2,57.9
1604452319,69.0,80.0,78.0,82.0,18.2,57.9
1604452320,69.0,80.0,78.0,82.0,18.2,57.9
1604452321,69.0,79.0,79.0,82.0,18.2,57.9
1604452322,69.0,79.0,79.0,82.0,18.2,57.9
1604452323,70.0,79.0,79.0,82.0,18.2,57.9
1604452324,70.0,79.0,80.0,82.0,18.2,57.9
1604452325,70.0,78.0,79.0,82.0,18.2,57.9
1604452326,70.0,78.0,78.0,82.0,18.2,57.9
1604452327,70.0,79.0,78.0,82.0,18.2,57.9
1604452328,70.0,79.0,78.0,81.0,18.2,57.9
1604452329,70.0,79.0,78.0,81.0,18.3,58.0
1604452330,70.0,79.0,78.0,81.0,18.3,58.0
1604452331,70.0,79.0,78.0,81.0,18.3,58.0
1604452332,70.0,80.0,79.0,81.0,18.3,58.0
1604452333,70.0,80.0,79.0,82.0,18.3,58.0
1604452334,70.0,80.0,79.0,82.0,18.2,57.9
1604452335,70.0,80.0,79.0,83.0,18.2,57.9
1604452336,70.0,79.0,80.0,83.0,18.2,57.9
1604452337,70.0,79.0,80.0,84.0,18.2,57.9
1604452338,70.0,78.0,80.0,84.0,18.2,57.9
1604452339,70.0,78.0,80.0,85.0,18.2,57.8
1604452340,70.0,78.0,80.0,85.0,18.2,57.8
1604452341,70.0,79.0,80.0,85.0,18.2,57.8
1604452342,70.0,79.0,80.0,87.0,18.2,57.8
1604452343,70.0,79.0,80.0,87.0,18.2,57.8
1604452344,70.0,80.0,80.0,87.0,18.3,57.9
1604452345,70.0,80.0,80.0,86.0,18.3,57.9
1604452346,70.0,80.0,79.0,86.0,18.3,57.9
1604452347,70.0,80.0,79.0,85.0,18.3,57.9
1604452348,69.0,80.0,78.0,85.0,18.3,57.9
1604452349,69.0,80.0,78.0,84.0,18.3,57.9
1604452350,69.0,80.0,78.0,83.0,18.3,57.9
1604452351,69.0,80.0,77.0,82.0,18.3,57.9
1604452352,69.0,80.0,77.0,82.0,18.3,57.9
1604452353,69.0,80.0,77.0,82.0,18.3,57.9
1604452354,69.0,79.0,76.0,82.0,18.3,57.9
1604452355,69.0,78.0,76.0,82.0,18.3,57.9
1604452356,69.0,78.0,77.0,82.0,18.3,57.9
1604452357,69.0,78.0,77.0,82.0,18.3,57.9
1604452358,69.0,77.0,78.0,82.0,18.3,57.9
1604452359,69.0,77.0,78.0,82.0,18.3,57.8
1604452360,69.0,77.0,78.0,83.0,18.3,57.8
1604452361,70.0,77.0,80.0,83.0,18.3,57.8
1604452362,70.0,77.0,80.0,83.0,18.3,57.8
1604452363,70.0,77.0,81.0,83.0,18.3,57.8
1604452364,70.0,77.0,82.0,83.0,18.3,57.8
1604452365,70.0,77.0,82.0,83.0,18.3,57.8
1604452366,71.0,77.0,84.0,83.0,18.3,57.8
1604452367,71.0,77.0,84.0,83.0,18.3,57.8
1604452368,71.0,77.0,84.0,83.0,18.3,57.8
1604452369,70.0,77.0,84.0,84.0,18.3,57.8
1604452370,70.0,77.0,84.0,84.0,18.3,57.8
1604452371,70.0,77.0,84.0,84.0,18.3,57.8
1604452372,70.0,77.0,84.0,84.0,18.3,57.8
1604452373,69.0,77.0,83.0,84.0,18.3,57.8
1604452374,69.0,77.0,82.0,84.0,18.3,57.7
1604452375,69.0,78.0,81.0,84.0,18.3,57.7
1604452376,68.0,78.0,81.0,81.0,18.3,57.7
1604452377,68.0,78.0,80.0,81.0,18.3,57.7
1604452378,68.0,79.0,79.0,81.0,18.3,57.7
1604452379,68.0,79.0,79.0,81.0,18.3,57.6
1604452380,68.0,80.0,79.0,81.0,18.3,57.6
1604452381,69.0,81.0,79.0,80.0,18.3,57.6
1604452382,69.0,81.0,79.0,80.0,18.3,57.6
1604452383,69.0,82.0,79.0,80.0,18.3,57.6
1604452384,70.0,82.0,79.0,80.0,18.3,57.6
1604452385,70.0,82.0,79.0,80.0,18.3,57.6
1604452386,70.0,82.0,79.0,80.0,18.3,57.6
1604452387,71.0,82.0,79.0,79.0,18.3,57.6
1604452388,71.0,82.0,80.0,79.0,18.3,57.6
1604452389,71.0,83.0,79.0,79.0,18.3,57.6
1604452390,71.0,83.0,79.0,79.0,18.3,57.6
1604452391,71.0,82.0,79.0,79.0,18.3,57.6
1604452392,71.0,82.0,79.0,79.0,18.3,57.6
1604452393,72.0,82.0,79.0,79.0,18.3,57.6
1604452394,72.0,81.0,79.0,80.0,18.3,57.6
1604452395,72.0,81.0,79.0,80.0,18.3,57.6
1604452396,72.0,80.0,78.0,80.0,18.3,57.6
1604452397,72.0,79.0,78.0,81.0,18.3,57.6
1604452398,72.0,79.0,78.0,81.0,18.3,57.6
1604452399,72.0,78.0,77.0,82.0,18.3,57.5
1604452400,73.0,77.0,77.0,82.0,18.3,57.5
1604452401,73.0,77.0,77.0,82.0,18.3,57.5
1604452402,72.0,76.0,76.0,83.0,18.3,57.5
1604452403,72.0,76.0,76.0,83.0,18.3,57.5
1604452404,72.0,76.0,76.0,82.0,18.3,57.6
1604452405,72.0,76.0,76.0,82.0,18.3,57.6
1604452406,72.0,76.0,76.0,82.0,18.3,57.6
1604452407,71.0,77.0,76.0,81.0,18.3,57.6
1604452408,71.0,77.0,76.0,81.0,18.3,57.6
1604452409,71.0,77.0,76.0,81.0,18.3,57.6
1604452410,70.0,78.0,76.0,81.0,18.3,57.6
1604452411,70.0,78.0,76.0,81.0,18.3,57.6
1604452412,70.0,79.0,76.0,81.0,18.3,57.6
1604452413,70.0,79.0,77.0,81.0,18.3,57.6
1604452414,70.0,79.0,77.0,81.0,18.3,57.6
1604452415,70.0,79.0,77.0,81.0,18.3,57.6
1604452416,69.0,80.0,77.0,81.0,18.3,57.6
1604452417,69.0,80.0,77.0,82.0,18.3,57.6
1604452418,69.0,80.0,78.0,82.0,18.3,57.6
1604452419,69.0,80.0,78.0,82.0,18.3,57.5
1604452420,69.0,80.0,78.0,82.0,18.3,57.5
1604452421,69.0,79.0,78.0,82.0,18.3,57.5
1604452422,69.0,78.0,78.0,82.0,18.3,57.5
1604452423,69.0,78.0,78.0,82.0,18.3,57.5
1604452424,69.0,77.0,78.0,83.0,18.3,57.5
1604452425,69.0,77.0,78.0,83.0,18.3,57.5
1604452426,69.0,76.0,78.0,83.0,18.3,57.5
1604452427,69.0,76.0,78.0,84.0,18.3,57.5
1604452428,69.0,76.0,77.0,84.0,18.3,57.5
1604452429,69.0,76.0,77.0,85.0,18.3,57.5
1604452430,69.0,76.0,77.0,85.0,18.3,57.5
1604452431,69.0,76.0,78.0,86.0,18.3,57.5
1604452432,68.0,77.0,78.0,86.0,18.3,57.5
1604452433,68.0,77.0,78.0,86.0,18.3,57.5
1604452434,68.0,77.0,78.0,87.0,18.3,57.6
1604452435,68.0,77.0,78.0,87.0,18.3,57.6
1604452436,68.0,78.0,78.0,87.0,18.3,57.6
1604452437,68.0,78.0,78.0,87.0,18.3,57.6
1604452438,68.0,78.0,78.0,87.0,18.3,57.6
1604452439,68.0,78.0,78.0,86.0,18.3,57.6
1604452440,68.0,78.0,78.0,86.0,18.3,57.6
1604452441,68.0,77.0,78.0,86.0,18.3,57.6
1604452442,68.0,77.0,78.0,86.0,18.3,57.6
1604452443,68.0,77.0,78.0,86.0,18.3,57.6
1604452444,67.0,77.0,78.0,86.0,18.3,57.7
1604452445,67.0,76.0,78.0,87.0,18.3,57.7
1604452446,67.0,75.0,78.0,88.0,18.3,57.7
1604452447,67.0,75.0,78.0,89.0,18.3,57.7
1604452448,67.0,75.0,78.0,90.0,18.3,57.7
1604452449,67.0,75.0,78.0,91.0,18.3,57.7
1604452450,67.0,76.0,79.0,92.0,18.3,57.7
1604452451,67.0,76.0,79.0,93.0,18.3,57.7
1604452452,67.0,77.0,80.0,93.0,18.3,57.7
1604452453,68.0,77.0,81.0,93.0,18.3,57.7
1604452454,68.0,78.0,81.0,93.0,18.3,57.7
1604452455,68.0,79.0,82.0,93.0,18.3,57.7
1604452456,68.0,79.0,82.0,93.0,18.3,57.7
1604452457,68.0,80.0,84.0,92.0,18.3,57.7
1604452458,68.0,80.0,84.0,91.0,18.3,57.7
1604452459,68.0,81.0,85.0,90.0,18.3,57.7
1604452460,68.0,81.0,85.0,90.0,18.3,57.7
1604452461,68.0,81.0,85.0,90.0,18.3,57.7
1604452462,67.0,81.0,84.0,88.0,18.3,57.7
1604452463,67.0,80.0,84.0,87.0,18.3,57.7
1604452464,67.0,80.0,83.0,86.0,18.2,57.6
1604452465,66.0,79.0,82.0,86.0,18.2,57.6
1604452466,66.0,79.0,81.0,86.0,18.2,57.6
1604452467,66.0,79.0,81.0,85.0,18.2,57.6
1604452468,66.0,78.0,81.0,85.0,18.2,57.6
1604452469,65.0,78.0,79.0,85.0,18.3,57.7
1604452470,65.0,78.0,78.0,85.0,18.3,57.7
1604452471,65.0,78.0,78.0,85.0,18.3,57.7
1604452472,65.0,79.0,77.0,85.0,18.3,57.7
1604452473,64.0,79.0,77.0,85.0,18.3,57.7
1604452474,64.0,79.0,76.0,86.0,18.3,57.7
1604452475,64.0,79.0,76.0,86.0,18.3,57.7
1604452476,64.0,81.0,76.0,86.0,18.3,57.7
1604452477,64.0,81.0,76.0,86.0,18.3,57.7
1604452478,64.0,81.0,75.0,85.0,18.3,57.7
1604452479,64.0,82.0,75.0,85.0,18.3,57.7
1604452480,64.0,83.0,75.0,85.0,18.3,57.7
1604452481,64.0,83.0,75.0,85.0,18.3,57.7
1604452482,64.0,83.0,75.0,85.0,18.3,57.7
1604452483,65.0,84.0,75.0,85.0,18.3,57.7
1604452484,65.0,84.0,75.0,84.0,18.3,57.7
1604452485,65.0,84.0,75.0,84.0,18.3,57.7
1604452486,65.0,83.0,76.0,83.0,18.3,57.7
1604452487,65.0,83.0,76.0,83.0,18.3,57.7
1604452488,66.0,83.0,76.0,83.0,18.3,57.7
1604452489,66.0,82.0,76.0,83.0,18.3,57.7
1604452490,67.0,82.0,77.0,83.0,18.3,57.7
1604452491,67.0,81.0,77.0,83.0,18.3,57.7
1604452492,68.0,81.0,77.0,82.0,18.3,57.7
1604452493,68.0,80.0,77.0,82.0,18.3,57.7
1604452494,68.0,80.0,77.0,82.0,18.3,57.7
1604452495,68.0,79.0,77.0,82.0,18.3,57.7
1604452496,68.0,78.0,77.0,82.0,18.3,57.7
1604452497,69.0,78.0,77.0,82.0,18.3,57.7
1604452498,69.0,78.0,78.0,82.0,18.3,57.7
1604452499,69.0,78.0,78.0,82.0,18.3,57.7
1604452500,69.0,78.0,78.0,82.0,18.3,57.7
1604452501,68.0,78.0,78.0,82.0,18.3,57.7
1604452502,68.0,79.0,79.0,82.0,18.3,57.7
1604452503,68.0,79.0,79.0,82.0,18.3,57.7
1604452504,68.0,79.0,80.0,82.0,18.3,57.7
1604452505,68.0,80.0,80.0,81.0,18.3,57.7
1604452506,68.0,80.0,80.0,81.0,18.3,57.7
1604452507,67.66666666666667,80.0,80.0,81.11111111111111,18.3,57.7
1604452508,67.33333333333333,80.0,80.0,81.22222222222223,18.3,57.7
1604452509,67.0,80.0,80.0,81.33333333333333,18.3,57.7
1604452510,66.66666666666667,80.0,80.0,81.44444444444444,18.3,57.7
1604452511,66.33333333333333,80.0,80.0,81.55555555555556,18.3,57.7
1604452512,66.0,80.0,80.0,81.66666666666667,18.3,57.7
1604452513,65.66666666666667,80.0,80.0,81.77777777777777,18.3,57.7
1604452514,65.33333333333333,80.0,80.0,81.88888888888889,18.3,57.7
1604452515,65.0,80.0,80.0,82.0,18.3,57.7
1604452516,65.0,80.0,80.0,82.0,18.3,57.7
1604452517,65.0,80.0,80.0,82.0,18.3,57.7
1604452518,65.0,80.0,80.0,81.0,18.3,57.7
1604452519,65.0,80.0,80.0,81.0,18.3,57.7
1604452520,65.0,80.0,80.0,81.0,18.3,57.7
1604452521,66.0,81.0,80.0,82.0,18.3,57.7
1604452522,66.0,81.0,80.0,82.0,18.3,57.7
1604452523,66.0,81.0,79.0,83.0,18.3,57.7
1604452524,66.0,81.0,79.0,83.0,18.3,57.7
1604452525,66.0,81.0,79.0,83.0,18.3,57.7
1604452526,66.0,81.0,79.0,83.0,18.3,57.7
1604452527,67.0,81.0,79.0,83.0,18.3,57.7
1604452528,67.0,80.0,80.0,83.0,18.3,57.7
1604452529,67.0,80.0,80.0,84.0,18.3,57.7
1604452530,68.0,80.0,80.0,84.0,18.3,57.7
1604452531,68.0,79.0,80.0,84.0,18.3,57.7
1604452532,68.0,79.0,80.0,84.0,18.3,57.8
1604452533,68.0,78.0,81.0,84.0,18.3,57.8
1604452534,68.0,78.0,81.0,84.0,18.3,57.8
1604452535,69.0,78.0,81.0,84.0,18.3,57.8
1604452536,69.0,78.0,82.0,84.0,18.3,57.8
1604452537,68.0,78.0,82.0,84.0,18.3,57.8
1604452538,68.0,78.0,82.0,84.0,18.3,57.8
1604452539,68.0,78.0,82.0,84.0,18.3,57.8
1604452540,68.0,78.0,82.0,84.0,18.3,57.8
1604452541,68.0,78.0,82.0,85.0,18.3,57.8
1604452542,67.0,78.0,83.0,85.0,18.3,57.8
1604452543,67.0,77.0,83.0,85.0,18.3,57.8
1604452544,67.0,77.0,82.0,84.0,18.3,57.8
1604452545,67.0,77.0,82.0,84.0,18.3,57.8
1604452546,67.0,77.0,82.0,84.0,18.3,57.8
1604452547,67.0,77.0,82.0,83.0,18.3,57.8
1604452548,67.0,77.0,82.0,83.0,18.3,57.8
1604452549,67.0,77.0,81.0,82.0,18.3,57.8
1604452550,67.0,77.0,81.0,82.0,18.3,57.8
1604452551,67.0,78.0,81.0,81.0,18.3,57.8
1604452552,68.0,78.0,81.0,81.0,18.3,57.8
1604452553,68.0,78.0,81.0,81.0,18.3,57.8
1604452554,68.0,78.0,81.0,80.0,18.3,57.8
1604452555,69.0,79.0,81.0,80.0,18.3,57.8
1604452556,69.0,78.0,81.0,80.0,18.3,57.8
1604452557,69.0,78.0,81.0,80.0,18.3,57.8
1604452558,69.0,78.0,81.0,81.0,18.3,57.8
1604452559,69.0,78.0,81.0,81.0,18.3,57.8
1604452560,69.0,78.0,81.0,81.0,18.3,57.8
1604452561,69.0,78.0,80.0,81.0,18.3,57.8
1604452562,69.0,78.0,80.0,82.0,18.3,57.8
1604452563,69.0,78.0,80.0,82.0,18.3,57.8
1604452564,69.0,78.0,80.0,82.0,18.3,57.8
1604452565,69.0,78.0,80.0,82.0,18.3,57.8
1604452566,69.0,78.0,80.0,82.0,18.3,57.8
1604452567,69.0,78.0,80.0,82.0,18.3,57.8
1604452568,69.0,80.0,80.0,82.0,18.3,57.8
1604452569,69.0,80.0,80.0,82.0,18.3,57.8
1604452570,69.0,80.0,81.0,82.0,18.3,57.8
1604452571,69.0,80.0,81.0,82.0,18.3,57.8
1604452572,69.0,80.0,82.0,82.0,18.3,58.0
1604452573,69.0,80.0,82.0,82.0,18.3,58.0
1604452574,69.0,80.0,82.0,83.0,18.3,58.0
1604452575,68.0,80.0,82.0,83.0,18.3,58.0
1604452576,68.0,80.0,82.0,83.0,18.3,58.0
1604452577,68.0,80.0,82.0,83.0,18.3,57.8
1604452578,68.0,80.0,81.0,84.0,18.3,57.8
1604452579,68.0,80.0,81.0,84.0,18.3,57.8
1604452580,68.0,81.0,80.0,85.0,18.3,57.8
1604452581,68.0,80.0,79.0,85.0,18.3,57.8
1604452582,68.0,81.0,79.0,85.0,18.3,57.7
1604452583,68.0,81.0,78.0,85.0,18.3,57.7
1604452584,68.0,80.0,84.0,85.0,18.3,57.7
1604452585,69.0,80.0,84.0,84.0,18.3,57.7
1604452586,69.0,79.0,84.0,84.0,18.3,57.7
1604452587,69.0,79.0,83.0,84.0,18.3,57.7
1604452588,69.0,78.0,83.0,84.0,18.3,57.7
1604452589,70.0,78.0,83.0,84.0,18.3,57.7
1604452590,70.0,77.0,82.0,84.0,18.3,57.7
1604452591,70.0,77.0,81.0,83.0,18.3,57.7
1604452592,70.0,77.0,81.0,84.0,18.3,57.7
1604452593,70.0,77.0,80.0,84.0,18.3,57.7
1604452594,71.0,77.0,80.0,84.0,18.3,57.7
1604452595,71.0,77.0,80.0,84.0,18.3,57.7
1604452596,71.0,77.0,81.0,84.0,18.3,57.7
1604452597,71.0,78.0,81.0,84.0,18.3,57.7
1604452598,72.0,79.0,81.0,84.0,18.3,57.7
1604452599,72.0,79.0,82.0,84.0,18.3,57.7
1604452600,72.0,79.0,82.0,84.0,18.3,57.7
1604452601,72.0,79.0,82.0,84.0,18.3,57.7
1604452602,72.0,79.0,83.0,85.0,18.3,57.7
1604452603,72.0,80.0,84.0,85.0,18.3,57.7
1604452604,72.0,80.0,84.0,85.0,18.3,57.7
1604452605,72.0,80.0,84.0,85.0,18.3,57.7
1604452606,72.0,80.0,84.0,85.0,18.3,57.7
1604452607,72.0,80.0,84.0,85.0,18.3,57.7
1604452608,72.0,80.0,84.0,86.0,18.3,57.7
1604452609,72.0,80.0,84.0,86.0,18.3,57.7
1604452610,71.0,80.0,83.0,86.0,18.3,57.7
1604452611,70.0,79.0,83.0,86.0,18.3,57.7
1604452612,70.0,79.0,83.0,85.0,18.3,57.7
1604452613,70.0,79.0,83.0,86.0,18.3,57.7
1604452614,70.0,79.0,83.0,85.0,18.3,57.7
1604452615,69.0,79.0,83.0,85.0,18.3,57.7
1604452616,69.0,78.0,83.0,85.0,18.3,57.7
1604452617,69.0,78.0,83.0,85.0,18.3,57.7
1604452618,69.0,78.0,84.0,85.0,18.3,57.7
1604452619,69.0,78.0,84.0,85.0,18.3,57.7
1604452620,70.0,78.0,84.0,85.0,18.3,57.7
1604452621,70.0,78.0,84.0,85.0,18.3,57.7
1604452622,70.0,78.0,84.0,85.0,18.3,57.6
1604452623,70.0,79.0,84.0,85.0,18.3,57.6
1604452624,70.0,79.0,84.0,85.0,18.3,57.6
1604452625,70.0,79.0,83.0,85.0,18.3,57.6
1604452626,70.0,79.0,83.0,85.0,18.3,57.6
1604452627,70.0,79.0,83.0,85.0,18.3,57.6
1604452628,70.0,79.0,83.0,84.0,18.3,57.6
1604452629,70.0,80.0,83.0,84.0,18.3,57.6
1604452630,70.0,80.0,83.0,85.0,18.3,57.6
1604452631,70.0,79.0,83.0,85.0,18.3,57.6
1604452632,70.0,79.0,83.0,85.0,18.3,57.6
1604452633,69.0,79.0,83.0,85.0,18.3,57.6
1604452634,69.0,79.0,83.0,85.0,18.3,57.6
1604452635,69.0,79.0,83.0,85.0,18.3,57.6
1604452636,69.0,78.0,83.0,85.0,18.3,57.6
1604452637,69.0,77.0,83.0,85.0,18.3,57.5
1604452638,69.0,77.0,83.0,85.0,18.3,57.5
1604452639,70.0,76.0,84.0,86.0,18.3,57.5
1604452640,70.0,76.0,84.0,86.0,18.3,57.5
1604452641,70.0,75.0,84.0,86.0,18.3,57.5
1604452642,70.0,75.0,83.0,86.0,18.2,57.4
1604452643,71.0,75.0,83.0,86.0,18.2,57.4
1604452644,71.0,75.0,83.0,86.0,18.2,57.4
1604452645,72.0,75.0,83.0,86.0,18.2,57.4
1604452646,72.0,75.0,82.0,86.0,18.2,57.4
1604452647,72.0,76.0,82.0,86.0,18.2,57.5
1604452648,72.0,76.0,81.0,86.0,18.2,57.5
1604452649,71.0,76.0,81.0,86.0,18.2,57.5
1604452650,71.0,76.0,80.0,86.0,18.2,57.5
1604452651,71.0,76.0,79.0,85.0,18.2,57.5
1604452652,70.0,76.0,79.0,85.0,18.2,57.5
1604452653,70.0,76.0,78.0,85.0,18.2,57.5
1604452654,69.0,76.0,78.0,84.0,18.2,57.5
1604452655,69.0,76.0,78.0,84.0,18.2,57.5
1604452656,69.0,77.0,78.0,84.0,18.2,57.5
1604452657,69.0,77.0,78.0,84.0,18.2,57.5
1604452658,69.0,78.0,78.0,83.0,18.2,57.5
1604452659,69.0,78.0,79.0,83.0,18.2,57.5
1604452660,70.0,79.0,79.0,83.0,18.2,57.5
1604452661,70.0,80.0,79.0,84.0,18.2,57.5
1604452662,70.0,81.0,79.0,84.0,18.2,57.5
1604452663,71.0,81.0,80.0,84.0,18.2,57.5
1604452664,71.0,81.0,80.0,84.0,18.2,57.5
1604452665,72.0,82.0,80.0,84.0,18.2,57.5
1604452666,72.0,82.0,80.0,84.0,18.2,57.5
1604452667,72.0,82.0,80.0,84.0,18.3,57.6
1604452668,72.0,82.0,80.0,84.0,18.3,57.6
1604452669,73.0,82.0,80.0,84.0,18.3,57.6
1604452670,73.0,81.0,79.0,84.0,18.3,57.6
1604452671,73.0,81.0,79.0,84.0,18.3,57.6
1604452672,73.0,81.0,79.0,84.0,18.2,57.5
1604452673,73.0,80.0,79.0,84.0,18.2,57.5
1604452674,73.0,79.0,79.0,84.0,18.2,57.5
1604452675,73.0,79.0,79.0,84.0,18.2,57.5
1604452676,72.0,79.0,79.0,85.0,18.2,57.5
1604452677,72.0,80.0,79.0,85.0,18.2,57.5
1604452678,72.0,80.0,79.0,85.0,18.2,57.5
1604452679,71.0,80.0,79.0,86.0,18.2,57.5
1604452680,71.0,80.0,79.0,86.0,18.2,57.5
1604452681,71.0,80.0,79.0,86.0,18.2,57.5
1604452682,71.0,81.0,79.0,86.0,18.2,57.6
1604452683,70.0,81.0,79.0,86.0,18.2,57.6
1604452684,70.0,82.0,79.0,86.0,18.2,57.6
1604452685,70.0,82.0,79.0,86.0,18.2,57.6
1604452686,70.0,82.0,79.0,84.0,18.2,57.6
1604452687,71.0,83.0,79.0,84.0,18.2,57.6
1604452688,71.0,83.0,79.0,84.0,18.2,57.6
1604452689,72.0,83.0,79.0,83.0,18.2,57.6
1604452690,72.0,83.0,79.0,83.0,18.2,57.6
1604452691,72.0,83.0,80.0,83.0,18.2,57.6
1604452692,73.0,83.0,80.0,83.0,18.2,57.6
1604452693,73.0,83.0,80.0,83.0,18.2,57.6
1604452694,73.0,83.0,81.0,83.0,18.2,57.6
1604452695,74.0,83.0,81.0,83.0,18.2,57.6
1604452696,74.0,83.0,81.0,83.0,18.2,57.6
1604452697,74.0,83.0,81.0,84.0,18.2,57.6
1604452698,74.0,83.0,80.0,84.0,18.2,57.6
1604452699,74.0,83.0,80.0,84.0,18.2,57.6
1604452700,74.0,83.0,80.0,85.0,18.2,57.6
1604452701,74.0,83.0,80.0,85.0,18.2,57.6
1604452702,73.0,83.0,80.0,85.0,18.2,57.6
1604452703,73.0,83.0,79.0,85.0,18.2,57.6
1604452704,73.0,83.0,79.0,85.0,18.2,57.6
1604452705,73.0,82.0,79.0,84.0,18.2,57.6
1604452706,73.0,82.0,79.0,84.0,18.2,57.6
1604452707,73.0,82.0,79.0,84.0,18.3,57.7
1604452708,73.0,82.0,79.0,83.0,18.3,57.7
1604452709,73.0,81.0,79.0,83.0,18.3,57.7
1604452710,73.0,81.0,79.0,83.0,18.3,57.7
1604452711,73.0,80.0,80.0,83.0,18.3,57.7
1604452712,73.0,80.0,80.0,83.0,18.2,57.6
1604452713,73.0,80.0,80.0,83.0,18.2,57.6
1604452714,73.0,79.0,80.0,84.0,18.2,57.6
1604452715,72.0,79.0,80.0,84.0,18.2,57.6
1604452716,72.0,79.0,80.0,84.0,18.2,57.6
1604452717,72.0,78.0,80.0,85.0,18.2,57.6
1604452718,72.0,77.0,80.0,86.0,18.2,57.6
1604452719,71.88888888888889,77.0,80.0,86.0,18.2,57.6
1604452720,71.77777777777777,77.0,80.0,86.0,18.2,57.6
1604452721,71.66666666666667,77.0,80.0,86.0,18.2,57.6
1604452722,71.55555555555556,77.0,80.0,86.0,18.2,57.6
1604452723,71.44444444444444,77.0,80.0,86.0,18.2,57.6
1604452724,71.33333333333333,77.0,80.0,86.0,18.2,57.6
1604452725,71.22222222222223,77.0,80.0,86.0,18.2,57.6
1604452726,71.11111111111111,77.0,80.0,86.0,18.2,57.6
1604452727,71.0,77.0,80.0,86.0,18.2,57.6
1604452728,71.0,76.0,79.0,87.0,18.2,57.6
1604452729,71.0,76.0,79.0,87.0,18.2,57.6
1604452730,71.0,75.0,79.0,87.0,18.2,57.7
1604452731,70.0,75.0,78.0,87.0,18.2,57.7
1604452732,70.0,76.0,78.0,87.0,18.2,57.7
1604452733,70.0,76.0,78.0,87.0,18.2,57.7
1604452734,70.0,76.0,78.0,87.0,18.2,57.7
1604452735,70.0,76.0,78.0,86.0,18.2,57.8
1604452736,70.0,76.0,79.0,86.0,18.2,57.8
1604452737,70.0,77.0,79.0,86.0,18.2,57.8
1604452738,70.0,77.0,79.0,85.0,18.2,57.8
1604452739,70.0,77.0,79.0,84.0,18.2,57.8
1604452740,70.0,78.0,79.0,84.0,18.2,57.8
1604452741,70.0,78.0,79.0,83.0,18.2,57.8
1604452742,69.0,78.0,79.0,83.0,18.2,57.8
1604452743,69.0,78.0,79.0,82.0,18.2,57.8
1604452744,69.0,78.0,79.0,81.0,18.2,57.8
1604452745,69.0,78.0,79.0,81.0,18.2,57.8
1604452746,68.0,78.0,79.0,80.0,18.2,57.8
1604452747,68.0,78.0,79.0,80.0,18.2,57.8
1604452748,68.0,78.0,79.0,80.0,18.2,57.8
1604452749,67.0,78.0,80.0,80.0,18.2,57.8
1604452750,67.0,78.0,80.0,79.0,18.2,57.8
1604452751,67.0,78.0,80.0,79.0,18.2,57.8
1604452752,67.0,78.0,80.0,79.0,18.2,57.8
1604452753,67.0,77.0,80.0,79.0,18.2,57.8
1604452754,67.0,77.0,80.0,79.0,18.2,57.8
1604452755,67.0,76.0,80.0,80.0,18.2,57.8
1604452756,67.0,76.0,80.0,80.0,18.2,57.8
1604452757,68.0,75.0,80.0,81.0,18.2,57.8
1604452758,68.0,75.0,80.0,81.0,18.2,57.8
1604452759,69.0,75.0,80.0,82.0,18.2,57.8
1604452760,69.0,75.0,79.0,82.0,18.2,57.8
1604452761,70.0,75.0,79.0,83.0,18.2,57.8
1604452762,70.0,75.0,80.0,83.0,18.2,57.8
1604452763,71.0,75.0,80.0,83.0,18.2,57.8
1604452764,71.0,75.0,79.0,84.0,18.2,57.8
1604452765,70.0,75.0,79.0,84.0,18.2,57.9
1604452766,70.0,76.0,79.0,84.0,18.2,57.9
1604452767,70.0,76.0,79.0,84.0,18.2,57.9
1604452768,70.0,77.0,80.0,83.0,18.2,57.9
1604452769,70.0,77.0,80.0,83.0,18.2,57.9
1604452770,70.0,77.0,81.0,83.0,18.2,57.9
1604452771,70.0,77.0,81.0,83.0,18.2,57.9
1604452772,70.0,78.0,81.0,82.0,18.2,57.9
1604452773,69.0,79.0,81.0,82.0,18.2,57.9
1604452774,69.0,79.0,82.0,81.0,18.2,57.9
1604452775,70.0,79.0,83.0,81.0,18.2,57.9
1604452776,70.0,79.0,83.0,81.0,18.2,57.9
1604452777,70.0,80.0,83.0,80.0,18.2,57.9
1604452778,70.0,80.0,83.0,79.0,18.2,57.9
1604452779,70.0,80.0,83.0,79.0,18.2,57.9
1604452780,71.0,80.0,83.0,79.0,18.2,57.9
1604452781,71.0,80.0,83.0,79.0,18.2,57.9
1604452782,71.0,80.0,83.0,79.0,18.2,57.9
1604452783,72.0,79.0,83.0,79.0,18.2,57.9
1604452784,72.0,79.0,83.0,79.0,18.2,57.9
1604452785,72.0,79.0,83.0,79.0,18.2,57.8
1604452786,72.0,79.0,83.0,80.0,18.2,57.8
1604452787,72.0,79.0,83.0,80.0,18.2,57.8
1604452788,72.0,79.0,83.0,80.0,18.2,57.8
1604452789,72.0,79.0,83.0,80.0,18.2,57.8
1604452790,72.0,78.0,82.0,80.0,18.2,57.8
1604452791,72.0,78.0,82.0,81.0,18.2,57.8
1604452792,72.0,78.0,82.0,81.0,18.2,57.8
1604452793,72.0,78.0,82.0,82.0,18.2,57.8
1604452794,71.0,78.0,82.0,82.0,18.2,57.8
1604452795,71.0,78.0,82.0,83.0,18.2,57.8
1604452796,71.0,78.0,82.0,83.0,18.2,57.7
1604452797,71.0,78.0,82.0,84.0,18.2,57.7
1604452798,71.0,78.0,82.0,84.0,18.2,57.7
1604452799,71.0,78.0,82.0,84.0,18.2,57.7
1604452800,71.0,78.0,83.0,85.0,18.2,57.7
1604452801,71.0,78.0,83.0,85.0,18.2,57.7
1604452802,72.0,78.0,83.0,85.0,18.2,57.7
1604452803,72.0,77.0,83.0,85.0,18.2,57.7
1604452804,72.0,77.0,83.0,85.0,18.2,57.7
1604452805,72.0,77.0,83.0,85.0,18.2,57.7
1604452806,71.0,77.0,83.0,85.0,18.2,57.7
1604452807,71.0,77.0,83.0,85.0,18.2,57.7
1604452808,71.0,77.0,83.0,85.0,18.2,57.7
1604452809,71.0,76.0,83.0,84.0,18.2,57.7
1604452810,71.0,76.0,83.0,84.0,18.2,57.7
1604452811,71.0,76.0,84.0,84.0,18.2,57.7
1604452812,70.0,75.0,84.0,85.0,18.2,57.7
1604452813,70.0,75.0,84.0,85.0,18.2,57.7
1604452814,70.0,75.0,84.0,85.0,18.2,57.7
1604452815,70.0,75.0,84.0,85.0,18.2,57.7
1604452816,70.0,75.0,83.0,85.0,18.2,57.7
1604452817,70.0,75.0,83.0,85.0,18.2,57.7
1604452818,70.0,75.0,83.0,85.0,18.2,57.7
1604452819,70.0,76.0,83.0,85.0,18.2,57.7
1604452820,69.0,76.0,83.0,85.0,18.2,57.7
1604452821,69.0,77.0,82.0,84.0,18.2,57.7
1604452822,70.0,78.0,82.0,84.0,18.2,57.7
1604452823,70.0,78.0,82.0,83.0,18.2,57.7
1604452824,70.0,78.0,82.0,83.0,18.2,57.7
1604452825,70.0,79.0,82.0,83.0,18.2,57.7
1604452826,69.0,79.0,82.0,82.0,18.2,57.8
1604452827,69.0,79.0,82.0,83.0,18.2,57.8
1604452828,70.0,79.0,82.0,83.0,18.2,57.8
1604452829,70.0,79.0,82.0,83.0,18.2,57.8
1604452830,70.0,79.0,82.0,83.0,18.2,57.8
1604452831,70.0,78.0,82.0,84.0,18.2,57.8
1604452832,70.0,77.0,82.0,84.0,18.2,57.8
1604452833,69.0,77.0,82.0,84.0,18.2,57.8
1604452834,69.0,77.0,82.0,84.0,18.2,57.8
1604452835,69.0,77.0,81.0,84.0,18.2,57.8
1604452836,69.0,76.0,81.0,84.0,18.2,57.8
1604452837,69.0,77.0,81.0,84.0,18.2,57.8
1604452838,69.0,77.0,81.0,83.0,18.2,57.8
1604452839,68.0,77.0,81.0,83.0,18.2,57.8
1604452840,69.0,77.0,82.0,83.0,18.2,57.8
1604452841,69.0,77.0,82.0,82.0,18.2,57.8
1604452842,69.0,77.0,82.0,82.0,18.2,57.8
1604452843,69.0,78.0,82.0,82.0,18.2,57.8
1604452844,69.0,78.0,82.0,82.0,18.2,57.8
1604452845,69.0,78.0,82.0,82.0,18.2,57.8
1604452846,69.0,78.0,82.0,82.0,18.2,57.7
1604452847,69.0,78.0,82.0,82.0,18.2,57.7
1604452848,70.0,79.0,82.0,82.0,18.2,57.7
1604452849,70.0,79.0,81.0,83.0,18.2,57.7
1604452850,70.0,79.0,81.0,83.0,18.2,57.7
1604452851,71.0,79.0,81.0,83.0,18.3,57.9
1604452852,71.0,79.0,81.0,83.0,18.3,57.9
1604452853,71.0,79.0,80.0,83.0,18.3,57.9
1604452854,72.0,79.0,80.0,83.0,18.3,57.9
1604452855,72.0,79.0,80.0,83.0,18.3,57.9
1604452856,72.0,78.0,80.0,83.0,18.2,57.8
1604452857,72.0,78.0,80.0,83.0,18.2,57.8
1604452858,72.0,77.0,80.0,83.0,18.2,57.8
1604452859,71.0,77.0,80.0,83.0,18.2,57.8
1604452860,71.0,77.0,80.0,83.0,18.2,57.8
1604452861,71.0,77.0,79.0,82.0,18.2,57.8
1604452862,70.0,77.0,79.0,82.0,18.2,57.8
1604452863,70.0,76.0,79.0,82.0,18.2,57.8
1604452864,70.0,77.0,78.0,81.0,18.2,57.8
1604452865,70.0,77.0,78.0,81.0,18.2,57.8
1604452866,70.0,77.0,78.0,81.0,18.2,57.8
1604452867,70.0,77.0,78.0,81.0,18.2,57.8
1604452868,70.0,78.0,77.0,81.0,18.2,57.8
1604452869,70.0,79.0,77.0,81.0,18.2,57.8
1604452870,70.0,79.0,77.0,81.0,18.2,57.8
1604452871,70.0,79.0,77.0,82.0,18.2,57.8
1604452872,70.0,80.0,77.0,82.0,18.2,57.8
1604452873,69.0,80.0,77.0,82.0,18.2,57.8
1604452874,69.0,80.0,78.0,83.0,18.2,57.8
1604452875,68.0,80.0,78.0,83.0,18.2,57.8
1604452876,68.0,80.0,78.0,83.0,18.2,57.8
1604452877,67.0,80.0,79.0,83.0,18.2,57.8
1604452878,67.0,80.0,79.0,83.0,18.2,57.8
1604452879,67.0,80.0,79.0,83.0,18.2,57.8
1604452880,67.0,80.0,79.0,83.0,18.2,57.8
1604452881,67.0,80.0,79.0,84.0,18.2,57.7
1604452882,67.0,80.0,79.0,84.0,18.2,57.7
1604452883,67.0,80.0,80.0,84.0,18.2,57.7
1604452884,68.0,79.0,80.0,84.0,18.2,57.7
1604452885,68.0,78.0,80.0,84.0,18.2,57.7
1604452886,69.0,78.0,80.0,84.0,18.2,57.7
1604452887,69.0,78.0,80.0,85.0,18.2,57.7
1604452888,70.0,78.0,81.0,85.0,18.2,57.7
1604452889,70.0,78.0,82.0,85.0,18.2,57.7
1604452890,71.0,78.0,82.0,85.0,18.2,57.7
1604452891,71.0,78.0,82.0,86.0,18.2,57.7
1604452892,72.0,78.0,82.0,86.0,18.2,57.7
1604452893,72.0,78.0,81.0,86.0,18.2,57.7
1604452894,74.0,78.0,81.0,86.0,18.2,57.7
1604452895,74.0,79.0,81.0,86.0,18.2,57.7
1604452896,75.0,79.0,80.0,85.0,18.2,57.7
1604452897,75.0,79.0,80.0,85.0,18.2,57.7
1604452898,75.0,80.0,80.0,85.0,18.2,57.7
1604452899,76.0,80.0,79.0,85.0,18.2,57.7
1604452900,76.0,80.0,78.0,85.0,18.2,57.7
1604452901,76.0,80.0,78.0,85.0,18.2,57.7
1604452902,76.0,81.0,78.0,86.0,18.2,57.7
1604452903,75.0,81.0,78.0,86.0,18.2,57.7
1604452904,75.0,81.0,78.0,87.0,18.2,57.7
1604452905,74.0,81.0,79.0,87.0,18.2,57.7
1604452906,74.0,81.0,79.0,87.0,18.2,57.7
1604452907,74.0,80.0,79.0,87.0,18.2,57.7
1604452908,73.0,80.0,80.0,87.0,18.2,57.7
1604452909,73.0,79.0,81.0,87.0,18.2,57.7
1604452910,73.0,79.0,81.0,87.0,18.2,57.7
1604452911,72.0,79.0,81.0,86.0,18.3,57.7
1604452912,72.0,79.0,81.0,86.0,18.3,57.7
1604452913,72.0,79.0,82.0,85.0,18.3,57.7
1604452914,71.0,79.0,81.0,85.0,18.3,57.7
1604452915,71.0,79.0,81.0,84.0,18.3,57.7
1604452916,71.0,79.0,81.0,84.0,18.3,57.5
1604452917,70.0,79.0,80.0,84.0,18.3,57.5
1604452918,69.0,80.0,80.0,83.0,18.3,57.5
1604452919,69.0,80.0,79.0,83.0,18.3,57.5
1604452920,69.0,80.0,79.0,83.0,18.3,57.5
1604452921,68.0,80.0,79.0,83.0,18.2,57.4
1604452922,68.0,80.0,79.0,83.0,18.2,57.4
1604452923,68.0,80.0,79.0,84.0,18.2,57.4
1604452924,68.0,80.0,79.0,84.0,18.2,57.4
1604452925,69.0,80.0,79.0,84.0,18.2,57.4
1604452926,69.0,79.0,79.0,84.0,18.3,57.5
1604452927,69.0,79.0,79.0,85.0,18.3,57.5
1604452928,69.0,79.0,79.0,85.0,18.3,57.5
1604452929,69.0,79.0,80.0,85.0,18.3,57.5
1604452930,70.0,79.0,80.0,85.0,18.3,57.5
1604452931,70.44444444444444,79.0,80.0,85.0,18.3,57.48888888888889
1604452932,70.88888888888889,79.0,80.0,85.0,18.3,57.477777777777774
1604452933,71.33333333333333,79.0,80.0,85.0,18.3,57.46666666666667
1604452934,71.77777777777777,79.0,80.0,85.0,18.3,57.45555555555556
1604452935,72.22222222222223,79.0,80.0,85.0,18.3,57.44444444444444
1604452936,72.66666666666667,79.0,80.0,85.0,18.3,57.43333333333333
1604452937,73.11111111111111,79.0,80.0,85.0,18.3,57.422222222222224
1604452938,73.55555555555556,79.0,80.0,85.0,18.3,57.41111111111111
1604452939,74.0,79.0,80.0,85.0,18.3,57.4
1604452940,74.0,79.0,79.0,85.0,18.3,57.4
1604452941,74.0,78.0,79.0,85.0,18.3,57.4
1604452942,74.0,78.0,79.0,84.0,18.3,57.4
1604452943,74.0,77.0,79.0,84.0,18.3,57.4
1604452944,74.0,77.0,79.0,84.0,18.3,57.4
1604452945,74.0,77.0,79.0,84.0,18.3,57.4
1604452946,74.0,77.0,79.0,84.0,18.3,57.4
1604452947,74.0,77.0,79.0,84.0,18.3,57.4
1604452948,74.0,77.0,79.0,84.0,18.3,57.4
1604452949,73.0,78.0,78.0,84.0,18.3,57.3
1604452950,73.0,78.0,78.0,84.0,18.3,57.3
1604452951,72.0,78.0,78.0,84.0,18.3,57.3
1604452952,72.0,78.0,78.0,84.0,18.3,57.3
1604452953,71.0,79.0,78.0,84.0,18.3,57.3
1604452954,71.0,79.0,78.0,84.0,18.3,57.3
1604452955,70.0,79.0,78.0,84.0,18.3,57.3
1604452956,70.0,79.0,78.0,84.0,18.3,57.3
1604452957,69.0,78.0,78.0,83.0,18.3,57.3
1604452958,69.0,78.0,79.0,83.0,18.3,57.3
1604452959,69.0,79.0,79.0,83.0,18.3,57.3
1604452960,69.0,79.0,79.0,83.0,18.3,57.3
1604452961,68.0,79.0,79.0,83.0,18.3,57.3
1604452962,68.0,79.0,80.0,83.0,18.3,57.3
1604452963,68.0,79.0,80.0,83.0,18.3,57.3
1604452964,68.0,79.0,80.0,83.0,18.3,57.3
1604452965,68.0,80.0,80.0,84.0,18.3,57.3
1604452966,68.0,80.0,81.0,84.0,18.3,57.3
1604452967,68.0,80.0,81.0,84.0,18.3,57.3
1604452968,68.0,80.0,80.0,84.0,18.3,57.3
1604452969,68.0,80.0,80.0,84.0,18.3,57.3
1604452970,68.0,80.0,80.0,84.0,18.3,57.3
1604452971,69.0,81.0,80.0,84.0,18.3,57.3
1604452972,69.0,81.0,80.0,83.0,18.3,57.3
1604452973,69.0,81.0,80.0,83.0,18.3,57.3
1604452974,69.0,81.0,79.0,83.0,18.3,57.3
1604452975,69.0,81.0,79.0,83.0,18.3,57.3
1604452976,69.0,81.0,79.0,83.0,18.3,57.3
1604452977,69.0,81.0,79.0,82.0,18.3,57.3
1604452978,69.0,81.0,79.0,82.0,18.3,57.3
1604452979,68.0,81.0,79.0,82.0,18.3,57.3
1604452980,69.0,80.0,79.0,83.0,18.3,57.3
1604452981,69.0,80.0,79.0,83.0,18.3,57.3
1604452982,69.0,80.0,79.0,83.0,18.3,57.3
1604452983,69.0,79.0,79.0,83.0,18.3,57.3
1604452984,69.0,79.0,79.0,83.0,18.3,57.2
1604452985,69.0,78.0,80.0,83.0,18.3,57.2
1604452986,69.0,78.0,80.0,83.0,18.3,57.2
1604452987,69.0,78.0,80.0,84.0,18.3,57.2
1604452988,69.0,78.0,80.0,84.0,18.3,57.2
1604452989,69.0,78.0,81.0,84.0,18.3,57.3
1604452990,69.0,78.0,81.0,84.0,18.3,57.3
1604452991,69.0,77.0,81.0,84.0,18.3,57.3
1604452992,69.0,78.0,81.0,84.0,18.3,57.3
1604452993,69.0,78.0,81.0,84.0,18.3,57.3
1604452994,70.0,78.0,81.0,84.0,18.3,57.4
1604452995,70.0,78.0,81.0,84.0,18.3,57.4
1604452996,70.0,78.0,82.0,84.0,18.3,57.4
1604452997,70.0,78.0,82.0,83.0,18.3,57.4
1604452998,70.0,78.0,82.0,83.0,18.3,57.4
1604452999,70.0,78.0,82.0,83.0,18.3,57.4
1604453000,70.0,78.0,82.0,83.0,18.3,57.4
1604453001,70.0,78.0,82.0,83.0,18.3,57.4
1604453002,69.0,78.0,83.0,83.0,18.3,57.4
1604453003,69.0,78.0,83.0,82.0,18.3,57.4
1604453004,69.0,78.0,83.0,82.0,18.3,57.4
1604453005,69.0,78.0,83.0,82.0,18.3,57.4
1604453006,69.0,78.0,83.0,82.0,18.3,57.4
1604453007,68.0,78.0,82.0,83.0,18.3,57.4
1604453008,68.0,78.0,82.0,83.0,18.3,57.4
1604453009,68.0,78.0,82.0,83.0,18.3,57.5
1604453010,68.0,78.0,82.0,83.0,18.3,57.5
1604453011,69.0,78.0,81.0,83.0,18.3,57.5
1604453012,69.0,78.0,81.0,83.0,18.3,57.5
1604453013,70.0,78.0,81.0,82.0,18.3,57.5
1604453014,70.0,78.0,80.0,82.0,18.3,57.4
1604453015,70.0,78.0,80.0,82.0,18.3,57.4
1604453016,70.0,78.0,79.0,82.0,18.3,57.4
1604453017,71.0,78.0,79.0,82.0,18.3,57.4
1604453018,71.0,78.0,79.0,82.0,18.3,57.4
1604453019,71.0,78.0,79.0,82.0,18.3,57.5
1604453020,70.0,78.0,79.0,82.0,18.3,57.5
1604453021,70.0,78.0,79.0,82.0,18.3,57.5
1604453022,70.0,78.0,79.0,82.0,18.3,57.5
1604453023,69.0,77.0,79.0,83.0,18.3,57.5
1604453024,68.0,77.0,80.0,83.0,18.3,57.5
1604453025,68.0,77.0,80.0,83.0,18.3,57.5
1604453026,68.0,77.0,81.0,83.0,18.3,57.5
1604453027,67.0,77.0,81.0,83.0,18.3,57.5
1604453028,67.0,77.0,81.0,83.0,18.3,57.5
1604453029,67.0,77.0,82.0,83.0,18.3,57.5
1604453030,66.0,77.0,82.0,83.0,18.3,57.5
1604453031,66.0,77.0,82.0,83.0,18.3,57.5
1604453032,66.0,77.0,82.0,83.0,18.3,57.5
1604453033,66.0,77.0,82.0,83.0,18.3,57.5
1604453034,67.0,77.0,82.0,84.0,18.3,57.5
1604453035,67.0,76.0,82.0,84.0,18.3,57.5
1604453036,67.0,76.0,82.0,84.0,18.3,57.5
1604453037,67.0,76.0,82.0,84.0,18.3,57.5
1604453038,68.0,76.0,82.0,83.0,18.3,57.5
1604453039,68.0,76.0,82.0,83.0,18.3,57.5
1604453040,68.0,77.0,83.0,83.0,18.3,57.5
1604453041,68.0,77.0,83.0,83.0,18.3,57.5
1604453042,69.0,77.0,83.0,83.0,18.3,57.5
1604453043,69.0,77.0,83.0,83.0,18.3,57.5
1604453044,69.0,77.0,84.0,83.0,18.2,57.5
1604453045,69.0,77.0,84.0,83.0,18.2,57.5
1604453046,69.0,78.0,84.0,82.0,18.2,57.5
1604453047,69.0,78.0,84.0,82.0,18.2,57.5
1604453048,69.0,78.0,83.0,81.0,18.2,57.5
1604453049,69.0,78.0,83.0,81.0,18.3,57.5
1604453050,69.0,78.0,83.0,80.0,18.3,57.5
1604453051,69.0,77.0,83.0,80.0,18.3,57.5
1604453052,69.0,77.0,83.0,80.0,18.3,57.5
1604453053,69.0,77.0,83.0,80.0,18.3,57.5
1604453054,69.0,77.0,83.0,80.0,18.2,57.5
1604453055,69.0,77.0,83.0,80.0,18.2,57.5
1604453056,69.0,78.0,83.0,81.0,18.2,57.5
1604453057,70.0,78.0,84.0,81.0,18.2,57.5
1604453058,70.0,78.0,84.0,81.0,18.2,57.5
1604453059,70.0,78.0,84.0,81.0,18.2,57.4
1604453060,71.0,79.0,84.0,81.0,18.2,57.4
1604453061,71.0,79.0,84.0,81.0,18.2,57.4
1604453062,71.0,79.0,84.0,81.0,18.2,57.4
1604453063,71.0,80.0,84.0,81.0,18.2,57.4
1604453064,71.0,79.0,84.0,81.0,18.2,57.4
1604453065,72.0,79.0,83.0,81.0,18.2,57.4
1604453066,72.0,79.0,82.0,81.0,18.2,57.4
1604453067,72.0,79.0,82.0,81.0,18.2,57.4
1604453068,71.0,79.0,81.0,81.0,18.2,57.4
1604453069,71.0,79.0,81.0,81.0,18.2,57.5
1604453070,71.0,78.0,80.0,81.0,18.2,57.5
1604453071,71.0,78.0,80.0,82.0,18.2,57.5
1604453072,71.0,78.0,80.0,82.0,18.2,57.5
1604453073,70.0,78.0,80.0,82.0,18.2,57.5
1604453074,70.0,79.0,80.0,83.0,18.2,57.4
1604453075,70.0,79.0,80.0,83.0,18.2,57.4
1604453076,70.0,79.0,81.0,84.0,18.2,57.4
1604453077,70.0,79.0,81.0,84.0,18.2,57.4
1604453078,70.0,79.0,81.0,84.0,18.2,57.4
1604453079,70.0,78.0,82.0,84.0,18.2,57.4
1604453080,70.0,78.0,82.0,84.0,18.2,57.4
1604453081,70.0,78.0,82.0,84.0,18.2,57.4
1604453082,70.0,78.0,83.0,84.0,18.2,57.4
1604453083,69.0,77.0,83.0,83.0,18.2,57.4
1604453084,69.0,77.0,83.0,83.0,18.2,57.4
1604453085,69.0,76.0,83.0,82.0,18.2,57.4
1604453086,69.0,76.0,83.0,82.0,18.2,57.4
1604453087,69.0,76.0,83.0,81.0,18.2,57.4
1604453088,69.0,76.0,82.0,81.0,18.2,57.4
1604453089,69.0,76.0,82.0,81.0,18.2,57.4
1604453090,70.0,76.0,82.0,81.0,18.2,57.4
1604453091,70.0,76.0,82.0,81.0,18.2,57.4
1604453092,70.0,78.0,82.0,81.0,18.2,57.4
1604453093,71.0,78.0,82.0,81.0,18.2,57.4
1604453094,71.0,78.0,81.0,81.0,18.2,57.4
1604453095,71.0,79.0,81.0,81.0,18.2,57.4
1604453096,71.0,80.0,81.0,83.0,18.2,57.4
1604453097,71.0,80.0,81.0,83.0,18.2,57.4
1604453098,71.0,80.0,81.0,82.0,18.2,57.4
1604453099,71.0,81.0,81.0,82.0,18.2,57.4
1604453100,71.0,81.0,81.0,81.0,18.2,57.4
1604453101,70.0,81.0,81.0,81.0,18.2,57.4
1604453102,70.0,81.0,81.0,80.0,18.2,57.4
1604453103,70.0,81.0,82.0,80.0,18.2,57.4
1604453104,70.0,81.0,82.0,80.0,18.2,57.4
1604453105,70.0,81.0,82.0,80.0,18.2,57.4
1604453106,70.0,81.0,82.0,80.0,18.2,57.4
1604453107,69.0,80.0,83.0,81.0,18.2,57.4
1604453108,69.0,80.0,83.0,81.0,18.2,57.4
1604453109,69.0,79.0,83.0,82.0,18.2,57.4
1604453110,69.0,79.0,83.0,82.0,18.2,57.4
1604453111,69.0,78.0,83.0,82.0,18.2,57.4
1604453112,69.0,77.0,83.0,82.0,18.2,57.4
1604453113,69.0,77.0,83.0,82.0,18.2,57.4
1604453114,69.0,76.0,83.0,83.0,18.2,57.4
1604453115,69.0,75.0,83.0,83.0,18.2,57.4
1604453116,69.0,75.0,83.0,83.0,18.2,57.4
1604453117,69.0,75.0,83.0,82.0,18.2,57.4
1604453118,69.0,75.0,83.0,82.0,18.2,57.4
1604453119,70.0,75.0,82.0,82.0,18.2,57.4
1604453120,69.0,75.0,82.0,81.0,18.2,57.4
1604453121,69.0,76.0,82.0,81.0,18.2,57.4
1604453122,69.0,76.0,81.0,82.0,18.2,57.4
1604453123,69.0,77.0,81.0,82.0,18.2,57.4
1604453124,69.0,77.0,81.0,81.0,18.2,57.5
1604453125,69.0,77.0,80.0,81.0,18.2,57.5
1604453126,69.0,78.0,80.0,81.0,18.2,57.5
1604453127,69.0,79.0,80.0,81.0,18.2,57.5
1604453128,69.0,79.0,80.0,81.0,18.2,57.5
1604453129,69.0,79.0,79.0,81.0,18.2,57.5
1604453130,69.0,80.0,79.0,82.0,18.2,57.5
1604453131,69.0,80.0,80.0,82.0,18.2,57.5
1604453132,69.0,80.0,80.0,81.0,18.2,57.5
1604453133,69.0,80.0,81.0,82.0,18.2,57.5
1604453134,70.0,80.0,81.0,82.0,18.2,57.5
1604453135,70.0,80.0,82.0,82.0,18.2,57.5
1604453136,70.0,79.0,82.0,83.0,18.2,57.5
1604453137,70.0,79.0,83.0,83.0,18.2,57.5
1604453138,70.0,79.0,83.0,83.0,18.2,57.5
1604453139,70.0,78.0,84.0,83.0,18.2,57.5
1604453140,70.0,78.0,84.0,83.0,18.2,57.5
1604453141,70.0,77.0,84.0,83.0,18.2,57.5
1604453142,70.11111111111111,77.0,84.0,83.0,18.2,57.5
1604453143,70.22222222222223,77.0,84.0,83.0,18.2,57.5
1604453144,70.33333333333333,77.0,84.0,83.0,18.2,57.5
1604453145,70.44444444444444,77.0,84.0,83.0,18.2,57.5
1604453146,70.55555555555556,77.0,84.0,83.0,18.2,57.5
1604453147,70.66666666666667,77.0,84.0,83.0,18.2,57.5
1604453148,70.77777777777777,77.0,84.0,83.0,18.2,57.5
1604453149,70.88888888888889,77.0,84.0,83.0,18.2,57.5
1604453150,71.0,77.0,84.0,83.0,18.2,57.5
1604453151,71.0,76.0,84.0,83.0,18.2,57.5
1604453152,71.0,76.0,84.0,83.0,18.2,57.6
1604453153,71.0,76.0,83.0,82.0,18.2,57.6
1604453154,71.0,76.0,83.0,82.0,18.2,57.6
1604453155,71.0,76.0,82.0,81.0,18.2,57.6
1604453156,70.0,76.0,82.0,81.0,18.2,57.6
1604453157,70.0,76.0,82.0,81.0,18.1,57.6
1604453158,70.0,76.0,81.0,81.0,18.1,57.6
1604453159,70.0,76.0,81.0,81.0,18.1,57.6
1604453160,69.0,77.0,81.0,81.0,18.1,57.6
1604453161,69.0,77.0,82.0,81.0,18.1,57.6
1604453162,69.0,77.0,82.0,81.0,18.1,57.6
1604453163,69.0,78.0,83.0,82.0,18.1,57.6
1604453164,69.0,78.0,83.0,82.0,18.1,57.6
1604453165,69.0,78.0,84.0,82.0,18.1,57.6
1604453166,70.0,78.0,84.0,82.0,18.1,57.6
1604453167,70.0,78.0,84.0,82.0,18.1,57.6
1604453168,70.0,78.0,85.0,82.0,18.1,57.6
1604453169,70.0,78.0,86.0,82.0,18.1,57.6
1604453170,70.0,78.0,86.0,82.0,18.1,57.6
1604453171,70.0,77.0,86.0,82.0,18.1,57.6
1604453172,70.0,77.0,87.0,82.0,18.1,57.6
1604453173,70.0,77.0,87.0,82.0,18.1,57.6
1604453174,70.0,77.0,87.0,82.0,18.1,57.6
1604453175,70.0,76.0,88.0,82.0,18.1,57.6
1604453176,70.0,76.0,88.0,83.0,18.1,57.6
1604453177,70.0,76.0,88.0,83.0,18.1,57.6
1604453178,70.0,76.0,88.0,83.0,18.1,57.6
1604453179,69.0,75.0,88.0,83.0,18.1,57.6
1604453180,69.0,75.0,88.0,83.0,18.1,57.6
1604453181,69.0,75.0,87.0,82.0,18.1,57.6
1604453182,69.0,75.0,87.0,82.0,18.1,57.7
1604453183,69.0,76.0,86.0,82.0,18.1,57.7
1604453184,69.0,76.0,86.0,82.0,18.1,57.7
1604453185,69.0,76.0,85.0,82.0,18.1,57.7
1604453186,68.0,77.0,85.0,81.0,18.1,57.7
1604453187,68.0,77.0,85.0,81.0,18.0,57.7
1604453188,68.0,78.0,84.0,81.0,18.0,57.7
1604453189,67.0,78.0,84.0,81.0,18.0,57.7
1604453190,67.0,79.0,83.0,81.0,18.0,57.7
1604453191,67.0,79.0,83.0,82.0,18.0,57.7
1604453192,67.0,79.0,83.0,81.0,18.1,57.8
1604453193,67.0,79.0,83.0,81.0,18.1,57.8
1604453194,67.0,79.0,82.0,81.0,18.1,57.8
1604453195,67.0,79.0,82.0,81.0,18.1,57.8
1604453196,67.0,79.0,82.0,82.0,18.1,57.8
1604453197,67.0,78.0,82.0,82.0,18.1,57.9
1604453198,68.0,78.0,82.0,82.0,18.1,57.9
1604453199,68.0,78.0,81.0,82.0,18.1,57.9
1604453200,68.0,77.0,81.0,82.0,18.1,57.9
1604453201,68.0,77.0,82.0,82.0,18.1,57.9
1604453202,67.0,77.0,82.0,83.0,18.0,57.9
1604453203,67.0,77.0,82.0,83.0,18.0,57.9
1604453204,67.0,77.0,82.0,83.0,18.0,57.9
1604453205,66.0,77.0,82.0,83.0,18.0,57.9
1604453206,66.0,77.0,82.0,83.0,18.0,57.9
1604453207,65.0,77.0,82.0,83.0,18.1,58.0
1604453208,65.0,77.0,83.0,83.0,18.1,58.0
1604453209,66.0,77.0,83.0,83.0,18.1,58.0
1604453210,66.0,77.0,83.0,83.0,18.1,58.0
1604453211,67.0,76.0,83.0,83.0,18.1,58.0
1604453212,67.0,76.0,83.0,83.0,18.1,58.0
1604453213,68.0,76.0,83.0,83.0,18.1,58.0
1604453214,69.0,75.0,83.0,83.0,18.1,58.0
1604453215,69.0,75.0,83.0,83.0,18.1,58.0
1604453216,70.0,75.0,83.0,83.0,18.1,58.0
1604453217,70.0,75.0,83.0,83.0,18.0,58.0
1604453218,71.0,75.0,83.0,82.0,18.0,58.0
1604453219,71.0,75.0,83.0,82.0,18.0,58.0
1604453220,71.0,75.0,83.0,82.0,18.0,58.0
1604453221,71.0,75.0,83.0,82.0,18.0,58.0
1604453222,71.0,75.0,83.0,82.0,18.0,58.0
1604453223,70.0,75.0,83.0,82.0,18.0,58.0
1604453224,70.0,76.0,83.0,82.0,18.0,58.0
1604453225,70.0,76.0,84.0,82.0,18.0,58.0
1604453226,70.0,77.0,84.0,82.0,18.0,58.0
1604453227,70.0,77.0,84.0,82.0,18.0,58.0
1604453228,70.0,77.0,84.0,83.0,18.0,58.0
1604453229,69.0,78.0,84.0,83.0,18.0,58.0
1604453230,69.0,78.0,85.0,83.0,18.0,58.0
1604453231,69.0,78.0,85.0,83.0,18.0,58.0
1604453232,68.0,78.0,85.0,83.0,18.0,58.0
1604453233,68.0,78.0,85.0,83.0,18.0,58.0
1604453234,68.0,77.0,85.0,83.0,18.0,58.0
1604453235,68.0,77.0,85.0,83.0,18.0,58.0
1604453236,69.0,77.0,84.0,83.0,18.0,58.0
1604453237,69.0,76.0,84.0,83.0,18.0,58.1
1604453238,69.0,76.0,84.0,83.0,18.0,58.1
1604453239,70.0,76.0,84.0,83.0,18.0,58.1
1604453240,70.0,76.0,83.0,83.0,18.0,58.1
1604453241,70.0,76.0,83.0,83.0,18.0,58.1
1604453242,72.0,76.0,83.0,83.0,18.0,58.1
1604453243,72.0,77.0,83.0,82.0,18.0,58.1
1604453244,73.0,77.0,82.0,82.0,18.0,58.1
1604453245,73.0,77.0,82.0,82.0,18.0,58.1
1604453246,73.0,77.0,82.0,82.0,18.0,58.1
1604453247,72.0,77.0,81.0,81.0,18.0,58.2
1604453248,72.0,77.0,82.0,81.0,18.0,58.2
1604453249,72.0,77.0,82.0,81.0,18.0,58.2
1604453250,71.0,77.0,82.0,82.0,18.0,58.2
1604453251,71.0,78.0,81.0,82.0,18.0,58.2
1604453252,70.0,78.0,82.0,82.0,18.0,58.1
1604453253,70.0,78.0,82.0,83.0,18.0,58.1
1604453254,69.0,78.0,82.0,83.0,18.0,58.1
1604453255,69.0,78.0,82.0,83.0,18.0,58.1
1604453256,69.0,78.0,82.0,84.0,18.0,58.1
1604453257,69.0,79.0,82.0,85.0,18.0,58.2
1604453258,69.0,80.0,82.0,85.0,18.0,58.2
1604453259,69.0,80.0,82.0,85.0,18.0,58.2
1604453260,69.0,80.0,82.0,86.0,18.0,58.2
1604453261,69.0,80.0,82.0,86.0,18.0,58.2
1604453262,70.0,81.0,82.0,85.0,18.0,58.2
1604453263,70.0,81.0,82.0,85.0,18.0,58.2
1604453264,70.0,81.0,81.0,85.0,18.0,58.2
1604453265,70.0,81.0,81.0,85.0,18.0,58.2
1604453266,70.0,81.0,81.0,85.0,18.0,58.2
1604453267,70.0,81.0,81.0,85.0,17.9,58.3
1604453268,70.0,81.0,80.0,85.0,17.9,58.3
1604453269,69.0,81.0,80.0,85.0,17.9,58.3
1604453270,69.0,81.0,80.0,85.0,17.9,58.3
1604453271,69.0,81.0,79.0,85.0,17.9,58.3
1604453272,70.0,81.0,79.0,85.0,17.9,58.3
1604453273,70.0,80.0,79.0,85.0,17.9,58.3
1604453274,70.0,80.0,79.0,85.0,17.9,58.3
1604453275,70.0,80.0,79.0,85.0,17.9,58.3
1604453276,71.0,79.0,80.0,85.0,17.9,58.3
1604453277,71.0,79.0,80.0,85.0,17.9,58.3
1604453278,71.0,79.0,81.0,85.0,17.9,58.3
1604453279,72.0,79.0,81.0,85.0,17.9,58.3
1604453280,72.0,79.0,82.0,86.0,17.9,58.3
1604453281,72.0,79.0,82.0,86.0,17.9,58.3
1604453282,72.0,79.0,83.0,86.0,17.9,58.4
1604453283,72.0,79.0,83.0,86.0,17.9,58.4
1604453284,72.0,80.0,84.0,87.0,17.9,58.4
1604453285,72.0,79.0,84.0,87.0,17.9,58.4
1604453286,72.0,79.0,84.0,87.0,17.9,58.4
1604453287,72.0,79.0,85.0,87.0,17.9,58.5
1604453288,71.0,79.0,84.0,87.0,17.9,58.5
1604453289,71.0,79.0,84.0,87.0,17.9,58.5
1604453290,70.0,79.0,83.0,87.0,17.9,58.5
1604453291,70.0,78.0,83.0,86.0,17.9,58.5
1604453292,70.0,78.0,83.0,86.0,17.9,58.5
1604453293,69.0,78.0,83.0,86.0,17.9,58.5
1604453294,69.0,78.0,83.0,86.0,17.9,58.5
1604453295,69.0,79.0,83.0,85.0,17.9,58.5
1604453296,68.0,79.0,82.0,85.0,17.9,58.5
1604453297,68.0,79.0,82.0,85.0,17.9,58.5
1604453298,68.0,80.0,82.0,85.0,17.9,58.5
1604453299,68.0,81.0,82.0,85.0,17.9,58.5
1604453300,68.0,81.0,82.0,85.0,17.9,58.5
1604453301,68.0,82.0,82.0,85.0,17.9,58.5
1604453302,68.0,82.0,82.0,85.0,17.9,58.6
1604453303,68.0,82.0,82.0,85.0,17.9,58.6
1604453304,68.0,82.0,82.0,85.0,17.9,58.6
1604453305,68.0,82.0,82.0,85.0,17.9,58.6
1604453306,68.0,81.0,83.0,85.0,17.9,58.6
1604453307,68.0,81.0,83.0,85.0,17.9,58.6
1604453308,69.0,80.0,83.0,86.0,17.9,58.6
1604453309,69.0,80.0,83.0,86.0,17.9,58.6
1604453310,69.0,80.0,83.0,86.0,17.9,58.6
1604453311,69.0,79.0,83.0,87.0,17.9,58.6
1604453312,69.0,78.0,83.0,87.0,17.9,58.7
1604453313,69.0,77.0,83.0,87.0,17.9,58.7
1604453314,70.0,76.0,83.0,88.0,17.9,58.7
1604453315,70.0,76.0,83.0,88.0,17.9,58.7
1604453316,70.0,76.0,83.0,88.0,17.9,58.7
1604453317,70.0,75.0,83.0,88.0,17.9,58.6
1604453318,70.0,75.0,83.0,88.0,17.9,58.6
1604453319,70.0,75.0,83.0,87.0,17.9,58.6
1604453320,70.0,75.0,82.0,87.0,17.9,58.6
1604453321,70.0,75.0,82.0,87.0,17.9,58.6
1604453322,70.0,75.0,82.0,87.0,17.9,58.7
1604453323,70.0,75.0,82.0,87.0,17.9,58.7
1604453324,70.0,75.0,82.0,86.0,17.9,58.7
1604453325,70.0,76.0,82.0,86.0,17.9,58.7
1604453326,70.0,76.0,82.0,86.0,17.9,58.7
1604453327,70.0,76.0,82.0,86.0,17.9,58.8
1604453328,70.0,77.0,82.0,86.0,17.9,58.8
1604453329,70.0,77.0,83.0,86.0,17.9,58.8
1604453330,70.0,77.0,83.0,85.0,17.9,58.8
1604453331,70.0,77.0,83.0,85.0,17.9,58.8
1604453332,70.0,77.0,84.0,84.0,17.8,58.7
1604453333,70.0,77.0,84.0,84.0,17.8,58.7
1604453334,70.0,78.0,84.0,84.0,17.8,58.7
1604453335,71.0,78.0,84.0,84.0,17.8,58.7
1604453336,71.0,78.0,84.0,84.0,17.8,58.7
1604453337,71.0,78.0,83.0,84.0,17.9,58.7
1604453338,71.0,78.0,83.0,84.0,17.9,58.7
1604453339,71.0,79.0,83.0,84.0,17.9,58.7
1604453340,71.0,79.0,83.0,83.0,17.9,58.7
1604453341,71.0,79.0,82.0,83.0,17.9,58.7
1604453342,71.0,79.0,82.0,82.0,17.9,58.8
1604453343,71.0,80.0,81.0,82.0,17.9,58.8
1604453344,71.0,80.0,81.0,81.0,17.9,58.8
1604453345,71.0,80.0,80.0,80.0,17.9,58.8
1604453346,70.0,78.0,80.0,80.0,17.9,58.8
1604453347,69.0,78.0,79.0,79.0,17.9,58.8
1604453348,69.0,78.0,79.0,79.0,17.9,58.8
1604453349,68.0,78.0,78.0,79.0,17.9,58.8
1604453350,68.0,78.0,78.0,79.0,17.9,58.8
1604453351,68.0,78.0,83.0,79.0,17.9,58.8
1604453352,68.0,78.0,83.0,79.0,17.9,58.8
1604453353,67.0,77.0,83.0,79.0,17.9,58.8
1604453354,67.0,77.0,83.0,80.0,17.9,58.8
1604453355,68.0,77.0,83.0,81.0,17.9,58.8
1604453356,68.0,76.0,83.0,81.0,17.9,58.8
1604453357,68.11111111111111,76.0,82.88888888888889,81.11111111111111,17.88888888888889,58.8
1604453358,68.22222222222223,76.0,82.77777777777777,81.22222222222223,17.877777777777776,58.8
1604453359,68.33333333333333,76.0,82.66666666666667,81.33333333333333,17.866666666666667,58.8
1604453360,68.44444444444444,76.0,82.55555555555556,81.44444444444444,17.855555555555554,58.8
1604453361,68.55555555555556,76.0,82.44444444444444,81.55555555555556,17.844444444444445,58.8
1604453362,68.66666666666667,76.0,82.33333333333333,81.66666666666667,17.833333333333332,58.8
1604453363,68.77777777777777,76.0,82.22222222222223,81.77777777777777,17.822222222222223,58.8
1604453364,68.88888888888889,76.0,82.11111111111111,81.88888888888889,17.81111111111111,58.8
1604453365,69.0,76.0,82.0,82.0,17.8,58.8
1604453366,68.0,76.0,82.0,82.0,17.8,58.8
1604453367,68.0,76.0,81.0,83.0,17.8,58.8
1604453368,67.0,76.0,81.0,83.0,17.8,58.8
1604453369,67.0,76.0,81.0,84.0,17.8,58.8
1604453370,67.0,76.0,81.0,84.0,17.8,58.8
1604453371,67.0,76.0,80.0,85.0,17.8,58.8
1604453372,67.0,77.0,81.0,85.0,17.8,58.8
1604453373,67.0,77.0,81.0,86.0,17.8,58.8
1604453374,67.0,77.0,80.0,86.0,17.8,58.8
1604453375,67.0,77.0,80.0,86.0,17.8,58.8
1604453376,68.0,77.0,81.0,86.0,17.8,58.8
1604453377,69.0,77.0,81.0,87.0,17.8,58.8
1604453378,69.0,77.0,81.0,87.0,17.8,58.8
1604453379,70.0,77.0,81.0,87.0,17.8,58.8
1604453380,70.0,77.0,81.0,87.0,17.8,58.8
1604453381,70.0,76.0,80.0,86.0,17.8,58.8
1604453382,70.0,76.0,80.0,86.0,17.8,58.8
1604453383,70.0,76.0,80.0,85.0,17.8,58.8
1604453384,70.0,76.0,80.0,85.0,17.8,58.8
1604453385,70.0,76.0,80.0,85.0,17.8,58.8
1604453386,70.0,75.0,80.0,84.0,17.8,58.8
1604453387,70.0,75.0,80.0,84.0,17.8,58.8
1604453388,70.0,75.0,81.0,83.0,17.8,58.8
1604453389,70.0,75.0,81.0,83.0,17.8,58.8
1604453390,69.0,75.0,81.0,82.0,17.8,58.8
1604453391,69.0,75.0,82.0,82.0,17.8,58.8
1604453392,68.0,75.0,82.0,82.0,17.8,58.8
1604453393,68.0,75.0,83.0,82.0,17.8,58.8
1604453394,68.0,74.0,84.0,83.0,17.8,58.8
1604453395,68.0,74.0,84.0,83.0,17.8,58.8
1604453396,68.0,74.0,84.0,83.0,17.8,58.8
1604453397,68.0,74.0,84.0,84.0,17.8,58.8
1604453398,68.0,74.0,84.0,84.0,17.8,58.8
1604453399,68.0,74.0,84.0,85.0,17.8,58.8
1604453400,68.0,74.0,84.0,86.0,17.8,58.8
1604453401,68.0,74.0,84.0,86.0,17.8,58.8
1604453402,68.0,74.0,84.0,86.0,17.8,58.8
1604453403,68.0,74.0,84.0,87.0,17.8,58.8
1604453404,68.0,75.0,84.0,87.0,17.8,58.8
1604453405,68.0,75.0,84.0,88.0,17.8,58.8
1604453406,67.0,75.0,84.0,88.0,17.8,58.8
1604453407,67.0,75.0,84.0,88.0,17.8,58.8
1604453408,67.0,75.0,85.0,88.0,17.8,58.8
1604453409,67.0,76.0,85.0,87.0,17.8,58.8
1604453410,67.0,76.0,86.0,87.0,17.8,58.9
1604453411,68.0,76.0,86.0,87.0,17.8,58.9
1604453412,68.0,76.0,86.0,86.0,17.8,58.9
1604453413,69.0,76.0,86.0,85.0,17.8,58.9
1604453414,69.0,77.0,85.0,84.0,17.8,58.9
1604453415,69.0,77.0,85.0,84.0,17.8,58.9
1604453416,70.0,77.0,85.0,83.0,17.8,58.9
1604453417,70.0,77.0,85.0,83.0,17.8,58.9
1604453418,71.0,77.0,84.0,83.0,17.8,58.9
1604453419,71.0,77.0,84.0,83.0,17.8,58.9
1604453420,71.0,77.0,83.0,84.0,17.8,59.0
1604453421,70.0,77.0,83.0,84.0,17.8,59.0
1604453422,70.0,77.0,83.0,84.0,17.8,59.0
1604453423,70.0,78.0,83.0,84.0,17.8,59.0
1604453424,69.0,78.0,84.0,84.0,17.8,59.0
1604453425,69.0,78.0,84.0,85.0,17.7,58.9
1604453426,69.0,78.0,84.0,85.0,17.7,58.9
1604453427,68.0,78.0,85.0,85.0,17.7,58.9
1604453428,68.0,79.0,85.0,85.0,17.7,58.9
1604453429,68.0,78.0,86.0,85.0,17.7,58.9
1604453430,68.0,78.0,86.0,84.0,17.7,59.1
1604453431,68.0,78.0,86.0,84.0,17.7,59.1
1604453432,68.0,77.0,86.0,84.0,17.7,59.1
1604453433,67.0,77.0,86.0,84.0,17.7,59.1
1604453434,67.0,77.0,86.0,84.0,17.7,59.1
1604453435,67.0,77.0,86.0,84.0,17.7,59.1
1604453436,67.0,77.0,85.0,85.0,17.7,59.1
1604453437,67.0,77.0,85.0,85.0,17.7,59.1
1604453438,67.0,77.0,85.0,85.0,17.7,59.1
1604453439,67.0,77.0,84.0,85.0,17.7,59.1
1604453440,67.0,77.0,84.0,85.0,17.7,59.1
1604453441,67.0,77.0,84.0,85.0,17.7,59.1
1604453442,67.0,77.0,84.0,85.0,17.7,59.1
1604453443,67.0,77.0,85.0,84.0,17.7,59.1
1604453444,68.0,77.0,84.0,84.0,17.7,59.1
1604453445,68.0,78.0,84.0,84.0,17.7,59.1
1604453446,69.0,77.0,84.0,84.0,17.7,59.1
1604453447,69.0,77.0,85.0,84.0,17.7,59.1
1604453448,70.0,77.0,85.0,84.0,17.7,59.1
1604453449,70.0,76.0,85.0,84.0,17.7,59.1
1604453450,70.0,76.0,85.0,84.0,17.7,59.1
1604453451,70.0,76.0,85.0,84.0,17.7,59.1
1604453452,70.0,76.0,85.0,84.0,17.7,59.1
1604453453,69.0,76.0,85.0,84.0,17.7,59.1
1604453454,69.0,76.0,86.0,84.0,17.7,59.1
1604453455,69.0,75.0,86.0,85.0,17.7,59.2
1604453456,69.0,75.0,86.0,85.0,17.7,59.2
1604453457,69.0,75.0,86.0,85.0,17.7,59.2
1604453458,69.0,76.0,86.0,85.0,17.7,59.2
1604453459,69.0,76.0,86.0,85.0,17.7,59.2
1604453460,68.0,76.0,86.0,85.0,17.7,59.2
1604453461,68.0,77.0,86.0,85.0,17.7,59.2
1604453462,68.0,77.0,85.0,85.0,17.7,59.2
1604453463,68.0,77.0,85.0,85.0,17.7,59.2
1604453464,68.0,78.0,85.0,85.0,17.7,59.2
1604453465,68.0,78.0,85.0,85.0,17.7,59.2
1604453466,68.0,79.0,85.0,85.0,17.7,59.2
1604453467,68.0,79.0,85.0,85.0,17.7,59.2
1604453468,68.0,79.0,85.0,85.0,17.7,59.2
1604453469,68.0,80.0,86.0,85.0,17.7,59.2
1604453470,68.0,80.0,87.0,85.0,17.7,59.2
1604453471,68.0,80.0,88.0,85.0,17.7,59.2
1604453472,68.0,79.0,88.0,85.0,17.7,59.2
1604453473,68.0,79.0,89.0,85.0,17.7,59.2
1604453474,68.0,79.0,89.0,86.0,17.7,59.2
1604453475,69.0,79.0,90.0,86.0,17.7,59.3
1604453476,69.0,78.0,90.0,86.0,17.7,59.3
1604453477,69.0,78.0,90.0,85.5,17.7,59.3
1604453478,69.0,78.0,90.0,85.0,17.7,59.3
1604453479,69.0,77.0,90.0,85.0,17.7,59.3
1604453480,69.0,77.0,90.0,85.0,17.7,59.3
1604453481,69.0,77.0,89.0,85.0,17.7,59.3
1604453482,69.0,77.0,89.0,85.0,17.7,59.3
1604453483,69.0,76.0,89.0,85.0,17.7,59.3
1604453484,69.0,76.0,89.0,85.0,17.7,59.3
1604453485,69.0,76.0,88.0,85.0,17.7,59.3
1604453486,68.0,75.0,88.0,85.0,17.7,59.4
1604453487,68.0,75.0,87.0,85.0,17.7,59.4
1604453488,68.0,74.0,87.0,85.0,17.7,59.4
1604453489,68.0,74.0,87.0,85.0,17.7,59.4
1604453490,68.0,73.0,87.0,85.0,17.7,59.4
1604453491,68.0,73.0,86.0,85.0,17.7,59.4
1604453492,68.0,73.0,86.0,85.0,17.7,59.4
1604453493,68.0,72.0,86.0,85.0,17.7,59.4
1604453494,68.0,72.0,86.0,84.0,17.7,59.4
1604453495,68.0,72.0,86.0,84.0,17.7,59.4
1604453496,68.0,72.0,86.0,84.0,17.7,59.3
1604453497,69.0,72.0,86.0,83.0,17.7,59.3
1604453498,69.0,72.0,86.0,82.0,17.7,59.3
1604453499,69.0,72.0,86.0,82.0,17.7,59.3
1604453500,69.0,73.0,86.0,82.0,17.7,59.3
1604453501,69.0,73.0,86.0,82.0,17.7,59.4
1604453502,69.0,73.0,86.0,82.0,17.7,59.4
1604453503,69.0,74.0,86.0,82.0,17.7,59.4
1604453504,70.0,74.0,86.0,83.0,17.7,59.4
1604453505,70.0,74.0,86.0,83.0,17.7,59.4
1604453506,71.0,75.0,85.0,84.0,17.7,59.4
1604453507,72.0,76.0,85.0,84.0,17.7,59.4
1604453508,72.0,76.0,85.0,84.0,17.7,59.4
1604453509,73.0,76.0,85.0,84.0,17.7,59.4
1604453510,73.0,77.0,85.0,84.0,17.7,59.4
1604453511,74.0,77.0,85.0,84.0,17.7,59.4
1604453512,74.0,77.0,85.0,84.0,17.7,59.4
1604453513,74.0,78.0,86.0,84.0,17.7,59.4
1604453514,74.0,78.0,86.0,85.0,17.7,59.4
1604453515,74.0,78.0,86.0,85.0,17.7,59.4
1604453516,73.0,78.0,85.0,85.0,17.7,59.4
1604453517,73.0,78.0,85.0,85.0,17.7,59.4
1604453518,73.0,78.0,84.0,85.0,17.7,59.4
1604453519,73.0,78.0,84.0,85.0,17.7,59.4
1604453520,72.0,78.0,82.0,85.0,17.7,59.4
1604453521,71.0,78.0,81.0,85.0,17.7,59.5
1604453522,71.0,78.0,80.0,85.0,17.7,59.5
1604453523,70.0,78.0,79.0,85.0,17.7,59.5
1604453524,70.0,78.0,79.0,84.0,17.7,59.5
1604453525,69.0,78.0,78.0,84.0,17.7,59.5
1604453526,69.0,78.0,78.0,84.0,17.7,59.5
1604453527,69.0,78.0,78.0,84.0,17.7,59.5
1604453528,69.0,78.0,78.0,85.0,17.7,59.5
1604453529,69.0,78.0,79.0,85.0,17.7,59.5
1604453530,69.0,77.0,80.0,85.0,17.7,59.5
1604453531,69.0,77.0,80.0,85.0,17.7,59.5
1604453532,69.0,77.0,81.0,85.0,17.7,59.5
1604453533,70.0,76.0,81.0,85.0,17.7,59.5
1604453534,70.0,76.0,82.0,85.0,17.7,59.5
1604453535,70.0,76.0,83.0,85.0,17.7,59.5
1604453536,71.0,76.0,84.0,85.0,17.7,59.5
1604453537,71.0,75.0,84.0,84.0,17.7,59.5
1604453538,72.0,75.0,85.0,84.0,17.7,59.5
1604453539,72.0,75.0,85.0,83.0,17.7,59.5
1604453540,73.0,75.0,85.0,83.0,17.7,59.5
1604453541,73.0,75.0,85.0,83.0,17.6,59.4
1604453542,73.0,76.0,85.0,83.0,17.6,59.4
1604453543,73.0,76.0,84.0,83.0,17.6,59.4
1604453544,74.0,76.0,84.0,83.0,17.6,59.4
1604453545,74.0,76.0,84.0,84.0,17.6,59.4
1604453546,73.0,77.0,83.0,84.0,17.6,59.4
1604453547,73.0,78.0,83.0,85.0,17.6,59.4
1604453548,73.0,78.0,83.0,85.0,17.6,59.4
1604453549,73.0,78.0,83.0,85.0,17.6,59.4
1604453550,72.0,79.0,83.0,85.0,17.6,59.4
1604453551,72.0,79.0,83.0,85.0,17.7,59.5
1604453552,71.0,78.0,83.0,85.0,17.7,59.5
1604453553,71.0,78.0,83.0,85.0,17.7,59.5
1604453554,71.0,78.0,83.0,84.0,17.7,59.5
1604453555,71.0,77.0,84.0,84.0,17.7,59.5
1604453556,71.0,77.0,84.0,84.0,17.6,59.5
1604453557,71.0,77.0,84.0,83.0,17.6,59.5
1604453558,71.0,76.0,84.0,83.0,17.6,59.5
1604453559,71.0,76.0,84.0,83.0,17.6,59.5
1604453560,71.0,76.0,83.0,83.0,17.6,59.5
1604453561,71.0,76.0,84.0,83.0,17.6,59.5
1604453562,71.0,77.0,83.0,84.0,17.6,59.5
1604453563,71.0,77.0,83.0,84.0,17.6,59.5
1604453564,71.0,77.0,83.0,85.0,17.6,59.5
1604453565,71.0,77.0,83.0,85.0,17.6,59.5
1604453566,71.0,78.0,83.0,85.0,17.6,59.5
1604453567,71.0,78.0,83.0,85.0,17.6,59.5
1604453568,71.0,79.0,83.0,86.0,17.6,59.5
1604453569,70.0,79.0,83.0,86.0,17.6,59.5
1604453570,70.0,80.0,83.0,86.0,17.6,59.5
1604453571,70.0,79.0,82.0,86.0,17.6,59.5
1604453572,69.0,79.0,82.0,86.0,17.6,59.5
1604453573,69.0,79.0,82.0,86.0,17.6,59.5
1604453574,69.0,79.0,82.0,86.0,17.6,59.5
1604453575,68.0,79.0,82.0,86.0,17.6,59.5
1604453576,68.0,79.0,81.0,86.0,17.6,59.6
1604453577,68.11111111111111,79.0,81.0,86.0,17.6,59.6
1604453578,68.22222222222223,79.0,81.0,86.0,17.6,59.6
1604453579,68.33333333333333,79.0,81.0,86.0,17.6,59.6
1604453580,68.44444444444444,79.0,81.0,86.0,17.6,59.6
1604453581,68.55555555555556,79.0,81.0,86.0,17.6,59.6
1604453582,68.66666666666667,79.0,81.0,86.0,17.6,59.6
1604453583,68.77777777777777,79.0,81.0,86.0,17.6,59.6
1604453584,68.88888888888889,79.0,81.0,86.0,17.6,59.6
1604453585,69.0,79.0,81.0,86.0,17.6,59.6
1604453586,69.0,78.0,81.0,84.0,17.6,59.6
1604453587,69.0,77.0,81.0,84.0,17.6,59.6
1604453588,69.0,77.0,81.0,84.0,17.6,59.6
1604453589,69.0,77.0,81.0,84.0,17.5,59.6
1604453590,69.0,77.0,80.0,84.0,17.5,59.6
1604453591,70.0,76.0,80.0,85.0,17.5,59.6
1604453592,69.0,76.0,80.0,85.0,17.5,59.6
1604453593,69.0,76.0,80.0,85.0,17.5,59.6
1604453594,69.0,76.0,80.0,85.0,17.5,59.5
1604453595,69.0,76.0,80.0,85.0,17.5,59.5
1604453596,69.0,76.0,80.0,85.0,17.5,59.5
1604453597,69.0,76.0,80.0,85.0,17.5,59.5
1604453598,68.0,76.0,80.0,85.0,17.5,59.5
1604453599,68.0,76.0,79.0,85.0,17.5,59.5
1604453600,68.0,77.0,79.0,85.0,17.5,59.5
1604453601,68.0,77.0,80.0,85.0,17.5,59.5
1604453602,68.0,77.0,80.0,85.0,17.5,59.5
1604453603,69.0,77.0,80.0,85.0,17.5,59.5
1604453604,69.0,77.0,80.0,85.0,17.5,59.6
1604453605,70.0,77.0,81.0,85.0,17.5,59.6
1604453606,70.0,76.0,82.0,85.0,17.5,59.6
1604453607,70.0,76.0,83.0,85.0,17.5,59.6
1604453608,70.0,75.0,84.0,85.0,17.5,59.6
1604453609,71.0,75.0,85.0,85.0,17.6,59.7
1604453610,71.0,75.0,85.0,85.0,17.6,59.7
1604453611,71.0,75.0,86.0,85.0,17.6,59.7
1604453612,72.0,75.0,87.0,85.0,17.6,59.7
1604453613,72.0,75.0,87.0,86.0,17.6,59.7
1604453614,72.0,75.0,87.0,86.0,17.6,59.7
1604453615,72.0,75.0,87.0,86.0,17.6,59.7
1604453616,73.0,76.0,87.0,86.0,17.6,59.7
1604453617,73.0,76.0,85.0,87.0,17.6,59.7
1604453618,74.0,77.0,85.0,87.0,17.6,59.7
1604453619,73.0,77.0,86.0,87.0,17.5,59.6
1604453620,73.0,77.0,87.0,87.0,17.5,59.6
1604453621,73.0,77.0,87.0,87.0,17.5,59.6
1604453622,72.0,76.0,87.0,86.0,17.5,59.6
1604453623,72.0,76.0,87.0,86.0,17.5,59.6
1604453624,72.0,76.0,88.0,86.0,17.5,59.7
1604453625,71.0,76.0,88.0,86.0,17.5,59.7
1604453626,70.0,76.0,88.0,85.0,17.5,59.7
1604453627,70.0,75.0,87.0,85.0,17.5,59.7
1604453628,70.0,75.0,87.0,84.0,17.5,59.7
1604453629,69.0,74.0,87.0,84.0,17.6,59.8
1604453630,69.0,74.0,86.0,84.0,17.6,59.8
1604453631,69.0,74.0,86.0,85.0,17.6,59.8
1604453632,69.0,74.0,86.0,85.0,17.6,59.8
1604453633,69.0,74.0,86.0,85.0,17.6,59.8
1604453634,70.0,74.0,85.0,85.0,17.5,59.7
1604453635,70.0,74.0,85.0,85.0,17.5,59.7
1604453636,70.0,74.0,85.0,85.0,17.5,59.7
1604453637,70.0,74.0,85.0,85.0,17.5,59.7
1604453638,70.0,74.0,85.0,85.0,17.5,59.7
1604453639,70.0,74.0,86.0,85.0,17.5,59.8
1604453640,70.0,74.0,86.0,85.0,17.5,59.8
1604453641,70.0,74.0,87.0,85.0,17.5,59.8
1604453642,70.0,74.0,87.0,85.0,17.5,59.8
1604453643,71.0,74.0,87.0,84.0,17.5,59.8
1604453644,71.0,75.0,88.0,84.0,17.5,59.8
1604453645,71.0,75.0,88.0,84.0,17.5,59.8
1604453646,71.0,75.0,88.0,84.0,17.5,59.8
1604453647,71.0,76.0,88.0,84.0,17.5,59.8
1604453648,71.0,76.0,87.0,84.0,17.5,59.8
1604453649,71.0,76.0,87.0,83.0,17.5,59.8
1604453650,72.0,76.0,86.0,83.0,17.5,59.8
1604453651,72.0,76.0,86.0,83.0,17.5,59.8
1604453652,71.0,76.0,85.0,83.0,17.5,59.8
1604453653,71.0,76.0,84.0,84.0,17.5,59.8
1604453654,71.0,76.0,84.0,84.0,17.5,59.8
1604453655,72.0,76.0,83.0,84.0,17.5,59.8
1604453656,72.0,76.0,83.0,84.0,17.5,59.8
1604453657,72.0,75.0,83.0,84.0,17.5,59.8
1604453658,72.0,75.0,83.0,85.0,17.5,59.8
1604453659,72.0,75.0,84.0,85.0,17.5,59.8
1604453660,72.0,75.0,84.0,85.0,17.5,59.8
1604453661,72.0,75.0,84.0,85.0,17.5,59.8
1604453662,72.0,75.0,84.0,85.0,17.5,59.8
1604453663,72.0,74.0,84.0,85.0,17.5,59.8
1604453664,72.0,74.0,85.0,85.0,17.5,59.9
1604453665,72.0,74.0,85.0,85.0,17.5,59.9
1604453666,72.0,74.0,85.0,85.0,17.5,59.9
1604453667,71.0,74.0,85.0,85.0,17.5,59.9
1604453668,71.0,75.0,85.0,85.0,17.5,59.9
1604453669,70.0,74.0,84.0,85.0,17.6,60.0
1604453670,70.0,74.0,85.0,85.0,17.6,60.0
1604453671,70.0,74.0,85.0,85.0,17.6,60.0
1604453672,69.0,74.0,85.0,85.0,17.6,60.0
1604453673,69.0,74.0,86.0,85.0,17.6,60.0
1604453674,69.0,74.0,86.0,85.0,17.5,59.9
1604453675,69.0,75.0,86.0,84.0,17.5,59.9
1604453676,69.0,75.0,86.0,84.0,17.5,59.9
1604453677,69.0,75.0,86.0,84.0,17.5,59.9
1604453678,70.0,75.0,86.0,84.0,17.5,59.9
1604453679,70.0,76.0,86.0,84.0,17.6,60.0
1604453680,71.0,76.0,86.0,84.0,17.6,60.0
1604453681,71.0,77.0,86.0,85.0,17.6,60.0
1604453682,71.0,78.0,86.0,85.0,17.6,60.0
1604453683,72.0,78.0,86.0,86.0,17.6,60.0
1604453684,72.0,78.0,85.0,86.0,17.5,59.9
1604453685,72.0,78.0,85.0,86.0,17.5,59.9
1604453686,73.0,79.0,85.0,87.0,17.5,59.9
1604453687,73.0,79.0,85.0,87.0,17.5,59.9
1604453688,73.0,79.0,85.0,88.0,17.5,59.9
1604453689,72.0,79.0,84.0,88.0,17.6,60.0
1604453690,72.0,79.0,84.0,88.0,17.6,60.0
1604453691,72.0,78.0,84.0,89.0,17.6,60.0
1604453692,72.0,78.0,84.0,89.0,17.6,60.0
1604453693,72.0,78.0,84.0,88.0,17.6,60.0
1604453694,71.0,78.0,83.0,88.0,17.5,59.8
1604453695,71.0,78.0,83.0,88.0,17.5,59.8
1604453696,71.0,77.0,82.0,88.0,17.5,59.8
1604453697,71.0,77.0,82.0,88.0,17.5,59.8
1604453698,71.0,77.0,81.0,88.0,17.5,59.8
1604453699,71.0,77.0,81.0,87.0,17.5,59.9
1604453700,71.0,77.0,81.0,86.0,17.5,59.9
1604453701,71.0,77.0,81.0,86.0,17.5,59.9
1604453702,70.0,77.0,82.0,86.0,17.5,59.9
1604453703,71.0,77.0,82.0,86.0,17.5,59.9
1604453704,71.0,78.0,82.0,86.0,17.5,59.9
1604453705,71.0,78.0,83.0,85.0,17.5,59.9
1604453706,71.0,78.0,84.0,85.0,17.5,59.9
1604453707,71.0,78.0,84.0,85.0,17.5,59.9
1604453708,71.0,78.0,85.0,85.0,17.5,59.9
1604453709,71.0,78.0,86.0,85.0,17.5,59.9
1604453710,71.0,78.0,86.0,85.0,17.5,59.9
1604453711,71.0,78.0,86.0,85.0,17.5,59.9
1604453712,72.0,78.0,86.0,85.0,17.5,59.9
1604453713,71.0,78.0,86.0,85.0,17.5,59.9
1604453714,71.0,78.0,86.0,85.0,17.5,59.8
1604453715,71.0,78.0,86.0,84.0,17.5,59.8
1604453716,71.0,77.0,86.0,84.0,17.5,59.8
1604453717,71.0,77.0,86.0,84.0,17.5,59.8
1604453718,71.0,77.0,86.0,84.0,17.5,59.8
1604453719,71.0,77.0,86.0,84.0,17.6,59.9
1604453720,71.0,77.0,86.0,83.0,17.6,59.9
1604453721,71.0,77.0,86.0,83.0,17.6,59.9
1604453722,71.0,76.0,86.0,84.0,17.6,59.9
1604453723,71.0,76.0,86.0,84.0,17.6,59.9
1604453724,72.0,76.0,86.0,84.0,17.6,59.8
1604453725,72.0,76.0,85.0,84.0,17.6,59.8
1604453726,72.0,76.0,85.0,84.0,17.6,59.8
1604453727,72.0,76.0,84.0,85.0,17.6,59.8
1604453728,72.0,76.0,83.0,85.0,17.6,59.8
1604453729,72.0,76.0,83.0,85.0,17.6,59.8
1604453730,72.0,76.0,82.0,85.0,17.6,59.8
1604453731,73.0,75.0,82.0,85.0,17.6,59.8
1604453732,73.0,75.0,82.0,85.0,17.6,59.8
1604453733,73.0,75.0,82.0,85.0,17.6,59.8
1604453734,73.0,76.0,82.0,85.0,17.6,59.8
1604453735,73.0,76.0,82.0,85.0,17.6,59.8
1604453736,73.0,76.0,83.0,85.0,17.6,59.8
1604453737,72.0,76.0,83.0,84.0,17.6,59.8
1604453738,72.0,76.0,84.0,84.0,17.6,59.8
1604453739,71.0,76.0,84.0,83.0,17.6,59.8
1604453740,71.0,76.0,84.0,83.0,17.6,59.8
1604453741,70.0,76.0,84.0,83.0,17.6,59.8
1604453742,70.0,76.0,84.0,82.0,17.6,59.8
1604453743,69.0,76.0,84.0,82.0,17.6,59.8
1604453744,69.0,76.0,83.0,82.0,17.6,59.7
1604453745,68.0,76.0,82.0,82.0,17.6,59.7
1604453746,68.0,76.0,82.0,83.0,17.6,59.7
1604453747,68.0,76.0,81.0,83.0,17.6,59.7
1604453748,68.0,76.0,81.0,83.0,17.6,59.7
1604453749,68.0,77.0,80.0,83.0,17.6,59.7
1604453750,68.0,77.0,80.0,83.0,17.6,59.7
1604453751,69.0,77.0,80.0,83.0,17.6,59.7
1604453752,69.0,77.0,80.0,84.0,17.6,59.7
1604453753,69.0,78.0,80.0,84.0,17.6,59.7
1604453754,69.0,78.0,80.0,84.0,17.7,59.8
1604453755,68.0,78.0,81.0,84.0,17.7,59.8
1604453756,68.0,78.0,81.0,84.0,17.7,59.8
1604453757,68.0,78.0,81.0,84.0,17.7,59.8
1604453758,68.0,78.0,81.0,84.0,17.7,59.8
1604453759,68.0,79.0,81.0,85.0,17.7,59.7
1604453760,68.0,79.0,82.0,85.0,17.7,59.7
1604453761,68.0,79.0,82.0,85.0,17.7,59.7
1604453762,68.0,79.0,83.0,85.0,17.7,59.7
1604453763,69.0,79.0,83.0,85.0,17.7,59.7
1604453764,69.0,79.0,83.0,85.0,17.7,59.7
1604453765,69.0,79.0,83.0,85.0,17.7,59.7
1604453766,70.0,79.0,83.0,84.0,17.7,59.7
1604453767,70.0,79.0,84.0,84.0,17.7,59.7
1604453768,70.0,79.0,84.0,84.0,17.7,59.7
1604453769,70.0,79.0,84.0,84.0,17.7,59.7
1604453770,70.0,79.0,83.0,84.0,17.7,59.7
1604453771,70.0,78.0,83.0,85.0,17.7,59.7
1604453772,70.0,78.0,82.0,85.0,17.7,59.7
1604453773,71.0,78.0,82.0,84.0,17.7,59.7
1604453774,71.0,77.0,82.0,84.0,17.7,59.7
1604453775,71.0,77.0,81.0,84.0,17.7,59.7
1604453776,71.0,76.0,81.0,85.0,17.7,59.7
1604453777,71.0,76.0,81.0,85.0,17.7,59.7
1604453778,72.0,76.0,82.0,85.0,17.7,59.7
1604453779,72.0,75.0,83.0,85.0,17.7,59.7
1604453780,72.0,75.0,83.0,84.0,17.7,59.7
1604453781,72.0,75.0,84.0,84.0,17.7,59.7
1604453782,72.0,75.0,84.0,84.0,17.7,59.7
1604453783,72.0,75.0,84.0,84.0,17.7,59.7
1604453784,72.0,75.0,85.0,84.0,17.7,59.6
1604453785,72.0,75.0,85.0,83.0,17.7,59.6
1604453786,72.0,75.0,85.0,84.0,17.7,59.6
1604453787,72.0,76.0,85.0,84.0,17.7,59.6
1604453788,71.88888888888889,76.0,84.88888888888889,84.0,17.7,59.6
1604453789,71.77777777777777,76.0,84.77777777777777,84.0,17.7,59.6
1604453790,71.66666666666667,76.0,84.66666666666667,84.0,17.7,59.6
1604453791,71.55555555555556,76.0,84.55555555555556,84.0,17.7,59.6
1604453792,71.44444444444444,76.0,84.44444444444444,84.0,17.7,59.6
1604453793,71.33333333333333,76.0,84.33333333333333,84.0,17.7,59.6
1604453794,71.22222222222223,76.0,84.22222222222223,84.0,17.7,59.6
1604453795,71.11111111111111,76.0,84.11111111111111,84.0,17.7,59.6
1604453796,71.0,76.0,84.0,84.0,17.7,59.6
1604453797,71.0,76.0,84.0,84.0,17.7,59.6
1604453798,71.0,76.0,84.0,84.0,17.7,59.6
1604453799,71.0,76.0,84.0,85.0,17.7,59.6
1604453800,71.0,76.0,84.0,85.0,17.7,59.6
1604453801,71.0,76.0,83.0,85.0,17.7,59.6
1604453802,71.0,76.0,83.0,86.0,17.7,59.6
1604453803,71.0,76.0,83.0,86.0,17.7,59.6
1604453804,70.0,76.0,83.0,86.0,17.7,59.6
1604453805,70.0,75.0,83.0,85.0,17.7,59.6
1604453806,70.0,75.0,84.0,85.0,17.7,59.6
1604453807,70.0,75.0,84.0,85.0,17.7,59.6
1604453808,70.0,75.0,84.0,85.0,17.7,59.6
1604453809,70.0,75.0,84.0,85.0,17.7,59.6
1604453810,69.0,76.0,84.0,84.0,17.7,59.6
1604453811,69.0,76.0,84.0,84.0,17.7,59.6
1604453812,69.0,76.0,84.0,84.0,17.7,59.6
1604453813,70.0,76.0,84.0,84.0,17.7,59.6
1604453814,70.0,76.0,84.0,84.0,17.7,59.6
1604453815,70.0,76.0,84.0,84.0,17.7,59.6
1604453816,71.0,76.0,84.0,84.0,17.7,59.6
1604453817,71.0,77.0,84.0,84.0,17.7,59.6
1604453818,71.0,76.0,83.0,84.0,17.7,59.6
1604453819,72.0,76.0,83.0,84.0,17.7,59.6
1604453820,72.0,76.0,83.0,84.0,17.7,59.6
1604453821,72.0,76.0,83.0,84.0,17.7,59.6
1604453822,72.0,76.0,83.0,84.0,17.7,59.6
1604453823,73.0,76.0,82.0,85.0,17.7,59.6
1604453824,73.0,76.0,82.0,85.0,17.7,59.6
1604453825,73.0,76.0,82.0,85.0,17.7,59.6
1604453826,73.0,76.0,82.0,85.0,17.7,59.6
1604453827,72.0,76.0,82.0,85.0,17.7,59.5
1604453828,72.0,77.0,82.0,86.0,17.7,59.5
1604453829,72.0,77.0,83.0,86.0,17.7,59.5
1604453830,72.0,77.0,83.0,86.0,17.7,59.5
1604453831,71.0,78.0,83.0,86.0,17.7,59.5
1604453832,71.0,78.0,84.0,85.0,17.8,59.6
1604453833,70.0,78.0,84.0,84.0,17.8,59.6
1604453834,70.0,78.0,85.0,84.0,17.8,59.6
1604453835,70.0,78.0,85.0,84.0,17.8,59.6
1604453836,69.0,78.0,86.0,84.0,17.8,59.6
1604453837,69.0,78.0,86.0,84.0,17.8,59.7
1604453838,70.0,78.0,86.0,84.0,17.8,59.7
1604453839,70.0,77.0,86.0,85.0,17.8,59.7
1604453840,70.0,77.0,87.0,85.0,17.8,59.7
1604453841,70.0,77.0,87.0,85.0,17.8,59.7
1604453842,70.0,77.0,87.0,86.0,17.7,59.6
1604453843,70.0,76.0,87.0,86.0,17.7,59.6
1604453844,70.0,76.0,87.0,86.0,17.7,59.6
1604453845,70.0,76.0,87.0,86.0,17.7,59.6
1604453846,70.0,76.0,87.0,85.0,17.7,59.6
1604453847,70.0,76.0,87.0,85.0,17.8,59.6
1604453848,70.0,76.0,88.0,85.0,17.8,59.6
1604453849,70.0,77.0,88.0,84.0,17.8,59.6
1604453850,70.0,77.0,88.0,83.0,17.8,59.6
1604453851,71.0,77.0,87.0,83.0,17.8,59.6
1604453852,71.0,78.0,87.0,82.0,17.8,59.6
1604453853,71.0,78.0,87.0,82.0,17.8,59.6
1604453854,71.0,78.0,86.0,82.0,17.8,59.6
1604453855,72.0,79.0,86.0,82.0,17.8,59.6
1604453856,72.0,80.0,85.0,82.0,17.8,59.6
1604453857,72.0,80.0,84.0,83.0,17.8,59.6
1604453858,72.0,80.0,84.0,83.0,17.8,59.6
1604453859,72.0,80.0,84.0,83.0,17.8,59.6
1604453860,72.0,80.0,83.0,84.0,17.8,59.6
1604453861,72.0,80.0,83.0,84.0,17.8,59.6
1604453862,72.0,80.0,84.0,84.0,17.8,59.6
1604453863,72.0,80.0,84.0,85.0,17.8,59.6
1604453864,72.0,80.0,84.0,85.0,17.8,59.6
1604453865,72.0,79.0,85.0,85.0,17.8,59.6
1604453866,72.0,79.0,88.0,85.0,17.8,59.6
1604453867,71.0,79.0,88.0,84.0,17.8,59.6
1604453868,71.0,78.0,87.0,84.0,17.8,59.6
1604453869,71.0,78.0,87.0,84.0,17.8,59.6
1604453870,71.0,78.0,87.0,84.0,17.8,59.6
1604453871,71.0,77.0,86.0,84.0,17.8,59.6
1604453872,71.0,77.0,86.0,84.0,17.8,59.6
1604453873,70.0,77.0,86.0,84.0,17.8,59.6
1604453874,70.0,77.0,85.0,84.0,17.8,59.6
1604453875,69.0,77.0,84.0,84.0,17.8,59.6
1604453876,69.0,77.0,84.0,84.0,17.8,59.6
1604453877,68.0,77.0,83.0,84.0,17.8,59.6
1604453878,68.0,77.0,83.0,84.0,17.8,59.6
1604453879,68.0,77.0,83.0,84.0,17.8,59.6
1604453880,67.0,78.0,83.0,84.0,17.8,59.6
1604453881,67.0,78.0,83.0,85.0,17.8,59.6
1604453882,67.0,79.0,83.0,86.0,17.8,59.6
1604453883,67.0,79.0,83.0,86.0,17.8,59.6
1604453884,67.0,80.0,83.0,86.0,17.8,59.6
1604453885,68.0,80.0,83.0,86.0,17.8,59.6
1604453886,68.0,80.0,84.0,87.0,17.8,59.6
1604453887,68.0,80.0,85.0,87.0,17.8,59.5
1604453888,69.0,80.0,85.0,87.0,17.8,59.5
1604453889,69.0,80.0,85.0,87.0,17.8,59.5
1604453890,70.0,80.0,85.0,87.0,17.8,59.5
1604453891,70.0,80.0,86.0,87.0,17.8,59.5
1604453892,70.0,80.0,86.0,86.0,17.8,59.4
1604453893,70.0,80.0,87.0,87.0,17.8,59.4
1604453894,70.0,80.0,86.0,86.0,17.8,59.4
1604453895,71.0,80.0,86.0,86.0,17.8,59.4
1604453896,71.0,80.0,86.0,86.0,17.8,59.4
1604453897,71.0,80.0,85.0,86.0,17.8,59.5
1604453898,71.0,80.0,85.0,86.0,17.8,59.5
1604453899,70.0,80.0,84.0,85.0,17.8,59.5
1604453900,70.0,81.0,84.0,85.0,17.8,59.5
1604453901,70.0,81.0,83.0,85.0,17.8,59.5
1604453902,70.0,81.0,82.0,85.0,17.8,59.6
1604453903,70.0,81.0,82.0,85.0,17.8,59.6
1604453904,70.0,80.0,81.0,85.0,17.8,59.6
1604453905,70.0,79.0,81.0,85.0,17.8,59.6
1604453906,70.0,79.0,81.0,86.0,17.8,59.6
1604453907,70.0,77.0,81.0,86.0,17.9,59.6
1604453908,70.0,77.0,81.0,87.0,17.9,59.6
1604453909,70.0,76.0,82.0,87.0,17.9,59.6
1604453910,70.0,75.0,82.0,87.0,17.9,59.6
1604453911,70.0,74.0,83.0,87.0,17.9,59.6
1604453912,70.0,74.0,83.0,88.0,17.8,59.4
1604453913,70.0,73.0,85.0,88.0,17.8,59.4
1604453914,70.0,73.0,86.0,88.0,17.8,59.4
1604453915,70.0,73.0,86.0,88.0,17.8,59.4
1604453916,70.0,74.0,87.0,87.0,17.8,59.4
1604453917,70.0,74.0,88.0,87.0,17.8,59.4
1604453918,69.0,75.0,88.0,87.0,17.8,59.4
1604453919,69.0,75.0,88.0,86.0,17.8,59.4
1604453920,69.0,75.0,88.0,86.0,17.8,59.4
1604453921,69.0,75.0,87.0,86.0,17.8,59.4
1604453922,69.0,75.0,87.0,86.0,17.8,59.4
1604453923,69.0,75.0,87.0,86.0,17.8,59.4
1604453924,69.0,75.0,86.0,86.0,17.8,59.4
1604453925,69.0,75.0,84.0,86.0,17.8,59.4
1604453926,69.0,75.0,83.0,86.0,17.8,59.4
1604453927,69.0,75.0,83.0,86.0,17.9,59.4
1604453928,69.0,75.0,82.0,86.0,17.9,59.4
1604453929,70.0,75.0,82.0,86.0,17.9,59.4
1604453930,71.0,75.0,82.0,86.0,17.9,59.4
1604453931,71.0,75.0,81.0,86.0,17.9,59.4
1604453932,71.0,76.0,82.0,86.0,17.9,59.4
1604453933,72.0,76.0,82.0,86.0,17.9,59.4
1604453934,72.0,77.0,82.0,86.0,17.9,59.4
1604453935,73.0,77.0,82.0,86.0,17.9,59.4
1604453936,73.0,77.0,82.0,87.0,17.9,59.4
1604453937,73.0,78.0,82.0,87.0,17.8,59.3
1604453938,72.0,78.0,82.0,87.0,17.8,59.3
1604453939,72.0,78.0,82.0,87.0,17.8,59.3
1604453940,72.0,78.0,83.0,87.0,17.8,59.3
1604453941,71.0,78.0,83.0,87.0,17.8,59.3
1604453942,71.0,78.0,83.0,87.0,17.8,59.2
1604453943,70.0,78.0,83.0,86.0,17.8,59.2
1604453944,70.0,77.0,83.0,86.0,17.8,59.2
1604453945,70.0,77.0,83.0,86.0,17.8,59.2
1604453946,70.0,78.0,83.0,86.0,17.8,59.2
1604453947,70.0,78.0,83.0,86.0,17.9,59.3
1604453948,70.0,78.0,83.0,85.0,17.9,59.3
1604453949,70.0,77.0,83.0,85.0,17.9,59.3
1604453950,71.0,77.0,83.0,85.0,17.9,59.3
1604453951,71.0,77.0,83.0,85.0,17.9,59.3
1604453952,71.0,78.0,84.0,85.0,17.9,59.2
1604453953,71.0,78.0,84.0,85.0,17.9,59.2
1604453954,71.0,78.0,85.0,85.0,17.9,59.2
1604453955,71.0,79.0,86.0,85.0,17.9,59.2
1604453956,71.0,79.0,87.0,85.0,17.9,59.2
1604453957,71.0,79.0,88.0,85.0,17.9,59.2
1604453958,71.0,79.0,89.0,85.0,17.9,59.2
1604453959,71.0,79.0,90.0,85.0,17.9,59.2
1604453960,72.0,80.0,90.0,85.0,17.9,59.2
1604453961,72.0,80.0,91.0,86.0,17.9,59.2
1604453962,72.0,80.0,90.0,86.0,17.8,59.1
1604453963,73.0,80.0,90.0,87.0,17.8,59.1
1604453964,73.0,79.0,90.0,87.0,17.8,59.1
1604453965,74.0,79.0,89.0,87.0,17.8,59.1
1604453966,74.0,79.0,88.0,88.0,17.8,59.1
1604453967,75.0,79.0,87.0,89.0,17.9,59.2
1604453968,75.0,78.0,86.0,89.0,17.9,59.2
1604453969,75.0,78.0,85.0,90.0,17.9,59.2
1604453970,75.0,78.0,84.0,90.0,17.9,59.2
1604453971,75.0,77.0,84.0,90.0,17.9,59.2
1604453972,75.0,77.0,83.0,90.0,17.9,59.1
1604453973,74.0,77.0,83.0,90.0,17.9,59.1
1604453974,74.0,77.0,83.0,90.0,17.9,59.1
1604453975,73.0,77.0,82.0,90.0,17.9,59.1
1604453976,73.0,78.0,82.0,89.0,17.9,59.1
1604453977,72.0,77.0,82.0,89.0,17.9,59.0
1604453978,72.0,77.0,83.0,88.0,17.9,59.0
1604453979,71.0,77.0,83.0,88.0,17.9,59.0
1604453980,70.0,78.0,83.0,87.0,17.9,59.0
1604453981,70.0,78.0,84.0,87.0,17.9,59.0
1604453982,69.0,78.0,84.0,87.0,17.9,58.9
1604453983,69.0,78.0,85.0,87.0,17.9,58.9
1604453984,69.0,78.0,85.0,87.0,17.9,58.9
1604453985,68.0,78.0,85.0,87.0,17.9,58.9
1604453986,68.0,78.0,86.0,87.0,17.9,58.9
1604453987,67.0,78.0,86.0,88.0,17.9,58.9
1604453988,67.0,79.0,86.0,88.0,17.9,58.9
1604453989,67.0,79.0,86.0,88.0,17.9,58.9
1604453990,67.0,78.0,86.0,89.0,17.9,58.9
1604453991,67.0,78.0,86.0,89.0,17.9,58.9
1604453992,67.0,78.0,86.0,89.0,17.9,58.9
1604453993,67.22222222222223,78.0,86.0,89.0,17.9,58.9
1604453994,67.44444444444444,78.0,86.0,89.0,17.9,58.9
1604453995,67.66666666666667,78.0,86.0,89.0,17.9,58.9
1604453996,67.88888888888889,78.0,86.0,89.0,17.9,58.9
1604453997,68.11111111111111,78.0,86.0,89.0,17.9,58.9
1604453998,68.33333333333333,78.0,86.0,89.0,17.9,58.9
1604453999,68.55555555555556,78.0,86.0,89.0,17.9,58.9
1604454000,68.77777777777777,78.0,86.0,89.0,17.9,58.9
1604454001,69.0,78.0,86.0,89.0,17.9,58.9
1604454002,70.0,78.0,86.0,89.0,17.9,58.9
1604454003,70.0,78.0,86.0,89.0,17.9,58.9
1604454004,70.0,78.0,85.0,89.0,17.9,58.9
1604454005,71.0,77.0,85.0,89.0,17.9,58.8
1604454006,71.0,77.0,85.0,89.0,17.9,58.8
1604454007,71.0,77.0,85.0,89.0,17.9,58.8
1604454008,71.0,77.0,84.0,88.0,17.9,58.8
1604454009,71.0,77.0,83.0,88.0,17.9,58.8
1604454010,71.0,77.0,82.0,88.0,17.9,58.7
1604454011,71.0,78.0,82.0,88.0,17.9,58.7
1604454012,71.0,78.0,81.0,87.0,17.9,58.7
1604454013,70.0,78.0,81.0,87.0,17.9,58.7
1604454014,70.0,78.0,80.0,87.0,17.9,58.7
1604454015,71.0,79.0,80.0,87.0,17.9,58.8
1604454016,71.0,79.0,80.0,87.0,17.9,58.8
1604454017,71.0,79.0,80.0,87.0,17.9,58.8
1604454018,71.0,79.0,81.0,87.0,17.9,58.8
1604454019,71.0,79.0,82.0,87.0,17.9,58.8
1604454020,71.0,79.0,83.0,87.0,17.9,58.8
1604454021,71.0,79.0,83.0,87.0,17.9,58.8
1604454022,71.0,78.0,84.0,87.0,17.9,58.8
1604454023,71.0,78.0,84.0,87.0,17.9,58.8
1604454024,71.0,77.0,85.0,87.0,17.9,58.8
1604454025,71.0,77.0,85.0,87.0,17.9,58.8
1604454026,71.0,76.0,86.0,87.0,17.9,58.8
1604454027,70.0,76.0,86.0,87.0,17.9,58.8
1604454028,70.0,76.0,86.0,87.0,17.9,58.8
1604454029,70.0,76.0,86.0,87.0,17.9,58.8
1604454030,70.0,76.0,86.0,87.0,17.9,58.8
1604454031,70.0,76.0,86.0,87.0,17.9,58.8
1604454032,70.0,76.0,86.0,87.0,17.9,58.8
1604454033,70.0,76.0,86.0,87.0,17.9,58.8
1604454034,70.0,77.0,86.0,88.0,17.9,58.8
1604454035,71.0,77.0,85.0,88.0,17.8,58.5
1604454036,71.0,77.0,85.0,88.0,17.8,58.5
1604454037,72.0,77.0,85.0,89.0,17.8,58.5
1604454038,72.0,77.0,85.0,89.0,17.8,58.5
1604454039,72.0,77.0,85.0,89.0,17.8,58.5
1604454040,72.0,77.0,86.0,90.0,17.9,58.7
1604454041,72.0,77.0,85.0,90.0,17.9,58.7
1604454042,72.0,78.0,85.0,90.0,17.9,58.7
1604454043,72.0,78.0,85.0,90.0,17.9,58.7
1604454044,72.0,78.0,85.0,90.0,17.9,58.7
1604454045,72.0,78.0,85.0,90.0,17.9,58.7
1604454046,72.0,78.0,86.0,90.0,17.9,58.7
1604454047,71.0,79.0,86.0,91.0,17.9,58.7
1604454048,71.0,79.0,86.0,91.0,17.9,58.7
1604454049,71.0,80.0,86.0,91.0,17.9,58.7
1604454050,70.0,78.0,85.0,91.0,17.8,58.5
1604454051,69.0,78.0,85.0,91.0,17.8,58.5
1604454052,69.0,79.0,85.0,90.0,17.8,58.5
1604454053,69.0,79.0,85.0,90.0,17.8,58.5
1604454054,68.0,80.0,85.0,90.0,17.8,58.5
1604454055,68.0,80.0,85.0,90.0,17.9,58.6
1604454056,68.0,81.0,84.0,90.0,17.9,58.6
1604454057,68.0,81.0,84.0,90.0,17.9,58.6
1604454058,68.0,81.0,83.0,89.0,17.9,58.6
1604454059,68.0,81.0,84.0,89.0,17.9,58.6
1604454060,68.0,81.0,84.0,89.0,17.8,58.6
1604454061,69.0,81.0,84.0,89.0,17.8,58.6
1604454062,69.0,81.0,84.0,89.0,17.8,58.6
1604454063,70.0,81.0,84.0,89.0,17.8,58.6
1604454064,70.0,80.0,84.0,90.0,17.8,58.6
1604454065,71.0,80.0,84.0,90.0,17.8,58.7
1604454066,71.0,79.0,85.0,90.0,17.8,58.7
1604454067,71.0,79.0,85.0,90.0,17.8,58.7
1604454068,71.0,79.0,86.0,89.0,17.8,58.7
1604454069,71.0,78.0,87.0,89.0,17.8,58.7
1604454070,72.0,78.0,87.0,88.0,17.8,58.6
1604454071,72.0,78.0,87.0,88.0,17.8,58.6
1604454072,72.0,78.0,88.0,88.0,17.8,58.6
1604454073,73.0,78.0,89.0,89.0,17.8,58.6
1604454074,73.0,78.0,89.0,89.0,17.8,58.6
1604454075,73.0,78.0,90.0,89.0,17.8,58.7
1604454076,73.0,78.0,90.0,89.0,17.8,58.7
1604454077,73.0,78.0,90.0,90.0,17.8,58.7
1604454078,73.0,78.0,90.0,90.0,17.8,58.7
1604454079,73.0,78.0,89.0,90.0,17.8,58.7
1604454080,73.0,78.0,89.0,90.0,17.8,58.7
1604454081,73.0,78.0,89.0,90.0,17.8,58.7
1604454082,73.0,78.0,89.0,90.0,17.8,58.7
1604454083,73.0,78.0,88.0,90.0,17.8,58.7
1604454084,73.0,78.0,88.0,89.0,17.8,58.7
1604454085,73.0,78.0,87.0,89.0,17.8,58.7
1604454086,72.0,78.0,87.0,88.0,17.8,58.7
1604454087,72.0,78.0,87.0,88.0,17.8,58.7
1604454088,72.0,79.0,87.0,87.0,17.8,58.7
1604454089,71.0,79.0,87.0,86.0,17.8,58.7
1604454090,71.0,79.0,88.0,86.0,17.8,58.8
1604454091,70.0,79.0,88.0,85.0,17.8,58.8
1604454092,70.0,79.0,88.0,85.0,17.8,58.8
1604454093,70.0,79.0,88.0,85.0,17.8,58.8
1604454094,69.0,80.0,87.0,84.0,17.8,58.8
1604454095,69.0,80.0,88.0,84.0,17.8,59.0
1604454096,69.0,79.0,87.0,85.0,17.8,59.0
1604454097,69.0,79.0,87.0,85.0,17.8,59.0
1604454098,68.0,79.0,87.0,86.0,17.8,59.0
1604454099,69.0,79.0,87.0,86.0,17.8,59.0
1604454100,69.0,78.0,87.0,87.0,17.9,58.9
1604454101,69.0,78.0,86.0,87.0,17.9,58.9
1604454102,70.0,78.0,86.0,88.0,17.9,58.9
1604454103,70.0,78.0,85.0,88.0,17.9,58.9
1604454104,70.0,77.0,85.0,88.0,17.9,58.9
1604454105,71.0,77.0,84.0,89.0,17.8,58.8
1604454106,71.0,77.0,84.0,89.0,17.8,58.8
1604454107,72.0,77.0,84.0,89.0,17.8,58.8
1604454108,72.0,76.0,83.0,89.0,17.8,58.8
1604454109,72.0,76.0,83.0,88.0,17.8,58.8
1604454110,72.0,76.0,83.0,88.0,17.8,58.8
1604454111,72.0,76.0,83.0,88.0,17.8,58.8
1604454112,72.0,76.0,83.0,88.0,17.8,58.8
1604454113,72.0,76.0,84.0,88.0,17.8,58.8
1604454114,72.0,76.0,84.0,88.0,17.8,58.8
1604454115,71.0,76.0,84.0,88.0,17.8,58.9
1604454116,71.0,76.0,84.0,89.0,17.8,58.9
1604454117,71.0,76.0,85.0,89.0,17.8,58.9
1604454118,71.0,76.0,85.0,89.0,17.8,58.9
1604454119,71.0,76.0,85.0,89.0,17.8,58.9
1604454120,71.0,77.0,85.0,90.0,17.8,58.9
1604454121,71.0,77.0,86.0,90.0,17.8,58.9
1604454122,71.0,77.0,86.0,90.0,17.8,58.9
1604454123,71.0,77.0,86.0,90.0,17.8,58.9
1604454124,71.0,77.0,87.0,89.0,17.8,58.9
1604454125,72.0,77.0,87.0,89.0,17.8,59.0
1604454126,72.0,77.0,84.0,89.0,17.8,59.0
1604454127,72.0,77.0,84.0,89.0,17.8,59.0
1604454128,71.0,77.0,84.0,89.0,17.8,59.0
1604454129,71.0,77.0,85.0,89.0,17.8,59.0
1604454130,70.0,76.0,86.0,89.0,17.8,59.0
1604454131,70.0,76.0,86.0,89.0,17.8,59.0
1604454132,70.0,76.0,87.0,89.0,17.8,59.0
1604454133,69.0,75.0,88.0,89.0,17.8,59.0
1604454134,69.0,75.0,89.0,89.0,17.8,59.0
1604454135,69.0,76.0,89.0,88.0,17.8,59.0
1604454136,68.0,76.0,89.0,88.0,17.8,59.0
1604454137,68.0,76.0,89.0,88.0,17.8,59.0
1604454138,69.0,76.0,89.0,88.0,17.8,59.0
1604454139,69.0,76.0,89.0,88.0,17.8,59.0
1604454140,69.0,76.0,88.0,87.0,17.8,59.0
1604454141,69.0,76.0,88.0,87.0,17.8,59.0
1604454142,70.0,76.0,88.0,87.0,17.8,59.0
1604454143,70.0,76.0,86.0,87.0,17.8,59.0
1604454144,70.0,76.0,86.0,87.0,17.8,59.0
1604454145,71.0,76.0,85.0,87.0,17.8,59.0
1604454146,71.0,76.0,85.0,87.0,17.8,59.0
1604454147,71.0,76.0,85.0,86.5,17.8,59.0
1604454148,71.0,76.0,85.0,86.0,17.8,59.0
1604454149,71.0,76.0,84.0,86.0,17.8,59.0
1604454150,71.0,76.0,84.0,86.0,17.8,59.0
1604454151,72.0,76.0,84.0,86.0,17.8,59.0
1604454152,72.0,75.0,84.0,86.0,17.8,59.0
1604454153,72.0,75.0,84.0,86.0,17.8,59.0
1604454154,72.0,75.0,84.0,86.0,17.8,59.0
1604454155,72.0,75.0,84.0,86.0,17.8,59.0
1604454156,72.0,75.0,84.0,85.0,17.8,58.8
1604454157,72.0,76.0,85.0,85.0,17.8,58.8
1604454158,72.0,76.0,85.0,85.0,17.8,58.8
1604454159,72.0,76.0,85.0,85.0,17.8,58.8
1604454160,72.0,76.0,86.0,85.0,17.8,58.8
1604454161,72.0,77.0,86.0,85.0,17.8,58.8
1604454162,72.0,77.0,86.0,84.0,17.8,58.8
1604454163,73.0,77.0,86.0,84.0,17.8,58.8
1604454164,72.0,77.0,87.0,84.0,17.8,58.8
1604454165,73.0,77.0,87.0,84.0,17.8,58.8
1604454166,73.0,77.0,88.0,83.0,17.8,58.8
1604454167,73.0,77.0,89.0,83.0,17.8,58.8
1604454168,73.0,77.0,89.0,83.0,17.8,58.8
1604454169,72.0,77.0,89.0,83.0,17.8,58.8
1604454170,72.0,76.0,90.0,83.0,17.8,58.8
1604454171,72.0,76.0,90.0,83.0,17.8,58.8
1604454172,72.0,77.0,90.0,83.0,17.8,58.8
1604454173,72.0,77.0,89.0,84.0,17.8,58.8
1604454174,72.0,77.0,89.0,84.0,17.8,58.8
1604454175,72.0,77.0,89.0,84.0,17.8,58.8
1604454176,72.0,77.0,89.0,85.0,17.8,58.9
1604454177,71.0,77.0,87.0,85.0,17.8,58.9
1604454178,71.0,77.0,87.0,85.0,17.8,58.9
1604454179,72.0,77.0,86.0,85.0,17.8,58.9
1604454180,72.0,77.0,86.0,86.0,17.8,58.9
1604454181,72.0,77.0,86.0,86.0,17.7,58.7
1604454182,72.0,77.0,85.0,86.0,17.7,58.7
1604454183,72.0,77.0,85.0,85.0,17.7,58.7
1604454184,73.0,77.0,85.0,85.0,17.7,58.7
1604454185,73.0,77.0,85.0,85.0,17.7,58.7
1604454186,73.0,77.0,85.0,85.0,17.8,59.0
1604454187,74.0,77.0,85.0,85.0,17.8,59.0
1604454188,74.0,78.0,85.0,85.0,17.8,59.0
1604454189,74.0,78.0,85.0,85.0,17.8,59.0
1604454190,75.0,78.0,85.0,86.0,17.8,59.0
1604454191,74.0,78.0,85.0,86.0,17.8,59.0
1604454192,75.0,78.0,85.0,86.0,17.8,59.0
1604454193,75.0,78.0,86.0,87.0,17.8,59.0
1604454194,75.0,78.0,86.0,88.0,17.8,59.0
1604454195,75.0,78.0,86.0,88.0,17.8,59.0
1604454196,75.0,78.0,86.0,88.0,17.8,59.0
1604454197,75.0,78.0,86.0,88.0,17.8,59.0
1604454198,75.0,78.0,86.0,88.0,17.8,59.0
1604454199,75.0,78.0,86.0,88.0,17.8,59.0
1604454200,75.0,78.0,86.0,88.0,17.8,59.0
1604454201,75.0,77.0,86.0,88.0,17.8,59.0
1604454202,75.0,77.0,86.0,88.0,17.8,59.0
1604454203,75.0,77.0,86.0,87.0,17.8,59.0
1604454204,75.0,77.0,86.0,87.0,17.8,59.0
1604454205,74.0,77.0,86.0,87.0,17.8,59.0
1604454206,74.0,76.0,86.0,87.0,17.7,58.9
1604454207,74.0,76.0,86.125,87.0,17.7,58.9
1604454208,74.0,76.0,86.25,87.0,17.7,58.9
1604454209,74.0,76.0,86.375,87.0,17.7,58.9
1604454210,74.0,76.0,86.5,87.0,17.7,58.9
1604454211,74.0,76.0,86.625,87.0,17.7,58.9
1604454212,74.0,76.0,86.75,87.0,17.7,58.9
1604454213,74.0,76.0,86.875,87.0,17.7,58.9
1604454214,74.0,76.0,87.0,87.0,17.7,58.9
1604454215,74.0,76.0,87.0,87.0,17.7,58.9
1604454216,74.0,76.0,87.0,88.0,17.7,58.9
1604454217,74.0,76.0,87.0,88.0,17.7,58.9
1604454218,74.0,76.0,87.0,88.0,17.7,58.9
1604454219,74.0,76.0,88.0,89.0,17.7,58.9
1604454220,74.0,76.0,88.0,89.0,17.7,58.9
1604454221,74.0,76.0,87.0,89.0,17.7,58.9
1604454222,74.0,76.0,87.0,89.0,17.7,58.9
1604454223,74.0,76.0,87.0,89.0,17.7,58.8
1604454224,73.0,76.0,87.0,89.0,17.7,58.8
1604454225,73.0,76.0,87.0,89.0,17.7,58.8
1604454226,74.0,76.0,86.0,89.0,17.7,58.8
1604454227,74.0,76.0,86.0,89.0,17.7,58.8
1604454228,74.0,77.0,86.0,89.0,17.7,58.8
1604454229,74.0,77.0,86.0,89.0,17.7,58.8
1604454230,74.0,78.0,86.0,88.0,17.7,58.8
1604454231,74.0,78.0,86.0,88.0,17.7,58.8
1604454232,75.0,79.0,86.0,88.0,17.7,58.8
1604454233,75.0,79.0,86.0,88.0,17.7,58.9
1604454234,75.0,80.0,86.0,89.0,17.7,58.9
1604454235,75.0,80.0,86.0,89.0,17.7,58.9
1604454236,74.0,80.0,86.0,89.0,17.7,58.9
1604454237,74.0,80.0,85.0,90.0,17.7,58.9
1604454238,74.0,81.0,85.0,90.0,17.7,58.9
1604454239,74.0,81.0,85.0,90.0,17.7,58.9
1604454240,74.0,81.0,85.0,90.0,17.7,58.9
1604454241,73.0,81.0,85.0,91.0,17.7,58.9
1604454242,73.0,81.0,86.0,91.0,17.7,58.9
1604454243,73.0,81.0,86.0,90.0,17.7,58.9
1604454244,73.0,80.0,87.0,89.0,17.7,58.9
1604454245,73.0,80.0,87.0,89.0,17.7,58.9
1604454246,73.0,80.0,88.0,88.0,17.7,58.9
1604454247,74.0,79.0,88.0,87.0,17.7,58.9
1604454248,74.0,79.0,89.0,87.0,17.7,58.9
1604454249,74.0,78.0,89.0,86.0,17.7,58.9
1604454250,74.0,78.0,89.0,85.0,17.7,58.9
1604454251,74.0,77.0,89.0,85.0,17.7,58.9
1604454252,74.0,77.0,89.0,84.0,17.7,58.9
1604454253,75.0,77.0,88.0,84.0,17.7,59.0
1604454254,75.0,77.0,88.0,83.0,17.7,59.0
1604454255,75.0,77.0,87.0,83.0,17.7,59.0
1604454256,74.0,77.0,87.0,83.0,17.7,59.0
1604454257,74.0,77.0,87.0,83.0,17.7,59.0
1604454258,74.0,77.0,87.0,83.0,17.7,59.0
1604454259,74.0,77.0,87.0,83.0,17.7,59.0
1604454260,74.0,78.0,87.0,83.0,17.7,59.0
1604454261,74.0,78.0,87.0,83.0,17.7,59.0
1604454262,74.0,78.0,87.0,84.0,17.7,59.0
1604454263,74.0,79.0,88.0,84.0,17.6,59.0
1604454264,73.0,79.0,88.0,84.0,17.6,59.0
1604454265,73.0,79.0,88.0,84.0,17.6,59.0
1604454266,72.0,79.0,87.0,85.0,17.6,59.0
1604454267,72.0,79.0,87.0,86.0,17.6,59.0
1604454268,71.0,79.0,87.0,86.0,17.7,59.1
1604454269,71.0,78.0,86.0,86.0,17.7,59.1
1604454270,71.0,78.0,86.0,86.0,17.7,59.1
1604454271,71.0,78.0,85.0,86.0,17.7,59.1
1604454272,71.0,77.0,84.0,86.0,17.7,59.1
1604454273,71.0,77.0,84.0,86.0,17.7,59.1
1604454274,71.0,77.0,83.0,87.0,17.7,59.1
1604454275,71.0,77.0,83.0,87.0,17.7,59.1
1604454276,71.0,77.0,83.0,88.0,17.7,59.1
1604454277,71.0,77.0,84.0,88.0,17.7,59.1
1604454278,72.0,77.0,84.0,88.0,17.6,59.1
1604454279,72.0,77.0,84.0,89.0,17.6,59.1
1604454280,72.0,77.0,85.0,89.0,17.6,59.1
1604454281,72.0,78.0,86.0,89.0,17.6,59.1
1604454282,72.0,78.0,86.0,89.0,17.6,59.1
1604454283,73.0,78.0,87.0,89.0,17.6,59.1
1604454284,73.0,79.0,87.0,89.0,17.6,59.1
1604454285,73.0,79.0,87.0,89.0,17.6,59.1
1604454286,73.0,79.0,87.0,88.0,17.6,59.1
1604454287,73.0,79.0,87.0,88.0,17.6,59.1
1604454288,73.0,79.0,87.0,88.0,17.7,59.3
1604454289,73.0,79.0,87.0,88.0,17.7,59.3
1604454290,72.0,78.0,87.0,88.0,17.7,59.3
1604454291,72.0,78.0,87.0,88.0,17.7,59.3
1604454292,72.0,77.0,86.0,89.0,17.7,59.3
1604454293,72.0,77.0,86.0,89.0,17.6,59.2
1604454294,72.0,77.0,86.0,89.0,17.6,59.2
1604454295,72.0,76.0,86.0,89.0,17.6,59.2
1604454296,72.0,76.0,86.0,89.0,17.6,59.2
1604454297,72.0,76.0,86.0,89.0,17.6,59.2
1604454298,72.0,76.0,85.0,89.0,17.6,59.2
1604454299,72.0,76.0,85.0,89.0,17.6,59.2
1604454300,72.0,76.0,84.0,89.0,17.6,59.2
1604454301,72.0,76.0,84.0,89.0,17.6,59.2
1604454302,72.0,76.0,84.0,89.0,17.6,59.2
1604454303,72.0,76.0,84.0,89.0,17.6,59.3
1604454304,73.0,77.0,84.0,89.0,17.6,59.3
1604454305,73.0,77.0,84.0,89.0,17.6,59.3
1604454306,73.0,77.0,84.0,89.0,17.6,59.3
1604454307,73.0,77.0,85.0,89.0,17.6,59.3
1604454308,73.0,77.0,85.0,90.0,17.6,59.3
1604454309,73.0,78.0,86.0,90.0,17.6,59.3
1604454310,73.0,78.0,86.0,88.0,17.6,59.3
1604454311,73.0,78.0,86.0,88.0,17.6,59.3
1604454312,73.0,78.0,86.0,88.0,17.6,59.3
1604454313,73.0,78.0,86.0,88.0,17.6,59.3
1604454314,73.0,78.0,86.0,89.0,17.6,59.3
1604454315,73.0,77.0,86.0,89.0,17.6,59.3
1604454316,73.0,77.0,86.0,89.0,17.6,59.3
1604454317,73.0,77.0,86.0,89.0,17.6,59.3
1604454318,72.0,76.0,85.0,89.0,17.6,59.3
1604454319,72.0,76.0,85.0,90.0,17.6,59.3
1604454320,72.0,76.0,86.0,90.0,17.6,59.3
1604454321,73.0,75.0,86.0,91.0,17.6,59.3
1604454322,73.0,75.0,87.0,91.0,17.6,59.3
1604454323,73.0,75.0,87.0,91.0,17.6,59.3
1604454324,73.0,75.0,87.0,91.0,17.6,59.3
1604454325,73.0,74.0,87.0,91.0,17.6,59.3
1604454326,74.0,74.0,88.0,91.0,17.6,59.3
1604454327,74.0,75.0,88.0,90.0,17.6,59.3
1604454328,74.0,75.0,88.0,90.0,17.6,59.3
1604454329,75.0,75.0,88.0,90.0,17.6,59.3
1604454330,75.0,76.0,87.0,89.0,17.6,59.3
1604454331,75.0,76.0,87.0,88.0,17.6,59.3
1604454332,75.0,77.0,86.0,87.0,17.6,59.3
1604454333,75.0,77.0,86.0,87.0,17.6,59.3
1604454334,75.0,77.0,86.0,86.0,17.6,59.3
1604454335,74.0,78.0,85.0,85.0,17.6,59.3
1604454336,74.0,78.0,85.0,85.0,17.6,59.3
1604454337,74.0,78.0,86.0,85.0,17.6,59.3
1604454338,74.0,78.0,86.0,85.0,17.6,59.4
1604454339,73.0,78.0,86.0,85.0,17.6,59.4
1604454340,73.0,78.0,86.0,86.0,17.6,59.4
1604454341,73.0,78.0,86.0,86.0,17.6,59.4
1604454342,73.0,78.0,87.0,87.0,17.6,59.4
1604454343,73.0,78.0,87.0,87.0,17.6,59.5
1604454344,73.0,78.0,88.0,89.0,17.6,59.5
1604454345,73.0,78.0,88.0,89.0,17.6,59.5
1604454346,73.0,78.0,88.0,90.0,17.6,59.5
1604454347,74.0,78.0,88.0,90.0,17.6,59.5
1604454348,74.0,78.0,89.0,90.0,17.5,59.4
1604454349,74.0,78.0,89.0,90.0,17.5,59.4
1604454350,74.0,78.0,89.0,90.0,17.5,59.4
1604454351,74.0,79.0,89.0,90.0,17.5,59.4
1604454352,75.0,79.0,90.0,91.0,17.5,59.4
1604454353,75.0,78.0,89.0,91.0,17.6,59.5
1604454354,75.0,78.0,90.0,91.0,17.6,59.5
1604454355,75.0,78.0,90.0,91.0,17.6,59.5
1604454356,75.0,77.0,91.0,91.0,17.6,59.5
1604454357,75.0,77.0,91.0,91.0,17.6,59.5
1604454358,75.0,77.0,91.0,91.0,17.5,59.4
1604454359,75.0,76.0,91.0,91.0,17.5,59.4
1604454360,75.0,76.0,91.0,91.0,17.5,59.4
1604454361,75.0,75.0,91.0,91.0,17.5,59.4
1604454362,75.0,75.0,91.0,91.0,17.5,59.4
1604454363,75.0,75.0,91.0,91.0,17.6,59.5
1604454364,75.0,75.0,91.0,91.0,17.6,59.5
1604454365,75.0,75.0,91.0,91.0,17.6,59.5
1604454366,76.0,75.0,90.0,90.0,17.6,59.5
1604454367,76.0,75.0,90.0,90.0,17.6,59.5
1604454368,76.0,75.0,89.0,90.0,17.6,59.5
1604454369,76.0,75.0,88.0,89.0,17.6,59.5
1604454370,77.0,76.0,88.0,89.0,17.6,59.5
1604454371,77.0,76.0,87.0,88.0,17.6,59.5
1604454372,77.0,76.0,87.0,88.0,17.6,59.5
1604454373,76.0,77.0,86.0,88.0,17.5,59.4
1604454374,76.0,77.0,86.0,88.0,17.5,59.4
1604454375,75.0,77.0,85.0,87.0,17.5,59.4
1604454376,75.0,77.0,87.0,87.0,17.5,59.4
1604454377,75.0,77.0,88.0,87.0,17.5,59.4
1604454378,75.0,77.0,88.0,87.0,17.5,59.4
1604454379,75.0,77.0,88.0,87.0,17.5,59.4
1604454380,74.0,77.0,88.0,88.0,17.5,59.4
1604454381,74.0,77.0,88.0,88.0,17.5,59.4
1604454382,74.0,77.0,88.0,88.0,17.5,59.4
1604454383,74.0,78.0,88.0,88.0,17.5,59.5
1604454384,74.0,78.0,88.0,87.0,17.5,59.5
1604454385,75.0,77.0,88.0,87.0,17.5,59.5
1604454386,75.0,77.0,87.0,87.0,17.5,59.5
1604454387,75.0,78.0,87.0,87.0,17.5,59.5
1604454388,75.0,78.0,86.0,86.0,17.5,59.5
1604454389,74.0,78.0,86.0,86.0,17.5,59.5
1604454390,74.0,77.0,85.0,86.0,17.5,59.5
1604454391,74.0,77.0,85.0,86.0,17.5,59.5
1604454392,74.0,77.0,85.0,86.0,17.5,59.5
1604454393,73.0,77.0,84.0,86.0,17.5,59.5
1604454394,73.0,77.0,84.0,86.0,17.5,59.5
1604454395,73.0,77.0,84.0,86.0,17.5,59.5
1604454396,73.0,76.0,84.0,86.0,17.5,59.5
1604454397,73.0,76.0,84.0,86.0,17.5,59.5
1604454398,73.0,76.0,84.0,87.0,17.6,59.6
1604454399,73.0,76.0,85.0,87.0,17.6,59.6
1604454400,73.0,75.0,85.0,87.0,17.6,59.6
1604454401,74.0,75.0,86.0,87.0,17.6,59.6
1604454402,74.0,75.0,87.0,87.0,17.6,59.6
1604454403,74.0,75.0,87.0,87.0,17.5,59.5
1604454404,74.0,75.0,88.0,87.0,17.5,59.5
1604454405,74.0,74.0,88.0,87.0,17.5,59.5
1604454406,74.0,74.0,88.0,87.0,17.5,59.5
1604454407,74.0,74.0,89.0,87.0,17.5,59.5
1604454408,73.0,74.0,89.0,87.0,17.5,59.6
1604454409,73.0,74.0,89.0,87.0,17.5,59.6
1604454410,73.0,74.0,89.0,87.0,17.5,59.6
1604454411,73.0,74.0,89.0,87.0,17.5,59.6
1604454412,73.0,73.0,89.0,88.0,17.5,59.6
1604454413,73.0,73.0,89.0,88.0,17.5,59.6
1604454414,73.0,73.0,89.0,88.0,17.5,59.6
1604454415,73.22222222222223,73.0,89.0,88.0,17.5,59.6
1604454416,73.44444444444444,73.0,89.0,88.0,17.5,59.6
1604454417,73.66666666666667,73.0,89.0,88.0,17.5,59.6
1604454418,73.88888888888889,73.0,89.0,88.0,17.5,59.6
1604454419,74.11111111111111,73.0,89.0,88.0,17.5,59.6
1604454420,74.33333333333333,73.0,89.0,88.0,17.5,59.6
1604454421,74.55555555555556,73.0,89.0,88.0,17.5,59.6
1604454422,74.77777777777777,73.0,89.0,88.0,17.5,59.6
1604454423,75.0,73.0,89.0,88.0,17.5,59.6
1604454424,75.0,73.0,89.0,89.0,17.5,59.6
1604454425,76.0,73.0,89.0,89.0,17.5,59.6
1604454426,76.0,73.0,88.0,89.0,17.5,59.6
1604454427,76.0,74.0,88.0,89.0,17.5,59.6
1604454428,76.0,74.0,88.0,89.0,17.5,59.6
1604454429,76.0,74.0,88.0,89.0,17.5,59.6
1604454430,77.0,75.0,87.0,88.0,17.5,59.6
1604454431,77.0,75.0,87.0,88.0,17.5,59.7
1604454432,76.0,75.0,87.0,87.0,17.5,59.7
1604454433,76.0,75.0,86.0,87.0,17.5,59.7
1604454434,76.0,75.0,86.0,87.0,17.5,59.7
1604454435,76.0,75.0,86.0,87.0,17.5,59.7
1604454436,76.0,75.0,86.0,86.0,17.5,59.6
1604454437,75.0,75.0,86.0,86.0,17.5,59.6
1604454438,75.0,75.0,85.0,86.0,17.5,59.6
1604454439,75.0,75.0,85.0,86.0,17.5,59.6
1604454440,74.0,75.0,85.0,85.0,17.5,59.6
1604454441,74.0,75.0,86.0,85.0,17.5,59.7
1604454442,74.0,74.0,86.0,85.0,17.5,59.7
1604454443,74.0,74.0,86.0,85.0,17.5,59.7
1604454444,73.0,75.0,86.0,84.0,17.5,59.7
1604454445,73.0,74.0,86.0,84.0,17.5,59.7
1604454446,74.0,74.0,86.0,85.0,17.5,59.7
1604454447,74.0,74.0,86.0,85.0,17.5,59.7
1604454448,74.0,74.0,86.0,85.0,17.5,59.7
1604454449,74.0,75.0,87.0,85.0,17.5,59.7
1604454450,74.0,74.0,87.0,85.0,17.5,59.7
1604454451,75.0,74.0,87.0,85.0,17.5,59.7
1604454452,75.0,74.0,87.0,86.0,17.5,59.7
1604454453,75.0,74.0,88.0,86.0,17.5,59.7
1604454454,75.0,74.0,88.0,86.0,17.5,59.7
1604454455,75.0,74.0,88.0,86.0,17.5,59.7
1604454456,75.0,74.0,89.0,86.0,17.5,59.8
1604454457,74.0,74.0,90.0,86.0,17.5,59.8
1604454458,74.0,74.0,90.0,86.0,17.5,59.8
1604454459,74.0,74.0,91.0,86.0,17.5,59.8
1604454460,73.0,74.0,91.0,86.0,17.5,59.8
1604454461,73.0,74.0,91.0,86.0,17.5,59.8
1604454462,72.0,74.0,91.0,86.0,17.5,59.8
1604454463,72.0,74.0,91.0,86.0,17.5,59.8
1604454464,72.0,74.0,91.0,86.0,17.5,59.8
1604454465,72.0,74.0,91.0,86.0,17.5,59.8
1604454466,72.0,74.0,91.0,86.0,17.5,59.9
1604454467,72.0,74.0,91.0,85.0,17.5,59.9
1604454468,73.0,75.0,91.0,85.0,17.5,59.9
1604454469,73.0,75.0,90.0,85.0,17.5,59.9
1604454470,74.0,75.0,90.0,85.0,17.5,59.9
1604454471,75.0,75.0,91.0,85.0,17.5,59.9
1604454472,75.0,76.0,91.0,85.0,17.5,59.9
1604454473,76.0,76.0,91.0,85.0,17.5,59.9
1604454474,76.0,77.0,91.0,85.0,17.5,59.9
1604454475,76.0,77.0,91.0,85.0,17.5,59.9
1604454476,76.0,77.0,90.0,86.0,17.6,60.0
1604454477,77.0,77.0,90.0,86.0,17.6,60.0
1604454478,77.0,78.0,90.0,86.0,17.6,60.0
1604454479,77.0,78.0,89.0,86.0,17.6,60.0
1604454480,76.0,78.0,89.0,86.0,17.6,60.0
1604454481,75.0,78.0,89.0,86.0,17.5,59.8
1604454482,75.0,78.0,88.0,87.0,17.5,59.8
1604454483,74.0,77.0,88.0,87.0,17.5,59.8
1604454484,74.0,77.0,88.0,87.0,17.5,59.8
1604454485,73.0,77.0,88.0,86.0,17.5,59.8
1604454486,73.0,77.0,87.0,86.0,17.5,59.8
1604454487,72.0,77.0,87.0,86.0,17.5,59.8
1604454488,72.0,77.0,87.0,86.0,17.5,59.8
1604454489,72.0,77.0,87.0,86.0,17.5,59.8
1604454490,71.0,78.0,88.0,85.0,17.5,59.8
1604454491,71.0,78.0,88.0,85.0,17.5,59.8
1604454492,71.0,78.0,88.0,86.0,17.5,59.8
1604454493,71.0,78.0,88.0,86.0,17.5,59.8
1604454494,72.0,78.0,88.0,86.0,17.5,59.8
1604454495,72.0,77.0,88.0,86.0,17.5,59.8
1604454496,72.0,77.0,88.0,87.0,17.5,59.8
1604454497,72.0,77.0,89.0,87.0,17.5,59.8
1604454498,72.0,77.0,89.0,87.0,17.5,59.8
1604454499,73.0,76.0,89.0,88.0,17.5,59.8
1604454500,73.0,76.0,89.0,88.0,17.5,59.8
1604454501,73.0,76.0,90.0,89.0,17.6,59.9
1604454502,73.0,76.0,90.0,88.0,17.6,59.9
1604454503,73.0,76.0,91.0,88.0,17.6,59.9
1604454504,73.0,77.0,91.0,89.0,17.6,59.9
1604454505,73.0,77.0,91.0,89.0,17.6,59.9
1604454506,73.0,77.0,91.0,89.0,17.6,59.9
1604454507,73.0,77.0,92.0,89.0,17.6,59.9
1604454508,73.0,77.0,92.0,89.0,17.6,59.9
1604454509,73.0,76.0,92.0,89.0,17.6,59.9
1604454510,73.0,76.0,93.0,89.0,17.6,59.9
1604454511,73.0,76.0,93.0,89.0,17.5,59.8
1604454512,73.0,76.0,93.0,89.0,17.5,59.8
1604454513,73.0,76.0,92.0,88.0,17.5,59.8
1604454514,74.0,76.0,92.0,88.0,17.5,59.8
1604454515,74.0,80.0,91.0,88.0,17.5,59.8
1604454516,74.0,80.0,91.0,88.0,17.5,59.8
1604454517,74.0,80.0,91.0,88.0,17.5,59.8
1604454518,74.0,79.0,91.0,88.0,17.5,59.8
1604454519,74.0,79.0,90.0,88.0,17.5,59.8
1604454520,75.0,79.0,90.0,88.0,17.5,59.8
1604454521,75.0,78.0,90.0,88.0,17.5,59.8
1604454522,75.0,78.0,90.0,88.0,17.5,59.8
1604454523,75.0,78.0,90.0,88.0,17.5,59.8
1604454524,74.0,77.0,90.0,88.0,17.5,59.8
1604454525,74.0,77.0,90.0,88.0,17.5,59.8
1604454526,74.0,77.0,90.0,88.0,17.5,59.7
1604454527,74.0,77.0,89.0,88.0,17.5,59.7
1604454528,74.0,77.0,89.0,88.0,17.5,59.7
1604454529,74.0,77.0,89.0,88.0,17.5,59.7
1604454530,74.0,77.0,88.0,88.0,17.5,59.7
1604454531,73.0,77.0,88.0,88.0,17.5,59.7
1604454532,73.0,76.0,88.0,88.0,17.5,59.7
1604454533,73.0,76.0,87.0,88.0,17.5,59.7
1604454534,72.0,76.0,87.0,88.0,17.5,59.7
1604454535,72.0,76.0,86.0,88.0,17.5,59.7
1604454536,72.0,75.0,86.0,88.0,17.5,59.7
1604454537,72.0,75.0,86.0,88.0,17.5,59.7
1604454538,72.0,75.0,86.0,88.0,17.5,59.7
1604454539,71.0,75.0,86.0,87.0,17.5,59.7
1604454540,71.0,75.0,87.0,88.0,17.5,59.7
1604454541,71.0,75.0,87.0,88.0,17.5,59.7
1604454542,72.0,75.0,87.0,88.0,17.5,59.7
1604454543,72.0,75.0,87.0,88.0,17.5,59.7
1604454544,72.0,76.0,88.0,88.0,17.5,59.7
1604454545,73.0,76.0,88.0,90.0,17.5,59.7
1604454546,73.0,76.0,89.0,90.0,17.6,59.9
1604454547,73.0,76.0,89.0,90.0,17.6,59.9
1604454548,73.0,76.0,88.0,89.0,17.6,59.9
1604454549,73.0,76.0,88.0,89.0,17.6,59.9
1604454550,73.0,76.0,89.0,89.0,17.6,59.9
1604454551,72.0,76.0,89.0,89.0,17.5,59.8
1604454552,72.0,76.0,88.0,89.0,17.5,59.8
1604454553,72.0,76.0,88.0,88.0,17.5,59.8
1604454554,72.0,76.0,88.0,88.0,17.5,59.8
1604454555,73.0,76.0,88.0,88.0,17.5,59.8
1604454556,73.0,76.0,88.0,88.0,17.6,59.9
1604454557,73.0,76.0,88.0,88.0,17.6,59.9
1604454558,73.0,76.0,87.0,88.0,17.6,59.9
1604454559,74.0,76.0,87.0,88.0,17.6,59.9
1604454560,74.0,76.0,87.0,89.0,17.6,59.9
1604454561,74.0,76.0,87.0,89.0,17.5,59.8
1604454562,75.0,76.0,87.0,89.0,17.5,59.8
1604454563,75.0,75.0,87.0,90.0,17.5,59.8
1604454564,75.0,75.0,87.0,90.0,17.5,59.8
1604454565,75.0,75.0,87.0,91.0,17.5,59.8
1604454566,75.0,74.0,88.0,91.0,17.6,59.9
1604454567,75.0,73.0,88.0,91.0,17.6,59.9
1604454568,74.0,73.0,88.0,91.0,17.6,59.9
1604454569,74.0,73.0,89.0,91.0,17.6,59.9
1604454570,74.0,72.0,89.0,91.0,17.6,59.9
1604454571,74.0,72.0,90.0,91.0,17.5,59.8
1604454572,73.0,72.0,90.0,90.0,17.5,59.8
1604454573,73.0,72.0,90.0,90.0,17.5,59.8
1604454574,73.0,73.0,90.0,89.0,17.5,59.8
1604454575,72.0,73.0,90.0,88.0,17.5,59.8
1604454576,72.0,74.0,89.0,88.0,17.5,59.9
1604454577,72.0,74.0,89.0,88.0,17.5,59.9
1604454578,72.0,75.0,89.0,88.0,17.5,59.9
1604454579,72.0,75.0,89.0,88.0,17.5,59.9
1604454580,72.0,75.0,88.0,87.0,17.5,59.9
1604454581,72.0,75.0,88.0,87.0,17.5,59.9
1604454582,72.0,75.0,87.0,87.0,17.5,59.9
1604454583,73.0,75.0,87.0,87.0,17.5,59.9
1604454584,73.0,74.0,87.0,87.0,17.5,59.9
1604454585,73.0,74.0,86.0,87.0,17.5,59.9
1604454586,74.0,74.0,86.0,87.0,17.5,59.9
1604454587,74.0,73.0,86.0,87.0,17.5,59.9
1604454588,74.0,73.0,86.0,87.0,17.5,59.9
1604454589,74.0,73.0,86.0,87.0,17.5,59.9
1604454590,74.0,73.0,86.0,86.0,17.5,59.9
1604454591,74.0,73.0,86.0,86.0,17.5,59.9
1604454592,74.0,73.0,87.0,86.0,17.5,59.9
1604454593,74.0,74.0,87.0,86.0,17.5,59.9
1604454594,74.0,74.0,88.0,85.0,17.5,59.9
1604454595,75.0,74.0,88.0,85.0,17.5,59.9
1604454596,75.0,75.0,88.0,84.0,17.6,60.0
1604454597,75.0,75.0,89.0,84.0,17.6,60.0
1604454598,76.0,75.0,89.0,84.0,17.6,60.0
1604454599,76.0,75.0,89.0,85.0,17.6,60.0
1604454600,76.0,75.0,89.0,85.0,17.6,60.0
1604454601,76.0,75.0,88.0,85.0,17.6,60.0
1604454602,77.0,75.0,88.0,85.0,17.6,60.0
1604454603,77.0,75.0,88.0,86.0,17.6,60.0
1604454604,77.0,75.0,87.0,86.0,17.6,60.0
1604454605,77.0,75.0,87.0,86.0,17.6,60.0
1604454606,77.0,75.0,87.0,88.0,17.6,60.0
1604454607,77.0,75.0,87.0,89.0,17.6,60.0
1604454608,77.0,75.0,87.0,89.0,17.6,60.0
1604454609,77.0,76.0,88.0,90.0,17.6,60.0
1604454610,77.0,76.0,88.0,90.0,17.6,60.0
1604454611,76.0,77.0,88.0,91.0,17.6,59.9
1604454612,76.0,77.0,89.0,91.0,17.6,59.9
1604454613,76.0,77.0,89.0,91.0,17.6,59.9
1604454614,76.0,77.0,89.0,91.0,17.6,59.9
1604454615,76.0,78.0,89.0,90.0,17.6,59.9
1604454616,75.0,78.0,89.0,90.0,17.6,59.9
1604454617,75.0,77.0,89.0,89.0,17.6,59.9
1604454618,75.0,77.0,90.0,89.0,17.6,59.9
1604454619,74.0,76.0,89.0,88.0,17.6,59.9
1604454620,74.0,76.0,90.0,88.0,17.6,59.9
1604454621,74.0,75.0,89.0,88.0,17.6,60.0
1604454622,73.625,75.0,89.0,88.0,17.6,60.0
1604454623,73.25,75.0,89.0,88.0,17.6,60.0
1604454624,72.875,75.0,89.0,88.0,17.6,60.0
1604454625,72.5,75.0,89.0,88.0,17.6,60.0
1604454626,72.125,75.0,89.0,88.0,17.6,60.0
1604454627,71.75,75.0,89.0,88.0,17.6,60.0
1604454628,71.375,75.0,89.0,88.0,17.6,60.0
1604454629,71.0,75.0,89.0,88.0,17.6,60.0
1604454630,71.0,74.0,89.0,88.0,17.6,60.0
1604454631,71.0,74.0,89.0,88.0,17.6,60.0
1604454632,70.0,74.0,90.0,88.0,17.6,60.0
1604454633,70.0,74.0,90.0,88.0,17.6,60.0
1604454634,70.0,73.0,90.0,88.0,17.6,60.0
1604454635,70.0,73.0,90.0,89.0,17.6,60.0
1604454636,70.0,73.0,90.0,90.0,17.6,60.0
1604454637,70.0,74.0,90.0,90.0,17.6,60.0
1604454638,70.0,74.0,90.0,90.0,17.5,59.9
1604454639,70.0,74.0,90.0,90.0,17.5,59.9
1604454640,70.0,74.0,90.0,90.0,17.5,59.9
1604454641,71.0,75.0,89.0,89.0,17.5,59.9
1604454642,71.0,75.0,89.0,89.0,17.5,59.9
1604454643,71.0,75.0,89.0,89.0,17.6,60.0
1604454644,71.0,76.0,89.0,89.0,17.6,60.0
1604454645,71.0,76.0,88.0,88.0,17.6,60.0
1604454646,71.0,76.0,87.0,88.0,17.6,60.0
1604454647,71.0,76.0,87.0,87.0,17.6,60.0
1604454648,71.0,76.0,87.0,87.0,17.6,59.9
1604454649,71.0,76.0,87.0,88.0,17.6,59.9
1604454650,71.0,76.0,86.0,88.0,17.6,59.9
1604454651,71.0,76.0,86.0,88.0,17.6,59.9
1604454652,71.0,76.0,86.0,88.0,17.6,59.9
1604454653,71.0,75.0,86.0,89.0,17.6,59.9
1604454654,70.0,75.0,87.0,90.0,17.6,59.9
1604454655,70.0,74.0,88.0,90.0,17.6,59.9
1604454656,70.0,74.0,88.0,90.0,17.6,59.9
1604454657,70.0,74.0,88.0,90.0,17.6,59.9
1604454658,69.0,74.0,89.0,90.0,17.6,59.9
1604454659,69.0,74.0,89.0,90.0,17.6,59.9
1604454660,69.0,75.0,89.0,89.0,17.6,59.9
1604454661,68.0,75.0,90.0,89.0,17.6,59.9
1604454662,68.0,76.0,90.0,89.0,17.6,59.9
1604454663,68.0,77.0,90.0,88.0,17.6,59.9
1604454664,69.0,77.0,89.0,88.0,17.6,59.9
1604454665,69.0,77.0,89.0,88.0,17.6,59.9
1604454666,69.0,77.0,89.0,88.0,17.6,59.9
1604454667,70.0,77.0,89.0,88.0,17.6,59.9
1604454668,70.0,77.0,89.0,89.0,17.6,59.9
1604454669,70.0,77.0,89.0,89.0,17.6,59.9
1604454670,71.0,77.0,89.0,89.0,17.6,59.9
1604454671,71.0,77.0,89.0,90.0,17.6,59.9
1604454672,71.0,76.0,89.0,90.0,17.6,59.9
1604454673,71.0,76.0,89.0,90.0,17.6,59.9
1604454674,72.0,76.0,89.0,90.0,17.6,59.9
1604454675,72.0,76.0,90.0,90.0,17.6,59.9
1604454676,72.0,77.0,90.0,90.0,17.6,59.9
1604454677,72.0,77.0,90.0,90.0,17.6,59.9
1604454678,72.0,77.0,90.0,90.0,17.6,59.8
1604454679,72.0,77.0,90.0,90.0,17.6,59.8
1604454680,72.0,77.0,90.0,89.0,17.6,59.8
1604454681,72.0,77.0,90.0,89.0,17.6,59.8
1604454682,72.0,78.0,90.0,88.0,17.6,59.8
1604454683,72.0,78.0,90.0,88.0,17.6,59.9
1604454684,72.0,78.0,90.0,87.0,17.6,59.9
1604454685,72.0,79.0,90.0,87.0,17.6,59.9
1604454686,72.0,79.0,89.0,87.0,17.6,59.9
1604454687,72.0,80.0,90.0,87.0,17.6,59.9
1604454688,72.0,80.0,89.0,87.0,17.6,59.9
1604454689,72.0,80.0,90.0,87.0,17.6,59.9
1604454690,71.0,81.0,90.0,87.0,17.6,59.9
1604454691,71.0,81.0,90.0,87.0,17.6,59.9
1604454692,71.0,81.0,90.0,87.0,17.6,59.9
1604454693,71.0,81.0,91.0,87.0,17.6,59.9
1604454694,71.0,81.0,91.0,87.0,17.6,59.9
1604454695,71.0,80.0,91.0,87.0,17.6,59.9
1604454696,71.0,80.0,91.0,87.0,17.6,59.9
1604454697,71.0,80.0,91.0,88.0,17.6,59.9
1604454698,71.0,79.0,91.0,88.0,17.6,59.9
1604454699,71.0,79.0,91.0,88.0,17.6,59.9
1604454700,71.0,78.0,91.0,88.0,17.6,59.9
1604454701,71.0,78.0,91.0,89.0,17.6,59.9
1604454702,70.0,78.0,91.0,89.0,17.6,59.9
1604454703,70.0,78.0,92.0,90.0,17.6,59.9
1604454704,70.0,77.0,92.0,90.0,17.6,59.9
1604454705,70.0,77.0,92.0,90.0,17.6,59.9
1604454706,69.0,77.0,91.0,89.0,17.6,59.9
1604454707,69.0,77.0,91.0,89.0,17.6,59.9
1604454708,69.0,77.0,91.0,88.0,17.6,59.8
1604454709,69.0,78.0,91.0,88.0,17.6,59.8
1604454710,69.0,78.0,91.0,88.0,17.6,59.8
1604454711,70.0,77.0,90.0,87.0,17.6,59.8
1604454712,70.0,78.0,90.0,87.0,17.6,59.8
1604454713,70.0,78.0,89.0,86.0,17.6,59.8
1604454714,70.0,78.0,89.0,86.0,17.6,59.8
1604454715,70.0,78.0,89.0,86.0,17.6,59.8
1604454716,70.0,79.0,89.0,86.0,17.6,59.8
1604454717,70.0,79.0,89.0,86.0,17.6,59.8
1604454718,69.0,79.0,89.0,86.0,17.6,59.7
1604454719,69.0,79.0,89.0,86.0,17.6,59.7
1604454720,69.0,79.0,89.0,86.0,17.6,59.7
1604454721,68.0,79.0,89.0,86.0,17.6,59.7
1604454722,67.0,78.0,89.0,86.0,17.6,59.7
1604454723,67.0,78.0,90.0,86.0,17.6,59.7
1604454724,67.0,78.0,90.0,86.0,17.6,59.7
1604454725,67.0,78.0,90.0,87.0,17.6,59.7
1604454726,67.0,78.0,90.0,87.0,17.6,59.7
1604454727,67.0,78.0,90.0,87.0,17.6,59.7
1604454728,67.0,78.0,90.0,87.0,17.6,59.8
1604454729,67.0,79.0,90.0,87.0,17.6,59.8
1604454730,68.0,79.0,90.0,87.0,17.6,59.8
1604454731,68.0,79.0,90.0,87.0,17.6,59.8
1604454732,69.0,79.0,90.0,86.0,17.6,59.8
1604454733,69.0,80.0,89.0,86.0,17.6,59.8
1604454734,69.0,80.0,89.0,86.0,17.6,59.8
1604454735,70.0,80.0,89.0,86.0,17.6,59.8
1604454736,70.0,80.0,89.0,86.0,17.6,59.8
1604454737,70.0,80.0,89.0,86.0,17.6,59.8
1604454738,70.0,79.0,89.0,86.0,17.6,59.8
1604454739,71.0,79.0,89.0,86.0,17.6,59.8
1604454740,71.0,79.0,89.0,86.0,17.6,59.8
1604454741,71.0,79.0,88.0,86.0,17.6,59.8
1604454742,71.0,78.0,88.0,86.0,17.6,59.8
1604454743,71.0,78.0,88.0,86.0,17.6,59.7
1604454744,71.0,78.0,88.0,86.0,17.6,59.7
1604454745,71.0,78.0,88.0,87.0,17.6,59.7
1604454746,72.0,78.0,88.0,87.0,17.6,59.7
1604454747,72.0,78.0,88.0,87.0,17.6,59.7
1604454748,73.0,79.0,88.0,87.0,17.7,59.8
1604454749,73.0,79.0,89.0,87.0,17.7,59.8
1604454750,73.0,80.0,89.0,87.0,17.7,59.8
1604454751,73.0,80.0,89.0,87.0,17.7,59.8
1604454752,73.0,79.0,89.0,88.0,17.7,59.8
1604454753,73.0,78.0,89.0,87.0,17.7,59.8
1604454754,73.0,78.0,88.0,88.0,17.7,59.8
1604454755,72.0,77.0,88.0,88.0,17.7,59.8
1604454756,72.0,76.0,88.0,88.0,17.7,59.8
1604454757,72.0,76.0,88.0,88.0,17.7,59.8
1604454758,72.0,76.0,88.0,89.0,17.7,59.7
1604454759,72.0,76.0,88.0,89.0,17.7,59.7
1604454760,72.0,76.0,88.0,89.0,17.7,59.7
1604454761,72.0,76.0,88.0,89.0,17.7,59.7
1604454762,72.0,76.0,89.0,89.0,17.7,59.7
1604454763,73.0,76.0,89.0,89.0,17.7,59.6
1604454764,73.0,77.0,90.0,89.0,17.7,59.6
1604454765,73.0,77.0,90.0,89.0,17.7,59.6
1604454766,73.0,77.0,90.0,89.0,17.7,59.6
1604454767,73.0,77.0,90.0,89.0,17.7,59.6
1604454768,73.0,77.0,90.0,89.0,17.6,59.5
1604454769,74.0,77.0,90.0,89.0,17.6,59.5
1604454770,74.0,78.0,89.0,90.0,17.6,59.5
1604454771,74.0,78.0,89.0,89.0,17.6,59.5
1604454772,74.0,78.0,88.0,89.0,17.6,59.5
1604454773,74.0,78.0,88.0,89.0,17.7,59.6
1604454774,74.0,78.0,87.0,89.0,17.7,59.6
1604454775,74.0,78.0,87.0,89.0,17.7,59.6
1604454776,74.0,78.0,87.0,89.0,17.7,59.6
1604454777,74.0,78.0,87.0,88.0,17.7,59.6
1604454778,74.0,77.0,87.0,88.0,17.7,59.6
1604454779,74.0,77.0,87.0,88.0,17.7,59.6
1604454780,74.0,77.0,88.0,88.0,17.7,59.6
1604454781,74.0,77.0,88.0,88.0,17.7,59.6
1604454782,75.0,76.0,88.0,88.0,17.7,59.6
1604454783,75.0,76.0,89.0,88.0,17.7,59.6
1604454784,75.0,75.0,89.0,88.0,17.7,59.6
1604454785,75.0,75.0,90.0,89.0,17.7,59.6
1604454786,74.0,75.0,90.0,90.0,17.7,59.6
1604454787,74.0,76.0,90.0,90.0,17.7,59.6
1604454788,73.0,76.0,90.0,90.0,17.7,59.6
1604454789,73.0,76.0,90.0,90.0,17.7,59.6
1604454790,73.0,76.0,89.0,90.0,17.7,59.6
1604454791,72.0,76.0,89.0,90.0,17.7,59.6
1604454792,72.0,77.0,89.0,89.0,17.7,59.6
1604454793,72.0,77.0,89.0,89.0,17.7,59.5
1604454794,71.0,77.0,89.0,88.0,17.7,59.5
1604454795,71.0,78.0,89.0,88.0,17.7,59.5
1604454796,71.0,78.0,89.0,88.0,17.7,59.5
1604454797,71.0,78.0,89.0,88.0,17.7,59.5
1604454798,71.0,78.0,89.0,88.0,17.7,59.5
1604454799,72.0,78.0,89.0,87.0,17.7,59.5
1604454800,72.0,78.0,89.0,87.0,17.7,59.5
1604454801,72.0,78.0,89.0,87.0,17.7,59.5
1604454802,72.0,78.0,89.0,87.0,17.7,59.5
1604454803,72.0,78.0,89.0,87.0,17.7,59.5
1604454804,72.0,78.0,89.0,87.0,17.7,59.5
1604454805,72.0,78.0,89.0,87.0,17.7,59.5
1604454806,73.0,78.0,89.0,87.0,17.7,59.5
1604454807,72.0,78.0,89.0,87.0,17.7,59.5
1604454808,72.0,78.0,89.0,86.0,17.7,59.5
1604454809,72.0,78.0,89.0,86.0,17.7,59.5
1604454810,71.0,78.0,89.0,86.0,17.7,59.5
1604454811,71.0,78.0,89.0,87.0,17.7,59.5
1604454812,71.0,78.0,89.0,87.0,17.7,59.5
1604454813,70.5,78.0,88.5,87.0,17.7,59.45
1604454814,70.0,78.0,88.0,87.0,17.7,59.4
1604454815,70.0,78.0,88.0,87.0,17.7,59.4
1604454816,70.0,77.0,88.0,88.0,17.7,59.4
1604454817,70.0,77.0,88.0,89.0,17.7,59.4
1604454818,70.0,77.0,88.0,90.0,17.7,59.4
1604454819,70.0,77.0,88.0,90.0,17.7,59.4
1604454820,71.0,77.0,88.0,90.0,17.7,59.4
1604454821,71.0,77.0,88.0,91.0,17.7,59.4
1604454822,72.0,77.0,88.0,91.0,17.7,59.4
1604454823,72.0,77.0,88.0,92.0,17.7,59.4
1604454824,73.0,77.0,88.0,92.0,17.6,59.3
1604454825,73.0,77.0,88.0,92.0,17.6,59.3
1604454826,73.0,77.0,88.0,92.0,17.6,59.3
1604454827,74.0,78.0,88.0,91.0,17.6,59.3
1604454828,73.875,78.0,88.0,91.0,17.6,59.3
1604454829,73.75,78.0,88.0,91.0,17.6,59.3
1604454830,73.625,78.0,88.0,91.0,17.6,59.3
1604454831,73.5,78.0,88.0,91.0,17.6,59.3
1604454832,73.375,78.0,88.0,91.0,17.6,59.3
1604454833,73.25,78.0,88.0,91.0,17.6,59.3
1604454834,73.125,78.0,88.0,91.0,17.6,59.3
1604454835,73.0,78.0,88.0,91.0,17.6,59.3
1604454836,73.0,79.0,87.0,91.0,17.6,59.2
1604454837,73.0,79.0,87.0,90.0,17.6,59.2
1604454838,72.0,79.0,87.0,90.0,17.6,59.2
1604454839,72.0,79.0,87.0,90.0,17.6,59.2
1604454840,72.0,79.0,87.0,89.0,17.6,59.2
1604454841,72.0,79.0,87.0,89.0,17.6,59.2
1604454842,72.0,79.0,87.0,89.0,17.6,59.2
1604454843,71.0,79.0,87.0,88.0,17.6,59.2
1604454844,71.0,78.0,88.0,88.0,17.6,59.2
1604454845,71.0,78.0,89.0,88.0,17.6,59.2
1604454846,71.0,77.0,89.0,88.0,17.6,59.2
1604454847,71.0,77.0,90.0,88.0,17.6,59.2
1604454848,71.0,77.0,90.0,87.0,17.6,59.2
1604454849,72.0,77.0,90.0,87.0,17.6,59.2
1604454850,72.0,77.0,91.0,87.0,17.6,59.2
1604454851,72.0,77.0,91.0,88.0,17.7,59.3
1604454852,72.0,77.0,91.0,88.0,17.7,59.3
1604454853,72.0,77.0,91.0,88.0,17.7,59.3
1604454854,72.0,78.0,91.0,88.0,17.7,59.3
1604454855,72.0,79.0,90.0,88.0,17.7,59.3
1604454856,72.0,79.0,90.0,88.0,17.6,59.2
1604454857,72.0,79.0,90.0,89.0,17.6,59.2
1604454858,72.0,79.0,89.0,90.0,17.6,59.2
1604454859,72.0,79.0,89.0,90.0,17.6,59.2
1604454860,72.0,79.0,89.0,90.0,17.6,59.2
1604454861,72.0,79.0,89.0,90.0,17.6,59.2
1604454862,72.0,79.0,88.0,90.0,17.6,59.2
1604454863,72.0,79.0,87.0,90.0,17.6,59.2
1604454864,72.0,78.0,87.0,90.0,17.6,59.2
1604454865,72.0,78.0,87.0,90.0,17.6,59.2
1604454866,73.0,78.0,87.0,90.0,17.6,59.2
1604454867,73.0,78.0,87.0,90.0,17.6,59.2
1604454868,73.0,78.0,87.0,90.0,17.6,59.2
1604454869,73.0,78.0,87.0,90.0,17.6,59.2
1604454870,73.0,78.0,87.0,89.0,17.6,59.2
1604454871,74.0,78.0,88.0,89.0,17.6,59.2
1604454872,74.0,78.0,88.0,89.0,17.6,59.2
1604454873,74.0,78.0,88.0,89.0,17.6,59.2
1604454874,74.0,78.0,88.0,88.0,17.6,59.2
1604454875,74.0,78.0,88.0,88.0,17.6,59.2
1604454876,74.0,78.0,88.0,88.0,17.7,59.3
1604454877,73.0,78.0,87.0,87.0,17.7,59.3
1604454878,73.0,78.0,87.0,87.0,17.7,59.3
1604454879,73.0,77.0,87.0,87.0,17.7,59.3
1604454880,73.0,77.0,86.0,87.0,17.7,59.3
1604454881,72.0,76.0,86.0,87.0,17.6,59.3
1604454882,72.0,76.0,86.0,88.0,17.6,59.3
1604454883,72.0,76.0,86.0,88.0,17.6,59.3
1604454884,71.0,77.0,86.0,89.0,17.6,59.3
1604454885,71.0,77.0,85.0,89.0,17.6,59.3
1604454886,71.0,77.0,86.0,90.0,17.6,59.3
1604454887,71.0,78.0,86.0,90.0,17.6,59.3
1604454888,71.0,79.0,86.0,92.0,17.6,59.3
1604454889,71.0,80.0,86.0,92.0,17.6,59.3
1604454890,71.0,81.0,86.0,92.0,17.6,59.3
1604454891,71.0,82.0,85.0,93.0,17.6,59.3
1604454892,71.0,82.0,85.0,93.0,17.6,59.3
1604454893,71.0,82.0,85.0,93.0,17.6,59.3
1604454894,70.0,83.0,85.0,93.0,17.6,59.3
1604454895,70.0,83.0,86.0,92.0,17.6,59.3
1604454896,70.0,83.0,89.0,92.0,17.6,59.3
1604454897,70.0,82.0,90.0,91.0,17.6,59.3
1604454898,70.0,81.0,90.0,91.0,17.6,59.3
1604454899,70.0,81.0,90.0,91.0,17.6,59.3
1604454900,70.0,80.0,90.0,91.0,17.6,59.3
1604454901,69.0,79.0,90.0,90.0,17.6,59.3
1604454902,69.0,79.0,90.0,89.0,17.6,59.3
1604454903,69.0,78.0,89.0,89.0,17.6,59.3
1604454904,69.0,77.0,89.0,89.0,17.6,59.3
1604454905,70.0,77.0,89.0,89.0,17.6,59.3
1604454906,70.0,76.0,88.0,89.0,17.6,59.3
1604454907,70.0,76.0,87.0,89.0,17.6,59.3
1604454908,71.0,76.0,87.0,88.0,17.6,59.3
1604454909,71.0,76.0,87.0,88.0,17.6,59.3
1604454910,71.0,77.0,87.0,88.0,17.6,59.3
1604454911,71.0,77.0,87.0,89.0,17.6,59.3
1604454912,72.0,77.0,87.0,89.0,17.6,59.3
1604454913,72.0,78.0,87.0,88.0,17.6,59.3
1604454914,72.0,78.0,88.0,88.0,17.6,59.3
1604454915,72.0,78.0,88.0,88.0,17.6,59.3
1604454916,72.0,79.0,89.0,88.0,17.6,59.3
1604454917,72.0,79.0,89.0,88.0,17.6,59.3
1604454918,72.0,79.0,89.0,88.0,17.6,59.3
1604454919,71.0,79.0,89.0,88.0,17.6,59.3
1604454920,71.0,79.0,89.0,88.0,17.6,59.3
1604454921,71.0,79.0,89.0,88.0,17.6,59.5
1604454922,70.0,79.0,89.0,88.0,17.6,59.5
1604454923,69.0,78.0,88.0,88.0,17.6,59.5
1604454924,69.0,78.0,88.0,88.0,17.6,59.5
1604454925,69.0,77.0,87.0,87.0,17.6,59.5
1604454926,68.0,77.0,87.0,87.0,17.5,59.2
1604454927,68.0,77.0,86.0,87.0,17.5,59.2
1604454928,67.0,77.0,86.0,87.0,17.5,59.2
1604454929,67.0,77.0,86.0,86.0,17.5,59.2
1604454930,67.0,77.0,86.0,89.0,17.5,59.2
1604454931,67.0,77.0,85.0,89.0,17.6,59.3
1604454932,67.0,77.0,85.0,89.0,17.6,59.3
1604454933,68.0,78.0,85.0,89.0,17.6,59.3
1604454934,68.0,78.0,85.0,88.0,17.6,59.3
1604454935,68.0,78.0,85.0,88.0,17.6,59.3
1604454936,69.0,78.0,86.0,88.0,17.5,59.2
1604454937,69.0,79.0,86.0,87.0,17.5,59.2
1604454938,69.0,79.0,87.0,87.0,17.5,59.2
1604454939,70.0,79.0,87.0,87.0,17.5,59.2
1604454940,70.0,79.0,87.0,87.0,17.5,59.2
1604454941,70.0,79.0,88.0,87.0,17.5,59.3
1604454942,70.0,79.0,88.0,88.0,17.5,59.3
1604454943,70.0,78.0,88.0,89.0,17.5,59.3
1604454944,70.0,78.0,88.0,89.0,17.5,59.3
1604454945,70.0,78.0,87.0,90.0,17.5,59.3
1604454946,70.0,78.0,87.0,90.0,17.6,59.4
1604454947,70.0,78.0,86.0,90.0,17.6,59.4
1604454948,69.0,77.0,86.0,90.0,17.6,59.4
1604454949,69.0,77.0,86.0,90.0,17.6,59.4
1604454950,69.0,78.0,85.0,90.0,17.6,59.4
1604454951,69.0,78.0,85.0,90.0,17.6,59.3
1604454952,69.0,78.0,85.0,90.0,17.6,59.3
1604454953,69.0,78.0,85.0,90.0,17.6,59.3
1604454954,68.0,79.0,85.0,89.0,17.6,59.3
1604454955,68.0,79.0,85.0,89.0,17.6,59.3
1604454956,68.0,79.0,86.0,89.0,17.5,59.2
1604454957,68.0,79.0,86.0,89.0,17.5,59.2
1604454958,68.0,80.0,87.0,89.0,17.5,59.2
1604454959,68.0,80.0,87.0,89.0,17.5,59.2
1604454960,68.0,80.0,88.0,89.0,17.5,59.2
1604454961,68.0,80.0,89.0,89.0,17.5,59.2
1604454962,68.0,80.0,89.0,89.0,17.5,59.2
1604454963,68.0,80.0,90.0,90.0,17.5,59.2
1604454964,69.0,80.0,91.0,90.0,17.5,59.2
1604454965,69.0,80.0,91.0,90.0,17.5,59.2
1604454966,69.0,80.0,91.0,91.0,17.6,59.5
1604454967,70.0,80.0,92.0,91.0,17.6,59.5
1604454968,70.0,80.0,92.0,91.0,17.6,59.5
1604454969,70.0,80.0,92.0,91.0,17.6,59.5
1604454970,70.0,80.0,91.0,91.0,17.6,59.5
1604454971,70.0,80.0,91.0,92.0,17.6,59.4
1604454972,70.0,80.0,90.0,92.0,17.6,59.4
1604454973,71.0,80.0,89.0,92.0,17.6,59.4
1604454974,71.0,81.0,89.0,92.0,17.6,59.4
1604454975,72.0,81.0,88.0,92.0,17.6,59.4
1604454976,72.0,81.0,88.0,91.0,17.6,59.4
1604454977,72.0,82.0,87.0,91.0,17.6,59.4
1604454978,72.0,82.0,86.0,91.0,17.6,59.4
1604454979,72.0,83.0,86.0,91.0,17.6,59.4
1604454980,72.0,83.0,86.0,91.0,17.6,59.4
1604454981,72.0,81.0,86.0,92.0,17.6,59.3
1604454982,72.0,80.0,86.0,92.0,17.6,59.3
1604454983,72.0,80.0,86.0,92.0,17.6,59.3
1604454984,71.0,79.0,86.0,92.0,17.6,59.3
1604454985,71.0,79.0,86.0,92.0,17.6,59.3
1604454986,71.0,79.0,87.0,92.0,17.6,59.3
1604454987,71.0,79.0,87.0,92.0,17.6,59.3
1604454988,70.0,78.0,87.0,92.0,17.6,59.3
1604454989,70.0,78.0,87.0,92.0,17.6,59.3
1604454990,70.0,78.0,88.0,92.0,17.6,59.3
1604454991,71.0,79.0,89.0,92.0,17.6,59.3
1604454992,71.0,79.0,89.0,92.0,17.6,59.3
1604454993,71.0,79.0,90.0,91.0,17.6,59.3
1604454994,71.0,80.0,90.0,91.0,17.6,59.3
1604454995,71.0,80.0,90.0,91.0,17.6,59.3
1604454996,71.0,80.0,90.0,91.0,17.6,59.4
1604454997,71.0,81.0,90.0,90.0,17.6,59.4
1604454998,71.0,81.0,90.0,90.0,17.6,59.4
1604454999,70.0,81.0,90.0,90.0,17.6,59.4
1604455000,70.0,81.0,90.0,90.0,17.6,59.4
1604455001,70.0,81.0,90.0,89.0,17.6,59.3
1604455002,70.0,80.0,89.0,89.0,17.6,59.3
1604455003,70.0,80.0,89.0,89.0,17.6,59.3
1604455004,70.0,79.0,89.0,89.0,17.6,59.3
1604455005,70.0,78.0,88.0,89.0,17.6,59.3
1604455006,70.0,78.0,88.0,89.0,17.6,59.3
1604455007,70.0,78.0,88.0,89.0,17.6,59.3
1604455008,70.0,77.0,88.0,89.0,17.6,59.3
1604455009,70.0,76.0,88.0,89.0,17.6,59.3
1604455010,70.0,76.0,88.0,89.0,17.6,59.3
1604455011,70.0,76.0,88.0,89.0,17.6,59.3
1604455012,70.0,77.0,88.0,89.0,17.6,59.3
1604455013,70.0,77.0,88.0,90.0,17.6,59.3
1604455014,71.0,77.0,87.0,90.0,17.6,59.3
1604455015,71.0,77.0,87.0,90.0,17.6,59.3
1604455016,71.0,77.0,87.0,90.0,17.6,59.3
1604455017,72.0,77.0,87.0,90.0,17.6,59.3
1604455018,72.0,77.0,87.0,90.0,17.6,59.3
1604455019,73.0,77.0,87.0,90.0,17.6,59.3
1604455020,73.0,77.0,87.0,90.0,17.6,59.3
1604455021,74.0,77.0,87.0,90.0,17.6,59.3
1604455022,74.0,77.0,88.0,89.0,17.6,59.3
1604455023,74.0,77.0,88.0,89.0,17.6,59.3
1604455024,74.0,77.0,88.0,88.0,17.6,59.3
1604455025,74.0,78.0,88.0,88.0,17.6,59.3
1604455026,74.0,78.0,88.0,88.0,17.6,59.4
1604455027,73.0,79.0,87.0,87.0,17.6,59.4
1604455028,73.0,79.0,87.0,87.0,17.6,59.4
1604455029,72.0,79.0,86.0,87.0,17.6,59.4
1604455030,72.0,79.0,86.0,86.0,17.6,59.4
1604455031,71.0,80.0,86.0,86.0,17.6,59.3
1604455032,71.11111111111111,80.0,85.88888888888889,86.11111111111111,17.6,59.3
1604455033,71.22222222222223,80.0,85.77777777777777,86.22222222222223,17.6,59.3
1604455034,71.33333333333333,80.0,85.66666666666667,86.33333333333333,17.6,59.3
1604455035,71.44444444444444,80.0,85.55555555555556,86.44444444444444,17.6,59.3
1604455036,71.55555555555556,80.0,85.44444444444444,86.55555555555556,17.6,59.3
1604455037,71.66666666666667,80.0,85.33333333333333,86.66666666666667,17.6,59.3
1604455038,71.77777777777777,80.0,85.22222222222223,86.77777777777777,17.6,59.3
1604455039,71.88888888888889,80.0,85.11111111111111,86.88888888888889,17.6,59.3
1604455040,72.0,80.0,85.0,87.0,17.6,59.3
1604455041,73.0,80.0,85.0,87.0,17.6,59.3
1604455042,73.0,80.0,85.0,87.0,17.6,59.3
1604455043,73.0,80.0,84.0,87.0,17.6,59.3
1604455044,72.0,79.0,84.0,87.0,17.6,59.3
1604455045,72.0,79.0,85.0,88.0,17.6,59.3
1604455046,72.0,79.0,85.0,89.0,17.6,59.3
1604455047,72.0,78.0,85.0,89.0,17.6,59.3
1604455048,72.0,78.0,86.0,90.0,17.6,59.3
1604455049,72.0,77.0,86.0,90.0,17.6,59.4
1604455050,72.0,77.0,87.0,90.0,17.6,59.4
1604455051,71.0,77.0,88.0,90.0,17.6,59.4
1604455052,72.0,76.0,88.0,90.0,17.6,59.4
1604455053,72.0,76.0,89.0,90.0,17.6,59.4
1604455054,72.0,76.0,89.0,89.0,17.6,59.4
1604455055,73.0,77.0,90.0,89.0,17.6,59.4
1604455056,73.0,76.0,90.0,89.0,17.6,59.4
1604455057,73.0,76.0,91.0,89.0,17.6,59.4
1604455058,73.0,76.0,91.0,88.0,17.6,59.4
1604455059,73.0,77.0,92.0,88.0,17.6,59.4
1604455060,73.0,77.0,92.0,88.0,17.6,59.4
1604455061,73.0,77.0,92.0,88.0,17.6,59.4
1604455062,73.0,77.0,92.0,88.0,17.6,59.4
1604455063,73.0,77.0,92.0,88.0,17.6,59.4
1604455064,73.0,76.0,92.0,89.0,17.6,59.4
1604455065,72.0,76.0,91.0,89.0,17.6,59.4
1604455066,72.0,76.0,91.0,89.0,17.6,59.4
1604455067,72.0,76.0,90.0,89.0,17.6,59.4
1604455068,72.0,76.0,90.0,89.0,17.6,59.4
1604455069,72.0,75.0,89.0,89.0,17.6,59.4
1604455070,72.0,76.0,89.0,89.0,17.6,59.4
1604455071,72.0,76.0,88.0,89.0,17.6,59.4
1604455072,72.0,76.0,88.0,90.0,17.6,59.4
1604455073,73.0,76.0,87.0,89.0,17.6,59.4
1604455074,73.0,77.0,87.0,89.0,17.6,59.5
1604455075,74.0,77.0,88.0,89.0,17.6,59.5
1604455076,74.0,77.0,88.0,89.0,17.6,59.5
1604455077,74.0,77.0,88.0,89.0,17.6,59.5
1604455078,74.0,77.0,89.0,89.0,17.6,59.5
1604455079,74.0,78.0,90.0,89.0,17.6,59.4
1604455080,74.0,78.0,90.0,89.0,17.6,59.4
1604455081,74.0,78.0,91.0,89.0,17.6,59.4
1604455082,74.0,77.0,91.0,89.0,17.6,59.4
1604455083,74.0,77.0,91.0,89.0,17.6,59.4
1604455084,73.0,77.0,91.0,89.0,17.6,59.4
1604455085,73.0,77.0,90.0,89.0,17.6,59.4
1604455086,74.0,77.0,90.0,89.0,17.6,59.4
1604455087,74.0,77.0,89.0,89.0,17.6,59.4
1604455088,74.0,77.0,88.0,89.0,17.6,59.4
1604455089,75.0,77.0,87.0,88.0,17.6,59.4
1604455090,75.0,78.0,87.0,88.0,17.6,59.4
1604455091,76.0,78.0,86.0,88.0,17.6,59.4
1604455092,76.0,78.0,85.0,88.0,17.6,59.4
1604455093,76.0,79.0,85.0,88.0,17.6,59.4
1604455094,77.0,79.0,85.0,88.0,17.6,59.4
1604455095,77.0,79.0,86.0,88.0,17.6,59.4
1604455096,77.0,80.0,86.0,88.0,17.6,59.4
1604455097,77.0,80.0,87.0,87.0,17.6,59.4
1604455098,77.0,80.0,87.0,87.0,17.6,59.4
1604455099,77.0,81.0,88.0,87.0,17.6,59.4
1604455100,77.0,81.0,88.0,87.0,17.6,59.4
1604455101,77.0,81.0,89.0,87.0,17.6,59.4
1604455102,77.0,81.0,89.0,87.0,17.6,59.4
1604455103,77.0,81.0,89.0,87.0,17.6,59.4
1604455104,76.0,81.0,89.0,87.0,17.6,59.4
1604455105,76.0,81.0,89.0,87.0,17.6,59.4
1604455106,76.0,81.0,89.0,87.0,17.6,59.4
1604455107,76.0,80.0,89.0,87.0,17.6,59.4
1604455108,76.0,80.0,89.0,87.0,17.6,59.4
1604455109,75.0,80.0,89.0,87.0,17.6,59.3
1604455110,75.0,79.0,89.0,87.0,17.6,59.3
1604455111,75.0,79.0,88.0,87.0,17.6,59.3
1604455112,75.0,79.0,87.0,87.0,17.6,59.3
1604455113,75.0,79.0,87.0,87.0,17.6,59.3
1604455114,75.0,79.0,87.0,86.0,17.6,59.3
1604455115,74.0,79.0,86.0,86.0,17.6,59.3
1604455116,74.0,79.0,85.0,86.0,17.6,59.3
1604455117,74.0,79.0,85.0,86.0,17.6,59.3
1604455118,74.0,80.0,85.0,86.0,17.6,59.3
1604455119,74.0,80.0,85.0,86.0,17.6,59.3
1604455120,73.0,81.0,85.0,86.0,17.6,59.3
1604455121,73.0,81.0,85.0,86.0,17.6,59.3
1604455122,73.0,81.0,85.0,87.0,17.6,59.3
1604455123,74.0,81.0,86.0,87.0,17.6,59.3
1604455124,74.0,81.0,87.0,87.0,17.6,59.3
1604455125,74.0,81.0,88.0,87.0,17.6,59.3
1604455126,74.0,81.0,88.0,87.0,17.6,59.3
1604455127,74.0,81.0,89.0,88.0,17.6,59.3
1604455128,74.0,81.0,90.0,88.0,17.6,59.3
1604455129,74.0,80.0,91.0,88.0,17.6,59.3
1604455130,74.0,80.0,91.0,89.0,17.6,59.3
1604455131,74.0,80.0,91.0,89.0,17.6,59.3
1604455132,74.0,80.0,91.0,89.0,17.6,59.3
1604455133,74.0,80.0,92.0,89.0,17.6,59.3
1604455134,74.0,79.0,92.0,90.0,17.6,59.3
1604455135,74.0,79.0,92.0,90.0,17.6,59.3
1604455136,74.0,79.0,92.0,90.0,17.6,59.3
1604455137,74.0,79.0,92.0,89.0,17.6,59.3
1604455138,74.0,79.0,91.0,89.0,17.6,59.3
1604455139,74.0,79.0,91.0,89.0,17.5,59.2
1604455140,74.0,79.0,91.0,89.0,17.5,59.2
1604455141,75.0,79.0,90.0,88.0,17.5,59.2
1604455142,75.0,79.0,90.0,88.0,17.5,59.2
1604455143,75.0,79.0,89.0,87.0,17.5,59.2
1604455144,75.0,79.0,89.0,87.0,17.5,59.2
1604455145,75.0,79.0,89.0,87.0,17.5,59.2
1604455146,75.0,79.0,88.0,86.0,17.5,59.2
1604455147,75.0,79.0,88.0,86.0,17.5,59.2
1604455148,75.0,79.0,88.0,86.0,17.5,59.2
1604455149,75.0,79.0,88.0,86.0,17.5,59.2
1604455150,76.0,79.0,88.0,86.0,17.5,59.2
1604455151,76.0,78.0,87.0,86.0,17.5,59.2
1604455152,76.0,78.0,87.0,85.0,17.5,59.2
1604455153,76.0,79.0,88.0,85.0,17.5,59.2
1604455154,76.0,79.0,88.0,86.0,17.5,59.2
1604455155,76.0,78.0,88.0,86.0,17.5,59.2
1604455156,76.0,78.0,89.0,86.0,17.5,59.2
1604455157,77.0,78.0,89.0,86.0,17.5,59.2
1604455158,77.0,78.0,89.0,86.0,17.5,59.2
1604455159,77.0,78.0,89.0,87.0,17.6,59.3
1604455160,77.0,78.0,89.0,87.0,17.6,59.3
1604455161,77.0,78.0,89.0,88.0,17.6,59.3
1604455162,77.0,78.0,88.0,87.0,17.6,59.3
1604455163,77.0,78.0,88.0,87.0,17.6,59.3
1604455164,77.0,78.0,88.0,87.0,17.6,59.3
1604455165,76.0,78.0,87.0,87.0,17.6,59.3
1604455166,76.0,78.0,87.0,87.0,17.6,59.3
1604455167,75.0,78.0,86.0,87.0,17.6,59.3
1604455168,74.0,78.0,86.0,87.0,17.6,59.3
1604455169,73.0,78.0,86.0,87.0,17.6,59.3
1604455170,73.0,78.0,85.0,87.0,17.6,59.3
1604455171,72.0,78.0,85.0,88.0,17.6,59.3
1604455172,72.0,78.0,84.0,88.0,17.6,59.3
1604455173,72.0,78.0,84.0,88.0,17.6,59.3
1604455174,71.0,78.0,83.0,88.0,17.6,59.3
1604455175,71.0,78.0,83.0,89.0,17.6,59.3
1604455176,71.0,78.0,82.0,89.0,17.6,59.3
1604455177,71.0,78.0,82.0,89.0,17.6,59.3
1604455178,72.0,78.0,82.0,89.0,17.6,59.3
1604455179,72.0,78.0,82.0,89.0,17.6,59.3
1604455180,73.0,78.0,82.0,90.0,17.6,59.3
1604455181,73.0,78.0,82.0,90.0,17.6,59.3
1604455182,73.11538461538461,78.0,82.03846153846153,90.0,17.6,59.3
1604455183,73.23076923076923,78.0,82.07692307692308,90.0,17.6,59.3
1604455184,73.34615384615384,78.0,82.11538461538461,90.0,17.6,59.3
1604455185,73.46153846153847,78.0,82.15384615384616,90.0,17.6,59.3
1604455186,73.57692307692308,78.0,82.1923076923077,90.0,17.6,59.3
1604455187,73.6923076923077,78.0,82.23076923076923,90.0,17.6,59.3
1604455188,73.8076923076923,78.0,82.26923076923077,90.0,17.6,59.3
1604455189,73.92307692307692,78.0,82.3076923076923,90.0,17.6,59.3
1604455190,74.03846153846153,78.0,82.34615384615384,90.0,17.6,59.3
1604455191,74.15384615384616,78.0,82.38461538461539,90.0,17.6,59.3
1604455192,74.26923076923077,78.0,82.42307692307692,90.0,17.6,59.3
1604455193,74.38461538461539,78.0,82.46153846153847,90.0,17.6,59.3
1604455194,74.5,78.0,82.5,90.0,17.6,59.3
1604455195,74.61538461538461,78.0,82.53846153846153,90.0,17.6,59.3
1604455196,74.73076923076923,78.0,82.57692307692308,90.0,17.6,59.3
1604455197,74.84615384615384,78.0,82.61538461538461,90.0,17.6,59.3
1604455198,74.96153846153847,78.0,82.65384615384616,90.0,17.6,59.3
1604455199,75.07692307692308,78.0,82.6923076923077,90.0,17.6,59.3
1604455200,75.1923076923077,78.0,82.73076923076923,90.0,17.6,59.3
1604455201,75.3076923076923,78.0,82.76923076923077,90.0,17.6,59.3
1604455202,75.42307692307692,78.0,82.8076923076923,90.0,17.6,59.3
1604455203,75.53846153846153,78.0,82.84615384615384,90.0,17.6,59.3
1604455204,75.65384615384616,78.0,82.88461538461539,90.0,17.6,59.3
1604455205,75.76923076923077,78.0,82.92307692307692,90.0,17.6,59.3
1604455206,75.88461538461539,78.0,82.96153846153847,90.0,17.6,59.3
1604455207,76.0,78.0,83.0,90.0,17.6,59.3
1604455208,76.0,78.0,83.0,90.0,17.6,59.3
1604455209,76.0,78.0,83.0,90.0,17.6,59.3
1604455210,76.0,78.0,83.0,90.0,17.6,59.3
1604455211,76.0,78.0,85.0,90.0,17.6,59.3
1604455212,76.0,78.0,86.0,89.0,17.6,59.3
1604455213,76.0,78.0,87.0,89.0,17.6,59.3
1604455214,76.0,78.0,88.0,89.0,17.6,59.2
1604455215,76.0,78.0,89.0,89.0,17.6,59.2
1604455216,76.0,78.0,89.0,88.0,17.6,59.2
1604455217,75.0,78.0,89.0,89.0,17.6,59.2
1604455218,75.0,78.0,90.0,89.0,17.6,59.2
1604455219,75.0,79.0,90.0,89.0,17.6,59.2
1604455220,74.0,79.0,89.0,90.0,17.6,59.2
1604455221,73.0,79.0,89.0,90.0,17.6,59.2
1604455222,73.0,80.0,89.0,91.0,17.6,59.2
1604455223,73.0,81.0,89.0,91.0,17.6,59.2
1604455224,72.0,81.0,88.0,92.0,17.6,59.2
1604455225,72.0,81.0,87.0,92.0,17.6,59.2
1604455226,72.0,82.0,87.0,92.0,17.6,59.2
1604455227,72.0,82.0,87.0,92.0,17.6,59.2
1604455228,73.0,82.0,86.0,92.0,17.6,59.2
1604455229,73.0,82.0,86.0,91.0,17.6,59.3
1604455230,73.0,82.0,86.0,91.0,17.6,59.3
1604455231,74.0,82.0,86.0,90.0,17.6,59.3
1604455232,75.0,82.0,86.0,90.0,17.6,59.3
1604455233,75.0,82.0,86.0,90.0,17.6,59.3
1604455234,75.0,82.0,86.0,89.0,17.6,59.3
1604455235,75.0,81.0,85.0,89.0,17.6,59.3
1604455236,75.0,81.0,86.0,89.0,17.6,59.3
1604455237,75.0,82.0,86.0,90.0,17.6,59.3
1604455238,76.0,82.0,86.0,90.0,17.6,59.3
1604455239,75.0,82.0,86.0,90.0,17.6,59.3
1604455240,75.0,82.0,87.0,90.0,17.6,59.3
1604455241,75.0,82.0,87.0,90.0,17.6,59.3
1604455242,75.0,82.0,87.0,90.0,17.6,59.3
1604455243,75.0,82.0,87.0,90.0,17.6,59.3
1604455244,75.0,82.0,87.0,91.0,17.6,59.3
1604455245,75.0,82.0,88.0,91.0,17.6,59.4
1604455246,75.0,82.0,88.0,92.0,17.6,59.4
1604455247,75.0,82.0,88.0,92.0,17.6,59.4
1604455248,75.0,81.0,89.0,92.0,17.6,59.4
1604455249,75.0,81.0,89.0,92.0,17.6,59.4
1604455250,75.0,81.0,89.0,92.0,17.6,59.4
1604455251,75.0,81.0,89.0,92.0,17.6,59.4
1604455252,75.0,81.0,89.0,92.0,17.6,59.4
1604455253,75.0,81.0,89.0,92.0,17.6,59.4
1604455254,75.0,81.0,89.0,92.0,17.6,59.4
1604455255,75.0,81.0,89.0,92.0,17.6,59.4
1604455256,75.0,81.0,89.0,91.0,17.6,59.4
1604455257,75.0,81.0,88.0,92.0,17.6,59.4
1604455258,75.0,81.0,87.0,92.0,17.6,59.4
1604455259,75.0,81.0,86.0,92.0,17.6,59.4
1604455260,75.0,81.0,86.0,92.0,17.6,59.5
1604455261,75.0,81.0,86.0,92.0,17.6,59.5
1604455262,75.0,81.0,86.0,93.0,17.6,59.5
1604455263,75.0,80.0,86.0,93.0,17.6,59.5
1604455264,75.0,80.0,86.0,93.0,17.6,59.5
1604455265,75.0,80.0,86.0,93.0,17.7,59.6
1604455266,75.0,80.0,87.0,93.0,17.7,59.6
1604455267,75.0,80.0,87.0,93.0,17.7,59.6
1604455268,76.0,80.0,88.0,93.0,17.7,59.6
1604455269,76.0,80.0,88.0,93.0,17.7,59.6
1604455270,76.0,80.0,89.0,92.0,17.6,59.5
1604455271,76.0,80.0,89.0,92.0,17.6,59.5
1604455272,77.0,80.0,89.0,92.0,17.6,59.5
1604455273,77.0,80.0,90.0,91.0,17.6,59.5
1604455274,77.0,80.0,90.0,91.0,17.6,59.5
1604455275,78.0,80.0,90.0,91.0,17.7,59.5
1604455276,78.0,80.0,90.0,91.0,17.7,59.5
1604455277,77.0,79.0,91.0,90.0,17.7,59.5
1604455278,77.0,79.0,91.0,90.0,17.7,59.5
1604455279,77.0,78.0,91.0,90.0,17.7,59.5
1604455280,76.0,77.0,91.0,89.0,17.6,59.5
1604455281,76.0,77.0,91.0,89.0,17.6,59.5
1604455282,76.0,77.0,91.0,89.0,17.6,59.5
1604455283,76.0,77.0,91.0,89.0,17.6,59.5
1604455284,75.0,77.0,91.0,89.0,17.6,59.5
1604455285,75.0,77.0,91.0,89.0,17.6,59.4
1604455286,75.0,77.0,91.0,89.0,17.6,59.4
1604455287,75.0,77.0,91.0,90.0,17.6,59.4
1604455288,75.0,77.0,91.0,90.0,17.6,59.4
1604455289,75.0,78.0,91.0,90.0,17.6,59.4
1604455290,75.0,79.0,90.0,91.0,17.7,59.4
1604455291,75.0,79.0,90.0,91.0,17.7,59.4
1604455292,76.0,79.0,90.0,91.0,17.7,59.4
1604455293,76.0,79.0,90.0,92.0,17.7,59.4
1604455294,76.0,80.0,89.0,92.0,17.7,59.4
1604455295,76.0,80.0,88.0,92.0,17.6,59.3
1604455296,77.0,80.0,88.0,92.0,17.6,59.3
1604455297,77.0,80.0,87.0,92.0,17.6,59.3
1604455298,77.0,81.0,86.0,92.0,17.6,59.3
1604455299,77.0,81.0,85.0,92.0,17.6,59.3
1604455300,77.0,81.0,85.0,93.0,17.7,59.3
1604455301,77.0,81.0,84.0,93.0,17.7,59.3
1604455302,76.0,81.0,84.0,93.0,17.7,59.3
1604455303,76.0,81.0,84.0,93.0,17.7,59.3
1604455304,76.0,81.0,83.0,93.0,17.7,59.3
1604455305,75.0,81.0,83.0,94.0,17.7,59.2
1604455306,75.0,81.0,84.0,94.0,17.7,59.2
1604455307,74.0,81.0,84.0,95.0,17.7,59.2
1604455308,74.0,81.0,84.0,95.0,17.7,59.2
1604455309,73.0,81.0,85.0,95.0,17.7,59.2
1604455310,73.0,80.0,86.0,94.0,17.7,59.2
1604455311,73.0,80.0,86.0,94.0,17.7,59.2
1604455312,73.0,80.0,87.0,94.0,17.7,59.2
1604455313,73.0,80.0,87.0,93.0,17.7,59.2
1604455314,73.0,79.0,88.0,93.0,17.7,59.2
1604455315,73.0,79.0,88.0,93.0,17.7,59.2
1604455316,73.0,79.0,88.0,92.0,17.7,59.2
1604455317,73.0,79.0,88.0,92.0,17.7,59.2
1604455318,73.0,79.0,88.0,92.0,17.7,59.2
1604455319,74.0,80.0,88.0,92.0,17.7,59.2
1604455320,74.0,80.0,88.0,92.0,17.7,59.1
1604455321,74.0,80.0,88.0,92.0,17.7,59.1
1604455322,74.0,80.0,88.0,92.0,17.7,59.1
1604455323,75.0,81.0,88.0,93.0,17.7,59.1
1604455324,75.0,81.0,88.0,93.0,17.7,59.1
1604455325,75.0,81.0,88.0,93.0,17.6,59.1
1604455326,75.0,82.0,88.0,93.0,17.6,59.1
1604455327,76.0,82.0,88.0,93.0,17.6,59.1
1604455328,76.0,82.0,87.0,93.0,17.6,59.1
1604455329,76.0,82.0,87.0,93.0,17.6,59.1
1604455330,76.0,82.0,87.0,93.0,17.7,59.1
1604455331,76.0,82.0,86.0,93.0,17.7,59.1
1604455332,76.0,82.0,86.0,93.0,17.7,59.1
1604455333,76.0,82.0,87.0,93.0,17.7,59.1
1604455334,75.0,82.0,87.0,93.0,17.7,59.1
1604455335,75.0,82.0,88.0,92.0,17.7,59.3
1604455336,74.0,81.0,88.0,92.0,17.7,59.3
1604455337,73.0,81.0,89.0,92.0,17.7,59.3
1604455338,73.0,81.0,90.0,91.0,17.7,59.3
1604455339,72.0,80.0,91.0,91.0,17.7,59.3
1604455340,71.0,80.0,92.0,90.0,17.7,59.1
1604455341,71.0,80.0,92.0,90.0,17.7,59.1
1604455342,70.0,79.0,92.0,90.0,17.7,59.1
1604455343,70.0,79.0,93.0,90.0,17.7,59.1
1604455344,70.0,78.0,92.0,90.0,17.7,59.1
1604455345,70.0,78.0,92.0,90.0,17.7,59.1
1604455346,70.0,77.0,91.0,90.0,17.7,59.1
1604455347,70.0,77.0,90.0,90.0,17.7,59.1
1604455348,70.0,77.0,90.0,91.0,17.7,59.1
1604455349,71.0,77.0,88.0,91.0,17.7,59.1
1604455350,72.0,77.0,88.0,91.0,17.6,59.0
1604455351,72.0,78.0,87.0,91.0,17.6,59.0
1604455352,72.0,78.0,86.0,92.0,17.6,59.0
1604455353,73.0,78.0,86.0,92.0,17.6,59.0
1604455354,73.0,78.0,86.0,92.0,17.6,59.0
1604455355,73.0,79.0,86.0,92.0,17.6,59.0
1604455356,73.0,79.0,86.0,92.0,17.6,59.0
1604455357,73.0,79.0,86.0,92.0,17.6,59.0
1604455358,73.0,79.0,87.0,92.0,17.6,59.0
1604455359,73.0,79.0,88.0,92.0,17.6,59.0
1604455360,73.0,80.0,88.0,92.0,17.7,59.1
1604455361,73.0,80.0,88.0,92.0,17.7,59.1
1604455362,73.0,79.0,88.0,92.0,17.7,59.1
1604455363,73.0,79.0,89.0,92.0,17.7,59.1
1604455364,73.0,79.0,89.0,93.0,17.7,59.1
1604455365,73.0,79.0,90.0,94.0,17.6,59.0
1604455366,73.0,79.0,90.0,94.0,17.6,59.0
1604455367,73.0,79.0,91.0,94.0,17.6,59.0
1604455368,73.0,79.0,91.0,94.0,17.6,59.0
1604455369,74.0,78.0,90.0,94.0,17.6,59.0
1604455370,74.0,78.0,90.0,94.0,17.6,59.0
1604455371,74.0,78.0,90.0,94.0,17.6,59.0
1604455372,74.0,78.0,90.0,94.0,17.6,59.0
1604455373,74.0,78.0,90.0,94.0,17.6,59.0
1604455374,74.0,79.0,90.0,94.0,17.6,59.0
1604455375,73.77777777777777,79.0,89.88888888888889,94.0,17.6,59.0
1604455376,73.55555555555556,79.0,89.77777777777777,94.0,17.6,59.0
1604455377,73.33333333333333,79.0,89.66666666666667,94.0,17.6,59.0
1604455378,73.11111111111111,79.0,89.55555555555556,94.0,17.6,59.0
1604455379,72.88888888888889,79.0,89.44444444444444,94.0,17.6,59.0
1604455380,72.66666666666667,79.0,89.33333333333333,94.0,17.6,59.0
1604455381,72.44444444444444,79.0,89.22222222222223,94.0,17.6,59.0
1604455382,72.22222222222223,79.0,89.11111111111111,94.0,17.6,59.0
1604455383,72.0,79.0,89.0,94.0,17.6,59.0
1604455384,71.0,79.0,88.0,94.0,17.6,59.0
1604455385,71.0,80.0,87.0,94.0,17.6,59.0
1604455386,71.0,80.0,87.0,94.0,17.6,59.0
1604455387,71.0,80.0,87.0,94.0,17.6,59.0
1604455388,71.0,81.0,86.0,94.0,17.6,59.0
1604455389,71.0,81.0,86.0,94.0,17.6,59.0
1604455390,70.0,81.0,86.0,95.0,17.6,59.0
1604455391,70.0,81.0,86.0,95.0,17.6,59.0
1604455392,70.0,81.0,86.0,95.0,17.6,59.0
1604455393,70.0,82.0,85.0,95.0,17.6,59.0
1604455394,70.0,82.0,85.0,95.0,17.6,59.0
1604455395,70.0,82.0,85.0,95.0,17.6,59.0
1604455396,70.0,83.0,85.0,95.0,17.6,59.0
1604455397,71.0,83.0,85.0,95.0,17.6,59.0
1604455398,71.0,84.0,85.0,95.0,17.7,59.1
1604455399,71.0,84.0,85.0,94.0,17.7,59.1
1604455400,72.0,85.0,85.0,94.0,17.7,59.1
1604455401,72.0,85.0,85.0,94.0,17.7,59.1
1604455402,73.0,85.0,85.0,94.0,17.7,59.1
1604455403,73.0,86.0,85.0,93.0,17.6,59.0
1604455404,74.0,86.0,86.0,93.0,17.6,59.0
1604455405,74.0,86.0,86.0,92.0,17.6,59.0
1604455406,74.0,85.0,86.0,92.0,17.6,59.0
1604455407,74.0,85.0,87.0,91.0,17.6,59.0
1604455408,74.0,85.0,87.0,91.0,17.6,59.0
1604455409,74.0,84.0,88.0,91.0,17.6,59.0
1604455410,74.0,83.0,88.0,91.0,17.6,59.0
1604455411,73.0,83.0,88.0,92.0,17.6,59.0
1604455412,73.0,82.0,89.0,92.0,17.6,59.0
1604455413,73.0,82.0,89.0,92.0,17.6,59.0
1604455414,72.0,81.0,89.0,92.0,17.6,59.0
1604455415,72.0,80.0,89.0,93.0,17.6,59.0
1604455416,72.0,80.0,89.0,93.0,17.6,59.0
1604455417,72.0,80.0,88.0,93.0,17.6,59.0
1604455418,72.0,80.0,88.0,93.0,17.6,59.0
1604455419,72.0,80.0,88.0,93.0,17.6,59.0
1604455420,72.0,80.0,88.0,93.0,17.6,59.0
1604455421,73.0,80.0,88.0,93.0,17.6,59.0
1604455422,73.0,81.0,87.0,93.0,17.6,59.0
1604455423,74.0,81.0,88.0,92.0,17.6,59.0
1604455424,74.0,81.0,88.0,92.0,17.6,59.0
1604455425,74.0,82.0,88.0,91.0,17.6,59.0
1604455426,75.0,82.0,88.0,91.0,17.6,59.0
1604455427,75.0,83.0,88.0,91.0,17.6,59.0
1604455428,76.0,84.0,88.0,91.0,17.6,59.0
1604455429,76.0,84.0,88.0,91.0,17.6,59.0
1604455430,77.0,83.0,88.0,92.0,17.6,59.0
1604455431,77.0,83.0,88.0,92.0,17.6,59.0
1604455432,77.0,83.0,88.0,92.0,17.6,59.0
1604455433,77.0,82.0,88.0,92.0,17.6,59.0
1604455434,77.0,82.0,88.0,93.0,17.6,59.0
1604455435,77.0,82.0,88.0,93.0,17.6,59.0
1604455436,76.0,81.0,88.0,93.0,17.6,59.0
1604455437,76.0,81.0,88.0,93.0,17.6,59.0
1604455438,76.0,81.0,88.0,93.0,17.5,58.9
1604455439,76.0,81.0,89.0,93.0,17.5,58.9
1604455440,75.0,81.0,89.0,94.0,17.5,58.9
1604455441,75.0,81.0,89.0,94.0,17.5,58.9
1604455442,75.0,82.0,89.0,94.0,17.5,58.9
1604455443,74.0,82.0,89.0,94.0,17.6,59.0
1604455444,74.0,82.0,89.0,93.0,17.6,59.0
1604455445,74.0,82.0,90.0,93.0,17.6,59.0
1604455446,74.0,82.0,90.0,93.0,17.6,59.0
1604455447,74.0,82.0,90.0,93.0,17.6,59.0
1604455448,74.0,82.0,90.0,93.0,17.6,59.0
1604455449,73.0,81.0,90.0,93.0,17.6,59.0
1604455450,73.0,81.0,90.0,92.0,17.6,59.0
1604455451,73.0,81.0,90.0,92.0,17.6,59.0
1604455452,73.0,81.0,91.0,92.0,17.6,59.0
1604455453,73.0,80.0,91.0,92.0,17.5,58.9
1604455454,72.0,80.0,91.0,92.0,17.5,58.9
1604455455,72.0,79.0,91.0,92.0,17.5,58.9
1604455456,72.0,79.0,91.0,92.0,17.5,58.9
1604455457,72.0,79.0,91.0,92.0,17.5,58.9
1604455458,72.0,79.0,91.0,91.0,17.6,59.0
1604455459,72.0,79.0,91.0,91.0,17.6,59.0
1604455460,72.0,79.0,91.0,90.0,17.6,59.0
1604455461,73.0,79.0,91.0,90.0,17.6,59.0
1604455462,73.0,79.0,91.0,90.0,17.6,59.0
1604455463,73.0,79.0,90.0,89.0,17.6,59.2
1604455464,74.0,79.0,90.0,89.0,17.6,59.2
1604455465,74.0,79.0,89.0,89.0,17.6,59.2
1604455466,75.0,79.0,89.0,88.0,17.6,59.2
1604455467,75.0,79.0,89.0,88.0,17.6,59.2
1604455468,75.0,79.0,89.0,87.0,17.5,58.9
1604455469,76.0,79.0,89.0,87.0,17.5,58.9
1604455470,76.0,80.0,89.0,87.0,17.5,58.9
1604455471,76.0,81.0,88.0,87.0,17.5,58.9
1604455472,76.0,82.0,89.0,87.0,17.5,58.9
1604455473,76.0,82.0,89.0,88.0,17.6,59.1
1604455474,76.0,83.0,89.0,88.0,17.6,59.1
1604455475,76.0,83.0,89.0,89.0,17.6,59.1
1604455476,76.0,84.0,91.0,89.0,17.6,59.1
1604455477,77.0,85.0,91.0,89.0,17.6,59.1
1604455478,76.0,85.0,92.0,89.0,17.6,59.3
1604455479,76.0,86.0,92.0,90.0,17.6,59.3
1604455480,76.0,86.0,92.0,91.0,17.6,59.3
1604455481,76.0,86.0,93.0,91.0,17.6,59.3
1604455482,76.0,87.0,93.0,91.0,17.6,59.3
1604455483,75.0,87.0,93.0,92.0,17.5,59.2
1604455484,76.0,87.0,93.0,92.0,17.5,59.2
1604455485,76.0,86.0,92.0,92.0,17.5,59.2
1604455486,76.0,86.0,92.0,92.0,17.5,59.2
1604455487,76.0,86.0,92.0,92.0,17.5,59.2
1604455488,77.0,85.0,92.0,92.0,17.5,59.2
1604455489,78.0,85.0,92.0,92.0,17.5,59.2
1604455490,78.0,85.0,91.0,92.0,17.5,59.2
1604455491,79.0,85.0,91.0,92.0,17.5,59.2
1604455492,80.0,84.0,90.0,91.0,17.5,59.2
1604455493,80.0,84.0,90.0,91.0,17.5,59.2
1604455494,81.0,84.0,89.0,90.0,17.5,59.2
1604455495,81.0,83.0,89.0,90.0,17.5,59.2
1604455496,81.0,83.0,88.0,89.0,17.5,59.2
1604455497,80.0,83.0,88.0,89.0,17.5,59.2
1604455498,80.0,83.0,88.0,89.0,17.5,59.3
1604455499,79.0,83.0,88.0,89.0,17.5,59.3
1604455500,78.0,82.0,88.0,89.0,17.5,59.3
1604455501,78.0,82.0,88.0,89.0,17.5,59.3
1604455502,77.0,82.0,88.0,89.0,17.5,59.3
1604455503,77.0,81.0,88.0,90.0,17.5,59.3
1604455504,77.0,81.0,88.0,90.0,17.5,59.3
1604455505,77.0,80.0,88.0,91.0,17.5,59.3
1604455506,76.0,80.0,89.0,91.0,17.5,59.3
1604455507,76.0,80.0,89.0,91.0,17.5,59.3
1604455508,76.0,80.0,90.0,91.0,17.5,59.3
1604455509,76.0,80.0,90.0,91.0,17.5,59.3
1604455510,76.0,80.0,90.0,92.0,17.5,59.3
1604455511,76.0,81.0,91.0,92.0,17.5,59.3
1604455512,76.0,81.0,91.0,91.0,17.5,59.3
1604455513,76.0,81.0,91.0,91.0,17.5,59.3
1604455514,76.0,81.0,91.0,90.0,17.5,59.3
1604455515,76.0,82.0,91.0,90.0,17.5,59.3
1604455516,76.0,82.0,90.0,89.0,17.5,59.3
1604455517,76.0,81.0,90.0,89.0,17.5,59.3
1604455518,76.0,81.0,90.0,89.0,17.5,59.4
1604455519,76.0,81.0,89.0,89.0,17.5,59.4
1604455520,76.0,81.0,88.0,89.0,17.5,59.4
1604455521,76.0,80.0,88.0,88.0,17.5,59.4
1604455522,76.0,80.0,88.0,88.0,17.5,59.4
1604455523,77.0,80.0,88.0,88.0,17.5,59.4
1604455524,77.0,80.0,87.0,88.0,17.5,59.4
1604455525,77.0,79.0,87.0,88.0,17.5,59.4
1604455526,77.0,79.0,87.0,89.0,17.5,59.4
1604455527,77.0,79.0,87.0,89.0,17.5,59.4
1604455528,77.0,79.0,88.0,89.0,17.5,59.4
1604455529,77.0,79.0,87.0,89.0,17.5,59.4
1604455530,77.0,79.0,87.0,89.0,17.5,59.4
1604455531,77.0,79.0,87.0,89.0,17.5,59.4
1604455532,76.0,79.0,87.0,89.0,17.5,59.4
1604455533,76.0,79.0,87.0,89.0,17.5,59.4
1604455534,75.0,79.0,88.0,89.0,17.5,59.4
1604455535,75.0,80.0,88.0,89.0,17.5,59.4
1604455536,74.0,80.0,88.0,89.0,17.5,59.4
1604455537,74.0,81.0,88.0,90.0,17.5,59.4
1604455538,73.0,82.0,89.0,90.0,17.5,59.4
1604455539,73.0,82.0,90.0,90.0,17.5,59.4
1604455540,73.0,83.0,90.0,90.0,17.5,59.4
1604455541,73.0,83.0,91.0,90.0,17.5,59.4
1604455542,73.0,85.0,91.0,90.0,17.5,59.4
1604455543,74.0,85.0,91.0,90.0,17.5,59.4
1604455544,74.0,85.0,91.0,90.0,17.5,59.4
1604455545,75.0,85.0,91.0,90.0,17.5,59.4
1604455546,75.0,85.0,91.0,90.0,17.5,59.4
1604455547,76.0,86.0,91.0,89.0,17.5,59.4
1604455548,76.0,86.0,91.0,89.0,17.6,59.6
1604455549,76.0,85.0,91.0,88.0,17.6,59.6
1604455550,76.0,85.0,90.0,88.0,17.6,59.6
1604455551,76.0,85.0,89.0,88.0,17.6,59.6
1604455552,76.0,85.0,89.0,87.0,17.6,59.6
1604455553,76.0,85.0,89.0,87.0,17.5,59.4
1604455554,76.0,85.0,88.0,87.0,17.5,59.4
1604455555,76.0,85.0,88.0,87.0,17.5,59.4
1604455556,76.0,85.0,88.0,87.0,17.5,59.4
1604455557,76.0,84.0,88.0,87.0,17.5,59.4
1604455558,76.0,84.0,88.0,88.0,17.5,59.4
1604455559,76.0,84.0,88.0,88.0,17.5,59.4
1604455560,77.0,83.0,88.0,88.0,17.5,59.4
1604455561,78.0,83.0,89.0,88.0,17.5,59.4
1604455562,78.0,83.0,89.0,88.0,17.5,59.4
1604455563,79.0,82.0,89.0,88.0,17.5,59.5
1604455564,79.0,82.0,90.0,88.0,17.5,59.5
1604455565,79.0,82.0,90.0,87.0,17.5,59.5
1604455566,79.0,82.0,90.0,87.0,17.5,59.5
1604455567,79.0,82.0,91.0,87.0,17.5,59.5
1604455568,79.0,81.0,92.0,87.0,17.5,59.4
1604455569,78.0,81.0,92.0,87.0,17.5,59.4
1604455570,77.0,81.0,92.0,87.0,17.5,59.4
1604455571,76.0,81.0,93.0,87.0,17.5,59.4
1604455572,76.0,81.0,94.0,87.0,17.5,59.4
1604455573,76.0,82.0,94.0,88.0,17.5,59.5
1604455574,75.0,82.0,90.0,89.0,17.5,59.5
1604455575,74.0,82.0,89.0,89.0,17.5,59.5
1604455576,74.0,82.0,89.0,90.0,17.5,59.5
1604455577,73.0,83.0,89.0,90.0,17.5,59.5
1604455578,73.0,84.0,89.0,90.0,17.5,59.5
1604455579,73.0,84.0,88.0,91.0,17.5,59.5
1604455580,74.0,84.0,88.0,91.0,17.5,59.5
1604455581,74.0,84.0,88.0,91.0,17.5,59.5
1604455582,74.0,84.0,87.0,92.0,17.5,59.5
1604455583,74.0,84.0,87.0,92.0,17.5,59.5
1604455584,74.0,84.0,87.0,92.0,17.5,59.5
1604455585,74.0,84.0,87.0,92.0,17.5,59.5
1604455586,74.66666666666667,84.0,87.0,92.0,17.5,59.5
1604455587,75.33333333333333,84.0,87.0,92.0,17.5,59.5
1604455588,76.0,84.0,87.0,92.0,17.5,59.5
1604455589,76.66666666666667,84.0,87.0,92.0,17.5,59.5
1604455590,77.33333333333333,84.0,87.0,92.0,17.5,59.5
1604455591,78.0,84.0,87.0,92.0,17.5,59.5
1604455592,78.66666666666667,84.0,87.0,92.0,17.5,59.5
1604455593,79.33333333333333,84.0,87.0,92.0,17.5,59.5
1604455594,80.0,84.0,87.0,92.0,17.5,59.5
1604455595,80.0,83.0,87.0,92.0,17.5,59.5
1604455596,80.0,83.0,88.0,92.0,17.6,59.6
1604455597,80.0,83.0,88.0,92.0,17.6,59.6
1604455598,80.0,83.0,89.0,92.0,17.6,59.6
1604455599,80.0,83.0,90.0,92.0,17.6,59.6
1604455600,79.0,82.0,90.0,92.0,17.6,59.6
1604455601,79.0,82.0,92.0,91.0,17.5,59.4
1604455602,79.0,81.0,92.0,91.0,17.5,59.4
1604455603,79.0,81.0,93.0,90.0,17.5,59.4
1604455604,79.0,81.0,94.0,90.0,17.5,59.4
1604455605,79.0,81.0,94.0,89.0,17.5,59.4
1604455606,78.0,81.0,95.0,89.0,17.8,58.3
1604455607,78.0,81.0,95.0,89.0,17.8,58.3
1604455608,78.0,81.0,95.0,89.0,17.8,58.3
1604455609,77.0,80.0,94.0,89.0,17.8,58.3
1604455610,77.0,80.0,94.0,89.0,17.8,58.3
1604455611,77.0,80.0,93.0,89.0,17.8,58.3
1604455612,77.0,80.0,93.0,89.0,17.8,58.3
1604455613,76.0,79.0,92.0,89.0,17.8,58.3
1604455614,77.0,79.0,92.0,89.0,17.8,58.3
1604455615,76.0,79.0,92.0,89.0,17.8,58.3
1604455616,76.0,79.0,91.0,88.0,17.7,58.2
1604455617,77.0,79.0,91.0,88.0,17.7,58.2
1604455618,77.0,79.0,91.0,88.0,17.7,58.2
1604455619,77.0,80.0,91.0,87.0,17.7,58.2
1604455620,77.0,80.0,90.0,87.0,17.7,58.2
1604455621,77.0,80.0,90.0,87.0,17.8,58.3
1604455622,77.0,81.0,89.0,88.0,17.8,58.3
1604455623,77.0,81.0,89.0,88.0,17.8,58.3
1604455624,77.0,82.0,89.0,88.0,17.8,58.3
1604455625,77.0,82.0,89.0,88.0,17.8,58.3
1604455626,77.0,82.0,88.0,88.0,17.8,58.4
1604455627,77.0,82.0,88.0,88.0,17.8,58.4
1604455628,77.0,83.0,89.0,88.0,17.8,58.4
1604455629,77.0,83.0,89.0,88.0,17.8,58.4
1604455630,77.0,83.0,89.0,89.0,17.8,58.4
1604455631,77.0,83.0,90.0,88.0,17.8,58.4
1604455632,77.0,83.0,90.0,88.0,17.8,58.4
1604455633,78.0,83.0,90.0,88.0,17.8,58.4
1604455634,78.0,83.0,91.0,88.0,17.8,58.4
1604455635,78.0,82.0,90.0,88.0,17.8,58.4
1604455636,78.0,82.0,90.0,88.0,17.8,58.3
1604455637,79.0,81.0,89.0,88.0,17.8,58.3
1604455638,79.0,81.0,89.0,88.0,17.8,58.3
1604455639,79.0,81.0,88.0,89.0,17.8,58.3
1604455640,79.0,80.0,87.0,89.0,17.8,58.3
1604455641,79.0,79.0,86.0,89.0,17.8,58.3
1604455642,79.0,80.0,86.0,90.0,17.8,58.3
1604455643,79.0,80.0,85.0,91.0,17.8,58.3
1604455644,79.0,80.0,85.0,91.0,17.8,58.3
1604455645,79.0,80.0,85.0,91.0,17.8,58.3
1604455646,78.0,80.0,85.0,92.0,17.8,58.3
1604455647,78.0,81.0,85.0,92.0,17.8,58.3
1604455648,77.0,81.0,85.0,92.0,17.8,58.3
1604455649,77.0,81.0,85.0,92.0,17.8,58.3
1604455650,77.0,81.0,85.0,92.0,17.8,58.3
1604455651,77.0,82.0,85.0,92.0,17.8,58.3
1604455652,76.0,82.0,86.0,91.0,17.8,58.3
1604455653,76.0,82.0,86.0,91.0,17.8,58.3
1604455654,76.0,82.0,86.0,91.0,17.8,58.3
1604455655,76.0,82.0,87.0,91.0,17.8,58.3
1604455656,76.0,81.0,87.0,91.0,17.8,58.3
1604455657,76.0,81.0,87.0,91.0,17.8,58.3
1604455658,76.0,81.0,87.0,91.0,17.8,58.3
1604455659,76.0,81.0,87.0,91.0,17.8,58.3
1604455660,75.0,81.0,87.0,91.0,17.8,58.3
1604455661,75.0,81.0,87.0,91.0,17.8,58.3
1604455662,75.0,80.0,87.0,91.0,17.8,58.3
1604455663,75.0,80.0,87.0,91.0,17.8,58.3
1604455664,75.0,80.0,87.0,91.0,17.8,58.3
1604455665,75.0,80.0,87.0,92.0,17.8,58.3
1604455666,75.0,81.0,87.0,92.0,17.8,58.3
1604455667,75.0,81.0,87.0,91.0,17.8,58.3
1604455668,75.0,81.0,88.0,91.0,17.8,58.3
1604455669,74.0,81.0,88.0,91.0,17.8,58.3
1604455670,74.0,81.0,88.0,90.0,17.8,58.3
1604455671,74.0,81.0,88.0,90.0,17.8,58.3
1604455672,74.0,81.0,88.0,89.0,17.8,58.3
1604455673,74.0,81.0,88.0,89.0,17.8,58.3
1604455674,73.0,81.0,89.0,89.0,17.8,58.3
1604455675,73.0,80.0,89.0,89.0,17.8,58.3
1604455676,73.0,80.0,89.0,89.0,17.8,58.3
1604455677,73.0,80.0,89.0,89.0,17.8,58.3
1604455678,73.0,80.0,90.0,89.0,17.8,58.3
1604455679,73.0,80.0,90.0,89.0,17.8,58.3
1604455680,73.0,80.0,90.0,90.0,17.8,58.3
1604455681,74.0,80.0,90.0,90.0,17.8,58.3
1604455682,75.0,80.0,90.0,90.0,17.8,58.3
1604455683,75.0,80.0,90.0,90.0,17.8,58.3
1604455684,76.0,81.0,89.0,90.0,17.8,58.3
1604455685,76.0,81.0,89.0,90.0,17.8,58.3
1604455686,77.0,81.0,89.0,89.0,17.8,58.3
1604455687,78.0,80.0,89.0,89.0,17.8,58.3
1604455688,78.0,80.0,88.0,89.0,17.8,58.3
1604455689,78.0,79.0,88.0,89.0,17.8,58.3
1604455690,78.0,79.0,87.0,88.0,17.8,58.3
1604455691,78.0,79.0,87.0,88.0,17.8,58.4
1604455692,78.0,78.0,87.0,88.0,17.8,58.4
1604455693,78.0,78.0,88.0,88.0,17.8,58.4
1604455694,77.0,77.0,88.0,88.0,17.8,58.4
1604455695,77.0,77.0,88.0,89.0,17.8,58.4
1604455696,77.0,77.0,89.0,89.0,17.8,58.4
1604455697,75.0,77.0,89.0,89.0,17.8,58.4
1604455698,75.0,76.0,90.0,90.0,17.8,58.4
1604455699,75.0,76.0,91.0,90.0,17.8,58.4
1604455700,74.0,77.0,91.0,90.0,17.8,58.4
1604455701,74.0,77.0,92.0,91.0,17.8,58.4
1604455702,74.0,77.0,92.0,91.0,17.8,58.4
1604455703,74.0,77.0,92.0,91.0,17.8,58.4
1604455704,74.0,78.0,92.0,91.0,17.8,58.4
1604455705,74.0,78.0,92.0,90.0,17.8,58.4
1604455706,74.0,85.0,93.0,90.0,17.8,58.4
1604455707,74.0,85.0,93.0,90.0,17.8,58.4
1604455708,74.0,85.0,93.0,90.0,17.8,58.4
1604455709,74.0,85.0,92.0,89.0,17.8,58.4
1604455710,74.0,85.0,92.0,89.0,17.8,58.4
1604455711,74.0,85.0,92.0,89.0,17.8,58.4
1604455712,74.0,85.0,92.0,89.0,17.8,58.4
1604455713,73.0,85.0,92.0,90.0,17.8,58.4
1604455714,74.0,85.0,92.0,90.0,17.8,58.4
1604455715,74.0,85.0,92.0,90.0,17.8,58.4
1604455716,74.0,84.0,92.0,90.0,17.8,58.4
1604455717,73.0,83.0,92.0,90.0,17.8,58.4
1604455718,74.0,83.0,92.0,90.0,17.8,58.4
1604455719,74.0,83.0,91.0,90.0,17.8,58.4
1604455720,74.0,83.0,91.0,90.0,17.8,58.4
1604455721,74.0,82.0,91.0,90.0,17.8,58.4
1604455722,74.0,82.0,90.0,90.0,17.8,58.4
1604455723,74.0,82.0,90.0,90.0,17.8,58.4
1604455724,74.0,81.0,89.0,90.0,17.8,58.4
1604455725,74.0,81.0,89.0,89.0,17.8,58.4
1604455726,74.0,81.0,89.0,89.0,17.8,58.4
1604455727,74.0,82.0,89.0,89.0,17.8,58.4
1604455728,74.0,82.0,89.0,89.0,17.8,58.4
1604455729,75.0,81.0,88.0,90.0,17.8,58.4
1604455730,75.0,81.0,88.0,90.0,17.8,58.4
1604455731,75.0,81.0,88.0,89.0,17.8,58.4
1604455732,75.0,81.0,88.0,89.0,17.8,58.4
1604455733,75.0,81.0,88.0,89.0,17.8,58.4
1604455734,75.0,81.0,89.0,89.0,17.8,58.4
1604455735,75.0,81.0,89.0,89.0,17.8,58.4
1604455736,75.0,81.0,90.0,89.0,17.8,58.4
1604455737,75.0,81.0,90.0,89.0,17.8,58.4
1604455738,75.0,81.0,91.0,89.0,17.8,58.4
1604455739,75.0,81.0,91.0,89.0,17.8,58.4
1604455740,75.0,81.0,92.0,89.0,17.8,58.4
1604455741,75.0,81.0,92.0,89.0,17.8,58.4
1604455742,74.0,81.0,92.0,89.0,17.8,58.4
1604455743,74.0,81.0,92.0,89.0,17.8,58.4
1604455744,73.0,81.0,92.0,89.0,17.8,58.4
1604455745,73.0,81.0,91.0,89.0,17.8,58.4
1604455746,72.0,81.0,91.0,88.0,17.8,58.5
1604455747,72.0,80.0,90.0,88.0,17.8,58.5
1604455748,72.0,80.0,90.0,88.0,17.8,58.5
1604455749,72.0,80.0,90.0,87.0,17.8,58.5
1604455750,71.0,79.0,90.0,87.0,17.8,58.5
1604455751,70.0,79.0,90.0,87.0,17.8,58.5
1604455752,70.0,80.0,90.0,87.0,17.8,58.5
1604455753,70.0,80.0,90.0,88.0,17.8,58.5
1604455754,70.0,80.0,90.0,88.0,17.8,58.5
1604455755,71.0,81.0,90.0,89.0,17.8,58.5
1604455756,71.0,81.0,90.0,90.0,17.8,58.5
1604455757,71.0,82.0,90.0,90.0,17.8,58.5
1604455758,71.0,82.0,89.0,91.0,17.8,58.5
1604455759,72.0,83.0,89.0,91.0,17.8,58.5
1604455760,72.0,84.0,89.0,92.0,17.8,58.5
1604455761,72.0,84.0,88.0,92.0,17.8,58.5
1604455762,72.0,83.0,88.0,94.0,17.8,58.5
1604455763,73.0,83.0,88.0,94.0,17.8,58.5
1604455764,73.0,83.0,87.0,95.0,17.8,58.5
1604455765,72.0,83.0,87.0,95.0,17.8,58.5
1604455766,72.0,83.0,86.0,95.0,17.8,58.5
1604455767,72.0,82.0,86.0,95.0,17.8,58.5
1604455768,72.0,82.0,86.0,95.0,17.8,58.5
1604455769,72.0,82.0,86.0,95.0,17.8,58.5
1604455770,72.0,81.0,87.0,95.0,17.8,58.5
1604455771,71.0,81.0,87.0,95.0,17.8,58.4
1604455772,71.0,81.0,88.0,94.0,17.8,58.4
1604455773,71.0,81.0,88.0,94.0,17.8,58.4
1604455774,71.0,81.0,89.0,93.0,17.8,58.4
1604455775,71.0,81.0,89.0,93.0,17.8,58.4
1604455776,71.0,82.0,90.0,92.0,17.8,58.3
1604455777,71.0,82.0,90.0,92.0,17.8,58.3
1604455778,72.0,82.0,91.0,91.0,17.8,58.3
1604455779,72.0,82.0,91.0,91.0,17.8,58.3
1604455780,73.0,83.0,91.0,91.0,17.8,58.3
1604455781,73.0,83.0,90.0,91.0,17.8,58.3
1604455782,73.0,83.0,90.0,91.0,17.8,58.3
1604455783,74.0,84.0,89.0,91.0,17.8,58.3
1604455784,74.0,84.0,89.0,91.0,17.8,58.3
1604455785,74.0,84.0,89.0,91.0,17.8,58.3
1604455786,74.0,84.0,89.0,91.0,17.8,58.2
1604455787,73.0,84.0,88.0,92.0,17.8,58.2
1604455788,73.0,84.0,88.0,92.0,17.8,58.2
1604455789,72.0,84.0,88.0,92.0,17.8,58.2
1604455790,72.0,84.0,88.0,92.0,17.8,58.2
1604455791,72.0,83.0,88.0,92.0,17.8,58.2
1604455792,71.0,83.0,89.0,92.0,17.8,58.2
1604455793,71.0,83.0,89.0,92.0,17.8,58.2
1604455794,71.0,82.0,90.0,92.0,17.8,58.2
1604455795,71.0,82.0,90.0,92.0,17.8,58.2
1604455796,71.0,82.0,90.0,91.0,17.8,58.1
1604455797,72.0,82.0,89.0,91.0,17.8,58.1
1604455798,72.11111111111111,82.0,89.0,91.0,17.8,58.1
1604455799,72.22222222222223,82.0,89.0,91.0,17.8,58.1
1604455800,72.33333333333333,82.0,89.0,91.0,17.8,58.1
1604455801,72.44444444444444,82.0,89.0,91.0,17.8,58.1
1604455802,72.55555555555556,82.0,89.0,91.0,17.8,58.1
1604455803,72.66666666666667,82.0,89.0,91.0,17.8,58.1
1604455804,72.77777777777777,82.0,89.0,91.0,17.8,58.1
1604455805,72.88888888888889,82.0,89.0,91.0,17.8,58.1
1604455806,73.0,82.0,89.0,91.0,17.8,58.1
1604455807,73.0,83.0,89.0,90.0,17.8,58.1
1604455808,72.0,84.0,89.0,90.0,17.8,58.1
1604455809,72.0,84.0,88.0,90.0,17.8,58.1
1604455810,72.0,84.0,89.0,90.0,17.8,58.1
1604455811,71.0,85.0,89.0,90.0,17.8,58.1
1604455812,71.0,85.0,89.0,90.0,17.8,58.1
1604455813,71.0,86.0,90.0,90.0,17.8,58.1
1604455814,71.0,86.0,91.0,90.0,17.8,58.1
1604455815,70.0,86.0,92.0,90.0,17.8,58.1
1604455816,70.0,86.0,93.0,90.0,17.8,58.1
1604455817,70.0,85.0,94.0,90.0,17.8,58.1
1604455818,70.0,84.0,95.0,90.0,17.8,58.1
1604455819,70.0,84.0,95.0,90.0,17.8,58.1
1604455820,70.0,83.0,95.0,90.0,17.8,58.1
1604455821,70.0,82.0,95.0,90.0,17.8,58.1
1604455822,70.0,81.0,94.0,90.0,17.8,58.1
1604455823,70.0,80.0,94.0,90.0,17.8,58.1
1604455824,71.0,80.0,93.0,90.0,17.8,58.1
1604455825,71.0,79.0,93.0,90.0,17.8,58.1
1604455826,71.0,78.0,91.0,89.0,17.8,58.1
1604455827,71.0,78.0,90.0,89.0,17.8,58.1
1604455828,71.0,78.0,88.0,89.0,17.8,58.1
1604455829,72.0,78.0,88.0,89.0,17.8,58.1
1604455830,73.0,78.0,87.0,89.0,17.8,58.1
1604455831,73.0,77.0,87.0,89.0,17.8,58.1
1604455832,73.0,77.0,87.0,89.0,17.8,58.1
1604455833,73.0,77.0,87.0,89.0,17.8,58.1
1604455834,74.0,78.0,87.0,89.0,17.8,58.0
1604455835,74.0,78.0,88.0,89.0,17.8,58.0
1604455836,74.0,78.0,88.0,89.0,17.8,58.0
1604455837,74.0,79.0,88.0,90.0,17.8,58.0
1604455838,74.0,79.0,89.0,90.0,17.8,58.0
1604455839,74.0,80.0,89.0,91.0,17.8,58.0
1604455840,73.0,80.0,92.0,91.0,17.8,58.0
1604455841,73.0,81.0,93.0,91.0,17.8,58.0
1604455842,72.0,81.0,93.0,91.0,17.8,58.0
1604455843,72.0,81.0,93.0,90.0,17.8,58.0
1604455844,71.0,81.0,93.0,90.0,17.9,58.1
1604455845,71.0,81.0,93.0,89.0,17.9,58.1
1604455846,70.0,81.0,93.0,89.0,17.9,58.1
1604455847,70.0,81.0,93.0,88.0,17.9,58.1
1604455848,70.0,81.0,92.0,88.0,17.9,58.1
1604455849,70.0,81.0,91.0,88.0,17.8,58.0
1604455850,70.0,81.0,91.0,87.0,17.8,58.0
1604455851,70.0,80.0,91.0,87.0,17.8,58.0
1604455852,71.0,79.0,90.0,87.0,17.8,58.0
1604455853,71.0,79.0,90.0,87.0,17.8,58.0
1604455854,71.0,79.0,91.0,87.0,17.8,58.0
1604455855,72.0,80.0,91.0,88.0,17.8,58.0
1604455856,73.0,80.0,91.0,88.0,17.8,58.0
1604455857,73.0,80.0,91.0,88.0,17.8,58.0
1604455858,73.0,80.0,91.0,88.0,17.8,58.0
1604455859,74.0,81.0,91.0,88.0,17.9,58.1
1604455860,74.0,81.0,91.0,88.0,17.9,58.1
1604455861,75.0,81.0,91.0,88.0,17.9,58.1
1604455862,75.0,82.0,91.0,88.0,17.9,58.1
1604455863,76.0,81.0,91.0,88.0,17.9,58.1
1604455864,76.0,81.0,90.0,89.0,17.8,58.0
1604455865,76.0,80.0,90.0,89.0,17.8,58.0
1604455866,76.0,80.0,90.0,89.0,17.8,58.0
1604455867,76.0,80.0,90.0,90.0,17.8,58.0
1604455868,76.0,79.0,90.0,90.0,17.8,58.0
1604455869,76.0,79.0,90.0,91.0,17.8,58.0
1604455870,76.0,79.0,91.0,92.0,17.8,58.0
1604455871,76.0,79.0,91.0,92.0,17.8,58.0
1604455872,76.0,78.0,91.0,92.0,17.8,58.0
1604455873,76.0,78.0,91.0,92.0,17.8,58.0
1604455874,75.0,78.0,91.0,93.0,17.8,58.0
1604455875,75.0,78.0,91.0,93.0,17.8,58.0
1604455876,75.0,78.0,92.0,92.0,17.8,58.0
1604455877,74.0,78.0,92.0,92.0,17.8,58.0
1604455878,74.0,78.0,92.0,91.0,17.8,58.0
1604455879,74.0,78.0,92.0,91.0,17.8,58.0
1604455880,73.0,78.0,91.0,90.0,17.8,58.0
1604455881,73.0,78.0,91.0,90.0,17.8,58.0
1604455882,73.0,78.0,91.0,90.0,17.8,58.0
1604455883,73.0,79.0,90.0,89.0,17.8,58.0
1604455884,73.0,79.0,90.0,89.0,17.8,58.0
1604455885,73.0,79.0,90.0,89.0,17.8,58.0
1604455886,73.0,79.0,90.0,89.0,17.8,58.0
1604455887,73.0,79.0,90.0,89.0,17.8,58.0
1604455888,74.0,79.0,90.0,89.0,17.8,58.0
1604455889,74.0,79.0,90.0,89.0,17.8,58.0
1604455890,74.0,79.0,90.0,89.0,17.8,58.0
1604455891,74.0,79.0,90.0,89.0,17.8,58.0
1604455892,74.0,79.0,90.0,89.0,17.8,58.0
1604455893,74.0,79.0,91.0,89.0,17.8,58.0
1604455894,74.0,79.0,91.0,89.0,17.8,58.0
1604455895,74.0,79.0,91.0,89.0,17.8,58.0
1604455896,74.0,79.0,91.0,88.0,17.8,58.0
1604455897,73.0,80.0,91.0,88.0,17.8,58.0
1604455898,73.0,80.0,91.0,87.0,17.8,58.0
1604455899,73.0,81.0,91.0,87.0,17.8,58.0
1604455900,72.0,81.0,90.0,87.0,17.8,58.0
1604455901,72.0,81.0,90.0,86.0,17.8,58.0
1604455902,72.0,82.0,90.0,87.0,17.8,58.0
1604455903,71.0,83.0,90.0,87.0,17.8,58.0
1604455904,71.0,83.0,90.0,88.0,17.8,58.0
1604455905,71.0,83.0,90.0,88.0,17.8,58.0
1604455906,71.0,83.0,90.0,89.0,17.8,58.0
1604455907,71.0,83.0,90.0,89.0,17.8,58.0
1604455908,72.0,82.0,89.0,90.0,17.8,58.0
1604455909,72.0,82.0,89.0,90.0,17.8,58.0
1604455910,72.0,81.0,89.0,91.0,17.8,58.0
1604455911,72.0,81.0,89.0,91.0,17.8,58.0
1604455912,73.0,80.0,88.0,91.0,17.8,58.0
1604455913,73.0,79.0,88.0,92.0,17.8,58.0
1604455914,73.0,79.0,88.0,92.0,17.8,58.0
1604455915,73.0,78.0,87.0,91.0,17.8,58.0
1604455916,73.0,78.0,87.0,91.0,17.8,58.0
1604455917,73.0,78.0,87.0,91.0,17.8,58.0
1604455918,74.0,78.0,87.0,91.0,17.8,58.0
1604455919,74.0,78.0,87.0,90.0,17.8,58.0
1604455920,74.0,79.0,87.0,89.0,17.8,58.0
1604455921,75.0,79.0,87.0,89.0,17.8,58.0
1604455922,75.0,79.0,87.0,88.0,17.8,58.0
1604455923,75.0,79.0,87.0,88.0,17.8,58.0
1604455924,75.0,80.0,87.0,88.0,17.7,57.9
1604455925,76.0,80.0,87.0,88.0,17.7,57.9
1604455926,76.0,80.0,87.0,88.0,17.7,57.9
1604455927,76.0,80.0,87.0,88.0,17.7,57.9
1604455928,75.0,80.0,87.0,88.0,17.7,57.9
1604455929,75.0,80.0,87.0,88.0,17.8,58.0
1604455930,74.0,80.0,88.0,89.0,17.8,58.0
1604455931,74.0,81.0,88.0,89.0,17.8,58.0
1604455932,73.0,81.0,88.0,89.0,17.8,58.0
1604455933,73.0,81.0,89.0,90.0,17.8,58.0
1604455934,72.0,81.0,90.0,90.0,17.8,58.0
1604455935,72.0,80.0,91.0,90.0,17.8,58.0
1604455936,72.0,80.0,91.0,90.5,17.8,58.0
1604455937,72.0,80.0,91.0,91.0,17.8,58.0
1604455938,72.0,80.0,92.0,91.0,17.8,58.0
1604455939,72.0,80.0,93.0,91.0,17.8,58.0
1604455940,73.0,79.0,93.0,91.0,17.8,58.1
1604455941,73.0,79.0,93.0,91.0,17.8,58.1
1604455942,74.0,79.0,94.0,90.0,17.8,58.1
1604455943,74.0,79.0,94.0,91.0,17.8,58.1
1604455944,75.0,79.0,94.0,91.0,17.8,58.1
1604455945,76.0,79.0,93.0,90.0,17.8,58.1
1604455946,76.0,79.0,93.0,90.0,17.8,58.1
1604455947,76.0,79.0,93.0,90.0,17.8,58.1
1604455948,76.0,80.0,93.0,90.0,17.8,58.1
1604455949,77.0,80.0,93.0,90.0,17.8,58.1
1604455950,77.0,81.0,93.0,90.0,17.8,58.1
1604455951,77.0,81.0,93.0,90.0,17.8,58.1
1604455952,76.0,82.0,93.0,90.0,17.8,58.1
1604455953,76.0,83.0,92.0,89.0,17.8,58.1
1604455954,76.0,84.0,92.0,89.0,17.8,58.1
1604455955,75.0,84.0,91.0,89.0,17.8,58.1
1604455956,75.0,85.0,90.0,89.0,17.8,58.1
1604455957,74.0,85.0,90.0,89.0,17.8,58.1
1604455958,74.0,85.0,89.0,88.0,17.8,58.1
1604455959,74.0,85.0,89.0,88.0,17.8,58.1
1604455960,74.0,84.0,88.0,88.0,17.8,58.1
1604455961,73.0,84.0,87.0,89.0,17.8,58.1
1604455962,73.0,83.0,87.0,90.0,17.8,58.1
1604455963,74.0,83.0,88.0,90.0,17.8,58.1
1604455964,74.0,82.0,88.0,90.0,17.8,58.1
1604455965,74.0,81.0,88.0,91.0,17.8,58.1
1604455966,75.0,81.0,88.0,91.0,17.8,58.1
1604455967,75.0,81.0,89.0,91.0,17.8,58.1
1604455968,75.0,81.0,89.0,91.0,17.8,58.1
1604455969,76.0,81.0,90.0,91.0,17.8,58.1
1604455970,76.0,81.0,90.0,91.0,17.8,58.1
1604455971,76.0,81.0,90.0,90.0,17.8,58.1
1604455972,77.0,81.0,90.0,90.0,17.8,58.1
1604455973,76.0,81.0,90.0,89.0,17.8,58.1
1604455974,76.0,81.0,91.0,89.0,17.8,58.1
1604455975,76.0,82.0,91.0,88.0,17.8,58.1
1604455976,75.0,82.0,91.0,88.0,17.8,58.1
1604455977,75.0,82.0,91.0,88.0,17.8,58.1
1604455978,75.0,82.0,91.0,87.0,17.8,58.1
1604455979,74.0,82.0,90.0,87.0,17.8,58.1
1604455980,74.0,82.0,90.0,88.0,17.7,58.0
1604455981,74.0,82.0,89.0,88.0,17.7,58.0
1604455982,73.0,81.0,88.0,88.0,17.7,58.0
1604455983,73.0,81.0,88.0,88.0,17.7,58.0
1604455984,73.0,81.0,88.0,89.0,17.7,58.0
1604455985,73.0,80.0,86.0,89.0,17.8,58.2
1604455986,74.0,80.0,86.0,88.0,17.8,58.2
1604455987,74.0,80.0,85.0,88.0,17.8,58.2
1604455988,74.0,79.0,85.0,88.0,17.8,58.2
1604455989,74.0,79.0,86.0,88.0,17.8,58.2
1604455990,74.0,79.0,86.0,88.0,17.7,58.0
1604455991,74.0,78.0,86.0,87.0,17.7,58.0
1604455992,74.0,78.0,86.0,86.0,17.7,58.0
1604455993,74.0,78.0,86.0,86.0,17.7,58.0
1604455994,74.0,78.0,87.0,86.0,17.7,58.0
1604455995,74.0,78.0,87.0,86.0,17.7,58.1
1604455996,73.0,78.0,87.0,86.0,17.7,58.1
1604455997,73.0,78.0,87.0,87.0,17.7,58.1
1604455998,73.0,79.0,86.0,87.0,17.7,58.1
1604455999,73.0,79.0,86.0,87.0,17.7,58.1
1604456000,73.0,80.0,86.0,87.0,17.8,58.2
1604456001,72.0,80.0,86.0,88.0,17.8,58.2
1604456002,72.0,80.0,86.0,88.0,17.8,58.2
1604456003,72.0,80.0,86.0,88.0,17.8,58.2
1604456004,72.0,80.0,86.0,88.0,17.8,58.2
1604456005,71.0,81.0,86.0,87.0,17.8,58.2
1604456006,71.0,82.0,86.0,87.0,17.8,58.2
1604456007,71.33333333333333,82.0,85.88888888888889,87.0,17.8,58.2
1604456008,71.66666666666667,82.0,85.77777777777777,87.0,17.8,58.2
1604456009,72.0,82.0,85.66666666666667,87.0,17.8,58.2
1604456010,72.33333333333333,82.0,85.55555555555556,87.0,17.8,58.2
1604456011,72.66666666666667,82.0,85.44444444444444,87.0,17.8,58.2
1604456012,73.0,82.0,85.33333333333333,87.0,17.8,58.2
1604456013,73.33333333333333,82.0,85.22222222222223,87.0,17.8,58.2
1604456014,73.66666666666667,82.0,85.11111111111111,87.0,17.8,58.2
1604456015,74.0,82.0,85.0,87.0,17.8,58.2
1604456016,75.0,82.0,85.0,87.0,17.8,58.2
1604456017,75.0,82.0,86.0,88.0,17.8,58.2
1604456018,75.0,82.0,86.0,88.0,17.7,58.1
1604456019,76.0,82.0,85.0,88.0,17.7,58.1
1604456020,75.0,83.0,85.0,88.0,17.7,58.1
1604456021,75.0,83.0,86.0,89.0,17.7,58.1
1604456022,75.0,83.0,86.0,89.0,17.7,58.1
1604456023,74.0,83.0,86.0,89.0,17.7,58.2
1604456024,74.0,83.0,86.0,89.0,17.7,58.2
1604456025,74.0,83.0,87.0,89.0,17.7,58.2
1604456026,74.0,83.0,87.0,89.0,17.7,58.2
1604456027,74.0,83.0,87.0,89.0,17.7,58.2
1604456028,73.0,83.0,87.0,89.0,17.7,58.2
1604456029,73.0,83.0,87.0,89.0,17.7,58.2
1604456030,73.0,83.0,87.0,89.0,17.7,58.2
1604456031,73.0,83.0,87.0,88.0,17.7,58.2
1604456032,74.0,82.0,87.0,88.0,17.7,58.2
1604456033,74.0,82.0,87.0,88.0,17.7,58.2
1604456034,74.0,82.0,87.0,88.0,17.7,58.2
1604456035,74.0,82.0,87.0,88.0,17.7,58.2
1604456036,74.0,82.0,87.0,88.0,17.7,58.2
1604456037,74.0,82.0,87.0,89.0,17.7,58.2
1604456038,75.0,82.0,87.0,89.0,17.7,58.2
1604456039,75.0,81.0,87.0,89.0,17.7,58.2
1604456040,76.0,80.0,87.0,89.0,17.7,58.2
1604456041,76.0,80.0,88.0,88.0,17.7,58.2
1604456042,77.0,79.0,88.0,88.0,17.7,58.2
1604456043,77.0,79.0,88.0,87.0,17.7,58.4
1604456044,78.0,78.0,88.0,87.0,17.7,58.4
1604456045,78.0,78.0,89.0,87.0,17.7,58.4
1604456046,78.0,78.0,90.0,87.0,17.7,58.4
1604456047,79.0,78.0,90.0,86.0,17.7,58.4
1604456048,79.0,77.0,91.0,86.0,17.6,58.4
1604456049,78.0,77.0,92.0,86.0,17.6,58.4
1604456050,78.0,78.0,92.0,86.0,17.6,58.4
1604456051,77.0,78.0,91.0,87.0,17.6,58.4
1604456052,77.0,79.0,91.0,87.0,17.6,58.4
1604456053,77.0,79.0,91.0,88.0,17.7,58.5
1604456054,76.0,79.0,91.0,88.0,17.7,58.5
1604456055,75.0,80.0,91.0,88.0,17.7,58.5
1604456056,75.0,81.0,91.0,89.0,17.7,58.5
1604456057,74.0,81.0,90.0,89.0,17.7,58.5
1604456058,74.0,82.0,89.0,90.0,17.7,58.5
1604456059,74.0,82.0,89.0,90.0,17.7,58.5
1604456060,74.0,82.0,89.0,90.0,17.7,58.5
1604456061,74.0,82.0,88.0,91.0,17.7,58.5
1604456062,73.0,82.0,88.0,91.0,17.7,58.5
1604456063,73.0,81.0,88.0,91.0,17.7,58.6
1604456064,73.0,81.0,87.0,91.0,17.7,58.6
1604456065,73.0,81.0,87.0,91.0,17.7,58.6
1604456066,73.0,81.0,87.0,91.0,17.7,58.6
1604456067,73.0,80.0,87.0,91.0,17.7,58.6
1604456068,73.0,80.0,87.0,91.0,17.6,58.4
1604456069,72.0,80.0,87.0,91.0,17.6,58.4
1604456070,72.0,79.0,86.0,91.0,17.6,58.4
1604456071,72.0,80.0,86.0,91.0,17.6,58.4
1604456072,72.0,80.0,85.0,91.0,17.6,58.4
1604456073,72.0,80.0,85.0,91.0,17.7,58.5
1604456074,72.0,80.0,85.0,91.0,17.7,58.5
1604456075,72.0,80.0,84.0,92.0,17.7,58.5
1604456076,72.0,81.0,84.0,92.0,17.7,58.5
1604456077,72.0,81.0,83.0,92.0,17.7,58.5
1604456078,72.0,82.0,83.0,92.0,17.7,58.5
1604456079,72.0,82.0,82.0,92.0,17.7,58.5
1604456080,73.0,82.0,82.0,92.0,17.7,58.5
1604456081,73.0,82.0,81.0,92.0,17.7,58.5
1604456082,73.0,82.0,81.0,92.0,17.7,58.5
1604456083,73.0,82.0,81.0,92.0,17.7,58.6
1604456084,73.0,82.0,80.0,92.0,17.7,58.6
1604456085,72.0,81.0,80.0,92.0,17.7,58.6
1604456086,73.0,81.0,80.0,92.0,17.7,58.6
1604456087,73.0,80.0,80.0,91.0,17.7,58.6
1604456088,73.0,80.0,81.0,91.0,17.7,58.6
1604456089,74.0,80.0,81.0,91.0,17.7,58.6
1604456090,74.0,79.0,81.0,91.0,17.7,58.6
1604456091,74.0,79.0,81.0,90.0,17.7,58.6
1604456092,74.0,79.0,81.0,90.0,17.7,58.6
1604456093,74.0,79.0,82.0,89.0,17.7,58.6
1604456094,75.0,79.0,82.0,89.0,17.7,58.6
1604456095,75.0,79.0,82.0,89.0,17.7,58.6
1604456096,75.0,79.0,82.0,89.0,17.7,58.6
1604456097,75.0,80.0,82.0,89.0,17.7,58.6
1604456098,75.0,80.0,82.0,89.0,17.7,58.6
1604456099,74.0,80.0,83.0,89.0,17.7,58.6
1604456100,74.0,81.0,84.0,89.0,17.7,58.6
1604456101,74.0,81.0,84.0,89.0,17.7,58.6
1604456102,73.0,82.0,85.0,90.0,17.7,58.6
1604456103,73.0,82.0,85.0,90.0,17.7,58.5
1604456104,73.0,83.0,87.0,90.0,17.7,58.5
1604456105,73.0,83.0,87.0,89.0,17.7,58.5
1604456106,73.0,84.0,87.0,89.0,17.7,58.5
1604456107,73.0,84.0,86.0,89.0,17.7,58.5
1604456108,73.0,84.0,86.0,89.0,17.7,58.5
1604456109,73.0,84.0,86.0,88.0,17.7,58.5
1604456110,73.0,84.0,86.0,88.0,17.7,58.5
1604456111,73.0,84.0,85.0,87.0,17.7,58.5
1604456112,74.0,83.0,85.0,87.0,17.7,58.5
1604456113,74.0,82.0,84.0,87.0,17.7,58.5
1604456114,73.0,81.0,84.0,87.0,17.7,58.5
1604456115,73.0,81.0,83.0,86.0,17.7,58.5
1604456116,73.0,80.0,83.0,86.0,17.7,58.5
1604456117,73.0,80.0,82.0,86.0,17.7,58.5
1604456118,73.0,79.0,82.0,86.0,17.7,58.4
1604456119,73.0,79.0,82.0,86.0,17.7,58.4
1604456120,73.0,79.0,82.0,86.0,17.7,58.4
1604456121,74.0,80.0,82.0,87.0,17.7,58.4
1604456122,74.0,80.0,82.0,87.0,17.7,58.4
1604456123,74.0,80.0,83.0,87.0,17.7,58.4
1604456124,74.0,80.0,83.0,87.0,17.7,58.4
1604456125,75.0,81.0,83.0,88.0,17.7,58.4
1604456126,76.0,81.0,84.0,88.0,17.7,58.4
1604456127,76.0,82.0,84.0,88.0,17.7,58.4
1604456128,76.0,82.0,84.0,88.0,17.8,58.5
1604456129,76.0,82.0,84.0,88.0,17.8,58.5
1604456130,76.0,81.0,84.0,88.0,17.8,58.5
1604456131,76.0,81.0,84.0,88.0,17.8,58.5
1604456132,76.0,81.0,84.0,89.0,17.8,58.5
1604456133,76.0,81.0,84.0,89.0,17.7,58.5
1604456134,75.0,81.0,83.0,89.0,17.7,58.5
1604456135,75.0,81.0,83.0,89.0,17.7,58.5
1604456136,75.0,81.0,83.0,89.0,17.7,58.5
1604456137,75.0,81.0,82.0,89.0,17.7,58.5
1604456138,75.0,81.0,81.0,89.0,17.7,58.6
1604456139,75.0,80.0,81.0,90.0,17.7,58.6
1604456140,75.0,80.0,81.0,88.0,17.7,58.6
1604456141,75.0,80.0,81.0,88.0,17.7,58.6
1604456142,75.0,80.0,81.0,88.0,17.7,58.6
1604456143,75.0,80.0,81.0,88.0,17.7,58.7
1604456144,75.0,80.0,81.0,87.0,17.7,58.7
1604456145,75.0,80.0,82.0,87.0,17.7,58.7
1604456146,74.0,79.0,82.0,87.0,17.7,58.7
1604456147,74.0,80.0,82.0,87.0,17.7,58.7
1604456148,74.0,80.0,82.0,87.0,17.8,58.8
1604456149,74.0,80.0,81.0,87.0,17.8,58.8
1604456150,74.0,80.0,81.0,87.0,17.8,58.8
1604456151,74.0,80.0,81.0,87.0,17.8,58.8
1604456152,73.0,80.0,81.0,87.0,17.8,58.8
1604456153,73.0,80.0,81.0,87.0,17.8,58.7
1604456154,72.0,80.0,81.0,87.0,17.8,58.7
1604456155,72.0,80.0,81.0,87.0,17.8,58.7
1604456156,72.0,80.0,82.0,87.0,17.8,58.7
1604456157,72.0,80.0,82.0,87.0,17.8,58.7
1604456158,72.0,79.0,83.0,87.0,17.8,58.5
1604456159,72.0,79.0,83.0,87.0,17.8,58.5
1604456160,72.0,78.0,83.0,87.0,17.8,58.5
1604456161,72.0,78.0,83.0,87.0,17.8,58.5
1604456162,72.0,78.0,84.0,87.0,17.8,58.5
1604456163,72.0,78.0,84.0,86.0,17.8,58.5
1604456164,72.0,79.0,84.0,86.0,17.8,58.5
1604456165,73.0,79.0,84.0,87.0,17.8,58.5
1604456166,73.0,79.0,85.0,87.0,17.8,58.5
1604456167,73.0,80.0,85.0,87.0,17.8,58.5
1604456168,73.0,80.0,85.0,88.0,17.8,58.5
1604456169,73.0,79.0,85.0,89.0,17.8,58.5
1604456170,73.0,78.0,85.0,89.0,17.8,58.5
1604456171,73.0,78.0,86.0,89.0,17.8,58.5
1604456172,73.0,78.0,87.0,89.0,17.8,58.5
1604456173,73.0,78.0,87.0,89.0,17.8,58.3
1604456174,73.0,78.0,88.0,89.0,17.8,58.3
1604456175,73.0,78.0,88.0,89.0,17.8,58.3
1604456176,73.0,78.0,88.0,89.0,17.8,58.3
1604456177,73.0,78.0,88.0,88.0,17.8,58.3
1604456178,74.0,79.0,88.0,88.0,17.8,58.3
1604456179,74.0,79.0,88.0,88.0,17.8,58.3
1604456180,74.0,79.0,89.0,87.0,17.8,58.3
1604456181,74.0,79.0,89.0,86.0,17.8,58.3
1604456182,74.0,79.0,88.0,86.0,17.8,58.3
1604456183,74.0,79.0,88.0,86.0,17.8,58.3
1604456184,74.0,79.0,88.0,86.0,17.8,58.3
1604456185,73.0,79.0,89.0,86.0,17.8,58.3
1604456186,73.0,79.0,89.0,86.0,17.8,58.3
1604456187,72.0,79.0,89.0,86.0,17.8,58.3
1604456188,72.0,79.0,90.0,86.0,17.8,58.3
1604456189,72.0,80.0,90.0,86.0,17.8,58.3
1604456190,71.0,80.0,90.0,86.0,17.8,58.3
1604456191,71.0,80.0,90.0,86.0,17.8,58.3
1604456192,70.0,81.0,90.0,86.0,17.8,58.3
1604456193,70.0,82.0,91.0,86.0,17.8,58.3
1604456194,70.0,82.0,91.0,86.0,17.8,58.3
1604456195,70.0,83.0,91.0,86.0,17.8,58.3
1604456196,70.0,83.0,91.0,87.0,17.8,58.3
1604456197,70.0,83.0,91.0,87.0,17.8,58.3
1604456198,71.0,83.0,91.0,88.0,17.8,58.3
1604456199,71.0,83.0,91.0,88.0,17.8,58.3
1604456200,71.0,83.0,90.0,88.0,17.8,58.3
1604456201,71.0,83.0,90.0,88.0,17.8,58.3
1604456202,71.0,83.0,89.0,89.0,17.8,58.3
1604456203,72.0,82.0,89.0,89.0,17.9,58.5
1604456204,72.0,82.0,88.0,88.0,17.9,58.5
1604456205,73.0,82.0,88.0,88.0,17.9,58.5
1604456206,73.0,81.0,87.0,88.0,17.9,58.5
1604456207,73.0,81.0,87.0,88.0,17.9,58.5
1604456208,74.0,81.0,87.0,88.0,17.9,58.4
1604456209,74.0,81.0,87.0,88.0,17.9,58.4
1604456210,74.0,81.0,87.0,88.0,17.9,58.4
1604456211,74.0,81.0,87.0,88.0,17.9,58.4
1604456212,75.0,81.0,87.0,88.0,17.9,58.4
1604456213,75.0,82.0,87.0,88.0,17.8,58.3
1604456214,75.0,82.0,86.0,88.0,17.8,58.3
1604456215,75.0,82.0,86.11111111111111,88.0,17.8,58.3
1604456216,75.0,82.0,86.22222222222223,88.0,17.8,58.3
1604456217,75.0,82.0,86.33333333333333,88.0,17.8,58.3
1604456218,75.0,82.0,86.44444444444444,88.0,17.8,58.3
1604456219,75.0,82.0,86.55555555555556,88.0,17.8,58.3
1604456220,75.0,82.0,86.66666666666667,88.0,17.8,58.3
1604456221,75.0,82.0,86.77777777777777,88.0,17.8,58.3
1604456222,75.0,82.0,86.88888888888889,88.0,17.8,58.3
1604456223,75.0,82.0,87.0,88.0,17.8,58.3
1604456224,75.0,83.0,87.0,88.0,17.8,58.3
1604456225,74.0,83.0,87.0,88.0,17.8,58.3
1604456226,74.0,83.0,86.0,88.0,17.8,58.3
1604456227,74.0,83.0,86.0,87.0,17.8,58.3
1604456228,74.0,83.0,86.0,87.0,17.8,58.3
1604456229,74.0,83.0,86.0,87.0,17.8,58.3
1604456230,73.0,83.0,85.0,87.0,17.8,58.3
1604456231,72.0,82.0,85.0,87.0,17.9,58.4
1604456232,72.0,82.0,85.0,88.0,17.9,58.4
1604456233,71.0,82.0,85.0,88.0,17.9,58.4
1604456234,71.0,82.0,85.0,89.0,17.9,58.4
1604456235,71.0,81.0,85.0,89.0,17.9,58.4
1604456236,70.0,81.0,85.0,90.0,17.8,58.5
1604456237,70.0,81.0,85.0,91.0,17.8,58.5
1604456238,70.0,81.0,86.0,91.0,17.8,58.5
1604456239,70.0,81.0,86.0,92.0,17.8,58.5
1604456240,70.0,81.0,88.0,92.0,17.8,58.5
1604456241,71.0,81.0,88.0,92.0,17.9,58.3
1604456242,71.0,81.0,88.0,92.0,17.9,58.3
1604456243,71.0,81.0,89.0,92.0,17.9,58.3
1604456244,71.0,80.0,89.0,91.0,17.9,58.3
1604456245,71.0,80.0,89.0,91.0,17.9,58.3
1604456246,72.0,79.0,89.0,90.0,17.9,58.3
1604456247,72.0,79.0,89.0,90.0,17.9,58.3
1604456248,73.0,79.0,89.0,90.0,17.9,58.3
1604456249,73.0,79.0,88.0,89.0,17.9,58.3
1604456250,73.0,78.0,88.0,88.0,17.9,58.3
1604456251,74.0,79.0,88.0,88.0,17.9,58.3
1604456252,74.0,79.0,88.0,87.0,17.9,58.3
1604456253,75.0,79.0,88.0,87.0,17.9,58.3
1604456254,75.0,80.0,87.0,87.0,17.9,58.3
1604456255,75.0,81.0,87.0,87.0,17.9,58.3
1604456256,75.0,81.0,88.0,88.0,17.9,58.3
1604456257,75.0,81.0,88.0,88.0,17.9,58.3
1604456258,76.0,81.0,88.0,89.0,17.9,58.3
1604456259,75.0,81.0,89.0,90.0,17.9,58.3
1604456260,75.0,81.0,89.0,90.0,17.9,58.3
1604456261,75.0,81.0,89.0,90.0,17.9,58.3
1604456262,75.0,81.0,89.0,91.0,17.9,58.3
1604456263,75.0,80.0,89.0,91.0,17.9,58.3
1604456264,74.0,79.0,89.0,91.0,17.9,58.3
1604456265,74.0,78.0,89.0,90.0,17.9,58.3
1604456266,73.0,78.0,89.0,90.0,17.9,58.2
1604456267,73.0,78.0,89.0,90.0,17.9,58.2
1604456268,72.0,78.0,88.0,89.0,17.9,58.2
1604456269,72.0,78.0,88.0,89.0,17.9,58.2
1604456270,72.0,78.0,88.0,89.0,17.9,58.2
1604456271,71.0,79.0,88.0,89.0,17.9,58.2
1604456272,71.0,79.0,87.0,89.0,17.9,58.2
1604456273,71.0,80.0,87.0,89.0,17.9,58.2
1604456274,71.0,80.0,87.0,88.0,17.9,58.2
1604456275,71.0,81.0,86.0,89.0,17.9,58.2
1604456276,72.0,81.0,86.0,89.0,17.9,58.2
1604456277,72.0,80.0,86.0,89.0,17.9,58.2
1604456278,73.0,80.0,86.0,89.0,17.9,58.2
1604456279,73.0,80.0,86.0,89.0,17.9,58.2
1604456280,73.0,80.0,86.0,89.0,17.9,58.2
1604456281,74.0,80.0,86.0,89.0,17.9,58.3
1604456282,74.0,80.0,86.0,89.0,17.9,58.3
1604456283,75.0,80.0,87.0,89.0,17.9,58.3
1604456284,75.0,80.0,87.0,89.0,17.9,58.3
1604456285,75.0,80.0,88.0,89.0,17.9,58.3
1604456286,75.0,80.0,89.0,89.0,17.9,58.1
1604456287,75.0,80.0,89.0,89.0,17.9,58.1
1604456288,75.0,80.0,89.0,89.0,17.9,58.1
1604456289,75.0,81.0,90.0,89.0,17.9,58.1
1604456290,75.0,81.0,90.0,89.0,17.9,58.1
1604456291,75.0,81.0,90.0,89.0,17.9,58.1
1604456292,75.0,82.0,90.0,89.0,17.9,58.1
1604456293,75.0,82.0,90.0,88.0,17.9,58.1
1604456294,74.0,82.0,90.0,88.0,17.9,58.1
1604456295,74.0,83.0,89.0,87.0,17.9,58.1
1604456296,74.0,83.0,88.0,87.0,17.9,58.1
1604456297,74.0,83.0,88.0,87.0,17.9,58.1
1604456298,74.0,83.0,87.0,87.0,17.9,58.1
1604456299,74.0,83.0,87.0,87.0,17.9,58.1
1604456300,74.0,84.0,87.0,87.0,17.9,58.1
1604456301,74.0,84.0,87.0,87.0,17.9,58.1
1604456302,74.0,84.0,87.0,87.0,17.9,58.1
1604456303,74.0,84.0,87.0,88.0,17.9,58.1
1604456304,74.0,84.0,87.0,88.0,17.9,58.1
1604456305,75.0,84.0,87.0,88.0,17.9,58.1
1604456306,75.0,84.0,87.0,88.0,17.9,58.1
1604456307,75.0,84.0,87.0,89.0,17.9,58.1
1604456308,75.0,85.0,87.0,89.0,17.9,58.1
1604456309,75.0,85.0,87.0,89.0,17.9,58.1
1604456310,75.0,84.0,87.0,89.0,17.9,58.1
1604456311,75.0,84.0,87.0,89.0,17.9,58.1
1604456312,75.0,84.0,87.0,88.0,17.9,58.1
1604456313,75.0,83.0,87.0,88.0,17.9,58.1
1604456314,74.0,83.0,87.0,88.0,17.9,58.1
1604456315,74.0,82.0,87.0,88.0,17.9,58.1
1604456316,74.0,82.0,87.0,88.0,17.9,58.1
1604456317,73.0,82.0,87.0,87.0,17.9,58.1
1604456318,73.0,81.0,87.0,87.0,17.9,58.1
1604456319,73.0,81.0,87.0,87.0,17.9,58.1
1604456320,73.0,80.0,86.0,86.0,17.9,58.1
1604456321,73.0,80.0,87.0,87.0,17.9,58.1
1604456322,73.0,80.0,87.0,87.0,17.9,58.1
1604456323,74.0,80.0,87.0,87.0,17.9,58.1
1604456324,74.0,80.0,87.0,87.0,17.9,58.1
1604456325,74.0,80.0,86.0,88.0,17.9,58.1
1604456326,74.0,80.0,86.0,88.0,17.9,58.1
1604456327,74.0,80.0,86.0,88.0,17.9,58.1
1604456328,75.0,81.0,86.0,88.0,17.9,58.1
1604456329,75.0,81.0,86.0,89.0,17.9,58.1
1604456330,74.0,82.0,86.0,89.0,17.9,58.1
1604456331,74.0,82.0,86.0,89.0,17.9,58.1
1604456332,74.0,82.0,85.0,89.0,17.9,58.1
1604456333,74.0,82.0,85.0,89.0,17.9,58.1
1604456334,74.0,82.0,85.0,89.0,17.9,58.1
1604456335,74.0,82.0,85.0,89.0,17.9,58.1
1604456336,74.0,82.0,84.0,89.0,17.9,58.1
1604456337,74.0,82.0,84.0,90.0,17.9,58.1
1604456338,74.0,82.0,84.0,90.0,17.9,58.1
1604456339,74.0,82.0,84.0,90.0,17.9,58.1
1604456340,74.0,82.0,85.0,90.0,17.9,58.1
1604456341,74.0,82.0,85.0,91.0,17.9,58.1
1604456342,74.0,82.0,85.0,92.0,17.9,58.1
1604456343,74.0,82.0,85.0,92.0,17.9,58.1
1604456344,75.0,83.0,85.0,92.0,17.9,58.1
1604456345,74.0,83.0,85.0,92.0,17.9,58.1
1604456346,74.0,83.0,85.0,91.0,17.9,58.1
1604456347,74.0,84.0,85.0,91.0,17.9,58.1
1604456348,74.0,84.0,85.0,90.0,17.9,58.1
1604456349,74.0,84.0,85.0,90.0,17.9,58.1
1604456350,74.0,84.0,85.0,89.0,17.9,58.1
1604456351,74.0,83.0,84.0,89.0,17.9,58.1
1604456352,73.0,83.0,84.0,88.0,17.9,58.1
1604456353,74.0,83.0,84.0,87.0,17.9,58.1
1604456354,74.0,83.0,84.0,87.0,17.9,58.1
1604456355,74.0,83.0,84.0,87.0,17.9,58.1
1604456356,74.0,83.0,84.0,87.0,17.9,58.1
1604456357,75.0,82.0,84.0,87.0,17.9,58.1
1604456358,75.0,82.0,85.0,86.0,17.9,58.1
1604456359,75.0,82.0,85.0,86.0,17.9,58.1
1604456360,75.0,82.0,85.0,86.0,17.9,58.1
1604456361,76.0,82.0,85.0,86.0,17.9,58.1
1604456362,76.0,82.0,85.0,86.0,17.9,58.1
1604456363,76.0,81.0,85.0,86.0,17.9,58.1
1604456364,77.0,81.0,85.0,87.0,17.9,58.1
1604456365,76.0,81.0,85.0,87.0,17.9,58.1
1604456366,76.0,82.0,84.0,88.0,17.9,58.1
1604456367,76.0,82.0,84.0,88.0,17.9,58.1
1604456368,76.0,83.0,84.0,88.0,17.9,58.1
1604456369,76.0,83.0,84.0,88.0,17.9,58.1
1604456370,76.0,83.0,84.0,89.0,17.9,58.1
1604456371,76.0,83.0,84.0,89.0,17.9,58.1
1604456372,76.0,83.0,85.0,89.0,17.9,58.1
1604456373,76.0,82.0,85.0,89.0,17.9,58.1
1604456374,76.0,82.0,86.0,86.0,17.9,58.1
1604456375,76.0,81.0,86.0,85.0,17.9,58.1
1604456376,76.0,81.0,87.0,85.0,17.9,58.1
1604456377,76.0,81.0,87.0,85.0,17.9,58.1
1604456378,76.0,81.0,87.0,86.0,17.9,58.1
1604456379,76.0,80.0,87.0,86.0,17.9,58.1
1604456380,76.0,79.0,88.0,86.0,17.9,58.1
1604456381,75.0,79.0,88.0,86.0,17.9,58.1
1604456382,75.0,79.0,88.0,86.0,17.9,58.1
1604456383,75.0,79.0,89.0,86.0,17.9,58.1
1604456384,75.0,79.0,89.0,86.0,17.9,58.1
1604456385,74.0,80.0,88.0,86.0,17.9,58.1
1604456386,74.0,80.0,88.0,86.0,17.9,58.1
1604456387,73.0,80.0,88.0,86.0,17.9,58.1
1604456388,73.0,81.0,88.0,86.0,17.9,58.1
1604456389,73.0,81.0,88.0,87.0,17.9,58.1
1604456390,73.0,81.0,88.0,87.0,17.9,58.1
1604456391,73.0,83.0,87.0,88.0,17.9,58.1
1604456392,72.0,83.0,87.0,88.0,17.9,58.1
1604456393,72.0,83.0,87.0,88.0,17.9,58.1
1604456394,72.0,83.0,87.0,89.0,17.9,58.1
1604456395,71.0,84.0,88.0,89.0,17.9,58.1
1604456396,71.0,84.0,89.0,89.0,17.9,58.1
1604456397,71.0,84.0,89.0,89.0,17.9,58.1
1604456398,71.0,84.0,90.0,89.0,17.9,58.1
1604456399,71.0,84.0,90.0,89.0,17.9,58.1
1604456400,71.0,84.0,91.0,89.0,17.9,58.1
1604456401,70.0,83.0,91.0,89.0,17.9,58.1
1604456402,70.0,83.0,91.0,88.0,17.9,58.1
1604456403,70.0,83.0,90.0,89.0,17.9,58.1
1604456404,70.0,83.0,90.0,89.0,17.9,58.1
1604456405,70.0,83.0,89.0,89.0,17.9,58.1
1604456406,70.0,83.0,88.0,89.0,17.9,58.1
1604456407,70.0,83.0,87.0,89.0,17.9,58.1
1604456408,69.0,83.0,86.0,89.0,17.9,58.1
1604456409,69.0,83.0,86.0,89.0,17.9,58.1
1604456410,69.0,83.0,85.0,89.0,17.9,58.1
1604456411,69.0,83.0,84.0,89.0,17.9,58.1
1604456412,69.0,84.0,83.0,89.0,17.9,58.1
1604456413,70.0,85.0,83.0,89.0,17.9,58.1
1604456414,70.0,85.0,83.0,89.0,17.9,58.1
1604456415,70.0,85.0,83.0,89.0,17.9,58.1
1604456416,71.0,85.0,82.0,89.0,17.9,58.1
1604456417,71.0,86.0,83.0,90.0,17.9,58.1
1604456418,71.0,86.0,83.0,90.0,17.9,58.1
1604456419,72.0,86.0,82.0,90.0,17.9,58.1
1604456420,72.0,86.0,82.0,90.0,17.9,58.1
1604456421,72.0,85.0,83.0,91.0,17.8,58.0
1604456422,72.0,85.0,83.0,91.0,17.8,58.0
1604456423,72.11111111111111,84.88888888888889,83.0,91.0,17.8,58.0
1604456424,72.22222222222223,84.77777777777777,83.0,91.0,17.8,58.0
1604456425,72.33333333333333,84.66666666666667,83.0,91.0,17.8,58.0
1604456426,72.44444444444444,84.55555555555556,83.0,91.0,17.8,58.0
1604456427,72.55555555555556,84.44444444444444,83.0,91.0,17.8,58.0
1604456428,72.66666666666667,84.33333333333333,83.0,91.0,17.8,58.0
1604456429,72.77777777777777,84.22222222222223,83.0,91.0,17.8,58.0
1604456430,72.88888888888889,84.11111111111111,83.0,91.0,17.8,58.0
1604456431,73.0,84.0,83.0,91.0,17.8,58.0
1604456432,73.0,84.0,83.0,91.0,17.8,58.0
1604456433,74.0,84.0,83.0,90.0,17.8,58.0
1604456434,75.0,84.0,83.0,90.0,17.9,58.0
1604456435,75.0,83.0,82.0,89.0,17.9,58.0
1604456436,75.0,83.0,82.0,88.0,17.9,58.0
1604456437,75.0,82.0,82.0,88.0,17.9,58.0
1604456438,76.0,82.0,82.0,87.0,17.9,58.0
1604456439,76.0,82.0,83.0,87.0,17.9,57.9
1604456440,76.0,82.0,83.0,87.0,17.9,57.9
1604456441,76.0,82.0,83.0,87.0,17.9,57.9
1604456442,75.0,82.0,83.0,86.0,17.9,57.9
1604456443,74.0,82.0,84.0,86.0,17.9,57.9
1604456444,74.0,81.0,84.0,86.0,17.9,57.9
1604456445,74.0,81.0,85.0,87.0,17.9,57.9
1604456446,73.0,81.0,85.0,87.0,17.9,57.9
1604456447,73.0,82.0,85.0,87.0,17.9,57.9
1604456448,73.0,82.0,85.0,88.0,17.9,57.9
1604456449,73.0,82.0,85.0,88.0,17.9,57.9
1604456450,73.0,82.0,85.0,89.0,17.9,57.9
1604456451,73.0,82.0,85.0,89.0,17.9,57.9
1604456452,73.0,82.0,85.0,89.0,17.9,57.9
1604456453,73.0,82.0,85.0,89.0,17.9,57.9
1604456454,74.0,83.0,85.0,89.0,17.8,57.8
1604456455,74.0,83.0,85.0,89.0,17.8,57.8
1604456456,74.0,82.0,85.0,89.0,17.8,57.8
1604456457,75.0,82.0,85.0,89.0,17.8,57.8
1604456458,75.0,82.0,84.0,89.0,17.8,57.8
1604456459,75.0,82.0,84.0,89.0,17.9,57.8
1604456460,75.0,82.0,84.0,89.0,17.9,57.8
1604456461,75.0,82.0,84.0,88.0,17.9,57.8
1604456462,75.0,81.0,84.0,88.0,17.9,57.8
1604456463,76.0,81.0,85.0,89.0,17.9,57.8
1604456464,76.0,81.0,85.0,88.0,17.9,57.7
1604456465,76.0,81.0,85.0,88.0,17.9,57.7
1604456466,76.0,81.0,86.0,88.0,17.9,57.7
1604456467,76.0,81.0,86.0,88.0,17.9,57.7
1604456468,76.0,82.0,86.0,88.0,17.9,57.7
1604456469,76.0,82.0,86.0,88.0,17.9,57.7
1604456470,76.0,82.0,86.0,88.0,17.9,57.7
1604456471,76.0,82.0,86.0,88.0,17.9,57.7
1604456472,76.0,83.0,85.0,88.0,17.9,57.7
1604456473,75.0,83.0,84.0,88.0,17.9,57.7
1604456474,75.0,83.0,84.0,88.0,17.9,57.8
1604456475,74.0,83.0,83.0,88.0,17.9,57.8
1604456476,74.0,83.0,83.0,88.0,17.9,57.8
1604456477,74.0,83.0,83.0,88.0,17.9,57.8
1604456478,73.0,83.0,82.0,88.0,17.9,57.8
1604456479,73.0,83.0,82.0,88.0,17.9,57.7
1604456480,73.0,83.0,82.0,89.0,17.9,57.7
1604456481,72.0,82.0,82.0,89.0,17.9,57.7
1604456482,72.0,82.0,82.0,90.0,17.9,57.7
1604456483,73.0,81.0,83.0,90.0,17.9,57.7
1604456484,73.0,81.0,83.0,90.0,17.8,57.6
1604456485,73.0,80.0,84.0,90.0,17.8,57.6
1604456486,73.0,80.0,84.0,90.0,17.8,57.6
1604456487,73.0,79.0,84.0,90.0,17.8,57.6
1604456488,73.0,79.0,85.0,90.0,17.8,57.6
1604456489,73.0,79.0,85.0,89.0,17.9,57.7
1604456490,73.0,79.0,86.0,89.0,17.9,57.7
1604456491,73.0,80.0,86.0,88.0,17.9,57.7
1604456492,73.0,80.0,87.0,88.0,17.9,57.7
1604456493,73.0,81.0,87.0,87.0,17.9,57.7
1604456494,73.0,82.0,87.0,87.0,17.9,57.7
1604456495,73.0,82.0,87.0,87.0,17.9,57.7
1604456496,73.0,82.0,87.0,86.0,17.9,57.7
1604456497,73.0,82.0,87.0,86.0,17.9,57.7
1604456498,73.0,83.0,87.0,86.0,17.9,57.7
1604456499,73.0,83.0,87.0,87.0,17.9,57.7
1604456500,73.0,83.0,87.0,87.0,17.9,57.7
1604456501,73.0,83.0,86.0,87.0,17.9,57.7
1604456502,73.0,83.0,86.0,87.0,17.9,57.7
1604456503,73.0,83.0,85.0,87.0,17.9,57.7
1604456504,73.0,83.0,85.0,87.0,17.9,57.6
1604456505,74.0,83.0,85.0,87.0,17.9,57.6
1604456506,74.0,83.0,85.0,87.0,17.9,57.6
1604456507,73.0,83.0,85.0,87.0,17.9,57.6
1604456508,73.0,82.0,86.0,87.0,17.9,57.6
1604456509,73.0,82.0,86.0,87.0,17.9,57.6
1604456510,73.0,81.0,86.0,87.0,17.9,57.6
1604456511,73.0,81.0,86.0,86.0,17.9,57.6
1604456512,73.0,81.0,86.0,86.0,17.9,57.6
1604456513,73.0,81.0,86.0,86.0,17.9,57.6
1604456514,74.0,81.0,87.0,86.0,17.9,57.6
1604456515,74.0,81.0,87.0,87.0,17.9,57.6
1604456516,75.0,81.0,87.0,87.0,17.9,57.6
1604456517,75.0,81.0,87.0,87.0,17.9,57.6
1604456518,75.0,81.0,87.0,87.0,17.9,57.6
1604456519,75.0,81.0,87.0,87.0,17.9,57.6
1604456520,75.0,81.0,87.0,87.0,17.9,57.6
1604456521,76.0,82.0,87.0,88.0,17.9,57.6
1604456522,75.0,82.0,87.0,88.0,17.9,57.6
1604456523,75.0,82.0,87.0,88.0,17.9,57.6
1604456524,75.0,82.0,87.0,88.0,17.9,57.6
1604456525,75.0,82.0,86.0,87.0,17.9,57.6
1604456526,75.0,83.0,86.0,87.0,17.9,57.6
1604456527,75.0,83.0,85.0,87.0,17.9,57.6
1604456528,75.0,83.0,85.0,87.0,17.9,57.6
1604456529,75.0,83.0,85.0,87.0,18.0,57.7
1604456530,75.0,83.0,85.0,87.0,18.0,57.7
1604456531,75.0,82.0,84.0,87.0,18.0,57.7
1604456532,75.0,79.0,84.0,87.0,18.0,57.7
1604456533,75.0,79.0,84.0,87.0,18.0,57.7
1604456534,75.0,79.0,84.0,87.0,18.0,57.7
1604456535,75.0,79.0,84.0,87.0,18.0,57.7
1604456536,75.0,79.0,84.0,86.0,18.0,57.7
1604456537,75.0,79.0,84.0,86.0,18.0,57.7
1604456538,75.0,79.0,84.0,86.0,18.0,57.7
1604456539,75.0,79.0,85.0,86.0,18.0,57.7
1604456540,75.0,79.0,85.0,86.0,18.0,57.7
1604456541,75.0,79.0,85.0,85.0,18.0,57.7
1604456542,75.0,80.0,85.0,85.0,18.0,57.7
1604456543,75.0,80.0,85.0,85.0,18.0,57.7
1604456544,76.0,80.0,85.0,86.0,17.9,57.5
1604456545,76.0,80.0,85.0,86.0,17.9,57.5
1604456546,76.0,81.0,85.0,86.0,17.9,57.5
1604456547,76.0,81.0,85.0,86.0,17.9,57.5
1604456548,76.0,81.0,84.0,87.0,17.9,57.5
1604456549,76.0,81.0,84.0,87.0,18.0,57.6
1604456550,76.0,81.0,84.0,87.0,18.0,57.6
1604456551,75.0,81.0,84.0,87.0,18.0,57.6
1604456552,75.0,81.0,84.0,87.0,18.0,57.6
1604456553,74.0,82.0,84.0,88.0,18.0,57.6
1604456554,74.0,82.0,84.0,87.0,18.0,57.6
1604456555,73.0,83.0,84.0,87.0,18.0,57.6
1604456556,72.0,83.0,85.0,87.0,18.0,57.6
1604456557,72.0,83.0,85.0,86.0,18.0,57.6
1604456558,72.0,83.0,86.0,86.0,18.0,57.6
1604456559,72.0,84.0,86.0,86.0,18.0,57.6
1604456560,72.0,84.0,86.0,86.0,18.0,57.6
1604456561,72.0,84.0,86.0,86.0,18.0,57.6
1604456562,72.0,84.0,87.0,85.0,18.0,57.6
1604456563,71.0,84.0,87.0,85.0,18.0,57.6
1604456564,71.0,84.0,87.0,85.0,18.0,57.5
1604456565,71.0,84.0,87.0,85.0,18.0,57.5
1604456566,71.0,84.0,87.0,85.0,18.0,57.5
1604456567,71.0,83.0,86.0,85.0,18.0,57.5
1604456568,71.0,83.0,86.0,85.0,18.0,57.5
1604456569,71.0,83.0,86.0,85.0,18.0,57.5
1604456570,70.0,84.0,85.0,86.0,18.0,57.5
1604456571,70.0,84.0,85.0,86.0,18.0,57.5
1604456572,69.0,84.0,85.0,86.0,18.0,57.5
1604456573,69.0,84.0,85.0,87.0,18.0,57.5
1604456574,69.0,84.0,85.0,87.0,18.0,57.4
1604456575,69.0,84.0,85.0,87.0,18.0,57.4
1604456576,69.0,84.0,85.0,87.0,18.0,57.4
1604456577,69.0,84.0,86.0,87.0,18.0,57.4
1604456578,70.0,83.0,86.0,87.0,18.0,57.4
1604456579,70.0,83.0,86.0,87.0,18.0,57.4
1604456580,70.0,83.0,86.0,87.0,18.0,57.4
1604456581,70.0,83.0,87.0,87.0,18.0,57.4
1604456582,71.0,83.0,87.0,87.0,18.0,57.4
1604456583,71.0,83.0,87.0,87.0,18.0,57.4
1604456584,71.0,84.0,86.0,87.0,18.0,57.4
1604456585,71.0,84.0,86.0,87.0,18.0,57.4
1604456586,72.0,84.0,86.0,87.0,18.0,57.4
1604456587,72.0,85.0,86.0,87.0,18.0,57.4
1604456588,72.0,85.0,85.0,88.0,18.0,57.4
1604456589,72.0,86.0,85.0,88.0,18.1,57.6
1604456590,72.0,86.0,85.0,89.0,18.1,57.6
1604456591,72.0,86.0,85.0,89.0,18.1,57.6
1604456592,73.0,86.0,85.0,90.0,18.1,57.6
1604456593,74.0,86.0,85.0,90.0,18.1,57.6
1604456594,74.0,86.0,85.0,90.0,18.0,57.5
1604456595,75.0,85.0,85.0,90.0,18.0,57.5
1604456596,75.0,85.0,86.0,90.0,18.0,57.5
1604456597,76.0,85.0,87.0,90.0,18.0,57.5
1604456598,76.0,84.0,87.0,89.0,18.0,57.5
1604456599,76.0,84.0,87.0,89.0,18.0,57.5
1604456600,76.0,84.0,87.0,88.0,18.0,57.5
1604456601,76.0,84.0,87.0,88.0,18.0,57.5
1604456602,76.0,84.0,87.0,88.0,18.0,57.5
1604456603,75.0,83.0,87.0,88.0,18.0,57.5
1604456604,74.0,83.0,87.0,88.0,18.0,57.6
1604456605,74.0,83.0,87.0,87.0,18.0,57.6
1604456606,74.0,83.0,87.0,87.0,18.0,57.6
1604456607,73.0,83.0,87.0,87.0,18.0,57.6
1604456608,73.0,83.0,87.0,87.0,18.0,57.6
1604456609,73.0,83.0,87.0,87.0,18.0,57.7
1604456610,72.0,82.0,87.0,87.0,18.0,57.7
1604456611,72.0,83.0,87.0,87.0,18.0,57.7
1604456612,72.0,83.0,87.0,87.0,18.0,57.7
1604456613,72.0,84.0,88.0,87.0,18.0,57.7
1604456614,73.0,84.0,88.0,87.0,18.0,57.7
1604456615,73.0,84.0,88.0,91.0,18.0,57.7
1604456616,73.0,84.5,87.5,90.5,18.0,57.7
1604456617,73.0,85.0,87.0,90.0,18.0,57.7
1604456618,73.0,85.0,86.0,90.0,18.0,57.7
1604456619,73.0,85.0,86.0,89.0,18.0,57.7
1604456620,73.0,85.0,86.0,88.0,18.0,57.7
1604456621,74.0,85.0,86.0,88.0,18.0,57.7
1604456622,74.0,85.0,86.0,87.0,18.0,57.7
1604456623,74.0,85.0,86.0,87.0,18.0,57.7
1604456624,74.0,84.0,85.0,87.0,18.0,57.7
1604456625,74.0,84.0,85.0,87.0,17.9,57.6
1604456626,74.0,84.0,85.0,87.0,17.9,57.6
1604456627,74.0,84.0,86.0,87.0,17.9,57.6
1604456628,74.0,84.0,86.0,88.0,17.9,57.6
1604456629,74.0,84.0,86.0,88.0,17.9,57.6
1604456630,74.0,84.0,86.0,88.0,18.0,57.7
1604456631,74.0,84.0,86.0,88.0,18.0,57.7
1604456632,74.0,84.0,86.0,88.0,18.0,57.7
1604456633,74.0,84.0,86.0,88.0,18.0,57.7
1604456634,74.0,84.0,86.0,88.0,18.0,57.7
1604456635,74.0,84.0,86.0,88.0,18.0,57.7
1604456636,74.0,84.0,86.0,88.0,18.0,57.7
1604456637,74.0,84.0,86.0,88.0,18.0,57.7
1604456638,74.0,84.0,86.0,88.0,18.0,57.7
1604456639,74.0,84.0,86.0,88.0,18.0,57.7
1604456640,73.0,85.0,85.0,88.0,18.0,57.7
1604456641,72.0,85.0,85.0,88.0,18.0,57.7
1604456642,72.0,85.0,85.0,88.0,18.0,57.7
1604456643,72.0,86.0,85.0,88.0,18.0,57.6
1604456644,72.0,86.0,82.0,87.0,18.0,57.6
1604456645,72.0,86.0,83.0,87.0,18.0,57.6
1604456646,72.0,86.0,83.0,87.0,18.0,57.6
1604456647,72.0,86.0,83.0,86.0,18.0,57.6
1604456648,73.0,86.0,83.0,86.0,18.0,57.7
1604456649,74.0,86.0,84.0,86.0,18.0,57.7
1604456650,74.0,85.0,85.0,86.0,18.0,57.7
1604456651,75.0,85.0,85.0,86.0,18.0,57.7
1604456652,76.0,84.0,85.0,86.0,18.0,57.7
1604456653,76.0,84.0,85.0,86.0,18.0,57.7
1604456654,76.0,83.0,85.0,86.0,18.0,57.7
1604456655,77.0,83.0,85.0,86.0,18.0,57.7
1604456656,77.0,83.0,86.0,86.0,18.0,57.7
1604456657,77.0,83.0,86.0,86.0,18.0,57.7
1604456658,76.0,83.0,86.0,86.0,18.0,57.6
1604456659,76.0,83.0,85.0,86.0,18.0,57.6
1604456660,75.0,83.0,84.0,85.0,18.0,57.6
1604456661,75.0,83.0,84.0,85.0,18.0,57.6
1604456662,75.0,84.0,84.0,85.0,18.0,57.6
1604456663,74.0,84.0,83.0,85.0,18.0,57.6
1604456664,74.0,84.0,83.0,85.0,18.0,57.6
1604456665,74.0,84.0,82.0,85.0,18.0,57.6
1604456666,73.0,84.0,82.0,85.0,18.0,57.6
1604456667,73.0,84.0,82.0,85.0,18.0,57.6
1604456668,73.0,84.0,82.0,86.0,18.0,57.7
1604456669,74.0,84.0,82.0,86.0,18.0,57.7
1604456670,74.0,84.0,82.0,87.0,18.0,57.7
1604456671,74.0,85.0,83.0,87.0,18.0,57.7
1604456672,73.0,85.0,83.0,87.0,18.0,57.7
1604456673,73.0,85.0,83.0,88.0,18.0,57.7
1604456674,73.0,85.0,84.0,88.0,18.0,57.7
1604456675,73.0,85.0,84.0,88.0,18.0,57.7
1604456676,73.0,86.0,85.0,88.0,18.0,57.7
1604456677,73.0,86.0,85.0,88.0,18.0,57.7
1604456678,73.0,86.0,85.0,88.0,18.0,57.7
1604456679,73.0,86.0,86.0,88.0,18.0,57.7
1604456680,73.0,86.0,87.0,87.0,18.0,57.7
1604456681,73.0,86.0,87.0,87.0,18.0,57.7
1604456682,73.0,86.0,88.0,87.0,18.0,57.7
1604456683,73.0,86.0,88.0,86.0,18.0,57.6
1604456684,73.0,86.0,89.0,86.0,18.0,57.6
1604456685,73.0,86.0,89.0,85.0,18.0,57.6
1604456686,73.0,86.0,89.0,85.0,18.0,57.6
1604456687,73.0,85.0,89.0,85.0,18.0,57.6
1604456688,73.0,85.0,89.0,85.0,18.0,57.6
1604456689,73.0,85.0,88.0,85.0,18.0,57.6
1604456690,73.0,85.0,88.0,85.0,18.0,57.6
1604456691,73.0,86.0,88.0,85.0,18.0,57.6
1604456692,73.0,86.0,86.0,86.0,18.0,57.6
1604456693,73.0,86.0,86.0,86.0,18.0,57.6
1604456694,73.0,86.0,85.0,86.0,18.0,57.6
1604456695,73.0,85.0,85.0,87.0,18.0,57.6
1604456696,73.0,85.0,84.0,87.0,18.0,57.6
1604456697,73.0,85.0,84.0,87.0,18.0,57.6
1604456698,73.0,85.0,84.0,87.0,18.0,57.6
1604456699,73.0,85.0,84.0,87.0,18.0,57.6
1604456700,73.0,84.0,84.0,87.0,18.0,57.6
1604456701,73.0,84.0,85.0,86.0,18.0,57.6
1604456702,73.0,84.0,85.0,86.0,18.0,57.6
1604456703,74.0,84.0,85.0,86.0,18.0,57.6
1604456704,74.0,84.0,86.0,85.0,18.0,57.6
1604456705,75.0,83.0,86.0,85.0,18.0,57.6
1604456706,75.0,83.0,86.0,85.0,18.0,57.6
1604456707,75.0,83.0,87.0,85.0,18.0,57.6
1604456708,75.0,84.0,87.0,85.0,18.0,57.5
1604456709,75.0,84.0,87.0,85.0,18.0,57.5
1604456710,76.0,83.0,87.0,85.0,18.0,57.5
1604456711,76.0,84.0,87.0,85.0,18.0,57.5
1604456712,76.0,84.0,87.0,85.0,18.0,57.5
1604456713,76.0,84.0,87.0,86.0,18.0,57.5
1604456714,76.0,84.0,86.0,86.0,18.0,57.5
1604456715,76.0,84.0,86.0,86.0,18.0,57.5
1604456716,76.0,84.0,86.0,86.0,18.0,57.5
1604456717,75.0,84.0,86.0,86.0,18.0,57.5
1604456718,75.0,84.0,85.0,86.0,18.0,57.5
1604456719,75.0,84.0,85.0,86.0,18.0,57.5
1604456720,74.0,84.0,85.0,86.0,18.0,57.5
1604456721,74.0,84.0,84.0,86.0,18.0,57.5
1604456722,74.0,84.0,84.0,86.0,18.0,57.5
1604456723,73.0,84.0,84.0,86.0,18.0,57.5
1604456724,73.0,85.0,83.0,87.0,18.0,57.5
1604456725,73.0,85.0,83.0,87.0,18.0,57.5
1604456726,73.0,86.0,83.0,87.0,18.0,57.5
1604456727,73.0,86.0,83.0,87.0,18.0,57.5
1604456728,73.0,86.0,83.0,87.0,18.0,57.6
1604456729,73.0,86.0,82.0,87.0,18.0,57.6
1604456730,74.0,85.0,83.0,87.0,18.0,57.6
1604456731,74.0,85.0,83.0,87.0,18.0,57.6
1604456732,75.0,85.0,83.0,87.0,18.0,57.6
1604456733,75.0,85.0,83.0,87.0,18.0,57.6
1604456734,75.0,84.0,83.0,87.0,18.0,57.6
1604456735,75.0,84.0,84.0,86.0,18.0,57.6
1604456736,75.0,84.0,84.0,86.0,18.0,57.6
1604456737,75.0,83.0,84.0,86.0,18.0,57.6
1604456738,75.0,83.0,84.0,86.0,18.0,57.6
1604456739,75.0,84.0,85.0,86.0,18.0,57.6
1604456740,74.0,84.0,85.0,86.0,18.0,57.6
1604456741,74.0,84.0,85.0,86.0,18.0,57.6
1604456742,74.0,83.0,85.0,86.0,18.0,57.6
1604456743,74.0,83.0,85.0,85.0,18.0,57.6
1604456744,74.0,83.0,85.0,85.0,18.0,57.6
1604456745,73.0,83.0,85.0,86.0,18.0,57.6
1604456746,73.0,83.0,85.0,86.0,18.0,57.6
1604456747,74.0,83.0,85.0,86.0,18.0,57.6
1604456748,74.0,83.0,84.0,86.0,18.1,57.6
1604456749,74.0,83.0,84.0,86.0,18.1,57.6
1604456750,75.0,83.0,83.0,86.0,18.1,57.6
1604456751,76.0,84.0,83.0,87.0,18.1,57.6
1604456752,76.0,84.0,83.0,88.0,18.1,57.6
1604456753,77.0,85.0,83.0,89.0,18.0,57.5
1604456754,77.0,86.0,83.0,89.0,18.0,57.5
1604456755,77.0,86.0,82.0,90.0,18.0,57.5
1604456756,78.0,87.0,83.0,90.0,18.0,57.5
1604456757,78.0,87.0,83.0,90.0,18.0,57.5
1604456758,78.0,88.0,84.0,91.0,18.0,57.5
1604456759,78.0,88.0,84.0,91.0,18.0,57.5
1604456760,77.0,88.0,85.0,91.0,18.0,57.5
1604456761,77.0,88.0,85.0,90.0,18.0,57.5
1604456762,77.0,87.0,86.0,90.0,18.0,57.5
1604456763,77.0,87.0,86.0,90.0,18.0,57.6
1604456764,76.0,87.0,86.0,90.0,18.0,57.6
1604456765,76.0,87.0,86.0,89.0,18.0,57.6
1604456766,76.0,87.0,86.0,89.0,18.0,57.6
1604456767,76.0,87.0,85.0,89.0,18.0,57.6
1604456768,76.0,87.0,85.0,88.0,18.0,57.6
1604456769,76.0,87.0,84.0,88.0,18.0,57.6
1604456770,76.0,83.0,84.0,88.0,18.0,57.6
1604456771,76.0,82.0,84.0,87.0,18.0,57.6
1604456772,76.0,82.0,84.0,87.0,18.0,57.6
1604456773,75.0,82.0,83.0,87.0,18.0,57.6
1604456774,75.0,82.0,83.0,87.0,18.0,57.6
1604456775,75.0,82.0,83.0,87.0,18.0,57.6
1604456776,74.0,82.0,83.0,87.0,18.0,57.6
1604456777,74.0,82.0,83.0,86.0,18.0,57.6
1604456778,73.0,84.0,83.0,86.0,18.0,57.6
1604456779,72.0,84.0,83.0,87.0,18.0,57.6
1604456780,72.0,84.0,83.0,87.0,18.0,57.6
1604456781,71.0,85.0,83.0,87.0,18.0,57.6
1604456782,71.0,85.0,83.0,87.0,18.0,57.6
1604456783,71.0,85.0,83.0,87.0,18.1,57.8
1604456784,71.0,86.0,84.0,87.0,18.1,57.8
1604456785,71.0,87.0,84.0,88.0,18.1,57.8
1604456786,71.0,87.0,84.0,88.0,18.1,57.8
1604456787,71.0,87.0,85.0,88.0,18.1,57.8
1604456788,72.0,87.0,85.0,88.0,18.0,57.7
1604456789,72.0,87.0,86.0,88.0,18.0,57.7
1604456790,73.0,87.0,87.0,88.0,18.0,57.7
1604456791,73.0,87.0,87.0,88.0,18.0,57.7
1604456792,73.0,87.0,87.0,88.0,18.0,57.7
1604456793,73.0,87.0,87.0,88.0,18.0,57.6
1604456794,72.0,87.0,87.0,88.0,18.0,57.6
1604456795,72.0,86.0,87.0,88.0,18.0,57.6
1604456796,73.0,86.0,87.0,88.0,18.0,57.6
1604456797,73.0,86.0,87.0,88.0,18.0,57.6
1604456798,73.0,86.0,86.0,88.0,18.1,57.6
1604456799,73.0,86.0,86.0,89.0,18.1,57.6
1604456800,73.0,86.0,85.0,89.0,18.1,57.6
1604456801,73.0,86.0,85.0,90.0,18.1,57.6
1604456802,73.0,86.0,84.0,90.0,18.1,57.6
1604456803,73.0,86.0,84.0,90.0,18.1,57.6
1604456804,73.0,87.0,84.0,90.0,18.1,57.6
1604456805,74.0,87.0,84.0,90.0,18.1,57.6
1604456806,74.0,87.0,84.0,90.0,18.1,57.6
1604456807,73.0,87.0,84.0,89.0,18.1,57.6
1604456808,73.0,87.0,84.0,88.0,18.1,57.6
1604456809,73.0,87.0,85.0,88.0,18.1,57.6
1604456810,73.0,86.0,85.0,87.0,18.1,57.6
1604456811,72.0,86.0,86.0,86.0,18.1,57.6
1604456812,72.0,86.0,86.0,86.0,18.1,57.6
1604456813,72.0,85.0,86.0,86.0,18.0,57.6
1604456814,72.0,84.0,86.0,85.0,18.0,57.6
1604456815,72.0,84.0,86.0,85.0,18.0,57.6
1604456816,73.0,84.0,86.0,85.0,18.0,57.6
1604456817,73.0,83.0,86.0,86.0,18.0,57.6
1604456818,73.0,83.0,85.0,86.0,18.1,57.7
1604456819,73.0,84.0,85.0,86.0,18.1,57.7
1604456820,74.0,84.0,85.0,87.0,18.1,57.7
1604456821,74.0,85.0,85.0,88.0,18.1,57.7
1604456822,74.0,85.0,85.0,88.0,18.1,57.7
1604456823,74.0,86.0,85.0,89.0,18.1,57.7
1604456824,74.0,87.0,85.0,90.0,18.1,57.7
1604456825,74.0,88.0,84.0,90.0,18.1,57.7
1604456826,74.0,88.0,84.0,90.0,18.1,57.7
1604456827,74.0,89.0,84.0,91.0,18.1,57.7
1604456828,74.0,89.0,85.0,92.0,18.1,57.7
1604456829,74.0,89.0,84.0,92.0,18.1,57.7
1604456830,73.0,89.0,84.0,92.0,18.1,57.7
1604456831,73.0,89.0,84.0,92.0,18.1,57.7
1604456832,73.0,89.0,84.0,91.0,18.1,57.7
1604456833,73.0,89.0,84.0,91.0,18.1,57.7
1604456834,73.0,88.0,84.0,91.0,18.1,57.7
1604456835,73.0,88.0,84.0,90.0,18.1,57.7
1604456836,73.0,88.0,84.0,89.0,18.1,57.7
1604456837,73.0,88.0,84.0,89.0,18.1,57.7
1604456838,73.0,88.0,83.0,88.0,18.1,57.7
1604456839,73.0,88.0,83.0,87.0,18.1,57.7
1604456840,73.0,88.0,83.0,86.0,18.1,57.7
1604456841,73.11111111111111,88.0,83.0,86.0,18.1,57.7
1604456842,73.22222222222223,88.0,83.0,86.0,18.1,57.7
1604456843,73.33333333333333,88.0,83.0,86.0,18.1,57.7
1604456844,73.44444444444444,88.0,83.0,86.0,18.1,57.7
1604456845,73.55555555555556,88.0,83.0,86.0,18.1,57.7
1604456846,73.66666666666667,88.0,83.0,86.0,18.1,57.7
1604456847,73.77777777777777,88.0,83.0,86.0,18.1,57.7
1604456848,73.88888888888889,88.0,83.0,86.0,18.1,57.7
1604456849,74.0,88.0,83.0,86.0,18.1,57.7
1604456850,74.0,88.0,83.0,86.0,18.1,57.7
1604456851,74.0,88.0,84.0,86.0,18.1,57.7
1604456852,74.0,88.0,84.0,85.0,18.1,57.7
1604456853,75.0,88.0,85.0,85.0,18.1,57.7
1604456854,75.0,88.0,86.0,85.0,18.1,57.7
1604456855,75.0,88.0,86.0,85.0,18.1,57.7
1604456856,75.0,88.0,87.0,85.0,18.1,57.4
1604456857,74.0,88.0,88.0,86.0,18.1,57.4
1604456858,74.0,87.0,88.0,86.0,18.1,57.4
1604456859,74.0,87.0,88.0,86.0,18.1,57.4
1604456860,74.0,87.0,88.0,85.0,18.1,57.4
1604456861,73.0,87.0,88.0,85.0,18.1,57.4
1604456862,73.0,87.0,88.0,85.0,18.1,57.4
1604456863,73.0,86.0,88.0,85.0,18.1,57.4
1604456864,73.0,86.0,88.0,85.0,18.1,57.4
1604456865,73.0,85.0,87.0,85.0,18.1,57.4
1604456866,73.0,85.0,87.0,85.0,18.1,57.3
1604456867,73.0,85.0,86.0,85.0,18.1,57.3
1604456868,73.0,85.0,86.0,85.0,18.1,57.3
1604456869,73.0,85.0,86.0,86.0,18.1,57.3
1604456870,73.0,84.0,86.0,86.0,18.1,57.3
1604456871,73.0,84.0,86.0,87.0,18.1,57.3
1604456872,73.0,84.0,86.0,88.0,18.1,57.3
1604456873,73.0,84.0,86.0,88.0,18.1,57.3
1604456874,73.0,84.0,87.0,88.0,18.1,57.3
1604456875,73.0,84.0,87.0,88.0,18.1,57.3
1604456876,73.0,84.0,87.0,89.0,18.1,57.4
1604456877,73.0,84.0,87.0,89.0,18.1,57.4
1604456878,73.0,84.0,87.0,89.0,18.1,57.4
1604456879,73.0,83.0,87.0,90.0,18.1,57.4
1604456880,74.0,83.0,87.0,90.0,18.1,57.4
1604456881,74.0,83.0,86.0,90.0,18.1,57.3
1604456882,74.0,83.0,86.0,90.0,18.1,57.3
1604456883,74.0,83.0,86.0,90.0,18.1,57.3
1604456884,74.0,83.0,85.0,90.0,18.1,57.3
1604456885,75.0,82.0,85.0,90.0,18.1,57.3
1604456886,75.0,82.0,85.0,91.0,18.1,57.3
1604456887,75.0,82.0,85.0,91.0,18.1,57.3
1604456888,75.0,82.0,85.0,91.0,18.1,57.3
1604456889,75.0,82.0,86.0,91.0,18.1,57.3
1604456890,75.0,82.0,86.0,91.0,18.1,57.3
1604456891,75.0,82.0,86.0,91.0,18.2,57.4
1604456892,75.0,82.0,87.0,91.0,18.2,57.4
1604456893,74.0,82.0,87.0,91.0,18.2,57.4
1604456894,73.0,82.0,87.0,92.0,18.2,57.4
1604456895,73.0,82.0,87.0,92.0,18.2,57.4
1604456896,73.0,82.0,87.0,92.0,18.1,57.3
1604456897,72.0,82.0,87.0,92.0,18.1,57.3
1604456898,72.0,82.0,87.0,92.0,18.1,57.3
1604456899,72.0,81.0,87.0,92.0,18.1,57.3
1604456900,72.0,81.0,87.0,91.0,18.1,57.3
1604456901,72.0,81.0,87.0,91.0,18.1,57.3
1604456902,72.0,81.0,87.0,91.0,18.1,57.3
1604456903,71.0,82.0,86.0,90.0,18.1,57.3
1604456904,71.0,82.0,86.0,90.0,18.1,57.3
1604456905,71.0,82.0,86.0,90.0,18.1,57.3
1604456906,71.0,83.0,85.0,89.0,18.1,57.3
1604456907,71.0,83.0,85.0,89.0,18.1,57.3
1604456908,71.0,83.0,85.0,89.0,18.1,57.3
1604456909,71.0,84.0,85.0,89.0,18.1,57.3
1604456910,71.0,84.0,85.0,89.0,18.1,57.3
1604456911,71.0,85.0,85.0,89.0,18.1,57.3
1604456912,71.0,84.0,85.0,90.0,18.1,57.3
1604456913,71.0,84.0,85.0,91.0,18.1,57.3
1604456914,72.0,84.0,85.0,91.0,18.1,57.3
1604456915,72.0,83.0,85.0,91.0,18.1,57.3
1604456916,72.0,83.0,85.0,92.0,18.2,57.4
1604456917,72.0,82.0,85.0,92.0,18.2,57.4
1604456918,72.0,81.0,85.0,92.0,18.2,57.4
1604456919,72.0,81.0,85.0,92.0,18.2,57.4
1604456920,72.0,80.0,85.0,92.0,18.2,57.4
1604456921,72.0,80.0,85.0,91.0,18.2,57.3
1604456922,72.0,80.0,85.0,91.0,18.2,57.3
1604456923,72.0,80.0,85.0,91.0,18.2,57.3
1604456924,72.0,80.0,85.0,91.0,18.2,57.3
1604456925,72.0,80.0,85.0,91.0,18.2,57.3
1604456926,72.0,81.0,85.0,90.0,18.1,57.3
1604456927,72.0,81.0,85.0,90.0,18.1,57.3
1604456928,72.0,81.0,86.0,90.0,18.1,57.3
1604456929,72.0,81.0,86.0,90.0,18.1,57.3
1604456930,72.0,81.0,86.0,90.0,18.1,57.3
1604456931,72.0,81.0,86.0,90.0,18.2,57.4
1604456932,72.0,81.0,87.0,90.0,18.2,57.4
1604456933,73.0,81.0,87.0,91.0,18.2,57.4
1604456934,73.0,81.0,87.0,91.0,18.2,57.4
1604456935,73.0,80.0,87.0,91.0,18.2,57.4
1604456936,74.0,80.0,87.0,91.0,18.1,57.3
1604456937,74.0,80.0,87.0,91.0,18.1,57.3
1604456938,74.0,81.0,86.0,92.0,18.1,57.3
1604456939,74.0,81.0,86.0,92.0,18.1,57.3
1604456940,74.0,81.0,86.0,92.0,18.1,57.3
1604456941,74.0,81.0,86.0,92.0,18.2,57.4
1604456942,74.0,81.0,85.0,92.0,18.2,57.4
1604456943,74.0,82.0,85.0,92.0,18.2,57.4
1604456944,73.0,82.0,85.0,92.0,18.2,57.4
1604456945,73.0,82.0,85.0,92.0,18.2,57.4
1604456946,72.0,82.0,85.0,91.0,18.2,57.4
1604456947,72.0,82.0,85.0,91.0,18.2,57.4
1604456948,71.0,82.0,84.0,91.0,18.2,57.4
1604456949,71.0,82.0,84.0,90.0,18.2,57.4
1604456950,71.0,82.0,84.0,90.0,18.2,57.4
1604456951,71.0,82.0,84.0,89.0,18.2,57.4
1604456952,72.0,82.0,84.0,89.0,18.2,57.4
1604456953,72.0,83.0,84.0,89.0,18.2,57.4
1604456954,72.0,83.0,84.0,89.0,18.2,57.4
1604456955,73.0,83.0,84.0,89.0,18.2,57.4
1604456956,73.0,83.0,83.0,90.0,18.1,57.3
1604456957,73.0,84.0,83.0,90.0,18.1,57.3
1604456958,73.0,84.0,83.0,90.0,18.1,57.3
1604456959,73.0,84.0,83.0,90.0,18.1,57.3
1604456960,73.0,83.0,83.0,91.0,18.1,57.3
1604456961,73.0,83.0,83.0,91.0,18.2,57.4
1604456962,73.0,83.0,83.0,91.0,18.2,57.4
1604456963,73.0,83.0,83.0,91.0,18.2,57.4
1604456964,73.0,83.0,83.0,90.0,18.2,57.4
1604456965,73.0,83.0,83.0,90.0,18.2,57.4
1604456966,72.0,83.0,83.0,90.0,18.2,57.4
1604456967,73.0,83.0,83.0,89.0,18.2,57.4
1604456968,73.0,83.0,83.0,89.0,18.2,57.4
1604456969,73.0,84.0,84.0,89.0,18.2,57.4
1604456970,73.0,84.0,84.0,89.0,18.2,57.4
1604456971,73.0,84.0,84.0,89.0,18.1,57.3
1604456972,73.0,84.0,84.0,89.0,18.1,57.3
1604456973,73.0,85.0,84.0,90.0,18.1,57.3
1604456974,73.0,85.0,84.0,90.0,18.1,57.3
1604456975,73.0,85.0,84.0,91.0,18.1,57.3
1604456976,73.0,85.0,84.0,91.0,18.1,57.3
1604456977,73.0,85.0,84.0,91.0,18.1,57.3
1604456978,73.0,85.0,84.0,92.0,18.1,57.3
1604456979,73.0,84.0,84.0,92.0,18.1,57.3
1604456980,74.0,84.0,84.0,92.0,18.1,57.3
1604456981,74.0,84.0,85.0,92.0,18.1,57.3
1604456982,74.0,83.0,85.0,92.0,18.1,57.3
1604456983,74.0,82.0,85.0,92.0,18.1,57.3
1604456984,75.0,81.0,85.0,92.0,18.1,57.3
1604456985,75.0,81.0,85.0,92.0,18.1,57.3
1604456986,75.0,80.0,86.0,92.0,18.2,57.3
1604456987,75.0,80.0,87.0,92.0,18.2,57.3
1604456988,75.0,80.0,87.0,92.0,18.2,57.3
1604456989,76.0,80.0,87.0,92.0,18.2,57.3
1604456990,76.0,80.0,87.0,91.0,18.2,57.3
1604456991,76.0,80.0,87.0,91.0,18.1,57.3
1604456992,76.0,80.0,87.0,91.0,18.1,57.3
1604456993,76.0,80.0,87.0,92.0,18.1,57.3
1604456994,77.0,81.0,87.0,92.0,18.1,57.3
1604456995,77.0,81.0,87.0,92.0,18.1,57.3
1604456996,77.0,82.0,86.0,92.0,18.1,57.3
1604456997,77.0,82.0,86.0,91.0,18.1,57.3
1604456998,77.0,82.0,86.0,91.0,18.1,57.3
1604456999,77.0,82.0,86.0,91.0,18.1,57.3
1604457000,76.0,82.0,85.0,91.0,18.1,57.3
1604457001,75.0,82.0,84.0,91.0,18.1,57.3
1604457002,75.0,84.0,83.0,90.0,18.1,57.3
1604457003,74.0,84.0,83.0,90.0,18.1,57.3
1604457004,74.0,84.0,82.0,89.0,18.1,57.3
1604457005,73.0,84.0,82.0,89.0,18.1,57.3
1604457006,73.0,84.0,82.0,89.0,18.1,57.3
1604457007,72.0,84.0,82.0,89.0,18.1,57.3
1604457008,72.0,84.0,82.0,90.0,18.1,57.3
1604457009,72.0,84.0,83.0,90.0,18.1,57.3
1604457010,72.0,83.0,84.0,90.0,18.1,57.3
1604457011,72.0,83.0,84.0,90.0,18.1,57.3
1604457012,72.0,83.0,84.0,90.0,18.1,57.3
1604457013,72.0,83.0,86.0,90.0,18.1,57.3
1604457014,72.0,83.0,87.0,90.0,18.1,57.3
1604457015,72.0,83.0,87.0,90.0,18.1,57.3
1604457016,73.0,82.0,88.0,90.0,18.1,57.2
1604457017,73.0,82.0,88.0,89.0,18.1,57.2
1604457018,73.0,82.0,88.0,89.0,18.1,57.2
1604457019,73.0,81.0,88.0,89.0,18.1,57.2
1604457020,73.0,81.0,88.0,89.0,18.1,57.2
1604457021,74.0,81.0,88.0,89.0,18.1,57.2
1604457022,74.0,81.0,87.0,89.0,18.1,57.2
1604457023,74.0,81.0,87.0,89.0,18.1,57.2
1604457024,74.0,81.0,87.0,89.0,18.1,57.2
1604457025,73.0,81.0,87.0,89.0,18.1,57.2
1604457026,73.0,81.0,87.0,90.0,18.1,57.2
1604457027,72.0,81.0,87.0,91.0,18.1,57.2
1604457028,72.0,82.0,87.0,92.0,18.1,57.2
1604457029,72.0,82.0,87.0,92.0,18.1,57.2
1604457030,72.0,82.0,87.0,93.0,18.1,57.2
1604457031,72.0,82.0,87.0,93.0,18.1,57.2
1604457032,72.0,82.0,87.0,93.0,18.1,57.2
1604457033,71.0,82.0,87.0,94.0,18.1,57.2
1604457034,72.0,82.0,87.0,94.0,18.1,57.2
1604457035,72.0,82.0,87.0,93.0,18.1,57.2
1604457036,72.0,82.0,87.0,93.0,18.1,57.2
1604457037,73.0,81.0,87.0,93.0,18.1,57.2
1604457038,73.0,81.0,87.0,91.0,18.1,57.2
1604457039,73.0,82.0,87.0,91.0,18.1,57.2
1604457040,74.0,82.0,87.0,90.0,18.1,57.2
1604457041,74.0,82.0,87.0,90.0,18.1,57.2
1604457042,74.0,82.0,87.0,89.0,18.1,57.2
1604457043,74.0,83.0,87.0,89.0,18.1,57.2
1604457044,75.0,83.0,88.0,89.0,18.1,57.2
1604457045,75.0,83.0,88.0,89.0,18.1,57.2
1604457046,75.0,84.0,88.0,89.0,18.1,57.2
1604457047,76.0,84.0,88.0,89.0,18.1,57.2
1604457048,76.0,84.0,88.0,89.0,18.1,57.2
1604457049,77.0,84.0,88.0,90.0,18.1,57.2
1604457050,77.0,85.0,88.0,90.0,18.1,57.2
1604457051,76.88888888888889,85.0,88.0,90.0,18.1,57.2
1604457052,76.77777777777777,85.0,88.0,90.0,18.1,57.2
1604457053,76.66666666666667,85.0,88.0,90.0,18.1,57.2
1604457054,76.55555555555556,85.0,88.0,90.0,18.1,57.2
1604457055,76.44444444444444,85.0,88.0,90.0,18.1,57.2
1604457056,76.33333333333333,85.0,88.0,90.0,18.1,57.2
1604457057,76.22222222222223,85.0,88.0,90.0,18.1,57.2
1604457058,76.11111111111111,85.0,88.0,90.0,18.1,57.2
1604457059,76.0,85.0,88.0,90.0,18.1,57.2
1604457060,76.0,85.0,89.0,91.0,18.1,57.2
1604457061,75.0,85.0,89.0,91.0,18.1,57.2
1604457062,75.0,85.0,89.0,91.0,18.1,57.2
1604457063,75.0,85.0,89.0,91.0,18.1,57.2
1604457064,74.0,85.0,89.0,91.0,18.1,57.2
1604457065,75.0,85.0,89.0,90.0,18.1,57.2
1604457066,75.0,85.0,89.0,90.0,18.1,57.2
1604457067,75.0,85.0,89.0,89.0,18.1,57.2
1604457068,75.0,84.0,88.0,89.0,18.1,57.2
1604457069,75.0,84.0,87.0,89.0,18.1,57.2
1604457070,75.0,84.0,87.0,89.0,18.1,57.2
1604457071,75.0,84.0,86.0,88.0,18.1,57.2
1604457072,76.0,84.0,86.0,88.0,18.1,57.2
1604457073,76.0,84.0,86.0,88.0,18.1,57.2
1604457074,76.0,84.0,85.0,88.0,18.1,57.2
1604457075,77.0,84.0,84.0,88.0,18.1,57.2
1604457076,77.0,84.0,84.0,87.0,18.1,57.2
1604457077,77.0,84.0,84.0,87.0,18.1,57.2
1604457078,77.0,84.0,84.0,87.0,18.1,57.2
1604457079,78.0,84.0,85.0,87.0,18.1,57.2
1604457080,78.0,84.0,85.0,87.0,18.1,57.2
1604457081,78.0,85.0,85.0,87.0,18.1,57.2
1604457082,78.0,86.0,87.0,87.0,18.1,57.2
1604457083,77.0,86.0,87.0,87.0,18.1,57.2
1604457084,77.0,86.0,88.0,87.0,18.1,57.2
1604457085,76.0,87.0,89.0,87.0,18.1,57.2
1604457086,76.0,87.0,90.0,87.0,18.1,57.2
1604457087,75.0,87.0,91.0,87.0,18.1,57.2
1604457088,75.0,87.0,91.0,87.0,18.1,57.2
1604457089,75.0,87.0,91.0,87.0,18.1,57.1
1604457090,74.0,87.0,91.0,87.0,18.1,57.1
1604457091,74.0,86.0,90.0,87.0,18.1,57.1
1604457092,73.0,85.0,90.0,87.0,18.1,57.1
1604457093,73.0,85.0,89.0,87.0,18.1,57.1
1604457094,73.0,84.0,88.0,88.0,18.1,57.1
1604457095,74.0,83.0,88.0,88.0,18.1,57.1
1604457096,74.0,83.0,87.0,88.0,18.1,57.1
1604457097,74.0,82.0,87.0,88.0,18.1,57.1
1604457098,74.0,82.0,86.0,88.0,18.1,57.1
1604457099,74.0,81.0,86.0,88.0,18.1,57.1
1604457100,74.0,82.0,86.0,87.0,18.1,57.1
1604457101,74.0,82.0,86.0,87.0,18.1,57.1
1604457102,74.0,83.0,86.0,87.0,18.1,57.1
1604457103,74.0,83.0,86.0,87.0,18.1,57.1
1604457104,74.0,83.0,86.0,87.0,18.1,57.1
1604457105,74.0,84.0,86.0,87.0,18.1,57.1
1604457106,74.0,84.0,86.0,87.0,18.1,57.1
1604457107,74.0,85.0,86.0,87.0,18.1,57.1
1604457108,74.0,85.0,86.0,87.0,18.1,57.1
1604457109,74.0,86.0,86.0,87.0,18.1,57.1
1604457110,74.0,86.0,86.0,87.0,18.1,57.1
1604457111,74.0,86.0,86.0,87.0,18.1,57.1
1604457112,73.0,85.0,86.0,88.0,18.1,57.1
1604457113,73.0,85.0,87.0,88.0,18.1,57.1
1604457114,72.0,85.0,87.0,89.0,18.1,57.2
1604457115,72.0,85.0,87.0,89.0,18.1,57.2
1604457116,72.0,85.0,88.0,89.0,18.1,57.2
1604457117,72.0,84.0,88.0,90.0,18.1,57.2
1604457118,72.0,84.0,88.0,90.0,18.1,57.2
1604457119,71.0,84.0,88.0,90.0,18.1,57.2
1604457120,71.0,84.0,88.0,90.0,18.1,57.2
1604457121,72.0,84.0,89.0,91.0,18.1,57.2
1604457122,72.0,85.0,89.0,90.0,18.1,57.2
1604457123,72.0,85.0,89.0,90.0,18.1,57.2
1604457124,72.0,86.0,89.0,90.0,18.1,57.2
1604457125,72.0,86.0,89.0,90.0,18.1,57.2
1604457126,73.0,86.0,89.0,90.0,18.1,57.2
1604457127,73.0,87.0,88.0,89.0,18.1,57.2
1604457128,73.0,87.0,88.0,89.0,18.1,57.2
1604457129,73.0,87.0,88.0,89.0,18.1,57.2
1604457130,73.0,88.0,88.0,89.0,18.1,57.2
1604457131,73.0,87.0,88.0,89.0,18.1,57.2
1604457132,73.0,87.0,87.0,88.0,18.1,57.2
1604457133,73.0,87.0,87.0,88.0,18.1,57.2
1604457134,72.0,87.0,87.0,88.0,18.1,57.2
1604457135,72.0,86.0,87.0,88.0,18.1,57.2
1604457136,72.0,86.0,86.0,87.0,18.1,57.2
1604457137,71.0,86.0,86.0,87.0,18.1,57.2
1604457138,71.0,86.0,86.0,87.0,18.1,57.2
1604457139,71.0,85.0,86.0,87.0,18.1,57.3
1604457140,71.0,85.0,85.0,86.0,18.1,57.3
1604457141,71.0,85.0,85.0,86.0,18.1,57.3
1604457142,71.0,85.0,85.0,86.0,18.1,57.3
1604457143,71.0,84.0,85.0,86.0,18.1,57.3
1604457144,71.0,84.0,84.0,86.0,18.1,57.4
1604457145,71.0,84.0,84.0,86.0,18.1,57.4
1604457146,71.0,84.0,84.0,86.0,18.1,57.4
1604457147,70.0,84.0,85.0,86.0,18.1,57.4
1604457148,70.0,83.0,86.0,86.0,18.1,57.4
1604457149,70.0,83.0,86.0,86.0,18.1,57.2
1604457150,70.0,83.0,86.0,87.0,18.1,57.2
1604457151,70.0,83.0,87.0,88.0,18.1,57.2
1604457152,70.0,82.0,87.0,88.0,18.1,57.2
1604457153,70.0,82.0,87.0,89.0,18.1,57.2
1604457154,70.0,82.0,88.0,89.0,18.1,57.2
1604457155,70.0,82.0,88.0,90.0,18.1,57.2
1604457156,70.0,81.0,88.0,90.0,18.1,57.2
1604457157,70.0,81.0,88.0,90.0,18.1,57.2
1604457158,70.0,81.0,88.0,90.0,18.1,57.2
1604457159,70.0,81.0,88.0,90.0,18.1,57.2
1604457160,70.0,81.0,88.0,90.0,18.1,57.2
1604457161,70.0,81.0,88.0,89.0,18.1,57.2
1604457162,70.0,81.0,88.0,89.0,18.1,57.2
1604457163,70.0,81.0,88.0,88.0,18.1,57.2
1604457164,70.0,81.0,88.0,87.0,18.1,57.2
1604457165,71.0,81.0,88.0,87.0,18.1,57.2
1604457166,71.0,81.0,88.0,85.0,18.1,57.2
1604457167,71.0,82.0,87.0,85.0,18.1,57.2
1604457168,72.0,82.0,87.0,84.0,18.1,57.2
1604457169,72.0,83.0,86.0,84.0,18.1,57.2
1604457170,73.0,83.0,86.0,84.0,18.1,57.2
1604457171,73.0,83.0,86.0,84.0,18.1,57.2
1604457172,74.0,83.0,85.0,84.0,18.1,57.2
1604457173,74.0,83.0,85.0,84.0,18.1,57.2
1604457174,74.0,83.0,84.0,84.0,18.1,57.2
1604457175,74.0,83.0,84.0,84.0,18.1,57.2
1604457176,75.0,83.0,84.0,84.0,18.1,57.2
1604457177,75.0,83.0,84.0,84.0,18.1,57.2
1604457178,75.0,82.0,85.0,84.0,18.1,57.2
1604457179,75.0,82.0,85.0,84.0,18.1,57.2
1604457180,75.0,82.0,85.0,84.0,18.1,57.2
1604457181,74.0,82.0,85.0,84.0,18.1,57.2
1604457182,74.0,82.0,85.0,84.0,18.1,57.2
1604457183,74.0,82.0,85.0,84.0,18.1,57.2
1604457184,73.0,83.0,85.0,85.0,18.1,57.2
1604457185,73.0,84.0,86.0,85.0,18.1,57.2
1604457186,72.0,84.0,85.0,85.0,18.1,57.2
1604457187,72.0,85.0,85.0,85.0,18.1,57.2
1604457188,72.0,85.0,85.0,86.0,18.1,57.2
1604457189,72.0,86.0,85.0,86.0,18.1,57.2
1604457190,72.0,87.0,85.0,86.0,18.1,57.2
1604457191,72.0,87.0,85.0,86.0,18.1,57.2
1604457192,72.0,87.0,85.0,86.0,18.1,57.2
1604457193,73.0,88.0,86.0,86.0,18.1,57.2
1604457194,73.0,87.0,86.0,87.0,18.1,57.2
1604457195,73.0,87.0,86.0,87.0,18.1,57.2
1604457196,74.0,87.0,86.0,87.0,18.1,57.2
1604457197,74.0,87.0,87.0,88.0,18.1,57.2
1604457198,74.0,87.0,87.0,88.0,18.1,57.2
1604457199,74.0,87.0,87.0,89.0,18.1,57.2
1604457200,74.0,87.0,87.0,89.0,18.1,57.2
1604457201,74.0,86.0,86.0,89.0,18.1,57.2
1604457202,75.0,86.0,86.0,90.0,18.1,57.2
1604457203,75.0,86.0,86.0,90.0,18.1,57.2
1604457204,75.0,87.0,86.0,90.0,18.1,57.1
1604457205,75.0,87.0,86.0,90.0,18.1,57.1
1604457206,74.0,87.0,85.0,90.0,18.1,57.1
1604457207,74.0,87.0,85.0,90.0,18.1,57.1
1604457208,74.0,86.0,85.0,90.0,18.1,57.1
1604457209,74.0,86.0,85.0,89.0,18.1,57.2
1604457210,74.0,86.0,85.0,89.0,18.1,57.2
1604457211,74.0,86.0,85.0,88.0,18.1,57.2
1604457212,73.0,85.0,86.0,88.0,18.1,57.2
1604457213,73.0,84.0,86.0,87.0,18.1,57.2
1604457214,73.0,84.0,86.0,87.0,18.1,57.1
1604457215,72.0,83.0,87.0,87.0,18.1,57.1
1604457216,72.0,83.0,87.0,87.0,18.1,57.1
1604457217,72.0,83.0,87.0,87.0,18.1,57.1
1604457218,72.0,82.0,87.0,87.0,18.1,57.1
1604457219,71.0,82.0,88.0,87.0,18.1,57.1
1604457220,71.0,82.0,88.0,88.0,18.1,57.1
1604457221,71.0,82.0,88.0,88.0,18.1,57.1
1604457222,71.0,82.0,88.0,89.0,18.1,57.1
1604457223,72.0,82.0,88.0,89.0,18.1,57.1
1604457224,72.0,82.0,88.0,89.0,18.1,57.1
1604457225,73.0,82.0,87.0,90.0,18.1,57.1
1604457226,73.0,82.0,87.0,90.0,18.1,57.1
1604457227,73.0,82.0,87.0,90.0,18.1,57.1
1604457228,74.0,82.0,87.0,90.0,18.1,57.1
1604457229,74.0,82.0,87.0,89.0,18.0,57.0
1604457230,75.0,82.0,87.0,89.0,18.0,57.0
1604457231,75.0,82.0,87.0,89.0,18.0,57.0
1604457232,76.0,82.0,87.0,88.0,18.0,57.0
1604457233,76.0,83.0,87.0,87.0,18.0,57.0
1604457234,76.0,84.0,87.0,87.0,18.1,57.1
1604457235,76.0,84.0,87.0,86.0,18.1,57.1
1604457236,76.0,85.0,87.0,85.0,18.1,57.1
1604457237,76.0,85.0,86.0,85.0,18.1,57.1
1604457238,76.0,85.0,86.0,84.0,18.1,57.1
1604457239,76.0,85.0,86.0,83.0,18.1,57.0
1604457240,76.0,85.0,85.0,83.0,18.1,57.0
1604457241,76.0,85.0,85.0,83.0,18.1,57.0
1604457242,76.0,85.0,84.0,82.0,18.1,57.0
1604457243,76.0,85.0,84.0,82.0,18.1,57.0
1604457244,76.0,85.0,84.0,82.0,18.1,57.0
1604457245,75.0,84.0,84.0,82.0,18.1,57.0
1604457246,75.0,84.0,84.0,82.0,18.1,57.0
1604457247,75.0,84.0,84.0,82.0,18.1,57.0
1604457248,75.0,83.0,84.0,83.0,18.1,57.0
1604457249,75.0,83.0,85.0,83.0,18.1,57.0
1604457250,75.0,83.0,85.0,84.0,18.1,57.0
1604457251,75.0,83.0,85.0,84.0,18.1,57.0
1604457252,75.0,82.0,86.0,84.0,18.1,57.0
1604457253,75.0,82.0,87.0,85.0,18.1,57.0
1604457254,74.0,82.0,88.0,85.0,18.1,57.1
1604457255,74.0,82.0,89.0,85.0,18.1,57.1
1604457256,74.0,83.0,89.0,85.0,18.1,57.1
1604457257,74.0,83.0,89.0,85.0,18.1,57.1
1604457258,73.0,83.0,88.0,85.0,18.1,57.1
1604457259,73.0,83.0,88.0,85.0,18.1,57.1
1604457260,72.88888888888889,83.0,87.88888888888889,84.88888888888889,18.1,57.1
1604457261,72.77777777777777,83.0,87.77777777777777,84.77777777777777,18.1,57.1
1604457262,72.66666666666667,83.0,87.66666666666667,84.66666666666667,18.1,57.1
1604457263,72.55555555555556,83.0,87.55555555555556,84.55555555555556,18.1,57.1
1604457264,72.44444444444444,83.0,87.44444444444444,84.44444444444444,18.1,57.1
1604457265,72.33333333333333,83.0,87.33333333333333,84.33333333333333,18.1,57.1
1604457266,72.22222222222223,83.0,87.22222222222223,84.22222222222223,18.1,57.1
1604457267,72.11111111111111,83.0,87.11111111111111,84.11111111111111,18.1,57.1
1604457268,72.0,83.0,87.0,84.0,18.1,57.1
1604457269,73.0,83.0,87.0,84.0,18.1,57.1
1604457270,73.0,83.0,86.0,84.0,18.1,57.1
1604457271,73.0,83.0,85.0,84.0,18.1,57.1
1604457272,73.0,83.0,84.0,84.0,18.1,57.1
1604457273,73.0,83.0,83.0,84.0,18.1,57.1
1604457274,73.0,83.0,83.0,84.0,18.1,57.1
1604457275,74.0,83.0,83.0,84.0,18.1,57.1
1604457276,74.0,82.0,83.0,84.0,18.1,57.1
1604457277,74.0,82.0,83.0,84.0,18.1,57.1
1604457278,74.0,82.0,83.0,85.0,18.1,57.1
1604457279,74.0,82.0,83.0,85.0,18.1,57.1
1604457280,74.0,81.0,83.0,85.0,18.1,57.1
1604457281,74.0,81.0,83.0,85.0,18.1,57.1
1604457282,74.0,81.0,84.0,86.0,18.1,57.2
1604457283,74.0,81.0,83.0,86.0,18.1,57.2
1604457284,73.0,81.0,83.0,86.0,18.1,57.2
1604457285,73.0,80.0,83.0,86.0,18.1,57.2
1604457286,73.0,81.0,83.0,86.0,18.1,57.2
1604457287,73.0,81.0,83.0,86.0,18.0,57.1
1604457288,73.0,81.0,83.0,86.0,18.0,57.1
1604457289,73.0,81.0,83.0,85.0,18.0,57.1
1604457290,72.0,82.0,83.0,85.0,18.0,57.1
1604457291,72.0,82.0,84.0,85.0,18.0,57.1
1604457292,72.0,82.0,84.0,85.0,18.1,57.2
1604457293,72.0,82.0,85.0,85.0,18.1,57.2
1604457294,72.0,82.0,85.0,85.0,18.1,57.2
1604457295,72.0,82.0,86.0,85.0,18.1,57.2
1604457296,72.0,82.0,86.0,85.0,18.1,57.2
1604457297,72.0,82.0,86.0,84.0,18.1,57.2
1604457298,72.0,82.0,86.0,84.0,18.1,57.2
1604457299,72.0,83.0,86.0,84.0,18.1,57.2
1604457300,72.0,83.0,86.0,84.0,18.1,57.2
1604457301,72.0,83.0,86.0,84.0,18.1,57.2
1604457302,73.0,83.0,86.0,84.0,18.1,57.2
1604457303,73.0,84.0,86.0,84.0,18.1,57.2
1604457304,73.0,84.5,86.0,84.0,18.1,57.2
1604457305,73.0,85.0,86.0,84.0,18.1,57.2
1604457306,73.0,85.0,86.0,84.0,18.1,57.2
1604457307,73.0,85.0,85.0,84.0,18.1,57.2
1604457308,73.0,85.0,85.0,84.0,18.1,57.2
1604457309,73.0,85.0,85.0,84.0,18.1,57.2
1604457310,73.0,85.0,85.0,85.0,18.1,57.2
1604457311,73.0,85.0,84.0,85.0,18.1,57.2
1604457312,73.0,84.0,85.0,85.0,18.1,57.2
1604457313,73.0,84.0,85.0,85.0,18.1,57.2
1604457314,73.0,83.0,85.0,87.0,18.1,57.2
1604457315,73.0,83.0,85.0,87.0,18.1,57.2
1604457316,74.0,82.0,85.0,87.0,18.1,57.2
1604457317,74.0,82.0,86.0,88.0,18.1,57.2
1604457318,74.0,81.0,86.0,88.0,18.0,57.1
1604457319,75.0,80.0,86.0,88.0,18.0,57.1
1604457320,75.0,80.0,86.0,89.0,18.0,57.1
1604457321,75.0,80.0,86.0,89.0,18.0,57.1
1604457322,75.0,80.0,86.0,89.0,18.0,57.1
1604457323,75.0,80.0,85.0,89.0,18.0,57.1
1604457324,75.0,80.0,85.0,89.0,18.0,57.1
1604457325,75.0,80.0,85.0,89.0,18.0,57.1
1604457326,75.0,81.0,85.0,89.0,18.0,57.1
1604457327,75.0,81.0,85.0,89.0,18.0,57.1
1604457328,75.0,82.0,85.0,89.0,18.1,57.2
1604457329,75.0,82.0,85.0,88.0,18.1,57.2
1604457330,75.0,82.0,85.0,88.0,18.1,57.2
1604457331,75.0,83.0,85.0,88.0,18.1,57.2
1604457332,75.0,83.0,85.0,87.0,18.1,57.2
1604457333,75.0,84.0,85.0,87.0,18.1,57.2
1604457334,75.0,84.0,85.0,87.0,18.1,57.2
1604457335,76.0,84.0,85.0,87.0,18.1,57.2
1604457336,76.0,84.0,85.0,87.0,18.1,57.2
1604457337,76.0,84.0,85.0,87.0,18.1,57.2
1604457338,76.0,84.0,84.0,88.0,18.1,57.2
1604457339,76.0,84.0,84.0,88.0,18.1,57.2
1604457340,75.0,84.0,84.0,88.0,18.1,57.2
1604457341,75.0,83.0,84.0,87.0,18.1,57.2
1604457342,75.0,83.0,85.0,86.0,18.1,57.2
1604457343,74.0,83.0,85.0,86.0,18.1,57.2
1604457344,74.0,83.0,85.0,86.0,18.1,57.2
1604457345,74.0,82.0,86.0,86.0,18.1,57.2
1604457346,74.0,82.0,86.0,86.0,18.1,57.2
1604457347,74.0,82.0,86.0,87.0,18.1,57.2
1604457348,75.0,82.0,87.0,87.0,18.1,57.2
1604457349,75.0,82.0,87.0,87.0,18.1,57.2
1604457350,75.0,82.0,87.0,88.0,18.1,57.2
1604457351,76.0,82.0,87.0,88.0,18.1,57.2
1604457352,76.0,82.0,87.0,88.0,18.1,57.2
1604457353,76.0,82.0,87.0,88.0,18.0,57.1
1604457354,76.0,82.0,87.0,88.0,18.0,57.1
1604457355,76.0,82.0,87.0,88.0,18.0,57.1
1604457356,76.0,82.0,86.0,87.0,18.0,57.1
1604457357,76.0,82.0,86.0,87.0,18.0,57.1
1604457358,75.0,82.0,86.0,87.0,18.1,57.2
1604457359,75.0,82.0,85.0,87.0,18.1,57.2
1604457360,74.0,82.0,85.0,86.0,18.1,57.2
1604457361,74.0,82.0,85.0,86.0,18.1,57.2
1604457362,73.0,82.0,84.0,86.0,18.1,57.2
1604457363,73.0,82.0,84.0,86.0,18.0,57.1
1604457364,73.0,82.0,84.0,86.0,18.0,57.1
1604457365,72.0,82.0,84.0,85.0,18.0,57.1
1604457366,72.0,82.0,83.0,85.0,18.0,57.1
1604457367,72.0,82.0,83.0,85.0,18.0,57.1
1604457368,71.0,82.0,82.0,85.0,18.1,57.2
1604457369,71.0,82.0,82.0,84.0,18.1,57.2
1604457370,71.0,83.0,82.0,84.0,18.1,57.2
1604457371,71.0,83.0,81.0,84.0,18.1,57.2
1604457372,70.0,83.0,81.0,85.0,18.1,57.2
1604457373,70.0,84.0,81.0,85.0,18.0,57.1
1604457374,70.0,84.0,81.0,85.0,18.0,57.1
1604457375,70.0,84.0,81.0,85.0,18.0,57.1
1604457376,71.0,85.0,81.0,85.0,18.0,57.1
1604457377,71.0,85.0,82.0,86.0,18.0,57.1
1604457378,71.0,85.0,82.0,86.0,18.1,57.1
1604457379,72.0,85.0,83.0,86.0,18.1,57.1
1604457380,72.0,85.0,83.0,86.0,18.1,57.1
1604457381,72.0,85.0,83.0,86.0,18.1,57.1
1604457382,72.0,84.0,83.0,86.0,18.1,57.1
1604457383,72.0,84.0,84.0,87.0,18.1,57.1
1604457384,72.0,84.0,84.0,87.0,18.1,57.1
1604457385,72.0,83.0,85.0,86.0,18.1,57.1
1604457386,72.0,83.0,85.0,86.0,18.1,57.1
1604457387,72.0,82.0,85.0,86.0,18.1,57.1
1604457388,72.0,81.0,85.0,87.0,18.1,57.2
1604457389,72.0,81.0,85.0,87.0,18.1,57.2
1604457390,72.0,80.0,86.0,87.0,18.1,57.2
1604457391,72.0,80.0,86.0,87.0,18.1,57.2
1604457392,73.0,80.0,86.0,87.0,18.1,57.2
1604457393,73.0,80.0,85.0,86.0,18.1,57.1
1604457394,73.0,80.0,85.0,86.0,18.1,57.1
1604457395,73.0,79.0,85.0,86.0,18.1,57.1
1604457396,74.0,80.0,85.0,86.0,18.1,57.1
1604457397,74.0,80.0,85.0,85.0,18.1,57.1
1604457398,74.0,80.0,85.0,85.0,18.1,57.1
1604457399,74.0,80.0,86.0,85.0,18.1,57.1
1604457400,74.0,80.0,86.0,84.0,18.1,57.1
1604457401,74.0,81.0,87.0,84.0,18.1,57.1
1604457402,74.0,81.0,87.0,84.0,18.1,57.1
1604457403,74.0,81.0,88.0,85.0,18.1,57.1
1604457404,74.0,81.0,89.0,85.0,18.1,57.1
1604457405,74.0,82.0,88.0,85.0,18.1,57.1
1604457406,74.0,82.0,88.0,85.0,18.1,57.1
1604457407,73.0,82.0,88.0,85.0,18.1,57.1
1604457408,73.0,82.0,88.0,85.0,18.0,57.0
1604457409,73.0,82.0,87.0,85.0,18.0,57.0
1604457410,73.0,82.0,87.0,85.0,18.0,57.0
1604457411,73.0,83.0,87.0,86.0,18.0,57.0
1604457412,73.0,83.0,86.0,86.0,18.0,57.0
1604457413,73.0,83.0,85.0,85.0,18.1,57.1
1604457414,73.0,83.0,85.0,85.0,18.1,57.1
1604457415,73.0,83.0,84.0,85.0,18.1,57.1
1604457416,73.0,83.0,84.0,85.0,18.1,57.1
1604457417,74.0,83.0,84.0,85.0,18.1,57.1
1604457418,74.0,83.0,84.0,85.0,18.1,57.1
1604457419,74.0,83.0,84.0,85.0,18.1,57.1
1604457420,74.0,82.0,85.0,85.0,18.1,57.1
1604457421,74.0,82.0,85.0,85.0,18.1,57.1
1604457422,73.0,82.0,85.0,85.0,18.1,57.1
1604457423,73.0,82.0,85.0,85.0,18.1,57.1
1604457424,73.0,82.0,85.0,85.0,18.1,57.1
1604457425,72.0,83.0,84.0,86.0,18.1,57.1
1604457426,72.0,83.0,84.0,86.0,18.1,57.1
1604457427,72.0,83.0,84.0,86.0,18.1,57.1
1604457428,72.0,83.0,83.0,87.0,18.0,57.1
1604457429,72.0,84.0,83.0,87.0,18.0,57.1
1604457430,72.0,85.0,82.0,88.0,18.0,57.1
1604457431,72.0,85.0,82.0,88.0,18.0,57.1
1604457432,72.0,85.0,82.0,88.0,18.0,57.1
1604457433,72.0,85.0,82.0,89.0,18.1,57.0
1604457434,72.0,85.0,82.0,89.0,18.1,57.0
1604457435,73.0,85.0,82.0,89.0,18.1,57.0
1604457436,73.0,84.0,82.0,88.0,18.1,57.0
1604457437,73.0,83.0,82.0,88.0,18.1,57.0
1604457438,73.0,83.0,82.0,88.0,18.1,57.0
1604457439,74.0,82.0,83.0,88.0,18.1,57.0
1604457440,74.0,81.0,83.0,87.0,18.1,57.0
1604457441,74.0,81.0,83.0,87.0,18.1,57.0
1604457442,74.0,81.0,83.0,86.0,18.1,57.0
1604457443,74.0,81.0,83.0,86.0,18.1,57.0
1604457444,74.0,81.0,83.0,85.0,18.1,57.0
1604457445,74.0,81.0,83.0,85.0,18.1,57.0
1604457446,74.0,82.0,83.0,85.0,18.1,57.0
1604457447,74.0,82.0,83.0,85.0,18.1,57.0
1604457448,74.0,83.0,82.0,84.0,18.0,56.9
1604457449,73.0,83.0,81.0,84.0,18.0,56.9
1604457450,73.0,84.0,81.0,85.0,18.0,56.9
1604457451,73.0,85.0,81.0,85.0,18.0,56.9
1604457452,73.0,85.0,81.0,85.0,18.0,56.9
1604457453,73.0,85.0,81.0,86.0,18.0,56.9
1604457454,72.0,85.0,81.0,86.0,18.0,56.9
1604457455,72.0,85.0,80.0,86.0,18.0,56.9
1604457456,72.0,84.0,80.0,87.0,18.0,56.9
1604457457,72.0,84.0,80.0,87.0,18.0,56.9
1604457458,72.0,83.0,80.0,87.0,18.0,56.9
1604457459,72.0,82.0,81.0,87.0,18.0,56.9
1604457460,72.0,82.0,82.0,87.0,18.0,56.9
1604457461,72.0,82.0,82.0,87.0,18.0,56.9
1604457462,72.0,81.0,82.0,87.0,18.0,56.9
1604457463,72.0,81.0,82.0,87.0,18.1,56.9
1604457464,72.0,81.0,83.0,87.0,18.1,56.9
1604457465,72.0,82.0,83.0,87.0,18.1,56.9
1604457466,72.0,82.0,84.0,87.0,18.1,56.9
1604457467,72.0,82.0,84.0,87.0,18.1,56.9
1604457468,72.0,82.0,84.0,87.0,18.0,56.8
1604457469,72.0,82.0,84.0,87.0,18.0,56.8
1604457470,72.0,82.0,84.0,86.0,18.0,56.8
1604457471,72.0,82.0,84.11111111111111,86.0,18.0,56.8
1604457472,72.0,82.0,84.22222222222223,86.0,18.0,56.8
1604457473,72.0,82.0,84.33333333333333,86.0,18.0,56.8
1604457474,72.0,82.0,84.44444444444444,86.0,18.0,56.8
1604457475,72.0,82.0,84.55555555555556,86.0,18.0,56.8
1604457476,72.0,82.0,84.66666666666667,86.0,18.0,56.8
1604457477,72.0,82.0,84.77777777777777,86.0,18.0,56.8
1604457478,72.0,82.0,84.88888888888889,86.0,18.0,56.8
1604457479,72.0,82.0,85.0,86.0,18.0,56.8
1604457480,72.0,82.0,85.0,86.0,18.0,56.8
1604457481,71.0,82.0,86.0,86.0,18.0,56.8
1604457482,71.0,82.0,86.0,85.0,18.0,56.8
1604457483,70.0,82.0,86.0,85.0,18.0,56.8
1604457484,70.0,82.0,86.0,85.0,18.0,56.8
1604457485,70.0,82.0,86.0,85.0,18.0,56.8
1604457486,70.0,82.0,87.0,85.0,18.0,56.8
1604457487,70.0,82.0,87.0,86.0,18.0,56.8
1604457488,71.0,82.0,87.0,86.0,18.0,56.8
1604457489,71.0,82.0,86.0,86.0,18.0,56.8
1604457490,71.0,82.0,86.0,87.0,18.0,56.8
1604457491,71.0,82.0,85.0,87.0,18.1,56.9
1604457492,72.0,82.0,85.0,87.0,18.1,56.9
1604457493,72.0,83.0,85.0,87.0,18.1,56.9
1604457494,72.0,83.0,85.0,87.0,18.1,56.9
1604457495,72.0,83.0,85.0,87.0,18.1,56.9
1604457496,72.0,84.0,85.0,88.0,18.0,56.9
1604457497,72.0,84.0,85.0,88.0,18.0,56.9
1604457498,72.0,85.0,85.0,88.0,18.0,56.9
1604457499,72.0,85.0,85.0,88.0,18.0,56.9
1604457500,72.0,86.0,86.0,88.0,18.0,56.9
1604457501,71.0,86.0,86.0,88.0,18.0,56.9
1604457502,70.0,86.0,86.0,88.0,18.0,56.9
1604457503,70.0,86.0,87.0,89.0,18.0,56.9
1604457504,70.0,85.0,87.0,89.0,18.0,56.9
1604457505,70.0,85.0,87.0,88.0,18.0,56.9
1604457506,70.0,85.0,87.0,88.0,18.0,56.9
1604457507,70.0,85.0,87.0,88.0,18.0,56.9
1604457508,70.0,85.0,87.0,88.0,18.0,56.9
1604457509,71.0,84.0,86.0,88.0,18.0,56.9
1604457510,71.0,84.0,86.0,88.0,18.0,56.9
1604457511,72.0,84.0,85.0,89.0,18.0,57.0
1604457512,72.0,84.0,85.0,89.0,18.0,57.0
1604457513,72.0,84.0,85.0,89.0,18.0,57.0
1604457514,71.0,84.0,84.0,89.0,18.0,57.0
1604457515,71.0,83.0,84.0,89.0,18.0,57.0
1604457516,71.0,83.0,84.0,89.0,18.0,57.0
1604457517,70.0,83.0,84.0,90.0,18.0,57.0
1604457518,70.0,83.0,84.0,90.0,18.0,57.0
1604457519,69.0,82.0,85.0,89.0,18.0,57.0
1604457520,69.0,82.0,86.0,89.0,18.0,57.0
1604457521,69.0,82.0,87.0,89.0,18.0,57.0
1604457522,69.0,82.0,87.0,89.0,18.0,57.0
1604457523,69.0,82.0,88.0,89.0,18.0,57.0
1604457524,70.0,82.0,88.0,89.0,18.0,57.0
1604457525,71.0,82.0,88.0,88.0,18.0,57.0
1604457526,71.0,83.0,88.0,88.0,18.0,57.0
1604457527,72.0,83.0,90.0,88.0,18.0,57.0
1604457528,72.0,83.0,90.0,87.0,18.0,57.0
1604457529,73.0,83.0,90.0,87.0,18.0,57.0
1604457530,73.0,83.0,89.0,87.0,18.0,57.0
1604457531,73.0,84.0,89.0,86.0,18.0,56.9
1604457532,73.0,84.0,89.0,86.0,18.0,56.9
1604457533,73.0,84.0,88.0,86.0,18.0,56.9
1604457534,73.0,84.0,87.0,87.0,18.0,56.9
1604457535,73.0,84.0,87.0,87.0,18.0,56.9
1604457536,73.0,84.0,86.0,87.0,18.0,57.0
1604457537,73.0,84.0,86.0,87.0,18.0,57.0
1604457538,72.0,84.0,85.0,87.0,18.0,57.0
1604457539,72.0,84.0,85.0,87.0,18.0,57.0
1604457540,72.0,84.0,85.0,87.0,18.0,57.0
1604457541,71.0,84.0,86.0,87.0,18.0,56.9
1604457542,71.0,84.0,86.0,86.0,18.0,56.9
1604457543,71.0,84.0,86.0,86.0,18.0,56.9
1604457544,71.0,84.0,86.0,86.0,18.0,56.9
1604457545,70.0,84.0,86.0,85.0,18.0,56.9
1604457546,70.0,85.0,86.0,85.0,18.0,56.9
1604457547,70.0,85.0,86.0,85.0,18.0,56.9
1604457548,70.0,85.0,86.0,86.0,18.0,56.9
1604457549,69.0,85.0,86.0,86.0,18.0,56.9
1604457550,69.0,85.0,86.0,86.0,18.0,56.9
1604457551,69.0,85.0,85.0,86.0,18.0,56.9
1604457552,69.0,85.0,84.0,86.0,18.0,56.9
1604457553,69.0,84.0,84.0,87.0,18.0,56.9
1604457554,69.0,84.0,83.0,87.0,18.0,56.9
1604457555,69.0,84.0,83.0,87.0,18.0,56.9
1604457556,70.0,83.0,83.0,87.0,18.0,57.0
1604457557,70.0,82.0,83.0,87.0,18.0,57.0
1604457558,70.0,82.0,83.0,87.0,18.0,57.0
1604457559,70.0,81.0,82.0,87.0,18.0,57.0
1604457560,71.0,81.0,82.0,86.0,18.0,57.0
1604457561,71.0,81.0,83.0,86.0,18.0,56.9
1604457562,71.0,81.0,83.0,86.0,18.0,56.9
1604457563,71.0,81.0,83.0,86.0,18.0,56.9
1604457564,71.0,81.0,83.0,86.0,18.0,56.9
1604457565,71.0,81.0,83.0,86.0,18.0,56.9
1604457566,71.0,81.0,83.0,86.0,17.9,56.9
1604457567,71.0,82.0,84.0,86.0,17.9,56.9
1604457568,71.0,82.0,84.0,87.0,17.9,56.9
1604457569,71.0,82.0,84.0,87.0,17.9,56.9
1604457570,71.0,82.0,85.0,88.0,17.9,56.9
1604457571,71.0,82.0,85.0,88.0,17.9,56.9
1604457572,71.0,82.0,85.0,88.0,17.9,56.9
1604457573,71.0,81.0,86.0,88.0,17.9,56.9
1604457574,71.0,81.0,86.0,88.0,17.9,56.9
1604457575,71.0,81.0,86.0,88.0,17.9,56.9
1604457576,71.0,80.0,86.0,83.0,17.9,57.0
1604457577,72.0,80.0,86.0,84.0,17.9,57.0
1604457578,72.0,79.0,86.0,84.0,17.9,57.0
1604457579,72.0,79.0,86.0,84.0,17.9,57.0
1604457580,72.0,79.0,86.0,84.0,17.9,57.0
1604457581,72.0,79.0,85.0,84.0,18.0,57.1
1604457582,72.0,79.0,85.0,84.0,18.0,57.1
1604457583,72.0,79.0,85.0,85.0,18.0,57.1
1604457584,72.0,79.0,84.0,85.0,18.0,57.1
1604457585,71.0,79.0,84.0,85.0,18.0,57.1
1604457586,71.0,79.0,84.0,85.0,17.9,57.0
1604457587,71.0,79.0,84.0,85.0,17.9,57.0
1604457588,71.0,80.0,84.0,85.0,17.9,57.0
1604457589,71.0,80.0,83.0,84.0,17.9,57.0
1604457590,71.0,80.0,83.0,84.0,17.9,57.0
1604457591,71.0,80.0,83.0,84.0,18.0,57.1
1604457592,71.0,81.0,83.0,84.0,18.0,57.1
1604457593,71.0,81.0,83.0,84.0,18.0,57.1
1604457594,71.0,81.0,83.0,84.0,18.0,57.1
1604457595,72.0,81.0,83.0,84.0,18.0,57.1
1604457596,72.0,82.0,82.0,84.0,18.0,57.1
1604457597,73.0,82.0,82.0,84.0,18.0,57.1
1604457598,73.0,83.0,82.0,84.0,18.0,57.1
1604457599,73.0,83.0,82.0,84.0,18.0,57.1
1604457600,75.0,83.0,82.0,84.0,18.0,57.1
1604457601,75.0,84.0,82.0,85.0,17.9,57.1
1604457602,76.0,84.0,82.0,85.0,17.9,57.1
1604457603,76.0,84.0,82.0,85.0,17.9,57.1
1604457604,77.0,84.0,82.0,85.0,17.9,57.1
1604457605,77.0,84.0,82.0,86.0,17.9,57.1
1604457606,77.0,84.0,83.0,86.0,17.9,57.0
1604457607,77.0,84.0,83.0,87.0,17.9,57.0
1604457608,78.0,83.0,83.0,87.0,17.9,57.0
1604457609,77.0,83.0,83.0,87.0,17.9,57.0
1604457610,77.0,82.0,82.0,88.0,17.9,57.0
1604457611,77.0,82.0,81.0,88.0,18.0,57.1
1604457612,77.0,81.0,81.0,88.0,18.0,57.1
1604457613,76.0,81.0,80.0,88.0,18.0,57.1
1604457614,76.0,80.0,80.0,88.0,18.0,57.1
1604457615,76.0,80.0,80.0,87.0,18.0,57.1
1604457616,76.0,80.0,80.0,88.0,18.0,57.1
1604457617,75.0,80.0,80.0,88.0,18.0,57.1
1604457618,75.0,80.0,80.0,87.0,18.0,57.1
1604457619,75.0,80.0,81.0,87.0,18.0,57.1
1604457620,75.0,80.0,81.0,87.0,18.0,57.1
1604457621,76.0,80.0,82.0,87.0,17.9,57.0
1604457622,76.0,80.0,83.0,86.0,17.9,57.0
1604457623,76.0,80.0,84.0,86.0,17.9,57.0
1604457624,76.0,81.0,84.0,86.0,17.9,57.0
1604457625,76.0,81.0,85.0,86.0,17.9,57.0
1604457626,76.0,81.0,85.0,85.0,17.9,57.0
1604457627,76.0,81.0,85.0,85.0,17.9,57.0
1604457628,76.0,82.0,86.0,85.0,17.9,57.0
1604457629,76.0,82.0,86.0,85.0,17.9,57.0
1604457630,75.0,83.0,86.0,85.0,17.9,57.0
1604457631,75.0,83.0,86.0,85.0,17.9,57.0
1604457632,75.0,84.0,86.0,85.0,17.9,57.0
1604457633,75.0,84.0,86.0,86.0,17.9,57.0
1604457634,75.0,84.0,86.0,86.0,17.9,57.0
1604457635,74.0,84.0,86.0,86.0,17.9,57.0
1604457636,74.0,85.0,85.0,87.0,17.9,57.1
1604457637,74.0,85.0,85.0,87.0,17.9,57.1
1604457638,74.0,85.0,85.0,87.0,17.9,57.1
1604457639,74.0,86.0,84.0,88.0,17.9,57.1
1604457640,74.0,85.0,84.0,88.0,17.9,57.1
1604457641,74.0,85.0,84.0,88.0,17.9,57.2
1604457642,74.0,85.0,84.0,87.0,17.9,57.2
1604457643,73.0,85.0,85.0,87.0,17.9,57.2
1604457644,73.0,84.0,85.0,87.0,17.9,57.2
1604457645,73.0,84.0,85.0,87.0,17.9,57.2
1604457646,73.0,83.0,85.0,87.0,17.9,57.1
1604457647,73.0,82.0,85.0,87.0,17.9,57.1
1604457648,73.0,81.0,86.0,86.0,17.9,57.1
1604457649,73.0,81.0,85.0,86.0,17.9,57.1
1604457650,72.0,80.0,85.0,86.0,17.9,57.1
1604457651,72.0,80.0,85.0,86.0,17.9,57.2
1604457652,72.0,81.0,84.0,86.0,17.9,57.2
1604457653,72.0,81.0,83.0,86.0,17.9,57.2
1604457654,72.0,81.0,83.0,86.0,17.9,57.2
1604457655,72.0,82.0,83.0,86.0,17.9,57.2
1604457656,72.0,82.0,82.0,86.0,17.9,57.2
1604457657,72.0,83.0,81.0,86.0,17.9,57.2
1604457658,72.0,83.0,81.0,86.0,17.9,57.2
1604457659,72.0,83.0,81.0,86.0,17.9,57.2
1604457660,72.0,83.0,81.0,86.0,17.9,57.2
1604457661,72.0,84.0,81.0,87.0,17.9,57.2
1604457662,72.0,84.0,82.0,87.0,17.9,57.2
1604457663,72.0,84.0,82.0,87.0,17.9,57.2
1604457664,71.0,84.0,82.0,87.0,17.9,57.2
1604457665,71.0,84.0,82.0,87.0,17.9,57.2
1604457666,71.0,84.0,82.0,86.0,17.9,57.2
1604457667,71.0,84.0,82.0,86.0,17.9,57.2
1604457668,70.0,84.0,82.0,86.0,17.9,57.2
1604457669,70.0,84.0,82.0,86.0,17.9,57.2
1604457670,70.0,84.0,82.0,86.0,17.9,57.2
1604457671,70.0,84.0,82.0,86.0,17.9,57.2
1604457672,70.0,84.0,82.0,86.0,17.9,57.2
1604457673,70.0,84.0,82.0,85.0,17.9,57.2
1604457674,70.0,83.0,82.0,85.0,17.9,57.2
1604457675,69.0,83.0,82.0,85.0,17.9,57.2
1604457676,69.0,82.0,81.0,86.0,17.9,57.2
1604457677,69.0,81.0,81.0,86.0,17.9,57.2
1604457678,69.0,81.0,81.0,86.0,17.9,57.2
1604457679,69.33333333333333,81.0,81.0,86.0,17.9,57.2
1604457680,69.66666666666667,81.0,81.0,86.0,17.9,57.2
1604457681,70.0,81.0,81.0,86.0,17.9,57.2
1604457682,70.33333333333333,81.0,81.0,86.0,17.9,57.2
1604457683,70.66666666666667,81.0,81.0,86.0,17.9,57.2
1604457684,71.0,81.0,81.0,86.0,17.9,57.2
1604457685,71.33333333333333,81.0,81.0,86.0,17.9,57.2
1604457686,71.66666666666667,81.0,81.0,86.0,17.9,57.2
1604457687,72.0,81.0,81.0,86.0,17.9,57.2
1604457688,72.0,80.0,81.0,86.0,17.9,57.2
1604457689,72.0,80.0,80.0,85.0,17.9,57.2
1604457690,71.0,80.0,81.0,85.0,17.9,57.2
1604457691,71.0,80.0,81.0,85.0,17.9,57.2
1604457692,71.0,80.0,81.0,85.0,17.9,57.2
1604457693,70.0,81.0,81.0,85.0,17.9,57.2
1604457694,69.0,81.0,82.0,85.0,17.9,57.2
1604457695,69.0,82.0,82.0,85.0,17.9,57.2
1604457696,69.0,82.0,83.0,85.0,17.9,57.2
1604457697,69.0,82.0,83.0,85.0,17.9,57.2
1604457698,69.0,82.0,83.0,85.0,17.9,57.2
1604457699,70.0,82.0,83.0,85.0,17.9,57.2
1604457700,70.0,82.0,83.0,86.0,17.9,57.2
1604457701,71.0,82.0,83.0,86.0,17.9,57.2
1604457702,71.0,82.0,83.0,86.0,17.9,57.2
1604457703,72.0,83.0,83.0,87.0,17.9,57.2
1604457704,73.0,83.0,83.0,87.0,17.9,57.2
1604457705,73.0,83.0,82.0,87.0,17.9,57.2
1604457706,74.0,83.0,82.0,87.0,17.9,57.2
1604457707,74.0,82.0,82.0,87.0,17.9,57.2
1604457708,74.0,82.0,82.0,87.0,17.9,57.2
1604457709,75.0,82.0,82.0,87.0,17.9,57.2
1604457710,74.0,82.0,82.0,86.0,17.9,57.2
1604457711,74.0,82.0,82.0,86.0,17.9,57.2
1604457712,74.0,82.0,83.0,86.0,17.9,57.2
1604457713,74.0,82.0,83.0,86.0,17.9,57.2
1604457714,74.0,82.0,83.0,86.0,17.9,57.2
1604457715,73.0,82.0,83.0,86.0,17.9,57.2
1604457716,73.0,83.0,82.0,86.0,17.9,57.2
1604457717,72.0,83.0,82.0,86.0,17.9,57.2
1604457718,72.0,84.0,82.0,86.0,17.9,57.2
1604457719,71.0,84.0,82.0,86.0,17.8,57.1
1604457720,71.0,84.0,81.0,86.0,17.8,57.1
1604457721,71.0,84.0,81.0,86.0,17.8,57.1
1604457722,70.0,84.0,80.0,86.0,17.8,57.1
1604457723,70.0,84.0,80.0,86.0,17.8,57.1
1604457724,70.0,83.0,80.0,85.0,17.9,57.2
1604457725,70.0,83.0,80.0,85.0,17.9,57.2
1604457726,70.0,83.0,80.0,84.0,17.9,57.2
1604457727,70.0,83.0,81.0,84.0,17.9,57.2
1604457728,70.0,82.0,81.0,84.0,17.9,57.2
1604457729,69.0,82.0,82.0,84.0,17.9,57.2
1604457730,69.0,82.0,82.0,84.0,17.9,57.2
1604457731,69.0,82.0,83.0,84.0,17.9,57.2
1604457732,69.0,82.0,83.0,84.0,17.9,57.2
1604457733,69.0,82.0,83.0,84.0,17.9,57.2
1604457734,68.0,82.0,84.0,85.0,17.8,57.1
1604457735,68.0,82.0,84.0,85.0,17.8,57.1
1604457736,68.0,82.0,85.0,85.0,17.8,57.1
1604457737,69.0,81.0,85.0,85.0,17.8,57.1
1604457738,69.0,81.0,85.0,85.0,17.8,57.1
1604457739,69.0,81.0,85.0,85.0,17.9,57.2
1604457740,70.0,81.0,85.0,85.0,17.9,57.2
1604457741,70.0,80.0,85.0,85.0,17.9,57.2
1604457742,70.0,80.0,85.0,85.0,17.9,57.2
1604457743,71.0,80.0,85.0,85.0,17.9,57.2
1604457744,71.0,80.0,85.0,85.0,17.8,57.1
1604457745,72.0,80.0,84.0,84.0,17.8,57.1
1604457746,72.0,80.0,84.0,84.0,17.8,57.1
1604457747,73.0,80.0,83.0,84.0,17.8,57.1
1604457748,73.0,80.0,83.0,83.0,17.8,57.1
1604457749,73.0,81.0,82.0,83.0,17.9,57.2
1604457750,73.0,81.0,82.0,83.0,17.9,57.2
1604457751,73.0,81.0,82.0,82.0,17.9,57.2
1604457752,73.0,81.0,82.0,82.0,17.9,57.2
1604457753,73.0,81.0,81.0,82.0,17.9,57.2
1604457754,72.0,81.0,81.0,82.0,17.9,57.2
1604457755,72.0,81.0,81.0,82.0,17.9,57.2
1604457756,72.0,81.0,82.0,82.0,17.9,57.2
1604457757,72.0,81.0,82.0,82.0,17.9,57.2
1604457758,72.0,81.0,82.0,82.0,17.9,57.2
1604457759,72.0,80.0,83.0,82.0,17.9,57.3
1604457760,72.0,80.0,83.0,82.0,17.9,57.3
1604457761,72.0,80.0,84.0,82.0,17.9,57.3
1604457762,72.0,79.0,85.0,82.0,17.9,57.3
1604457763,72.0,79.0,85.0,83.0,17.9,57.3
1604457764,72.0,79.0,86.0,83.0,17.9,57.3
1604457765,72.0,79.0,87.0,83.0,17.9,57.3
1604457766,72.0,79.0,87.0,83.0,17.9,57.3
1604457767,72.0,78.0,87.0,83.0,17.9,57.3
1604457768,72.0,78.0,88.0,83.0,17.9,57.3
1604457769,71.0,78.0,88.0,83.0,17.9,57.3
1604457770,71.0,79.0,88.0,83.0,17.9,57.3
1604457771,71.0,79.0,88.0,83.0,17.9,57.3
1604457772,71.0,80.0,88.0,83.0,17.9,57.3
1604457773,71.0,80.0,88.0,83.0,17.9,57.3
1604457774,72.0,80.0,88.0,84.0,17.9,57.3
1604457775,72.0,81.0,88.0,84.0,17.9,57.3
1604457776,72.0,81.0,88.0,85.0,17.9,57.3
1604457777,72.0,81.0,87.0,85.0,17.9,57.3
1604457778,73.0,82.0,87.0,85.0,17.9,57.3
1604457779,73.0,82.0,87.0,86.0,17.9,57.4
1604457780,73.0,82.0,87.0,86.0,17.9,57.4
1604457781,73.0,82.0,86.0,87.0,17.9,57.4
1604457782,73.0,82.0,86.0,87.0,17.9,57.4
1604457783,73.0,82.0,86.0,87.0,17.9,57.4
1604457784,73.0,82.0,86.0,87.0,17.9,57.4
1604457785,73.0,82.0,87.0,87.0,17.9,57.4
1604457786,73.0,82.0,87.0,86.0,17.9,57.4
1604457787,73.0,82.0,87.0,86.0,17.9,57.4
1604457788,73.0,82.0,87.0,86.0,17.9,57.4
1604457789,73.0,81.0,87.0,85.0,17.8,57.4
1604457790,73.0,81.0,87.0,85.0,17.8,57.4
1604457791,73.0,80.0,87.0,84.0,17.8,57.4
1604457792,73.0,80.0,87.0,84.0,17.8,57.4
1604457793,73.0,80.0,86.0,84.0,17.8,57.4
1604457794,73.0,80.0,86.0,83.0,17.8,57.4
1604457795,73.0,80.0,86.0,83.0,17.8,57.4
1604457796,72.0,80.0,86.0,83.0,17.8,57.4
1604457797,72.0,81.0,86.0,83.0,17.8,57.4
1604457798,72.0,81.0,87.0,83.0,17.8,57.4
1604457799,72.0,81.0,87.0,84.0,17.8,57.5
1604457800,71.0,81.0,87.0,84.0,17.8,57.5
1604457801,71.0,82.0,87.0,84.0,17.8,57.5
1604457802,71.0,82.0,88.0,84.0,17.8,57.5
1604457803,71.0,82.0,88.0,84.0,17.8,57.5
1604457804,70.0,82.0,88.0,84.0,17.8,57.5
1604457805,70.0,82.0,88.0,84.0,17.8,57.5
1604457806,70.0,82.0,87.0,84.0,17.8,57.5
1604457807,70.0,82.0,87.0,84.0,17.8,57.5
1604457808,70.0,82.0,86.0,84.0,17.8,57.5
1604457809,71.0,82.0,86.0,83.0,17.8,57.5
1604457810,71.0,81.0,86.0,83.0,17.8,57.5
1604457811,71.0,81.0,86.0,83.0,17.8,57.5
1604457812,72.0,81.0,86.0,83.0,17.8,57.5
1604457813,72.0,81.0,85.0,82.0,17.8,57.5
1604457814,73.0,81.0,86.0,82.0,17.8,57.4
1604457815,74.0,81.0,86.0,81.0,17.8,57.4
1604457816,75.0,81.0,86.0,81.0,17.8,57.4
1604457817,75.0,82.0,86.0,84.0,17.8,57.4
1604457818,77.0,82.0,87.0,84.0,17.8,57.4
1604457819,77.0,82.0,87.0,84.0,17.9,57.5
1604457820,78.0,82.0,87.0,84.0,17.9,57.5
1604457821,78.0,82.0,87.0,85.0,17.9,57.5
1604457822,78.0,81.0,87.0,85.0,17.9,57.5
1604457823,78.0,81.0,87.0,85.0,17.9,57.5
1604457824,77.0,81.0,87.0,84.0,17.9,57.4
1604457825,77.0,81.0,86.0,84.0,17.9,57.4
1604457826,77.0,81.0,86.0,84.0,17.9,57.4
1604457827,76.0,80.0,86.0,84.0,17.9,57.4
1604457828,76.0,80.0,85.0,84.0,17.9,57.4
1604457829,76.0,80.0,84.0,84.0,17.9,57.4
1604457830,74.0,80.0,84.0,84.0,17.9,57.4
1604457831,74.0,80.0,84.0,84.0,17.9,57.4
1604457832,73.0,80.0,83.0,84.0,17.9,57.4
1604457833,73.0,80.0,83.0,84.0,17.9,57.4
1604457834,73.0,80.0,83.0,84.0,17.8,57.4
1604457835,73.0,80.0,82.0,84.0,17.8,57.4
1604457836,73.0,80.0,82.0,85.0,17.8,57.4
1604457837,73.0,80.0,82.0,85.0,17.8,57.4
1604457838,73.0,80.0,82.0,85.0,17.8,57.4
1604457839,73.0,81.0,82.0,86.0,17.8,57.4
1604457840,74.0,81.0,82.0,86.0,17.8,57.4
1604457841,74.0,81.0,82.0,87.0,17.8,57.4
1604457842,74.0,81.0,82.0,87.0,17.8,57.4
1604457843,75.0,81.0,82.0,88.0,17.8,57.4
1604457844,75.0,82.0,83.0,88.0,17.8,57.4
1604457845,75.0,82.0,83.0,88.0,17.8,57.4
1604457846,75.0,82.0,83.0,88.0,17.8,57.4
1604457847,75.0,82.0,83.0,89.0,17.8,57.4
1604457848,75.0,83.0,83.0,89.0,17.8,57.4
1604457849,74.0,83.0,83.0,89.0,17.8,57.4
1604457850,74.0,83.0,83.0,89.0,17.8,57.4
1604457851,74.0,83.0,83.0,89.0,17.8,57.4
1604457852,74.0,83.0,84.0,89.0,17.8,57.4
1604457853,74.0,83.0,84.0,88.0,17.8,57.4
1604457854,74.0,83.0,83.0,87.0,17.8,57.4
1604457855,74.0,83.0,83.0,87.0,17.8,57.4
1604457856,74.0,83.0,83.0,86.0,17.8,57.4
1604457857,74.0,83.0,83.0,86.0,17.8,57.4
1604457858,74.0,83.0,83.0,86.0,17.8,57.4
1604457859,73.0,83.0,83.0,85.0,17.8,57.4
1604457860,73.0,84.0,83.0,85.0,17.8,57.4
1604457861,73.0,84.0,82.0,85.0,17.8,57.4
1604457862,72.0,84.0,82.0,84.0,17.8,57.4
1604457863,72.0,84.0,82.0,84.0,17.8,57.4
1604457864,71.0,84.0,82.0,85.0,17.8,57.4
1604457865,71.0,84.0,83.0,85.0,17.8,57.4
1604457866,70.0,84.0,83.0,85.0,17.8,57.4
1604457867,69.0,85.0,83.0,86.0,17.8,57.4
1604457868,69.0,85.0,83.0,86.0,17.8,57.4
1604457869,69.0,84.0,83.0,86.0,17.8,57.4
1604457870,69.0,84.0,84.0,87.0,17.8,57.4
1604457871,69.0,84.0,84.0,87.0,17.8,57.4
1604457872,69.0,84.0,85.0,87.0,17.8,57.4
1604457873,70.0,83.0,85.0,87.0,17.8,57.4
1604457874,70.0,83.0,85.0,87.0,17.8,57.4
1604457875,70.0,82.0,84.0,87.0,17.8,57.4
1604457876,71.0,82.0,84.0,87.0,17.8,57.4
1604457877,71.0,81.0,83.0,87.0,17.8,57.4
1604457878,71.0,81.0,83.0,87.0,17.8,57.4
1604457879,70.0,81.0,83.0,87.0,17.8,57.4
1604457880,70.0,80.0,82.0,87.0,17.8,57.4
1604457881,70.0,80.0,82.0,87.0,17.8,57.4
1604457882,70.55555555555556,80.0,82.0,86.88888888888889,17.8,57.4
1604457883,71.11111111111111,80.0,82.0,86.77777777777777,17.8,57.4
1604457884,71.66666666666667,80.0,82.0,86.66666666666667,17.8,57.4
1604457885,72.22222222222223,80.0,82.0,86.55555555555556,17.8,57.4
1604457886,72.77777777777777,80.0,82.0,86.44444444444444,17.8,57.4
1604457887,73.33333333333333,80.0,82.0,86.33333333333333,17.8,57.4
1604457888,73.88888888888889,80.0,82.0,86.22222222222223,17.8,57.4
1604457889,74.44444444444444,80.0,82.0,86.11111111111111,17.8,57.4
1604457890,75.0,80.0,82.0,86.0,17.8,57.4
1604457891,75.0,80.0,81.0,86.0,17.8,57.4
1604457892,75.0,80.0,81.0,86.0,17.8,57.4
1604457893,75.0,81.0,81.0,86.0,17.8,57.4
1604457894,75.0,81.0,81.0,86.0,17.8,57.4
1604457895,75.0,81.0,82.0,85.0,17.8,57.4
1604457896,74.0,81.0,82.0,85.0,17.8,57.4
1604457897,74.0,81.0,81.0,85.0,17.8,57.4
1604457898,73.0,81.0,81.0,85.0,17.8,57.4
1604457899,73.0,81.0,81.0,85.0,17.8,57.4
1604457900,73.0,81.0,81.0,85.0,17.8,57.4
1604457901,73.0,81.0,81.0,85.0,17.8,57.4
1604457902,74.0,81.0,81.0,85.0,17.8,57.4
1604457903,74.0,80.0,81.0,85.0,17.8,57.4
1604457904,74.0,80.0,81.0,85.0,17.8,57.4
1604457905,74.0,80.0,80.0,85.0,17.8,57.4
1604457906,73.0,80.0,80.0,85.0,17.8,57.4
1604457907,73.0,80.0,80.0,85.0,17.8,57.5
1604457908,73.0,80.0,80.0,84.0,17.8,57.5
1604457909,73.0,80.0,80.0,84.0,17.8,57.5
1604457910,73.0,80.0,80.0,84.0,17.8,57.5
1604457911,72.0,80.0,80.0,84.0,17.8,57.5
1604457912,72.0,80.0,80.0,84.0,17.8,57.4
1604457913,72.0,80.0,80.0,84.0,17.8,57.4
1604457914,71.0,81.0,80.0,84.0,17.8,57.4
1604457915,71.0,81.0,81.0,84.0,17.8,57.4
1604457916,71.0,81.0,81.0,84.0,17.8,57.4
1604457917,71.0,82.0,81.0,84.0,17.8,57.4
1604457918,71.0,82.0,82.0,84.0,17.8,57.4
1604457919,71.0,82.0,82.0,85.0,17.8,57.4
1604457920,71.0,82.0,82.0,85.0,17.8,57.4
1604457921,71.0,82.0,82.0,85.0,17.8,57.4
1604457922,71.0,81.0,82.0,85.0,17.8,57.4
1604457923,71.0,81.0,82.0,86.0,17.8,57.4
1604457924,71.0,81.0,82.0,86.0,17.8,57.4
1604457925,72.0,81.0,82.0,86.0,17.8,57.4
1604457926,72.0,81.0,82.0,86.0,17.8,57.4
1604457927,72.0,81.0,82.0,87.0,17.8,57.4
1604457928,72.0,81.0,82.0,87.0,17.8,57.4
1604457929,73.0,81.0,82.0,87.0,17.8,57.4
1604457930,73.0,80.0,83.0,87.0,17.8,57.4
1604457931,73.0,79.0,83.0,87.0,17.8,57.4
1604457932,73.0,78.0,83.0,87.0,17.8,57.4
1604457933,73.0,78.0,83.0,87.0,17.8,57.4
1604457934,73.0,77.0,83.0,87.0,17.8,57.4
1604457935,73.0,77.0,84.0,86.0,17.8,57.4
1604457936,74.0,77.0,83.0,86.0,17.8,57.4
1604457937,73.0,77.0,83.0,86.0,17.8,57.3
1604457938,73.0,77.0,84.0,86.0,17.8,57.3
1604457939,73.0,78.0,84.0,85.0,17.8,57.3
1604457940,73.0,79.0,84.0,85.0,17.8,57.3
1604457941,72.0,79.0,84.0,85.0,17.8,57.3
1604457942,72.0,80.0,84.0,85.0,17.8,57.3
1604457943,72.0,81.0,83.0,84.0,17.8,57.3
1604457944,72.0,81.0,84.0,85.0,17.8,57.3
1604457945,72.0,82.0,84.0,85.0,17.8,57.3
1604457946,72.0,82.0,84.0,85.0,17.8,57.3
1604457947,73.0,82.0,84.0,86.0,17.8,57.3
1604457948,73.0,82.0,84.0,86.0,17.8,57.3
1604457949,73.0,82.0,84.0,86.0,17.8,57.3
1604457950,73.0,82.0,84.0,87.0,17.8,57.3
1604457951,73.0,81.0,84.0,87.0,17.8,57.3
1604457952,73.0,81.0,84.0,87.0,17.8,57.3
1604457953,72.0,81.0,84.0,88.0,17.8,57.3
1604457954,72.0,81.0,84.0,88.0,17.8,57.3
1604457955,72.0,81.0,84.0,88.0,17.8,57.3
1604457956,72.0,80.0,84.0,88.0,17.8,57.3
1604457957,72.0,80.0,84.0,88.0,17.8,57.2
1604457958,72.0,80.0,83.0,88.0,17.8,57.2
1604457959,72.0,80.0,83.0,88.0,17.8,57.2
1604457960,72.0,80.0,83.0,87.0,17.8,57.2
1604457961,71.0,80.0,83.0,87.0,17.8,57.2
1604457962,71.0,80.0,83.0,87.0,17.8,57.3
1604457963,71.0,80.0,83.0,87.0,17.8,57.3
1604457964,71.0,80.0,83.0,87.0,17.8,57.3
1604457965,71.0,80.0,83.0,87.0,17.8,57.3
1604457966,71.0,81.0,83.0,87.0,17.8,57.3
1604457967,71.0,81.0,83.0,87.0,17.8,57.3
1604457968,71.0,82.0,83.0,87.0,17.8,57.3
1604457969,72.0,82.0,83.0,87.0,17.8,57.3
1604457970,72.0,82.0,83.0,87.0,17.8,57.3
1604457971,72.0,82.0,84.0,87.0,17.8,57.3
1604457972,72.0,82.0,84.0,86.0,17.8,57.3
1604457973,73.0,82.0,84.0,86.0,17.8,57.3
1604457974,72.0,82.0,84.0,87.0,17.8,57.3
1604457975,72.0,82.0,84.0,87.0,17.8,57.3
1604457976,72.0,82.0,84.0,87.0,17.8,57.3
1604457977,72.0,81.0,84.0,87.0,17.7,57.2
1604457978,71.0,81.0,84.0,87.0,17.7,57.2
1604457979,70.0,81.0,83.0,88.0,17.7,57.2
1604457980,70.0,82.0,82.0,88.0,17.7,57.2
1604457981,70.0,82.0,81.0,88.0,17.7,57.2
1604457982,69.0,82.0,81.0,88.0,17.8,57.3
1604457983,69.0,82.0,80.0,87.0,17.8,57.3
1604457984,69.0,82.0,79.0,87.0,17.8,57.3
1604457985,69.0,82.0,79.0,86.0,17.8,57.3
1604457986,69.0,82.0,79.0,86.0,17.8,57.3
1604457987,69.0,82.0,78.0,86.0,17.7,57.3
1604457988,69.0,82.5,79.5,85.5,17.7,57.3
1604457989,69.0,83.0,81.0,85.0,17.7,57.3
1604457990,69.0,83.0,81.0,85.0,17.7,57.3
1604457991,69.0,83.0,81.0,85.0,17.7,57.3
1604457992,69.0,83.0,81.0,86.0,17.7,57.3
1604457993,69.0,83.0,80.0,86.0,17.8,57.4
1604457994,69.0,84.0,80.0,86.0,17.8,57.4
1604457995,69.0,84.0,80.0,87.0,17.8,57.4
1604457996,69.0,84.0,80.0,87.0,17.8,57.4
1604457997,69.0,84.0,80.0,88.0,17.8,57.4
1604457998,69.0,84.0,80.0,88.0,17.7,57.3
1604457999,69.0,84.0,80.0,88.0,17.7,57.3
1604458000,69.0,84.0,80.0,88.0,17.7,57.3
1604458001,70.0,84.0,80.0,88.0,17.7,57.3
1604458002,71.0,83.0,80.0,87.0,17.7,57.3
1604458003,71.0,83.0,81.0,87.0,17.8,57.5
1604458004,72.0,83.0,81.0,87.0,17.8,57.5
1604458005,72.0,83.0,81.0,86.0,17.8,57.5
1604458006,73.0,83.0,82.0,86.0,17.8,57.5
1604458007,73.0,82.0,82.0,85.0,17.8,57.5
1604458008,74.0,82.0,82.0,85.0,17.8,57.5
1604458009,74.0,82.0,82.0,85.0,17.8,57.5
1604458010,74.0,81.0,82.0,85.0,17.8,57.5
1604458011,74.0,81.0,82.0,85.0,17.8,57.5
1604458012,74.0,81.0,82.0,85.0,17.8,57.5
1604458013,74.0,81.0,82.0,85.0,17.8,57.5
1604458014,74.0,80.0,82.0,86.0,17.8,57.5
1604458015,74.0,80.0,82.0,86.0,17.8,57.5
1604458016,74.0,80.0,82.0,86.0,17.8,57.5
1604458017,74.0,80.0,82.0,87.0,17.8,57.5
1604458018,74.0,80.0,82.0,87.0,17.7,57.3
1604458019,74.0,80.0,82.0,88.0,17.7,57.3
1604458020,74.0,80.0,82.0,88.0,17.7,57.3
1604458021,74.0,80.0,82.0,88.0,17.7,57.3
1604458022,74.0,80.0,82.0,88.0,17.7,57.3
1604458023,74.0,81.0,82.0,87.0,17.8,57.4
1604458024,74.0,81.0,83.0,87.0,17.8,57.4
1604458025,74.0,81.0,83.0,86.0,17.8,57.4
1604458026,74.0,81.0,82.0,86.0,17.8,57.4
1604458027,74.0,81.0,82.0,85.0,17.8,57.4
1604458028,74.0,82.0,82.0,84.0,17.8,57.5
1604458029,74.0,82.0,82.0,84.0,17.8,57.5
1604458030,74.0,82.0,82.0,84.0,17.8,57.5
1604458031,74.0,82.0,82.0,83.0,17.8,57.5
1604458032,74.0,82.0,82.0,83.0,17.8,57.5
1604458033,74.0,82.0,82.0,83.0,17.7,57.4
1604458034,74.0,83.0,82.0,83.0,17.7,57.4
1604458035,74.0,83.0,82.0,83.0,17.7,57.4
1604458036,74.0,83.0,82.0,83.0,17.7,57.4
1604458037,74.0,83.0,82.0,83.0,17.7,57.4
1604458038,74.0,83.0,82.0,83.0,17.7,57.4
1604458039,74.0,84.0,82.0,84.0,17.7,57.4
1604458040,74.0,84.0,82.0,84.0,17.7,57.4
1604458041,74.0,84.0,82.0,84.0,17.7,57.4
1604458042,74.0,83.0,83.0,84.0,17.7,57.4
1604458043,74.0,83.0,83.0,84.0,17.7,57.4
1604458044,74.0,83.0,83.0,84.0,17.7,57.4
1604458045,74.0,83.0,84.0,85.0,17.7,57.4
1604458046,74.0,82.0,84.0,85.0,17.7,57.4
1604458047,74.0,82.0,84.0,85.0,17.7,57.4
1604458048,74.0,81.0,85.0,85.0,17.7,57.5
1604458049,74.0,81.0,85.0,85.0,17.7,57.5
1604458050,74.0,81.0,85.0,85.0,17.7,57.5
1604458051,73.0,81.0,85.0,85.0,17.7,57.5
1604458052,73.0,81.0,85.0,85.0,17.7,57.5
1604458053,73.0,81.0,85.0,85.0,17.7,57.5
1604458054,73.0,81.0,84.0,85.0,17.7,57.5
1604458055,73.0,82.0,84.0,84.0,17.7,57.5
1604458056,73.0,82.0,84.0,84.0,17.7,57.5
1604458057,73.0,82.0,84.0,84.0,17.7,57.5
1604458058,72.0,82.0,84.0,84.0,17.7,57.5
1604458059,73.0,82.0,83.0,82.0,17.7,57.5
1604458060,72.0,82.0,83.0,82.0,17.7,57.5
1604458061,72.0,81.0,83.0,82.0,17.7,57.5
1604458062,72.0,81.0,83.0,82.0,17.7,57.5
1604458063,72.0,81.0,82.0,82.0,17.7,57.5
1604458064,71.0,81.0,82.0,82.0,17.7,57.5
1604458065,71.0,81.0,82.0,83.0,17.7,57.5
1604458066,71.0,81.0,82.0,83.0,17.7,57.5
1604458067,70.0,81.0,82.0,84.0,17.7,57.5
1604458068,70.0,81.0,82.0,84.0,17.8,57.6
1604458069,69.0,81.0,82.0,85.0,17.8,57.6
1604458070,69.0,82.0,82.0,85.0,17.8,57.6
1604458071,68.0,82.0,82.0,86.0,17.8,57.6
1604458072,68.0,81.0,82.0,86.0,17.8,57.6
1604458073,68.0,81.0,83.0,86.0,17.7,57.5
1604458074,68.0,81.0,83.0,87.0,17.7,57.5
1604458075,68.0,81.0,83.0,87.0,17.7,57.5
1604458076,68.0,81.0,82.0,87.0,17.7,57.5
1604458077,68.0,81.0,82.0,87.0,17.7,57.5
1604458078,68.0,81.0,82.0,87.0,17.7,57.5
1604458079,69.0,81.0,81.0,87.0,17.7,57.5
1604458080,69.0,81.0,81.0,86.0,17.7,57.5
1604458081,69.0,81.0,81.0,86.0,17.7,57.5
1604458082,70.0,81.0,81.0,86.0,17.7,57.5
1604458083,70.0,82.0,81.0,86.0,17.7,57.5
1604458084,70.0,83.0,81.0,86.0,17.7,57.5
1604458085,70.0,83.0,81.0,86.0,17.7,57.5
1604458086,71.0,83.0,81.0,86.0,17.7,57.5
1604458087,71.0,83.0,82.0,85.0,17.7,57.5
1604458088,72.0,83.0,82.0,85.0,17.7,57.5
1604458089,72.0,83.0,82.0,85.0,17.7,57.5
1604458090,73.0,83.0,82.0,85.0,17.7,57.5
1604458091,73.0,83.0,82.0,85.0,17.7,57.5
1604458092,74.0,83.0,82.0,85.0,17.7,57.5
1604458093,74.0,82.88888888888889,82.0,85.0,17.7,57.5
1604458094,74.0,82.77777777777777,82.0,85.0,17.7,57.5
1604458095,74.0,82.66666666666667,82.0,85.0,17.7,57.5
1604458096,74.0,82.55555555555556,82.0,85.0,17.7,57.5
1604458097,74.0,82.44444444444444,82.0,85.0,17.7,57.5
1604458098,74.0,82.33333333333333,82.0,85.0,17.7,57.5
1604458099,74.0,82.22222222222223,82.0,85.0,17.7,57.5
1604458100,74.0,82.11111111111111,82.0,85.0,17.7,57.5
1604458101,74.0,82.0,82.0,85.0,17.7,57.5
1604458102,74.0,82.0,82.0,85.0,17.7,57.5
1604458103,74.0,81.0,82.0,85.0,17.7,57.5
1604458104,74.0,81.0,82.0,84.0,17.7,57.5
1604458105,74.0,81.0,82.0,85.0,17.7,57.5
1604458106,73.0,81.0,82.0,85.0,17.7,57.6
1604458107,73.0,81.0,82.0,85.0,17.7,57.6
1604458108,73.0,81.0,81.0,85.0,17.7,57.6
1604458109,74.0,81.0,81.0,85.0,17.7,57.6
1604458110,74.0,81.0,80.0,85.0,17.7,57.6
1604458111,74.0,82.0,80.0,85.0,17.7,57.6
1604458112,74.0,82.0,80.0,86.0,17.7,57.6
1604458113,73.0,82.0,80.0,86.0,17.7,57.6
1604458114,73.0,82.0,80.0,86.0,17.7,57.6
1604458115,73.0,82.0,80.0,86.0,17.7,57.6
1604458116,74.0,82.0,80.0,86.0,17.7,57.6
1604458117,74.0,82.0,79.0,86.0,17.7,57.6
1604458118,74.0,82.0,80.0,85.0,17.7,57.6
1604458119,74.0,82.0,80.0,85.0,17.7,57.6
1604458120,74.0,82.0,80.0,85.0,17.7,57.6
1604458121,74.0,82.0,80.0,85.0,17.7,57.6
1604458122,73.0,82.0,80.0,85.0,17.7,57.6
1604458123,73.0,82.0,80.0,84.0,17.7,57.6
1604458124,74.0,82.0,80.0,84.0,17.7,57.6
1604458125,74.0,82.0,80.0,84.0,17.7,57.6
1604458126,73.0,82.0,80.0,84.0,17.7,57.6
1604458127,73.0,82.0,80.0,84.0,17.7,57.6
1604458128,73.0,82.0,81.0,85.0,17.7,57.6
1604458129,73.0,81.0,81.0,85.0,17.7,57.6
1604458130,74.0,81.0,81.0,85.0,17.7,57.6
1604458131,74.0,81.0,82.0,86.0,17.7,57.6
1604458132,74.0,82.0,82.0,86.0,17.7,57.6
1604458133,75.0,82.0,82.0,86.0,17.7,57.6
1604458134,75.0,83.0,82.0,86.0,17.7,57.6
1604458135,75.0,83.0,83.0,86.0,17.7,57.6
1604458136,75.0,83.0,83.0,86.0,17.7,57.7
1604458137,75.0,83.0,82.0,85.0,17.7,57.7
1604458138,75.0,84.0,82.0,85.0,17.7,57.7
1604458139,75.0,84.0,82.0,85.0,17.7,57.7
1604458140,75.0,84.0,82.0,85.0,17.7,57.7
1604458141,75.0,83.0,82.0,84.0,17.7,57.7
1604458142,75.0,83.0,82.0,85.0,17.7,57.7
1604458143,75.0,83.0,82.0,85.0,17.7,57.7
1604458144,75.0,83.0,81.0,85.0,17.7,57.7
1604458145,75.0,83.0,82.0,85.0,17.7,57.7
1604458146,74.0,83.0,83.0,85.0,17.7,57.8
1604458147,74.0,83.0,83.0,85.0,17.7,57.8
1604458148,74.0,83.0,84.0,85.0,17.7,57.8
1604458149,74.0,83.0,84.0,85.0,17.7,57.8
1604458150,74.0,84.0,84.0,84.0,17.7,57.8
1604458151,73.0,84.0,85.0,84.0,17.7,57.8
1604458152,73.0,84.0,86.0,84.0,17.7,57.8
1604458153,73.0,84.0,86.0,83.0,17.7,57.8
1604458154,72.0,84.0,86.0,83.0,17.7,57.8
1604458155,72.0,83.0,86.0,83.0,17.7,57.8
1604458156,72.0,83.0,85.0,83.0,17.7,57.8
1604458157,72.0,82.0,85.0,83.0,17.7,57.8
1604458158,72.0,81.0,84.0,83.0,17.7,57.8
1604458159,72.0,81.0,84.0,83.0,17.7,57.8
1604458160,72.0,81.0,84.0,83.0,17.7,57.8
1604458161,71.0,81.0,83.0,84.0,17.7,57.8
1604458162,71.0,81.0,83.0,84.0,17.7,57.8
1604458163,71.0,81.0,82.0,84.0,17.7,57.8
1604458164,71.0,83.0,82.0,85.0,17.7,57.8
1604458165,71.0,83.0,81.0,85.0,17.7,57.8
1604458166,71.0,83.0,80.0,85.0,17.7,57.8
1604458167,71.0,84.0,80.0,85.0,17.7,57.8
1604458168,71.0,84.0,80.0,85.0,17.7,57.8
1604458169,71.0,84.0,79.0,84.0,17.7,57.8
1604458170,71.0,84.0,79.0,84.0,17.7,57.8
1604458171,71.0,84.0,78.0,84.0,17.7,57.8
1604458172,71.0,85.0,78.0,84.0,17.7,57.8
1604458173,71.0,85.0,78.0,84.0,17.7,57.8
1604458174,70.0,85.0,79.0,84.0,17.7,57.8
1604458175,70.0,85.0,79.0,83.0,17.7,57.8
1604458176,70.0,85.0,80.0,84.0,17.7,57.8
1604458177,70.0,85.0,80.0,84.0,17.7,57.8
1604458178,70.0,85.0,81.0,84.0,17.7,57.8
1604458179,69.0,85.0,81.0,83.0,17.7,57.8
1604458180,69.0,85.0,82.0,83.0,17.7,57.8
1604458181,69.0,85.0,82.0,83.0,17.7,57.8
1604458182,69.0,85.0,83.0,83.0,17.7,57.8
1604458183,69.0,84.0,83.0,83.0,17.7,57.8
1604458184,69.0,84.0,84.0,83.0,17.7,57.8
1604458185,69.0,84.0,84.0,83.0,17.7,57.8
1604458186,69.0,84.0,84.0,83.0,17.7,57.8
1604458187,69.0,84.0,84.0,82.0,17.7,57.8
1604458188,69.0,84.0,84.0,82.0,17.7,57.8
1604458189,69.0,84.0,84.0,82.0,17.7,57.8
1604458190,69.0,84.0,84.0,83.0,17.7,57.8
1604458191,69.0,84.0,84.0,83.0,17.7,57.8
1604458192,69.0,84.0,84.0,83.0,17.7,57.8
1604458193,69.0,85.0,84.0,83.0,17.7,57.8
1604458194,69.0,85.0,84.0,83.0,17.7,57.8
1604458195,70.0,84.0,84.0,84.0,17.7,57.8
1604458196,70.0,84.0,84.0,84.0,17.7,57.6
1604458197,70.0,84.0,85.0,84.0,17.7,57.6
1604458198,70.0,84.0,85.0,84.0,17.7,57.6
1604458199,70.0,84.0,85.0,84.0,17.7,57.6
1604458200,71.0,83.0,85.0,84.0,17.7,57.6
1604458201,71.0,83.0,85.0,84.0,17.7,57.8
1604458202,71.0,83.0,85.0,84.0,17.7,57.8
1604458203,71.0,83.0,85.0,84.0,17.7,57.8
1604458204,71.0,83.0,85.0,84.0,17.7,57.8
1604458205,71.0,84.0,84.0,84.0,17.7,57.8
1604458206,70.0,84.0,84.0,84.0,17.7,57.8
1604458207,70.0,84.0,84.0,84.0,17.7,57.8
1604458208,71.0,84.0,84.0,84.0,17.7,57.8
1604458209,71.0,83.0,84.0,84.0,17.7,57.8
1604458210,71.0,83.0,84.0,84.0,17.7,57.8
1604458211,71.0,83.0,84.0,85.0,17.7,57.9
1604458212,72.0,83.0,84.0,85.0,17.7,57.9
1604458213,72.0,83.0,84.0,85.0,17.7,57.9
1604458214,73.0,82.0,85.0,85.0,17.7,57.9
1604458215,73.0,82.0,85.0,85.0,17.7,57.9
1604458216,73.0,81.0,86.0,85.0,17.7,58.0
1604458217,74.0,81.0,86.0,84.0,17.7,58.0
1604458218,74.0,81.0,86.0,84.0,17.7,58.0
1604458219,73.0,82.0,86.0,84.0,17.7,58.0
1604458220,73.0,82.0,86.0,84.0,17.7,58.0
1604458221,73.0,83.0,86.0,84.0,17.7,58.0
1604458222,72.0,83.0,87.0,83.0,17.7,58.0
1604458223,72.0,83.0,87.0,83.0,17.7,58.0
1604458224,72.0,83.0,87.0,83.0,17.7,58.0
1604458225,72.0,84.0,88.0,83.0,17.7,58.0
1604458226,72.0,84.0,88.0,82.0,17.7,58.0
1604458227,72.0,84.0,88.0,82.0,17.7,58.0
1604458228,72.0,84.0,88.0,82.0,17.7,58.0
1604458229,72.0,84.0,88.0,82.0,17.7,58.0
1604458230,73.0,83.0,88.0,82.0,17.7,58.0
1604458231,73.0,83.0,87.0,81.0,17.7,58.0
1604458232,73.0,83.0,86.0,81.0,17.7,58.0
1604458233,73.0,83.0,86.0,81.0,17.7,58.0
1604458234,73.0,82.0,86.0,81.0,17.7,58.0
1604458235,73.0,83.0,85.0,82.0,17.7,58.0
1604458236,73.0,83.0,85.0,82.0,17.8,57.9
1604458237,73.0,83.0,85.0,82.0,17.8,57.9
1604458238,73.0,83.0,85.0,82.0,17.8,57.9
1604458239,73.0,83.0,84.0,82.0,17.8,57.9
1604458240,72.0,84.0,84.0,82.0,17.8,57.9
1604458241,72.0,84.0,84.0,83.0,17.7,57.8
1604458242,72.0,85.0,84.0,83.0,17.7,57.8
1604458243,73.0,85.0,84.0,83.0,17.7,57.8
1604458244,73.0,84.0,83.0,83.0,17.7,57.8
1604458245,73.0,84.0,83.0,84.0,17.7,57.8
1604458246,73.0,84.0,83.0,84.0,17.8,57.9
1604458247,74.0,84.0,83.0,85.0,17.8,57.9
1604458248,74.0,84.0,83.0,85.0,17.8,57.9
1604458249,74.0,84.0,83.0,86.0,17.8,57.9
1604458250,74.0,84.0,83.0,86.0,17.8,57.9
1604458251,74.0,83.0,84.0,86.0,17.7,57.8
1604458252,75.0,83.0,84.0,86.0,17.7,57.8
1604458253,75.0,83.0,84.0,87.0,17.7,57.8
1604458254,75.0,83.0,84.0,87.0,17.7,57.8
1604458255,75.0,83.0,83.0,87.0,17.7,57.8
1604458256,75.0,83.0,83.0,87.0,17.8,57.9
1604458257,75.0,83.0,83.0,87.0,17.8,57.9
1604458258,74.0,83.0,82.0,87.0,17.8,57.9
1604458259,74.0,83.0,81.0,87.0,17.8,57.9
1604458260,74.0,83.0,81.0,87.0,17.8,57.9
1604458261,74.0,84.0,80.0,87.0,17.7,57.8
1604458262,74.0,84.0,80.0,87.0,17.7,57.8
1604458263,74.0,84.0,80.0,86.0,17.7,57.8
1604458264,74.0,84.0,80.0,86.0,17.7,57.8
1604458265,73.0,84.0,81.0,85.0,17.7,57.8
1604458266,73.0,84.0,81.0,85.0,17.7,57.8
1604458267,73.0,85.0,81.0,85.0,17.7,57.8
1604458268,72.0,85.0,82.0,84.0,17.7,57.8
1604458269,72.0,85.0,83.0,84.0,17.7,57.8
1604458270,72.0,85.0,83.0,84.0,17.7,57.8
1604458271,72.0,85.0,83.0,84.0,17.7,57.8
1604458272,72.0,86.0,83.0,84.0,17.7,57.8
1604458273,71.0,86.0,82.0,83.0,17.7,57.8
1604458274,71.0,86.0,82.0,84.0,17.7,57.8
1604458275,71.0,86.0,81.0,84.0,17.7,57.8
1604458276,71.0,86.0,81.0,84.0,17.8,57.9
1604458277,71.0,86.0,81.0,84.0,17.8,57.9
1604458278,72.0,85.0,81.0,85.0,17.8,57.9
1604458279,72.0,85.0,81.0,85.0,17.8,57.9
1604458280,72.0,84.0,81.0,85.0,17.8,57.9
1604458281,72.0,84.0,81.0,85.0,17.7,57.8
1604458282,72.0,83.0,81.0,86.0,17.7,57.8
1604458283,72.0,82.0,81.0,86.0,17.7,57.8
1604458284,72.0,81.0,82.0,86.0,17.7,57.8
1604458285,72.0,80.0,82.0,86.0,17.7,57.8
1604458286,72.0,79.0,82.0,86.0,17.7,57.8
1604458287,72.0,79.0,82.0,86.0,17.7,57.8
1604458288,71.0,77.0,83.0,86.0,17.7,57.8
1604458289,71.0,77.0,83.0,86.0,17.7,57.8
1604458290,72.0,76.0,83.0,85.0,17.7,57.8
1604458291,72.0,76.0,83.0,85.0,17.8,57.9
1604458292,73.0,76.0,83.0,85.0,17.8,57.9
1604458293,73.0,77.0,83.0,85.0,17.8,57.9
1604458294,73.0,77.0,83.0,85.0,17.8,57.9
1604458295,73.0,77.0,84.0,85.0,17.8,57.9
1604458296,74.0,77.0,84.0,85.0,17.8,57.9
1604458297,74.0,78.0,83.0,85.0,17.8,57.9
1604458298,74.0,78.0,83.0,85.0,17.8,57.9
1604458299,74.0,78.0,83.0,85.0,17.8,57.9
1604458300,74.0,79.0,82.0,85.0,17.8,57.9
1604458301,73.0,79.0,82.0,85.0,17.8,57.9
1604458302,73.0,79.0,82.0,84.88888888888889,17.8,57.9
1604458303,73.0,79.0,82.0,84.77777777777777,17.8,57.9
1604458304,73.0,79.0,82.0,84.66666666666667,17.8,57.9
1604458305,73.0,79.0,82.0,84.55555555555556,17.8,57.9
1604458306,73.0,79.0,82.0,84.44444444444444,17.8,57.9
1604458307,73.0,79.0,82.0,84.33333333333333,17.8,57.9
1604458308,73.0,79.0,82.0,84.22222222222223,17.8,57.9
1604458309,73.0,79.0,82.0,84.11111111111111,17.8,57.9
1604458310,73.0,79.0,82.0,84.0,17.8,57.9
1604458311,73.0,79.0,82.0,84.0,17.8,57.9
1604458312,74.0,79.0,82.0,80.0,17.8,57.9
1604458313,75.0,79.0,82.0,80.0,17.8,57.9
1604458314,75.0,79.0,83.0,81.0,17.8,57.9
1604458315,75.0,79.0,84.0,81.0,17.8,57.9
1604458316,76.0,79.0,85.0,82.0,17.8,57.9
1604458317,76.0,79.0,86.0,83.0,17.8,57.9
1604458318,76.0,79.0,86.0,83.0,17.8,57.9
1604458319,76.0,79.0,88.0,84.0,17.8,57.9
1604458320,76.0,79.0,88.0,84.0,17.8,57.9
1604458321,76.0,80.0,89.0,84.0,17.8,57.9
1604458322,75.0,80.0,89.0,85.0,17.8,57.9
1604458323,75.0,81.0,88.0,85.0,17.8,57.9
1604458324,75.0,81.0,88.0,85.0,17.8,57.9
1604458325,74.0,82.0,87.0,85.0,17.8,57.9
1604458326,74.0,82.0,86.0,84.0,17.8,57.9
1604458327,74.0,82.0,86.0,84.0,17.8,57.9
1604458328,74.0,83.0,85.0,84.0,17.8,57.9
1604458329,74.0,83.0,84.0,84.0,17.8,57.9
1604458330,74.0,83.0,83.0,84.0,17.8,57.9
1604458331,74.0,83.0,83.0,84.0,17.8,57.9
1604458332,74.0,83.0,82.0,83.0,17.8,57.9
1604458333,74.0,83.0,82.0,83.0,17.8,57.9
1604458334,74.0,83.0,83.0,83.0,17.8,57.9
1604458335,74.0,83.0,83.0,83.0,17.8,57.9
1604458336,74.0,83.0,83.0,83.0,17.8,57.9
1604458337,74.0,82.0,83.0,83.0,17.8,57.9
1604458338,74.0,82.0,84.0,82.0,17.8,57.9
1604458339,73.0,81.0,84.0,82.0,17.8,57.9
1604458340,73.0,81.0,84.0,82.0,17.8,57.9
1604458341,73.0,80.0,85.0,82.0,17.8,57.9
1604458342,73.0,79.0,85.0,82.0,17.8,57.9
1604458343,72.0,79.0,85.0,82.0,17.8,57.9
1604458344,73.0,79.0,85.0,82.0,17.8,57.9
1604458345,73.0,79.0,85.0,83.0,17.8,57.9
1604458346,73.0,79.0,85.0,83.0,17.8,57.9
1604458347,74.0,79.0,85.0,83.0,17.8,57.9
1604458348,74.0,79.0,85.0,83.0,17.8,57.9
1604458349,75.0,80.0,84.0,83.0,17.8,57.9
1604458350,75.0,80.0,84.0,83.0,17.8,57.9
1604458351,75.0,81.0,84.0,83.0,17.8,57.9
1604458352,75.0,81.0,84.0,83.0,17.8,57.9
1604458353,75.0,82.0,85.0,83.0,17.8,57.9
1604458354,75.0,82.0,86.0,83.0,17.8,57.9
1604458355,75.0,82.0,86.0,82.0,17.8,57.9
1604458356,74.0,82.0,86.0,82.0,17.8,57.9
1604458357,73.0,81.0,86.0,82.0,17.8,57.9
1604458358,73.0,81.0,86.0,82.0,17.8,57.9
1604458359,72.0,81.0,86.0,82.0,17.8,57.9
1604458360,72.0,81.0,86.0,81.0,17.8,57.9
1604458361,70.0,81.0,86.0,81.0,17.8,57.9
1604458362,70.0,81.0,86.0,82.0,17.8,57.9
1604458363,69.0,82.0,85.0,83.0,17.8,57.9
1604458364,69.0,82.0,84.0,83.0,17.8,57.9
1604458365,69.0,83.0,84.0,83.0,17.8,57.9
1604458366,69.0,83.0,83.0,84.0,17.8,57.9
1604458367,69.0,84.0,83.0,85.0,17.8,57.9
1604458368,69.0,85.0,82.0,85.0,17.8,57.9
1604458369,69.0,85.0,82.0,85.0,17.8,57.9
1604458370,70.0,86.0,82.0,86.0,17.8,57.9
1604458371,70.0,86.0,82.0,86.0,17.8,57.9
1604458372,70.0,86.0,81.0,87.0,17.8,57.9
1604458373,70.0,86.0,82.0,87.0,17.8,57.9
1604458374,70.0,86.0,82.0,86.0,17.8,58.0
1604458375,70.0,86.0,82.0,86.0,17.8,58.0
1604458376,70.0,86.0,82.0,85.0,17.8,58.0
1604458377,70.0,85.0,83.0,85.0,17.8,58.0
1604458378,70.0,85.0,83.0,84.0,17.8,58.0
1604458379,70.0,85.0,83.0,84.0,17.8,57.9
1604458380,69.0,84.0,83.0,84.0,17.8,57.9
1604458381,69.0,84.0,83.0,83.0,17.8,57.9
1604458382,70.0,84.0,83.0,83.0,17.8,57.9
1604458383,70.0,83.0,83.0,83.0,17.8,57.9
1604458384,70.0,83.0,83.0,83.0,17.8,58.0
1604458385,70.0,83.0,83.0,83.0,17.8,58.0
1604458386,70.0,83.0,82.0,83.0,17.8,58.0
1604458387,70.0,83.0,82.0,83.0,17.8,58.0
1604458388,71.0,83.0,82.0,83.0,17.8,58.0
1604458389,71.0,82.0,82.0,84.0,17.8,58.0
1604458390,71.0,82.0,82.0,83.0,17.8,58.0
1604458391,71.0,82.0,82.0,83.0,17.8,58.0
1604458392,71.0,82.0,83.0,83.0,17.8,58.0
1604458393,71.0,82.0,83.0,83.0,17.8,58.0
1604458394,71.0,82.0,83.0,83.0,17.8,58.0
1604458395,71.0,82.0,83.0,83.0,17.8,58.0
1604458396,71.0,82.0,84.0,83.0,17.8,58.0
1604458397,71.0,82.0,84.0,83.0,17.8,58.0
1604458398,71.0,82.0,84.0,83.0,17.8,58.0
1604458399,71.0,82.0,83.0,83.0,17.8,58.0
1604458400,72.0,82.0,83.0,83.0,17.8,58.0
1604458401,72.0,82.0,83.0,83.0,17.8,58.0
1604458402,72.0,82.0,83.0,83.0,17.8,58.0
1604458403,73.0,81.0,83.0,83.0,17.8,58.0
1604458404,73.0,82.0,83.0,83.0,17.8,58.0
1604458405,74.0,82.0,83.0,83.0,17.8,58.0
1604458406,74.0,82.0,82.0,83.0,17.8,58.0
1604458407,75.0,82.0,82.0,84.0,17.8,58.0
1604458408,75.0,82.0,82.0,84.0,17.8,58.0
1604458409,76.0,82.0,82.0,84.0,17.8,58.0
1604458410,76.0,82.0,82.0,84.0,17.8,58.0
1604458411,76.0,81.0,82.0,84.0,17.8,58.0
1604458412,76.0,81.0,81.0,84.0,17.8,58.0
1604458413,77.0,81.0,81.0,83.0,17.8,58.0
1604458414,77.0,81.0,81.0,83.0,17.8,58.0
1604458415,76.0,81.0,81.0,83.0,17.8,58.0
1604458416,76.0,81.0,81.0,83.0,17.8,58.0
1604458417,75.0,81.0,81.0,83.0,17.8,58.0
1604458418,75.0,81.0,82.0,83.0,17.8,58.0
1604458419,75.0,82.0,82.0,83.0,17.8,58.0
1604458420,74.0,82.0,82.0,83.0,17.8,58.0
1604458421,74.0,83.0,82.0,83.0,17.8,58.0
1604458422,74.0,83.0,82.0,83.0,17.8,58.0
1604458423,73.0,83.0,83.0,84.0,17.8,58.0
1604458424,73.0,83.0,83.0,84.0,17.8,58.0
1604458425,73.0,83.0,83.0,85.0,17.8,58.0
1604458426,73.0,84.0,83.0,85.0,17.8,58.0
1604458427,73.0,84.0,83.0,85.0,17.8,58.0
1604458428,73.0,85.0,83.0,86.0,17.8,58.0
1604458429,73.0,85.0,83.0,86.0,17.8,58.0
1604458430,73.0,84.0,83.0,87.0,17.8,58.0
1604458431,73.0,84.0,83.0,87.0,17.8,58.0
1604458432,72.0,83.0,84.0,88.0,17.8,58.0
1604458433,72.0,83.0,84.0,88.0,17.8,58.0
1604458434,72.0,83.0,84.0,88.0,17.8,57.9
1604458435,73.0,82.0,84.0,88.0,17.8,57.9
1604458436,73.0,82.0,84.0,88.0,17.8,57.9
1604458437,73.0,82.0,84.0,88.0,17.8,57.9
1604458438,74.0,82.0,84.0,87.0,17.8,57.9
1604458439,74.0,82.0,84.0,87.0,17.8,57.9
1604458440,74.0,82.0,84.0,87.0,17.8,57.9
1604458441,75.0,82.0,83.0,87.0,17.8,57.9
1604458442,75.0,83.0,83.0,88.0,17.8,57.9
1604458443,75.0,83.0,82.0,88.0,17.8,57.9
1604458444,76.0,83.0,82.0,88.0,17.8,58.0
1604458445,76.0,84.0,82.0,88.0,17.8,58.0
1604458446,76.0,84.0,82.0,88.0,17.8,58.0
1604458447,76.0,84.0,82.0,88.0,17.8,58.0
1604458448,76.0,84.0,82.0,88.0,17.8,58.0
1604458449,76.0,84.0,82.0,88.0,17.8,58.0
1604458450,77.0,84.0,82.0,88.0,17.8,58.0
1604458451,77.0,84.0,82.0,87.0,17.8,58.0
1604458452,77.0,83.0,82.0,87.0,17.8,58.0
1604458453,77.0,83.0,82.0,86.0,17.8,58.0
1604458454,77.0,83.0,82.0,86.0,17.8,58.0
1604458455,77.0,83.0,82.0,86.0,17.8,58.0
1604458456,77.0,83.0,82.0,85.0,17.8,58.0
1604458457,77.0,83.0,81.0,85.0,17.8,58.0
1604458458,77.0,83.0,81.0,85.0,17.8,58.0
1604458459,77.0,83.0,81.0,85.0,17.8,57.9
1604458460,76.0,83.0,80.0,84.0,17.8,57.9
1604458461,76.0,83.0,79.0,84.0,17.8,57.9
1604458462,76.0,83.0,79.0,84.0,17.8,57.9
1604458463,75.0,82.0,79.0,84.0,17.8,57.9
1604458464,75.0,82.0,80.0,84.0,17.8,57.9
1604458465,75.0,82.0,80.0,84.0,17.8,57.9
1604458466,74.0,82.0,80.0,84.0,17.8,57.9
1604458467,74.0,82.0,81.0,84.0,17.8,57.9
1604458468,73.0,82.0,82.0,84.0,17.8,57.9
1604458469,73.0,82.0,82.0,84.0,17.8,57.9
1604458470,73.0,83.0,83.0,84.0,17.8,57.9
1604458471,73.0,83.0,83.0,84.0,17.8,57.9
1604458472,74.0,83.0,83.0,85.0,17.8,57.9
1604458473,74.0,84.0,84.0,85.0,17.8,57.9
1604458474,74.0,84.0,84.0,85.0,17.8,57.9
1604458475,74.0,84.0,84.0,85.0,17.8,57.9
1604458476,74.0,84.0,84.0,86.0,17.8,57.9
1604458477,75.0,84.0,84.0,86.0,17.8,57.9
1604458478,75.0,84.0,84.0,86.0,17.8,57.9
1604458479,75.0,84.0,83.0,86.0,17.8,57.9
1604458480,75.0,84.0,83.0,86.0,17.8,57.9
1604458481,75.0,84.0,83.0,86.0,17.8,57.9
1604458482,75.0,84.0,83.0,86.0,17.8,57.9
1604458483,75.0,84.0,83.0,86.0,17.8,57.9
1604458484,75.0,84.0,83.0,86.0,17.8,57.8
1604458485,75.0,84.0,83.0,86.0,17.8,57.8
1604458486,74.0,84.0,83.0,86.0,17.8,57.8
1604458487,74.0,85.0,83.0,86.0,17.8,57.8
1604458488,74.0,85.0,84.0,86.0,17.8,57.8
1604458489,74.0,85.0,84.0,86.0,17.8,57.8
1604458490,74.0,85.0,84.0,86.0,17.8,57.8
1604458491,74.0,84.0,84.0,85.0,17.8,57.8
1604458492,74.0,84.0,85.0,85.0,17.8,57.8
1604458493,73.0,84.0,85.0,86.0,17.8,57.8
1604458494,73.0,84.0,86.0,86.0,17.8,57.8
1604458495,73.0,83.0,86.0,87.0,17.8,57.8
1604458496,72.0,83.0,86.0,87.0,17.8,57.8
1604458497,72.0,82.0,86.0,87.0,17.8,57.8
1604458498,72.0,82.0,85.0,87.0,17.8,57.8
1604458499,71.0,82.0,85.0,87.0,17.8,57.8
1604458500,71.0,82.0,85.0,87.0,17.8,57.8
1604458501,71.0,82.0,85.0,87.0,17.8,57.8
1604458502,71.0,81.0,84.0,87.0,17.8,57.8
1604458503,71.0,81.0,84.0,86.0,17.8,57.8
1604458504,71.0,81.0,83.0,86.0,17.8,57.8
1604458505,71.0,82.0,83.0,87.0,17.8,57.8
1604458506,72.0,82.0,83.0,87.0,17.8,57.8
1604458507,72.0,82.0,83.0,87.0,17.8,57.8
1604458508,72.0,82.0,83.0,87.0,17.8,57.8
1604458509,73.0,82.0,83.0,87.0,17.8,57.8
1604458510,73.0,82.0,82.0,87.0,17.8,57.8
1604458511,73.0,82.0,82.0,87.0,17.8,57.8
1604458512,72.77777777777777,82.0,81.88888888888889,87.0,17.8,57.8
1604458513,72.55555555555556,82.0,81.77777777777777,87.0,17.8,57.8
1604458514,72.33333333333333,82.0,81.66666666666667,87.0,17.8,57.8
1604458515,72.11111111111111,82.0,81.55555555555556,87.0,17.8,57.8
1604458516,71.88888888888889,82.0,81.44444444444444,87.0,17.8,57.8
1604458517,71.66666666666667,82.0,81.33333333333333,87.0,17.8,57.8
1604458518,71.44444444444444,82.0,81.22222222222223,87.0,17.8,57.8
1604458519,71.22222222222223,82.0,81.11111111111111,87.0,17.8,57.8
1604458520,71.0,82.0,81.0,87.0,17.8,57.8
1604458521,71.0,82.0,81.0,87.0,17.8,57.8
1604458522,71.0,82.0,81.0,87.0,17.8,57.8
1604458523,71.0,82.0,81.0,86.0,17.8,57.8
1604458524,71.0,82.0,81.0,86.0,17.8,57.8
1604458525,71.0,81.0,80.0,86.0,17.8,57.8
1604458526,71.0,81.0,81.0,85.0,17.8,57.8
1604458527,71.0,80.0,82.0,85.0,17.8,57.8
1604458528,72.0,80.0,82.0,85.0,17.8,57.8
1604458529,72.0,80.0,82.0,85.0,17.8,57.8
1604458530,72.0,80.0,82.0,85.0,17.8,57.8
1604458531,72.0,80.0,82.0,85.0,17.8,57.8
1604458532,72.0,80.0,82.0,85.0,17.8,57.7
1604458533,72.0,80.0,82.0,85.0,17.8,57.7
1604458534,72.0,80.0,82.0,85.0,17.8,57.7
1604458535,72.0,81.0,82.0,85.0,17.8,57.7
1604458536,72.0,81.0,82.0,85.0,17.8,57.7
1604458537,72.0,81.0,82.0,85.0,17.8,57.7
1604458538,71.0,82.0,83.0,85.0,17.8,57.7
1604458539,71.0,82.0,83.0,85.0,17.8,57.7
1604458540,72.0,82.0,83.0,85.0,17.8,57.7
1604458541,72.0,81.0,84.0,85.0,17.8,57.7
1604458542,72.0,81.0,84.0,85.0,17.8,57.7
1604458543,72.0,81.0,84.0,85.0,17.8,57.7
1604458544,72.0,81.0,84.0,86.0,17.8,57.7
1604458545,72.0,80.0,84.0,86.0,17.8,57.7
1604458546,72.0,80.0,84.0,86.0,17.8,57.7
1604458547,72.0,80.0,84.0,86.0,17.8,57.7
1604458548,72.0,80.0,84.0,87.0,17.8,57.7
1604458549,72.0,80.0,84.0,87.0,17.8,57.7
1604458550,72.0,80.0,84.0,88.0,17.8,57.7
1604458551,72.0,80.0,84.0,88.0,17.8,57.7
1604458552,71.0,80.0,84.0,89.0,17.8,57.7
1604458553,71.0,81.0,83.0,89.0,17.8,57.7
1604458554,70.0,81.0,83.0,90.0,17.8,57.7
1604458555,70.0,82.0,82.0,90.0,17.8,57.7
1604458556,70.0,82.0,82.0,91.0,17.8,57.7
1604458557,70.0,83.0,82.0,91.0,17.8,57.7
1604458558,70.0,83.0,82.0,91.0,17.8,57.7
1604458559,70.0,83.0,81.0,91.0,17.8,57.7
1604458560,70.0,83.0,81.0,90.0,17.8,57.7
1604458561,71.0,84.0,81.0,90.0,17.8,57.7
1604458562,71.0,84.0,80.0,86.0,17.8,57.7
1604458563,71.0,84.0,80.0,86.0,17.8,57.7
1604458564,72.0,84.0,81.0,86.0,17.8,57.7
1604458565,72.0,84.0,81.0,86.0,17.8,57.7
1604458566,72.0,84.0,81.0,86.0,17.8,57.7
1604458567,72.0,84.0,81.0,85.0,17.8,57.7
1604458568,72.0,84.0,82.0,85.0,17.8,57.7
1604458569,72.0,84.0,82.0,85.0,17.8,57.7
1604458570,72.0,84.0,83.0,85.0,17.8,57.7
1604458571,72.0,85.0,83.0,85.0,17.8,57.7
1604458572,72.0,85.0,84.0,85.0,17.8,57.7
1604458573,71.0,85.0,84.0,85.0,17.8,57.7
1604458574,71.0,85.0,84.0,85.0,17.8,57.7
1604458575,71.0,85.0,83.0,85.0,17.8,57.7
1604458576,70.0,85.0,82.0,85.0,17.8,57.7
1604458577,70.0,85.0,82.0,85.0,17.8,57.7
1604458578,70.0,85.0,81.0,84.0,17.8,57.7
1604458579,70.0,85.0,80.0,84.0,17.8,57.7
1604458580,70.0,85.0,80.0,84.0,17.8,57.7
1604458581,71.0,85.0,80.0,84.0,17.8,57.7
1604458582,71.0,85.0,78.0,84.0,17.8,57.7
1604458583,71.0,85.0,78.0,84.0,17.8,57.7
1604458584,72.0,85.0,78.0,85.0,17.8,57.7
1604458585,72.0,85.0,78.0,85.0,17.8,57.7
1604458586,72.0,85.0,78.0,85.0,17.8,57.7
1604458587,73.0,85.0,78.0,86.0,17.8,57.7
1604458588,73.0,84.0,79.0,87.0,17.8,57.7
1604458589,73.0,84.0,79.0,87.0,17.8,57.7
1604458590,73.0,83.0,79.0,87.0,17.8,57.7
1604458591,73.0,83.0,80.0,87.0,17.8,57.7
1604458592,73.0,83.0,80.0,87.0,17.8,57.7
1604458593,73.0,82.0,80.0,87.0,17.8,57.7
1604458594,72.0,82.0,81.0,87.0,17.8,57.7
1604458595,72.0,81.0,81.0,87.0,17.8,57.7
1604458596,72.0,80.0,81.0,86.0,17.8,57.7
1604458597,71.0,80.0,81.0,86.0,17.8,57.7
1604458598,71.0,79.0,81.0,86.0,17.8,57.7
1604458599,71.0,79.0,82.0,86.0,17.8,57.7
1604458600,71.0,78.0,82.0,86.0,17.8,57.7
1604458601,71.0,78.0,82.0,86.0,17.8,57.7
1604458602,71.0,78.0,82.0,87.0,17.8,57.7
1604458603,71.0,78.0,82.0,87.0,17.8,57.7
1604458604,71.0,78.0,83.0,87.0,17.8,57.7
1604458605,71.0,78.0,83.0,87.0,17.8,57.7
1604458606,71.0,78.0,83.0,87.0,17.8,57.7
1604458607,71.0,79.0,83.0,87.0,17.9,57.9
1604458608,71.0,79.0,83.0,87.0,17.9,57.9
1604458609,71.0,79.0,82.0,87.0,17.9,57.9
1604458610,71.0,80.0,82.0,87.0,17.9,57.9
1604458611,71.0,81.0,82.0,87.0,17.9,57.9
1604458612,71.0,81.0,82.0,86.0,17.8,57.7
1604458613,71.0,81.0,82.0,86.0,17.8,57.7
1604458614,71.0,81.0,81.0,86.0,17.8,57.7
1604458615,71.0,81.0,81.0,86.0,17.8,57.7
1604458616,71.0,81.0,80.0,86.0,17.8,57.7
1604458617,71.0,81.0,80.0,86.0,17.8,57.8
1604458618,70.0,81.0,80.0,86.0,17.8,57.8
1604458619,70.0,81.0,80.0,86.0,17.8,57.8
1604458620,70.0,78.0,80.0,86.0,17.8,57.8
1604458621,71.0,77.0,79.0,86.0,17.8,57.8
1604458622,71.0,77.0,79.0,86.0,17.8,57.8
1604458623,71.0,77.0,79.0,87.0,17.8,57.8
1604458624,71.0,78.0,79.0,87.0,17.8,57.8
1604458625,72.0,78.0,79.0,87.0,17.8,57.8
1604458626,72.0,79.0,80.0,87.0,17.8,57.8
1604458627,72.0,79.0,80.0,87.0,17.8,57.8
1604458628,71.0,79.0,80.0,87.0,17.8,57.8
1604458629,71.0,81.0,80.0,87.0,17.8,57.8
1604458630,70.0,81.0,81.0,87.0,17.8,57.8
1604458631,70.0,82.0,81.0,87.0,17.8,57.8
1604458632,70.0,82.0,81.0,87.0,17.8,57.8
1604458633,69.0,82.0,81.0,86.0,17.8,57.8
1604458634,69.0,83.0,82.0,86.0,17.8,57.8
1604458635,69.0,83.0,82.0,86.0,17.8,57.8
1604458636,69.0,82.0,82.0,86.0,17.8,57.8
1604458637,69.0,82.0,83.0,86.0,17.8,57.9
1604458638,70.0,82.0,83.0,86.0,17.8,57.9
1604458639,71.0,82.0,83.0,85.0,17.8,57.9
1604458640,71.0,82.0,83.0,85.0,17.8,57.9
1604458641,71.0,81.0,83.0,85.0,17.8,57.9
1604458642,73.0,81.0,83.0,85.0,17.8,57.8
1604458643,73.0,81.0,83.0,85.0,17.8,57.8
1604458644,74.0,82.0,82.0,85.0,17.8,57.8
1604458645,74.0,81.0,82.0,85.0,17.8,57.8
1604458646,75.0,82.0,82.0,85.0,17.8,57.8
1604458647,75.0,82.0,82.0,84.0,17.8,57.8
1604458648,75.0,82.0,82.0,84.0,17.8,57.8
1604458649,75.0,82.0,82.0,84.0,17.8,57.8
1604458650,75.0,82.0,82.0,84.0,17.8,57.8
1604458651,75.0,82.0,82.0,85.0,17.8,57.8
1604458652,76.0,82.0,82.0,85.0,17.8,57.8
1604458653,76.0,82.0,82.0,84.0,17.8,57.8
1604458654,76.0,81.0,82.0,84.0,17.8,57.8
1604458655,76.0,81.0,83.0,84.0,17.8,57.8
1604458656,75.0,81.0,83.0,84.0,17.8,57.8
1604458657,75.0,81.0,83.0,84.0,17.8,57.8
1604458658,74.0,81.0,83.0,84.0,17.8,57.8
1604458659,74.0,81.0,83.0,84.0,17.8,57.8
1604458660,73.0,81.0,83.0,84.0,17.8,57.8
1604458661,73.0,81.0,83.0,84.0,17.8,57.8
1604458662,72.0,81.0,83.0,84.0,17.8,57.8
1604458663,72.0,81.0,83.0,84.0,17.8,57.8
1604458664,72.0,81.0,82.0,84.0,17.8,57.8
1604458665,72.0,81.0,82.0,85.0,17.8,57.8
1604458666,72.0,81.0,82.0,85.0,17.8,57.8
1604458667,72.0,81.0,82.0,85.0,17.8,57.9
1604458668,72.0,81.0,82.0,85.0,17.8,57.9
1604458669,72.0,80.0,81.0,85.0,17.8,57.9
1604458670,72.0,80.0,81.0,86.0,17.8,57.9
1604458671,72.0,80.0,81.0,86.0,17.8,57.9
1604458672,72.0,79.0,81.0,86.0,17.8,57.9
1604458673,71.0,79.0,80.0,86.0,17.8,57.9
1604458674,71.0,79.0,80.0,86.0,17.8,57.9
1604458675,71.0,78.0,80.0,86.0,17.8,57.9
1604458676,70.0,78.0,80.0,85.0,17.8,57.9
1604458677,70.0,78.0,80.0,85.0,17.8,57.8
1604458678,70.0,78.0,80.0,86.0,17.8,57.8
1604458679,70.0,78.0,80.0,86.0,17.8,57.8
1604458680,70.0,78.0,80.0,87.0,17.8,57.8
1604458681,69.0,78.0,80.0,87.0,17.8,57.8
1604458682,69.0,78.0,80.0,87.0,17.8,57.8
1604458683,69.0,78.0,80.0,87.0,17.8,57.8
1604458684,70.0,79.0,81.0,87.0,17.8,57.8
1604458685,70.0,79.0,81.0,88.0,17.8,57.8
1604458686,70.0,80.0,81.0,88.0,17.8,57.8
1604458687,70.0,80.0,82.0,88.0,17.8,57.8
1604458688,71.0,81.0,82.0,88.0,17.8,57.9
1604458689,71.0,81.0,83.0,87.0,17.8,57.9
1604458690,71.0,81.0,83.0,87.0,17.8,57.9
1604458691,71.0,81.0,83.0,86.0,17.8,57.9
1604458692,71.0,82.0,83.0,86.0,17.8,57.9
1604458693,71.0,82.0,83.0,86.0,17.8,57.8
1604458694,71.0,82.0,83.0,85.0,17.8,57.8
1604458695,70.0,82.0,82.0,85.0,17.8,57.8
1604458696,70.0,82.0,82.0,85.0,17.8,57.8
1604458697,70.0,82.0,82.0,85.0,17.8,57.8
1604458698,70.0,82.0,81.0,85.0,17.8,57.8
1604458699,69.0,82.0,81.0,85.0,17.8,57.8
1604458700,69.0,82.0,81.0,86.0,17.8,57.8
1604458701,69.0,82.0,81.0,86.0,17.8,57.8
1604458702,69.0,82.0,80.0,86.0,17.8,57.8
1604458703,70.0,81.0,80.0,87.0,17.8,57.8
1604458704,70.0,81.0,85.0,87.0,17.8,57.8
1604458705,70.0,80.0,85.0,87.0,17.8,57.8
1604458706,70.0,79.0,85.0,88.0,17.8,57.8
1604458707,70.0,79.0,86.0,88.0,17.8,57.8
1604458708,70.0,79.0,86.0,88.0,17.8,57.8
1604458709,70.0,79.0,85.0,88.0,17.8,57.8
1604458710,70.0,79.0,85.0,88.0,17.8,57.8
1604458711,70.0,79.0,85.0,88.0,17.8,57.8
1604458712,70.0,79.0,86.0,88.0,17.8,57.8
1604458713,69.0,79.0,86.0,88.0,17.8,57.8
1604458714,68.0,79.0,87.0,87.0,17.8,57.8
1604458715,68.0,80.0,87.0,87.0,17.8,57.8
1604458716,68.0,80.0,87.0,87.0,17.8,57.8
1604458717,68.0,80.0,87.0,86.0,17.8,57.8
1604458718,68.0,80.0,87.0,86.0,17.9,57.9
1604458719,68.0,80.0,87.0,85.0,17.9,57.9
1604458720,68.0,80.0,87.0,85.0,17.9,57.9
1604458721,68.0,80.0,87.0,85.0,17.9,57.9
1604458722,69.0,80.0,87.0,84.0,17.9,57.9
1604458723,69.0,80.0,86.0,84.0,17.8,57.8
1604458724,69.0,80.0,86.0,84.0,17.8,57.8
1604458725,69.11111111111111,80.0,85.88888888888889,84.0,17.8,57.8
1604458726,69.22222222222223,80.0,85.77777777777777,84.0,17.8,57.8
1604458727,69.33333333333333,80.0,85.66666666666667,84.0,17.8,57.8
1604458728,69.44444444444444,80.0,85.55555555555556,84.0,17.8,57.8
1604458729,69.55555555555556,80.0,85.44444444444444,84.0,17.8,57.8
1604458730,69.66666666666667,80.0,85.33333333333333,84.0,17.8,57.8
1604458731,69.77777777777777,80.0,85.22222222222223,84.0,17.8,57.8
1604458732,69.88888888888889,80.0,85.11111111111111,84.0,17.8,57.8
1604458733,70.0,80.0,85.0,84.0,17.8,57.8
1604458734,70.0,80.0,85.0,84.0,17.8,57.8
1604458735,71.0,80.0,84.0,84.0,17.8,57.8
1604458736,71.0,80.0,84.0,84.0,17.8,57.8
1604458737,70.0,80.0,84.0,84.0,17.8,57.8
1604458738,71.0,80.0,83.0,84.0,17.8,57.8
1604458739,70.0,80.0,83.0,85.0,17.8,57.8
1604458740,70.0,80.0,83.0,85.0,17.8,57.8
1604458741,69.0,80.0,84.0,85.0,17.8,57.8
1604458742,69.0,80.0,84.0,86.0,17.8,57.8
1604458743,68.0,79.0,84.0,86.0,17.8,57.8
1604458744,68.0,79.0,84.0,86.0,17.8,57.8
1604458745,68.0,79.0,84.0,86.0,17.8,57.8
1604458746,68.0,79.0,84.0,87.0,17.8,57.8
1604458747,68.0,79.0,84.0,87.0,17.8,57.8
1604458748,68.0,79.0,84.0,87.0,17.8,57.8
1604458749,68.0,79.0,84.0,88.0,17.8,57.8
1604458750,68.0,79.0,83.0,88.0,17.8,57.8
1604458751,68.0,79.0,83.0,88.0,17.8,57.8
1604458752,69.0,79.0,82.0,88.0,17.8,57.8
1604458753,69.0,80.0,82.0,89.0,17.8,57.8
1604458754,69.0,80.0,82.0,89.0,17.8,57.8
1604458755,69.0,80.0,83.0,89.0,17.8,57.8
1604458756,70.0,80.0,83.0,89.0,17.8,57.8
1604458757,70.0,80.0,83.0,89.0,17.8,57.8
1604458758,70.0,81.0,83.0,89.0,17.8,57.8
1604458759,69.0,81.0,83.0,88.0,17.8,57.8
1604458760,69.0,81.0,84.0,88.0,17.8,57.8
1604458761,69.0,82.0,84.0,88.0,17.8,57.8
1604458762,69.0,82.0,84.0,88.0,17.8,57.8
1604458763,69.0,82.0,84.0,88.0,17.8,57.8
1604458764,69.0,82.0,84.0,87.0,17.8,57.8
1604458765,69.0,82.0,83.0,88.0,17.8,57.8
1604458766,69.0,83.0,84.0,88.0,17.8,57.9
1604458767,70.0,82.0,84.0,88.0,17.8,57.9
1604458768,71.0,82.0,83.0,88.0,17.8,57.9
1604458769,71.0,81.0,83.0,89.0,17.8,57.9
1604458770,72.0,81.0,83.0,89.0,17.8,57.9
1604458771,72.0,81.0,83.0,89.0,17.8,57.8
1604458772,72.0,80.0,83.0,89.0,17.8,57.8
1604458773,73.0,80.0,83.0,89.0,17.8,57.8
1604458774,73.0,79.0,82.0,89.0,17.8,57.8
1604458775,73.0,79.0,82.0,89.0,17.8,57.8
1604458776,73.0,78.0,81.0,89.0,17.8,57.8
1604458777,72.0,78.0,80.0,89.0,17.8,57.8
1604458778,72.0,78.0,80.0,89.0,17.8,57.8
1604458779,71.0,79.0,79.0,89.0,17.8,57.8
1604458780,71.0,79.0,78.0,89.0,17.8,57.8
1604458781,70.0,79.0,78.0,89.0,17.8,57.8
1604458782,70.0,80.0,77.0,89.0,17.8,57.8
1604458783,69.0,80.0,77.0,89.0,17.8,57.8
1604458784,68.0,80.0,77.0,89.0,17.8,57.8
1604458785,68.0,82.0,77.0,89.0,17.8,57.8
1604458786,68.0,82.0,77.0,89.0,17.8,57.8
1604458787,68.0,83.0,77.0,89.0,17.8,57.8
1604458788,69.0,83.0,78.0,89.0,17.8,57.8
1604458789,69.0,83.0,82.0,89.0,17.8,57.8
1604458790,69.05263157894737,83.0,82.05263157894737,89.0,17.8,57.8
1604458791,69.10526315789474,83.0,82.10526315789474,89.0,17.8,57.8
1604458792,69.15789473684211,83.0,82.15789473684211,89.0,17.8,57.8
1604458793,69.21052631578948,83.0,82.21052631578948,89.0,17.8,57.8
1604458794,69.26315789473684,83.0,82.26315789473684,89.0,17.8,57.8
1604458795,69.3157894736842,83.0,82.3157894736842,89.0,17.8,57.8
1604458796,69.36842105263158,83.0,82.36842105263158,89.0,17.8,57.8
1604458797,69.42105263157895,83.0,82.42105263157895,89.0,17.8,57.8
1604458798,69.47368421052632,83.0,82.47368421052632,89.0,17.8,57.8
1604458799,69.52631578947368,83.0,82.52631578947368,89.0,17.8,57.8
1604458800,69.57894736842105,83.0,82.57894736842105,89.0,17.8,57.8
1604458801,69.63157894736842,83.0,82.63157894736842,89.0,17.8,57.8
1604458802,69.6842105263158,83.0,82.6842105263158,89.0,17.8,57.8
1604458803,69.73684210526316,83.0,82.73684210526316,89.0,17.8,57.8
1604458804,69.78947368421052,83.0,82.78947368421052,89.0,17.8,57.8
1604458805,69.84210526315789,83.0,82.84210526315789,89.0,17.8,57.8
1604458806,69.89473684210526,83.0,82.89473684210526,89.0,17.8,57.8
1604458807,69.94736842105263,83.0,82.94736842105263,89.0,17.8,57.8
1604458808,70.0,83.0,83.0,89.0,17.8,57.8
1604458809,69.0,83.0,83.0,89.0,17.8,57.8
1604458810,69.0,84.0,84.0,88.0,17.8,57.8
1604458811,69.0,84.0,84.0,88.0,17.8,57.8
1604458812,69.0,83.0,84.0,88.0,17.8,57.8
1604458813,69.0,84.0,84.0,88.0,17.8,57.8
1604458814,69.0,84.0,84.0,87.0,17.8,57.8
1604458815,69.0,84.0,84.0,87.0,17.8,57.8
1604458816,69.0,84.0,84.0,87.0,17.8,57.8
1604458817,68.0,84.0,85.0,87.0,17.8,57.8
1604458818,68.0,84.0,85.0,86.0,17.8,57.8
1604458819,68.0,84.0,85.0,86.0,17.8,57.9
1604458820,68.0,84.0,85.0,86.0,17.8,57.9
1604458821,69.0,83.0,86.0,86.0,17.8,57.9
1604458822,69.0,83.0,86.0,86.0,17.8,57.9
1604458823,69.0,83.0,87.0,86.0,17.8,57.9
1604458824,69.0,83.0,87.0,86.0,17.8,57.9
1604458825,69.0,83.0,87.0,86.0,17.8,57.9
1604458826,70.0,83.0,88.0,86.0,17.8,57.9
1604458827,70.0,83.0,88.0,86.0,17.8,57.9
1604458828,70.0,83.0,88.0,86.0,17.8,57.9
1604458829,70.0,82.0,88.0,83.0,17.8,57.9
1604458830,71.0,82.0,88.0,83.0,17.8,57.9
1604458831,71.0,82.0,87.0,83.0,17.8,57.9
1604458832,71.0,82.0,87.0,83.0,17.8,57.9
1604458833,71.0,81.0,86.0,83.0,17.8,57.9
1604458834,72.0,81.0,85.0,83.0,17.8,57.9
1604458835,72.0,80.0,85.0,83.0,17.8,57.9
1604458836,72.0,80.0,84.0,83.0,17.8,57.9
1604458837,72.0,79.0,84.0,84.0,17.8,57.9
1604458838,73.0,79.0,83.0,84.0,17.8,57.9
1604458839,73.0,78.0,83.0,84.0,17.8,57.9
1604458840,73.0,78.0,82.0,84.0,17.8,57.9
1604458841,73.0,78.0,82.0,84.0,17.8,57.9
1604458842,72.0,77.0,81.0,84.0,17.8,57.9
1604458843,72.0,77.0,81.0,84.0,17.8,57.9
1604458844,72.0,77.0,81.0,84.0,17.8,57.9
1604458845,72.0,77.0,80.0,84.0,17.8,57.9
1604458846,72.0,77.0,80.0,84.0,17.8,57.9
1604458847,72.0,78.0,81.0,84.0,17.8,57.9
1604458848,72.0,78.0,81.0,84.0,17.8,57.9
1604458849,72.0,78.0,81.0,84.0,17.8,57.9
1604458850,72.0,79.0,82.0,84.0,17.8,57.9
1604458851,72.0,80.0,83.0,84.0,17.8,57.9
1604458852,72.0,80.0,84.0,84.0,17.8,57.9
1604458853,72.0,80.0,85.0,84.0,17.8,57.9
1604458854,72.0,80.0,86.0,84.0,17.8,57.9
1604458855,72.0,80.0,86.0,84.0,17.8,57.9
1604458856,72.0,80.0,86.0,85.0,17.8,57.9
1604458857,72.0,80.0,86.0,85.0,17.8,57.9
1604458858,71.0,79.0,86.0,85.0,17.8,57.9
1604458859,72.0,79.0,86.0,85.0,17.8,57.9
1604458860,72.0,79.0,85.0,86.0,17.8,57.9
1604458861,71.0,78.0,85.0,86.0,17.8,57.9
1604458862,71.0,77.0,84.0,85.0,17.8,57.9
1604458863,72.0,77.0,84.0,85.0,17.8,57.9
1604458864,72.0,77.0,84.0,85.0,17.8,57.9
1604458865,72.0,77.0,83.0,85.0,17.8,57.9
1604458866,72.0,77.0,83.0,85.0,17.8,57.9
1604458867,73.0,76.0,84.0,85.0,17.8,57.9
1604458868,73.0,76.0,84.0,84.0,17.8,57.9
1604458869,73.0,76.0,84.0,84.0,17.8,57.9
1604458870,73.0,76.0,84.0,84.0,17.8,57.9
1604458871,73.0,76.0,84.0,84.0,17.8,57.9
1604458872,73.0,76.0,83.0,85.0,17.8,57.9
1604458873,72.0,76.0,83.0,85.0,17.8,57.9
1604458874,72.0,76.0,83.0,86.0,17.8,57.9
1604458875,72.0,77.0,84.0,86.0,17.8,57.9
1604458876,72.0,77.0,84.0,86.0,17.8,57.9
1604458877,72.0,77.0,84.0,86.0,17.8,57.9
1604458878,72.0,77.0,84.0,86.0,17.8,57.9
1604458879,71.0,78.0,84.0,87.0,17.8,57.8
1604458880,71.0,78.0,84.0,87.0,17.8,57.8
1604458881,71.0,78.0,85.0,87.0,17.8,57.8
1604458882,70.0,79.0,85.0,87.0,17.8,57.8
1604458883,70.0,79.0,85.0,87.0,17.8,57.8
1604458884,70.0,79.0,86.0,87.0,17.8,57.8
1604458885,70.0,80.0,86.0,87.0,17.8,57.8
1604458886,69.0,81.0,86.0,86.0,17.8,57.8
1604458887,69.0,81.0,86.0,86.0,17.8,57.8
1604458888,69.0,82.0,86.0,86.0,17.8,57.8
1604458889,69.0,82.0,86.0,86.0,17.8,57.8
1604458890,69.0,82.0,86.0,85.0,17.8,57.8
1604458891,69.0,82.0,86.0,85.0,17.8,57.8
1604458892,69.0,82.0,86.0,85.0,17.8,57.8
1604458893,69.0,82.0,85.0,84.0,17.8,57.8
1604458894,70.0,82.0,85.0,84.0,17.8,57.8
1604458895,70.0,82.0,85.0,84.0,17.8,57.8
1604458896,70.0,82.0,85.0,84.0,17.8,57.8
1604458897,70.0,82.0,84.0,84.0,17.8,57.8
1604458898,71.0,82.0,84.0,85.0,17.8,57.8
1604458899,71.0,81.0,83.0,85.0,17.8,57.7
1604458900,71.0,81.0,83.0,85.0,17.8,57.7
1604458901,71.0,81.0,82.0,85.0,17.8,57.7
1604458902,71.0,81.0,82.0,85.0,17.8,57.7
1604458903,71.0,81.0,82.0,85.0,17.8,57.7
1604458904,71.0,81.0,82.0,85.0,17.8,57.8
1604458905,71.0,81.0,82.0,85.0,17.8,57.8
1604458906,71.0,81.0,82.0,85.0,17.8,57.8
1604458907,71.0,81.0,82.0,85.0,17.8,57.8
1604458908,71.0,82.0,82.0,84.0,17.8,57.8
1604458909,71.0,82.0,82.0,84.0,17.8,57.8
1604458910,72.0,81.0,82.0,84.0,17.8,57.8
1604458911,72.0,82.0,83.0,84.0,17.8,57.8
1604458912,72.0,81.0,83.0,84.0,17.8,57.8
1604458913,72.0,81.0,84.0,85.0,17.8,57.8
1604458914,72.0,82.0,84.0,85.0,17.7,57.6
1604458915,72.0,82.0,84.0,85.0,17.7,57.6
1604458916,72.0,81.0,85.0,86.0,17.7,57.6
1604458917,72.0,81.0,85.0,86.0,17.7,57.6
1604458918,72.0,81.0,85.0,86.0,17.7,57.6
1604458919,72.0,80.0,85.0,86.0,17.8,57.8
1604458920,72.0,80.0,85.0,87.0,17.8,57.8
1604458921,72.0,79.0,85.0,87.0,17.8,57.8
1604458922,72.0,79.0,85.0,87.0,17.8,57.8
1604458923,72.0,79.0,85.0,87.0,17.8,57.8
1604458924,73.0,78.0,85.0,87.0,17.8,57.8
1604458925,73.0,78.0,84.0,87.0,17.8,57.8
1604458926,74.0,78.0,83.0,86.0,17.8,57.8
1604458927,74.0,78.0,83.0,86.0,17.8,57.8
1604458928,75.0,79.0,83.0,86.0,17.8,57.8
1604458929,76.0,79.0,82.0,86.0,17.8,57.8
1604458930,76.0,80.0,82.0,85.0,17.8,57.8
1604458931,77.0,81.0,82.0,85.0,17.8,57.8
1604458932,77.0,81.0,82.0,85.0,17.8,57.8
1604458933,77.0,82.0,82.0,85.0,17.8,57.8
1604458934,77.0,82.0,83.0,85.0,17.8,57.8
1604458935,77.0,83.0,83.0,84.0,17.8,57.8
1604458936,77.0,83.0,84.0,84.0,17.8,57.8
1604458937,76.0,83.0,84.0,84.0,17.8,57.8
1604458938,76.0,83.0,85.0,84.0,17.8,57.8
1604458939,75.0,83.0,85.0,84.0,17.8,57.8
1604458940,75.0,83.0,85.0,85.0,17.8,57.8
1604458941,75.0,83.0,85.0,85.0,17.8,57.8
1604458942,74.0,83.0,86.0,85.0,17.8,57.8
1604458943,74.0,83.0,85.0,85.0,17.8,57.8
1604458944,73.0,83.0,85.0,85.0,17.8,57.8
1604458945,73.0,83.0,85.0,85.0,17.8,57.8
1604458946,73.0,82.0,84.0,85.0,17.8,57.8
1604458947,73.0,82.0,83.0,85.0,17.8,57.8
1604458948,73.0,82.0,83.0,84.0,17.8,57.8
1604458949,73.0,81.0,83.0,84.0,17.8,57.9
1604458950,73.0,81.0,82.0,84.0,17.8,57.9
1604458951,73.0,81.0,82.0,84.0,17.8,57.9
1604458952,73.0,80.0,82.0,84.0,17.8,57.9
1604458953,74.0,80.0,81.0,84.0,17.8,57.9
1604458954,74.0,79.0,81.0,84.0,17.8,57.9
1604458955,73.66666666666667,79.0,81.0,84.0,17.8,57.9
1604458956,73.33333333333333,79.0,81.0,84.0,17.8,57.9
1604458957,73.0,79.0,81.0,84.0,17.8,57.9
1604458958,72.66666666666667,79.0,81.0,84.0,17.8,57.9
1604458959,72.33333333333333,79.0,81.0,84.0,17.8,57.9
1604458960,72.0,79.0,81.0,84.0,17.8,57.9
1604458961,71.66666666666667,79.0,81.0,84.0,17.8,57.9
1604458962,71.33333333333333,79.0,81.0,84.0,17.8,57.9
1604458963,71.0,79.0,81.0,84.0,17.8,57.9
1604458964,70.0,78.0,81.0,85.0,17.8,57.9
1604458965,70.0,78.0,80.0,85.0,17.8,57.9
1604458966,69.0,78.0,80.0,86.0,17.8,57.9
1604458967,69.0,77.0,80.0,86.0,17.8,58.0
1604458968,69.0,77.0,80.0,87.0,17.8,58.0
1604458969,69.0,77.0,80.0,87.0,17.8,58.0
1604458970,69.0,77.0,80.0,87.0,17.8,58.0
1604458971,69.0,78.0,81.0,87.0,17.8,58.0
1604458972,69.0,78.0,81.0,87.0,17.8,58.0
1604458973,69.0,78.0,81.0,87.0,17.8,58.0
1604458974,69.0,78.0,81.0,86.0,17.8,58.0
1604458975,70.0,79.0,81.0,86.0,17.8,58.0
1604458976,70.0,80.0,81.0,86.0,17.8,58.0
1604458977,70.0,80.0,81.0,86.0,17.8,58.0
1604458978,70.0,80.0,81.0,86.0,17.8,58.0
1604458979,70.0,80.0,81.0,85.0,17.8,58.0
1604458980,70.0,81.0,81.0,85.0,17.8,58.0
1604458981,70.0,81.0,80.0,85.0,17.8,58.0
1604458982,70.0,81.0,80.0,86.0,17.8,58.0
1604458983,71.0,82.0,81.0,86.0,17.8,58.0
1604458984,71.0,81.0,81.0,86.0,17.8,58.0
1604458985,71.0,81.0,80.0,87.0,17.8,58.0
1604458986,71.0,81.0,80.0,87.0,17.8,58.0
1604458987,71.0,80.0,80.0,87.0,17.8,58.0
1604458988,72.0,80.0,80.0,87.0,17.8,58.0
1604458989,72.0,80.0,81.0,87.0,17.8,58.0
1604458990,73.0,80.0,81.0,87.0,17.8,58.0
1604458991,73.0,80.0,81.0,87.0,17.8,58.0
1604458992,74.0,80.0,81.0,86.0,17.8,58.1
1604458993,74.0,80.0,81.0,86.0,17.8,58.1
1604458994,75.0,80.0,82.0,85.0,17.8,58.1
1604458995,75.0,80.0,82.0,85.0,17.8,58.1
1604458996,76.0,80.0,83.0,85.0,17.8,58.1
1604458997,76.0,80.0,84.0,85.0,17.8,58.2
1604458998,76.0,80.0,84.0,85.0,17.8,58.2
1604458999,76.0,80.0,84.0,85.0,17.8,58.2
1604459000,76.0,80.0,85.0,85.0,17.8,58.2
1604459001,75.0,80.0,86.0,85.0,17.8,58.2
1604459002,74.0,80.0,86.0,86.0,17.8,58.1
1604459003,74.0,80.0,87.0,86.0,17.8,58.1
1604459004,73.0,80.0,87.0,87.0,17.8,58.1
1604459005,72.0,80.0,87.0,88.0,17.8,58.1
1604459006,72.0,81.0,87.0,88.0,17.8,58.1
1604459007,71.0,81.0,87.0,88.0,17.8,58.2
1604459008,70.0,81.0,87.0,88.0,17.8,58.2
1604459009,70.0,81.0,87.0,88.0,17.8,58.2
1604459010,70.0,82.0,87.0,88.0,17.8,58.2
1604459011,70.0,82.0,86.0,87.0,17.8,58.2
1604459012,70.0,82.0,86.0,87.0,17.8,58.2
1604459013,70.0,82.0,85.0,86.0,17.8,58.2
1604459014,70.0,82.0,85.0,86.0,17.8,58.2
1604459015,70.0,82.0,84.0,85.0,17.8,58.2
1604459016,71.0,81.0,83.0,85.0,17.8,58.2
1604459017,71.0,81.0,83.0,85.0,17.8,58.1
1604459018,71.0,81.0,82.0,85.0,17.8,58.1
1604459019,71.0,81.0,82.0,85.0,17.8,58.1
1604459020,71.0,81.0,82.0,85.0,17.8,58.1
1604459021,71.0,81.0,81.0,85.0,17.8,58.1
1604459022,71.0,81.0,81.0,86.0,17.8,57.9
1604459023,71.0,81.0,81.0,86.0,17.8,57.9
1604459024,71.0,81.0,81.0,86.0,17.8,57.9
1604459025,71.0,81.0,82.0,88.0,17.8,57.9
1604459026,71.0,81.0,82.0,88.0,17.8,57.9
1604459027,71.0,81.0,83.0,89.0,17.8,57.9
1604459028,71.0,81.0,83.0,89.0,17.8,57.9
1604459029,71.0,81.0,83.0,89.0,17.8,57.9
1604459030,71.0,81.0,84.0,89.0,17.8,57.9
1604459031,71.0,80.0,84.0,89.0,17.8,57.9
1604459032,71.0,80.0,85.0,89.0,17.8,57.8
1604459033,71.0,80.0,85.0,88.0,17.8,57.8
1604459034,71.0,80.0,85.0,88.0,17.8,57.8
1604459035,71.0,80.0,85.0,87.0,17.8,57.8
1604459036,71.0,80.0,85.0,87.0,17.8,57.8
1604459037,71.0,80.0,85.0,86.0,17.8,57.8
1604459038,72.0,79.0,85.0,86.0,17.8,57.8
1604459039,72.0,79.0,85.0,86.0,17.8,57.8
1604459040,73.0,79.0,85.0,86.0,17.8,57.8
1604459041,73.0,79.0,85.0,86.0,17.8,57.8
1604459042,73.0,79.0,85.0,86.0,17.8,57.7
1604459043,73.0,79.0,85.0,86.0,17.8,57.7
1604459044,73.0,79.0,84.0,86.0,17.8,57.7
1604459045,73.0,79.0,84.0,86.0,17.8,57.7
1604459046,74.0,79.0,84.0,86.0,17.8,57.7
1604459047,74.0,79.0,83.0,86.0,17.8,57.6
1604459048,74.0,79.0,83.0,85.0,17.8,57.6
1604459049,74.0,79.0,82.0,85.0,17.8,57.6
1604459050,74.0,79.0,82.0,84.0,17.8,57.6
1604459051,75.0,79.0,81.0,84.0,17.8,57.6
1604459052,75.0,80.0,81.0,84.0,17.8,57.5
1604459053,75.0,80.0,81.0,84.0,17.8,57.5
1604459054,75.0,80.0,80.0,84.0,17.8,57.5
1604459055,75.0,80.0,80.0,83.0,17.8,57.5
1604459056,75.0,79.0,80.0,83.0,17.8,57.5
1604459057,75.0,79.0,80.0,83.0,17.8,57.5
1604459058,74.0,79.0,80.0,84.0,17.8,57.5
1604459059,74.0,79.0,80.0,84.0,17.8,57.5
1604459060,73.0,80.0,80.0,84.0,17.8,57.5
1604459061,73.0,80.0,79.0,85.0,17.8,57.5
1604459062,73.0,80.0,79.0,85.0,17.8,57.4
1604459063,72.0,80.0,79.0,85.0,17.8,57.4
1604459064,72.0,80.0,80.0,86.0,17.8,57.4
1604459065,71.0,80.0,80.0,86.0,17.8,57.4
1604459066,71.0,81.0,80.0,87.0,17.8,57.4
1604459067,71.0,81.0,86.0,87.0,17.8,57.4
1604459068,71.0,81.0,86.0,87.0,17.8,57.4
1604459069,72.0,82.0,85.0,88.0,17.8,57.4
1604459070,72.0,81.0,85.0,88.0,17.8,57.4
1604459071,72.0,81.0,84.0,88.0,17.8,57.4
1604459072,72.0,81.0,84.0,88.0,17.8,57.4
1604459073,72.0,81.0,84.0,89.0,17.8,57.4
1604459074,73.0,81.0,84.0,89.0,17.8,57.4
1604459075,73.0,80.0,84.0,89.0,17.8,57.4
1604459076,73.0,80.0,84.0,86.0,17.8,57.4
1604459077,73.0,80.0,84.0,86.0,17.8,57.4
1604459078,74.0,80.0,84.0,85.0,17.8,57.4
1604459079,74.0,80.0,85.0,85.0,17.8,57.4
1604459080,74.0,80.0,86.0,85.0,17.8,57.4
1604459081,74.0,80.0,86.0,85.0,17.8,57.4
1604459082,74.0,80.0,86.0,85.0,17.8,57.5
1604459083,75.0,80.0,86.0,85.0,17.8,57.5
1604459084,75.0,81.0,86.0,85.0,17.8,57.5
1604459085,75.0,81.0,86.0,85.0,17.8,57.5
1604459086,74.0,81.0,86.0,85.0,17.8,57.5
1604459087,74.0,81.0,86.0,85.0,17.8,57.5
1604459088,73.0,81.0,86.0,85.0,17.8,57.5
1604459089,73.0,81.0,86.0,85.0,17.8,57.5
1604459090,73.0,80.0,85.0,85.0,17.8,57.5
1604459091,72.0,80.0,85.0,85.0,17.8,57.5
1604459092,72.0,80.0,85.0,85.0,17.7,57.5
1604459093,71.0,80.0,85.0,86.0,17.7,57.5
1604459094,71.0,80.0,85.0,86.0,17.7,57.5
1604459095,71.0,80.0,85.0,86.0,17.7,57.5
1604459096,71.0,79.0,85.0,86.0,17.7,57.5
1604459097,71.0,79.0,85.0,86.0,17.8,57.6
1604459098,71.0,79.0,86.0,87.0,17.8,57.6
1604459099,71.0,79.0,86.0,87.0,17.8,57.6
1604459100,72.0,80.0,87.0,87.0,17.8,57.6
1604459101,72.0,80.0,87.0,87.0,17.8,57.6
1604459102,72.0,80.0,87.0,87.0,17.8,57.6
1604459103,72.0,80.0,87.0,87.0,17.8,57.6
1604459104,73.0,80.0,88.0,87.0,17.8,57.6
1604459105,73.0,80.0,88.0,86.0,17.8,57.6
1604459106,73.0,81.0,87.0,86.0,17.8,57.6
1604459107,73.0,81.0,87.0,86.0,17.8,57.7
1604459108,72.0,81.0,86.0,85.0,17.8,57.7
1604459109,71.0,81.0,86.0,85.0,17.8,57.7
1604459110,71.0,81.0,85.0,85.0,17.8,57.7
1604459111,71.0,81.0,84.0,84.0,17.8,57.7
1604459112,70.0,81.0,83.0,84.0,17.7,57.6
1604459113,70.0,81.0,83.0,84.0,17.7,57.6
1604459114,70.0,81.0,83.0,84.0,17.7,57.6
1604459115,70.0,81.0,82.0,83.0,17.7,57.6
1604459116,70.0,81.0,81.0,83.0,17.7,57.6
1604459117,70.0,81.0,81.0,83.0,17.7,57.6
1604459118,70.0,82.0,81.0,83.0,17.7,57.6
1604459119,71.0,81.0,81.0,84.0,17.7,57.6
1604459120,71.0,81.0,81.0,84.0,17.7,57.6
1604459121,71.0,81.0,81.0,85.0,17.7,57.6
1604459122,72.0,81.0,81.0,85.0,17.7,57.6
1604459123,72.0,81.0,81.0,86.0,17.7,57.6
1604459124,72.0,81.0,81.0,87.0,17.7,57.6
1604459125,72.0,81.0,81.0,89.0,17.7,57.6
1604459126,72.0,81.0,81.0,89.0,17.7,57.6
1604459127,72.0,81.0,81.0,90.0,17.8,57.7
1604459128,72.0,80.0,81.0,90.0,17.8,57.7
1604459129,71.0,80.0,80.0,91.0,17.8,57.7
1604459130,71.0,80.0,81.0,91.0,17.8,57.7
1604459131,70.0,80.0,81.0,91.0,17.8,57.7
1604459132,70.0,80.0,81.0,91.0,17.7,57.6
1604459133,69.0,80.0,82.0,90.0,17.7,57.6
1604459134,69.0,80.0,83.0,90.0,17.7,57.6
1604459135,69.0,80.0,84.0,89.0,17.7,57.6
1604459136,69.0,80.0,84.0,88.0,17.7,57.6
1604459137,69.0,79.0,84.0,87.0,17.7,57.6
1604459138,69.0,79.0,85.0,87.0,17.7,57.6
1604459139,69.0,79.0,85.0,87.0,17.7,57.6
1604459140,69.0,79.0,86.0,87.0,17.7,57.6
1604459141,69.0,79.0,86.0,87.0,17.7,57.6
1604459142,69.0,79.0,86.0,87.0,17.7,57.6
1604459143,70.0,79.0,86.0,87.0,17.7,57.6
1604459144,70.0,79.0,85.0,87.0,17.7,57.6
1604459145,70.0,80.0,85.0,87.0,17.7,57.6
1604459146,70.0,80.0,85.0,87.0,17.7,57.6
1604459147,70.0,80.0,85.0,87.0,17.7,57.6
1604459148,70.0,80.0,85.0,87.0,17.7,57.6
1604459149,70.0,81.0,85.0,87.0,17.7,57.6
1604459150,70.0,81.0,85.0,87.0,17.7,57.6
1604459151,70.0,81.0,85.0,86.0,17.7,57.6
1604459152,70.0,82.0,86.0,86.0,17.7,57.8
1604459153,70.0,82.0,86.0,86.0,17.7,57.8
1604459154,70.0,81.0,86.0,85.0,17.7,57.8
1604459155,70.0,82.0,87.0,85.0,17.7,57.8
1604459156,70.0,82.0,87.0,85.0,17.7,57.8
1604459157,70.0,81.0,88.0,84.0,17.7,57.8
1604459158,71.0,81.0,88.0,84.0,17.7,57.8
1604459159,71.0,81.0,88.0,84.0,17.7,57.8
1604459160,71.0,81.0,88.0,84.0,17.7,57.8
1604459161,72.0,81.0,88.0,85.0,17.7,57.8
1604459162,72.0,81.0,88.0,85.0,17.8,57.9
1604459163,72.0,81.0,87.0,85.0,17.8,57.9
1604459164,71.66666666666667,81.0,86.88888888888889,85.11111111111111,17.8,57.9
1604459165,71.33333333333333,81.0,86.77777777777777,85.22222222222223,17.8,57.9
1604459166,71.0,81.0,86.66666666666667,85.33333333333333,17.8,57.9
1604459167,70.66666666666667,81.0,86.55555555555556,85.44444444444444,17.8,57.9
1604459168,70.33333333333333,81.0,86.44444444444444,85.55555555555556,17.8,57.9
1604459169,70.0,81.0,86.33333333333333,85.66666666666667,17.8,57.9
1604459170,69.66666666666667,81.0,86.22222222222223,85.77777777777777,17.8,57.9
1604459171,69.33333333333333,81.0,86.11111111111111,85.88888888888889,17.8,57.9
1604459172,69.0,81.0,86.0,86.0,17.8,57.9
1604459173,69.0,82.0,86.0,86.0,17.8,57.9
1604459174,69.0,82.0,86.0,86.0,17.8,57.9
1604459175,69.0,82.0,85.0,86.0,17.7,57.8
1604459176,69.0,82.0,83.0,86.0,17.7,57.8
1604459177,69.0,82.0,83.0,86.0,17.7,57.8
1604459178,70.0,82.0,82.0,86.0,17.7,57.8
1604459179,70.0,81.0,82.0,86.0,17.7,57.8
1604459180,70.0,81.0,82.0,86.0,17.7,57.8
1604459181,70.0,81.0,82.0,86.0,17.7,57.8
1604459182,70.0,81.0,82.0,86.0,17.7,57.8
1604459183,70.0,81.0,82.0,86.0,17.7,57.8
1604459184,70.0,81.0,82.0,86.0,17.7,57.8
1604459185,70.0,81.0,82.0,86.0,17.7,57.5
1604459186,70.0,82.0,83.0,86.0,17.7,57.5
1604459187,70.0,82.0,83.0,86.0,17.7,57.5
1604459188,70.0,82.0,83.0,86.0,17.7,57.5
1604459189,70.0,82.0,84.0,86.0,17.7,57.5
1604459190,70.0,81.0,84.0,86.0,17.7,57.8
1604459191,70.0,81.0,84.0,87.0,17.7,57.8
1604459192,70.0,81.0,84.0,87.0,17.7,57.8
1604459193,71.0,81.0,84.0,87.0,17.7,57.8
1604459194,71.0,81.0,84.0,88.0,17.7,57.8
1604459195,71.0,81.0,84.0,88.0,17.7,57.8
1604459196,71.0,81.0,84.0,88.0,17.7,57.8
1604459197,71.0,81.0,84.0,88.0,17.7,57.8
1604459198,72.0,81.0,84.0,88.0,17.7,57.8
1604459199,72.0,81.0,83.0,88.0,17.7,57.8
1604459200,72.0,82.0,82.0,88.0,17.7,57.8
1604459201,72.0,82.0,82.0,88.0,17.7,57.8
1604459202,72.0,82.0,82.0,87.0,17.7,57.8
1604459203,72.0,83.0,82.0,86.0,17.7,57.8
1604459204,72.0,83.0,81.0,86.0,17.7,57.8
1604459205,72.0,83.0,81.0,86.0,17.7,57.8
1604459206,72.0,83.0,81.0,86.0,17.7,57.8
1604459207,72.0,83.0,81.0,86.0,17.7,57.8
1604459208,71.0,82.0,81.0,85.0,17.7,57.8
1604459209,71.0,82.0,81.0,85.0,17.7,57.8
1604459210,71.0,82.0,80.0,85.0,17.7,57.8
1604459211,72.0,82.0,80.0,86.0,17.7,57.8
1604459212,72.0,82.0,80.0,86.0,17.7,57.8
1604459213,72.0,82.0,80.0,86.0,17.7,57.8
1604459214,72.0,82.0,80.0,86.0,17.7,57.8
1604459215,72.0,82.0,81.0,87.0,17.7,57.8
1604459216,73.0,82.0,81.0,87.0,17.7,57.8
1604459217,73.0,82.0,81.0,87.0,17.7,57.8
1604459218,74.0,82.0,81.0,87.0,17.7,57.8
1604459219,74.0,82.0,81.0,88.0,17.7,57.8
1604459220,74.0,82.0,81.0,87.0,17.6,57.7
1604459221,74.0,82.0,82.0,87.0,17.6,57.7
1604459222,74.0,82.0,82.0,87.0,17.6,57.7
1604459223,74.0,82.0,82.0,87.0,17.6,57.7
1604459224,74.0,82.0,82.0,87.0,17.6,57.7
1604459225,74.0,82.0,82.0,86.0,17.7,57.8
1604459226,74.0,82.0,82.0,86.0,17.7,57.8
1604459227,74.0,82.0,82.0,85.0,17.7,57.8
1604459228,74.0,82.0,82.0,84.0,17.7,57.8
1604459229,74.0,82.0,82.0,84.0,17.7,57.8
1604459230,74.0,83.0,82.0,84.0,17.7,57.8
1604459231,74.0,83.0,83.0,84.0,17.7,57.8
1604459232,73.0,83.0,83.0,84.0,17.7,57.8
1604459233,73.0,83.0,83.0,84.0,17.7,57.8
1604459234,73.0,83.0,83.0,84.0,17.7,57.8
1604459235,73.0,83.0,84.0,85.0,17.7,57.8
1604459236,72.0,84.0,84.0,85.0,17.7,57.8
1604459237,72.0,84.0,84.0,86.0,17.7,57.8
1604459238,72.0,83.0,84.0,86.0,17.7,57.8
1604459239,71.0,83.0,84.0,87.0,17.7,57.8
1604459240,71.0,82.0,84.0,87.0,17.6,57.6
1604459241,71.0,81.0,84.0,87.0,17.6,57.6
1604459242,71.0,81.0,83.0,87.0,17.6,57.6
1604459243,71.0,80.0,83.0,86.0,17.6,57.6
1604459244,71.0,79.0,83.0,86.0,17.6,57.6
1604459245,71.0,78.0,83.0,86.0,17.7,57.8
1604459246,71.0,77.0,83.0,86.0,17.7,57.8
1604459247,71.0,76.0,83.0,86.0,17.7,57.8
1604459248,71.0,76.0,83.0,86.0,17.7,57.8
1604459249,71.0,76.0,83.0,86.0,17.7,57.8
1604459250,71.0,76.0,82.0,86.0,17.6,57.7
1604459251,71.0,76.0,82.0,87.0,17.6,57.7
1604459252,72.0,76.0,82.0,87.0,17.6,57.7
1604459253,72.0,76.0,83.0,87.0,17.6,57.7
1604459254,71.0,76.0,82.0,87.0,17.6,57.7
1604459255,71.0,77.0,82.0,88.0,17.7,57.8
1604459256,71.0,77.0,82.0,88.0,17.7,57.8
1604459257,71.0,78.0,82.0,88.0,17.7,57.8
1604459258,70.0,78.0,82.0,87.0,17.7,57.8
1604459259,70.0,79.0,82.0,87.0,17.7,57.8
1604459260,69.0,79.0,82.0,87.0,17.7,57.8
1604459261,69.0,79.0,82.0,87.0,17.7,57.8
1604459262,68.0,79.0,82.0,86.0,17.7,57.8
1604459263,68.0,79.0,82.0,86.0,17.7,57.8
1604459264,68.0,79.0,82.0,86.0,17.7,57.8
1604459265,68.0,79.0,82.0,86.0,17.7,57.8
1604459266,68.0,79.0,82.0,86.0,17.7,57.8
1604459267,68.0,79.0,82.0,85.0,17.7,57.8
1604459268,68.0,79.0,81.0,85.0,17.7,57.8
1604459269,68.0,79.0,81.0,85.0,17.7,57.8
1604459270,69.0,79.0,81.0,85.0,17.7,57.8
1604459271,69.0,79.0,81.0,85.0,17.7,57.8
1604459272,69.0,79.0,81.0,85.0,17.7,57.8
1604459273,69.0,80.0,81.0,85.0,17.7,57.8
1604459274,69.0,80.0,81.0,85.0,17.7,57.8
1604459275,69.0,80.0,82.0,85.0,17.7,57.8
1604459276,69.0,80.0,82.0,85.0,17.7,57.8
1604459277,69.0,80.0,83.0,85.0,17.7,57.8
1604459278,69.0,80.0,83.0,85.0,17.7,57.8
1604459279,69.0,79.0,83.0,86.0,17.7,57.8
1604459280,69.0,79.0,83.0,86.0,17.7,57.9
1604459281,70.0,79.0,83.0,86.0,17.7,57.9
1604459282,70.0,78.0,83.0,86.0,17.7,57.9
1604459283,70.0,78.0,83.0,86.0,17.7,57.9
1604459284,71.0,78.0,83.0,86.0,17.7,57.9
1604459285,71.0,78.0,83.0,87.0,17.7,58.0
1604459286,72.0,78.0,82.0,87.0,17.7,58.0
1604459287,72.0,78.0,82.0,87.0,17.7,58.0
1604459288,72.0,78.0,82.0,87.0,17.7,58.0
1604459289,73.0,78.0,82.0,87.0,17.7,58.0
1604459290,73.0,78.0,82.0,87.0,17.7,58.0
1604459291,73.0,78.0,83.0,87.0,17.7,58.0
1604459292,73.0,78.0,83.0,87.0,17.7,58.0
1604459293,73.0,77.0,83.0,87.0,17.7,58.0
1604459294,73.0,77.0,83.0,88.0,17.7,58.0
1604459295,74.0,77.0,83.0,88.0,17.7,57.8
1604459296,74.0,76.0,84.0,87.0,17.7,57.8
1604459297,74.0,76.0,84.0,87.0,17.7,57.8
1604459298,74.0,76.0,84.0,87.0,17.7,57.8
1604459299,74.0,76.0,84.0,87.0,17.7,57.8
1604459300,74.0,76.0,84.0,87.0,17.7,57.8
1604459301,74.0,76.0,83.0,86.0,17.7,57.8
1604459302,75.0,76.0,83.0,86.0,17.7,57.8
1604459303,75.0,76.0,83.0,86.0,17.7,57.8
1604459304,74.0,76.0,83.0,85.0,17.7,57.8
1604459305,74.0,76.0,83.0,85.0,17.7,57.8
1604459306,73.0,76.0,83.0,85.0,17.7,57.8
1604459307,73.0,76.0,83.0,85.0,17.7,57.8
1604459308,73.0,77.0,84.0,86.0,17.7,57.8
1604459309,73.0,77.0,84.0,86.0,17.7,57.8
1604459310,73.0,77.0,84.0,86.0,17.7,57.8
1604459311,72.0,77.0,84.0,86.0,17.7,57.8
1604459312,73.0,77.0,84.0,86.0,17.7,57.8
1604459313,73.0,77.0,85.0,86.0,17.7,57.8
1604459314,73.0,77.0,85.0,86.0,17.7,57.8
1604459315,73.0,78.0,85.0,86.0,17.6,57.8
1604459316,74.0,79.0,84.0,86.0,17.6,57.8
1604459317,74.0,79.0,84.0,85.0,17.6,57.8
1604459318,74.0,80.0,84.0,85.0,17.6,57.8
1604459319,74.0,80.0,84.0,84.0,17.6,57.8
1604459320,74.0,80.0,84.0,84.0,17.7,58.0
1604459321,74.0,80.0,84.0,84.0,17.7,58.0
1604459322,74.0,80.0,84.0,83.0,17.7,58.0
1604459323,73.0,80.0,84.0,83.0,17.7,58.0
1604459324,74.0,80.0,84.0,83.0,17.7,58.0
1604459325,74.0,79.0,84.0,83.0,17.7,57.9
1604459326,74.0,79.0,84.0,83.0,17.7,57.9
1604459327,74.0,78.0,84.0,82.0,17.7,57.9
1604459328,74.0,78.0,84.0,82.0,17.7,57.9
1604459329,73.0,78.0,84.0,83.0,17.7,57.9
1604459330,73.0,77.0,84.0,83.0,17.7,57.9
1604459331,73.0,77.0,84.0,83.0,17.7,57.9
1604459332,73.0,77.0,84.0,83.0,17.7,57.9
1604459333,73.0,76.0,84.0,84.0,17.7,57.9
1604459334,73.0,76.0,84.0,84.0,17.7,57.9
1604459335,72.0,76.0,84.0,84.0,17.6,57.8
1604459336,72.0,77.0,84.0,84.0,17.6,57.8
1604459337,71.0,77.0,84.0,85.0,17.6,57.8
1604459338,71.0,77.0,84.0,85.0,17.6,57.8
1604459339,72.0,77.0,83.0,85.0,17.6,57.8
1604459340,72.0,78.0,83.0,85.0,17.7,57.9
1604459341,72.0,78.0,83.0,85.0,17.7,57.9
1604459342,72.0,79.0,83.0,85.0,17.7,57.9
1604459343,73.0,79.0,82.0,85.0,17.7,57.9
1604459344,73.0,80.0,82.0,85.0,17.7,57.9
1604459345,74.0,80.0,82.0,85.0,17.7,57.9
1604459346,74.0,80.0,82.0,84.0,17.7,57.9
1604459347,74.0,80.0,83.0,84.0,17.7,57.9
1604459348,74.0,80.0,83.0,84.0,17.7,57.9
1604459349,74.0,80.0,83.0,83.0,17.7,57.9
1604459350,74.0,80.0,83.0,83.0,17.6,57.8
1604459351,73.0,81.0,83.0,83.0,17.6,57.8
1604459352,73.0,81.0,84.0,83.0,17.6,57.8
1604459353,73.0,81.0,84.0,83.0,17.6,57.8
1604459354,73.0,81.0,84.0,82.0,17.6,57.8
1604459355,72.0,81.0,84.0,83.0,17.6,57.8
1604459356,72.0,82.0,85.0,83.0,17.6,57.8
1604459357,72.0,82.0,85.0,83.0,17.6,57.8
1604459358,71.0,82.0,85.0,84.0,17.6,57.8
1604459359,71.0,82.0,86.0,84.0,17.6,57.8
1604459360,71.0,82.0,86.0,85.0,17.7,57.9
1604459361,71.0,82.0,86.0,85.0,17.7,57.9
1604459362,71.0,82.0,87.0,85.0,17.7,57.9
1604459363,71.0,82.0,87.0,86.0,17.7,57.9
1604459364,71.0,81.0,87.0,86.0,17.7,57.9
1604459365,71.0,81.0,87.0,86.0,17.7,57.9
1604459366,72.0,80.0,87.0,86.0,17.7,57.9
1604459367,72.0,80.0,87.0,86.0,17.7,57.9
1604459368,72.0,79.0,86.0,86.0,17.7,57.9
1604459369,73.0,78.0,86.0,86.0,17.7,57.9
1604459370,73.0,78.0,85.0,86.0,17.6,57.9
1604459371,72.88888888888889,77.88888888888889,85.0,86.0,17.6,57.9
1604459372,72.77777777777777,77.77777777777777,85.0,86.0,17.6,57.9
1604459373,72.66666666666667,77.66666666666667,85.0,86.0,17.6,57.9
1604459374,72.55555555555556,77.55555555555556,85.0,86.0,17.6,57.9
1604459375,72.44444444444444,77.44444444444444,85.0,86.0,17.6,57.9
1604459376,72.33333333333333,77.33333333333333,85.0,86.0,17.6,57.9
1604459377,72.22222222222223,77.22222222222223,85.0,86.0,17.6,57.9
1604459378,72.11111111111111,77.11111111111111,85.0,86.0,17.6,57.9
1604459379,72.0,77.0,85.0,86.0,17.6,57.9
1604459380,72.0,77.0,85.0,86.0,17.6,57.9
1604459381,72.0,77.0,85.0,86.0,17.6,57.9
1604459382,72.0,77.0,85.0,85.0,17.6,57.9
1604459383,72.0,76.0,85.0,85.0,17.7,58.0
1604459384,73.0,77.0,85.0,84.0,17.7,58.0
1604459385,73.0,77.0,85.0,84.0,17.7,58.0
1604459386,74.0,78.0,85.0,83.0,17.7,58.0
1604459387,74.0,78.0,85.0,83.0,17.7,58.0
1604459388,75.0,79.0,85.0,83.0,17.6,57.9
1604459389,75.0,79.0,85.0,82.0,17.6,57.9
1604459390,75.0,79.0,85.0,82.0,17.6,57.9
1604459391,75.0,80.0,85.0,82.0,17.6,57.9
1604459392,75.0,81.0,85.0,82.0,17.6,57.9
1604459393,75.0,81.0,85.0,82.0,17.7,58.0
1604459394,75.0,81.0,85.0,83.0,17.7,58.0
1604459395,75.0,81.0,86.0,83.0,17.7,58.0
1604459396,74.0,81.0,86.0,83.0,17.7,58.0
1604459397,74.0,81.0,86.0,84.0,17.7,58.0
1604459398,74.0,80.0,86.0,84.0,17.7,58.0
1604459399,74.0,80.0,86.0,84.0,17.7,58.0
1604459400,74.0,80.0,86.0,85.0,17.7,58.0
1604459401,74.0,79.0,86.0,85.0,17.7,58.0
1604459402,74.0,79.0,86.0,85.0,17.7,58.0
1604459403,74.0,78.0,86.0,85.0,17.6,57.9
1604459404,74.0,78.0,86.0,85.0,17.6,57.9
1604459405,73.0,78.0,86.0,85.0,17.6,57.9
1604459406,73.0,78.0,86.0,85.0,17.6,57.9
1604459407,73.0,77.0,86.0,85.0,17.6,57.9
1604459408,72.0,78.0,86.0,85.0,17.7,58.0
1604459409,72.0,78.0,86.0,84.0,17.7,58.0
1604459410,71.0,77.0,85.0,84.0,17.7,58.0
1604459411,70.0,78.0,84.0,84.0,17.7,58.0
1604459412,69.0,78.0,84.0,84.0,17.7,58.0
1604459413,69.0,78.0,83.0,85.0,17.6,58.1
1604459414,69.0,79.0,83.0,85.0,17.6,58.1
1604459415,68.0,79.0,82.0,85.0,17.6,58.1
1604459416,68.0,79.0,82.0,85.0,17.6,58.1
1604459417,68.0,80.0,82.0,85.0,17.6,58.1
1604459418,68.0,80.0,82.0,85.0,17.6,57.9
1604459419,68.0,80.0,82.0,85.0,17.6,57.9
1604459420,68.0,80.0,82.0,85.0,17.6,57.9
1604459421,68.0,81.0,82.0,85.0,17.6,57.9
1604459422,68.0,81.0,83.0,85.0,17.6,57.9
1604459423,69.0,81.0,83.0,84.0,17.6,58.0
1604459424,69.0,81.0,84.0,84.0,17.6,58.0
1604459425,69.0,81.0,84.0,84.0,17.6,58.0
1604459426,69.5,81.0,84.0,84.0,17.6,58.0
1604459427,70.0,81.0,84.0,84.0,17.6,58.0
1604459428,70.0,81.0,84.0,84.0,17.6,58.0
1604459429,71.0,81.0,84.0,83.0,17.6,57.9
1604459430,72.0,81.0,84.0,83.0,17.6,57.9
1604459431,72.0,81.0,84.0,83.0,17.6,57.9
1604459432,73.0,81.0,83.0,83.0,17.6,57.9
1604459433,73.0,81.0,83.0,83.0,17.6,57.9
1604459434,73.0,81.0,83.0,83.0,17.6,57.9
1604459435,73.0,81.0,83.0,83.0,17.6,57.9
1604459436,74.0,81.0,83.0,83.0,17.6,57.9
1604459437,74.0,81.0,83.0,83.0,17.6,57.9
1604459438,74.0,81.0,83.0,82.0,17.6,57.9
1604459439,74.0,81.0,83.0,82.0,17.6,57.9
1604459440,74.0,81.0,83.0,82.0,17.6,57.9
1604459441,74.0,80.0,83.0,82.0,17.6,57.9
1604459442,74.0,80.0,84.0,82.0,17.6,57.9
1604459443,74.0,80.0,84.0,82.0,17.6,57.9
1604459444,74.0,80.0,84.0,83.0,17.6,57.9
1604459445,74.0,80.0,85.0,83.0,17.6,57.9
1604459446,74.0,80.0,85.0,83.0,17.6,57.9
1604459447,74.0,80.0,86.0,83.0,17.6,57.9
1604459448,74.0,80.0,86.0,83.0,17.6,57.9
1604459449,75.0,80.0,87.0,83.0,17.6,58.0
1604459450,75.0,80.0,88.0,84.0,17.6,58.0
1604459451,75.0,81.0,88.0,84.0,17.6,58.0
1604459452,75.0,81.0,88.0,84.0,17.6,58.0
1604459453,76.0,81.0,88.0,84.0,17.6,58.0
1604459454,76.0,82.0,88.0,84.0,17.6,57.9
1604459455,75.0,82.0,88.0,84.0,17.6,57.9
1604459456,75.0,82.0,87.0,84.0,17.6,57.9
1604459457,75.0,83.0,87.0,84.0,17.6,57.9
1604459458,75.0,83.0,86.0,84.0,17.6,57.9
1604459459,74.0,83.0,86.0,84.0,17.6,58.0
1604459460,74.0,83.0,86.0,84.0,17.6,58.0
1604459461,73.0,83.0,84.0,84.0,17.6,58.0
1604459462,73.0,82.0,84.0,84.0,17.6,58.0
1604459463,72.0,81.0,83.0,84.0,17.6,58.0
1604459464,72.0,81.0,83.0,84.0,17.5,57.9
1604459465,72.0,80.0,82.0,83.0,17.5,57.9
1604459466,72.0,79.0,82.0,83.0,17.5,57.9
1604459467,72.0,79.0,82.0,83.0,17.5,57.9
1604459468,72.0,78.0,82.0,83.0,17.5,57.9
1604459469,73.0,78.0,82.0,83.0,17.6,58.0
1604459470,73.0,77.0,82.0,83.0,17.6,58.0
1604459471,74.0,77.0,82.0,83.0,17.6,58.0
1604459472,74.0,77.0,82.0,83.0,17.6,58.0
1604459473,74.0,77.0,81.0,83.0,17.6,58.0
1604459474,74.0,77.0,81.0,83.0,17.5,57.9
1604459475,74.0,77.0,81.0,83.0,17.5,57.9
1604459476,74.0,78.0,81.0,83.0,17.5,57.9
1604459477,73.0,78.0,81.0,83.0,17.5,57.9
1604459478,73.0,78.0,81.0,83.0,17.5,57.9
1604459479,73.0,79.0,81.0,83.0,17.6,58.0
1604459480,72.0,79.0,81.0,83.0,17.6,58.0
1604459481,72.0,79.0,82.0,82.0,17.6,58.0
1604459482,72.0,79.0,82.0,82.0,17.6,58.0
1604459483,72.0,80.0,83.0,82.0,17.6,58.0
1604459484,72.0,80.0,83.0,82.0,17.6,58.0
1604459485,72.0,80.0,84.0,82.0,17.6,58.0
1604459486,72.0,80.0,84.0,82.0,17.6,58.0
1604459487,72.0,80.0,85.0,82.0,17.6,58.0
1604459488,72.0,80.0,85.0,82.0,17.6,58.0
1604459489,72.0,80.0,85.0,83.0,17.6,58.0
1604459490,72.0,80.0,85.0,83.0,17.6,58.0
1604459491,72.0,80.0,85.0,83.0,17.6,58.0
1604459492,73.0,80.0,85.0,83.0,17.6,58.0
1604459493,72.0,81.0,84.0,83.0,17.6,58.0
1604459494,72.0,81.0,84.0,83.0,17.6,58.1
1604459495,73.0,81.0,84.0,83.0,17.6,58.1
1604459496,73.0,81.0,83.0,84.0,17.6,58.1
1604459497,73.0,82.0,83.0,84.0,17.6,58.1
1604459498,73.0,82.0,82.0,83.0,17.6,58.1
1604459499,73.0,83.0,81.0,83.0,17.7,58.2
1604459500,73.0,83.0,81.0,83.0,17.7,58.2
1604459501,73.0,83.0,81.0,84.0,17.7,58.2
1604459502,73.0,83.0,80.0,84.0,17.7,58.2
1604459503,73.0,82.0,80.0,85.0,17.7,58.2
1604459504,73.0,82.0,80.0,85.0,17.6,58.0
1604459505,73.0,81.0,80.0,85.0,17.6,58.0
1604459506,73.0,81.0,80.0,86.0,17.6,58.0
1604459507,73.0,80.0,80.0,86.0,17.6,58.0
1604459508,72.0,80.0,81.0,86.0,17.6,58.0
1604459509,72.0,79.0,81.0,87.0,17.6,58.0
1604459510,72.0,79.0,81.0,87.0,17.6,58.0
1604459511,71.0,79.0,81.0,87.0,17.6,58.0
1604459512,71.0,79.0,81.0,86.0,17.6,58.0
1604459513,71.0,78.0,81.0,86.0,17.6,58.0
1604459514,71.0,78.0,80.0,86.0,17.6,58.0
1604459515,71.0,78.0,80.0,85.0,17.6,58.0
1604459516,71.0,78.0,79.0,84.0,17.6,58.0
1604459517,71.0,78.0,79.0,84.0,17.6,58.0
1604459518,71.0,78.0,79.0,83.0,17.6,58.0
1604459519,71.0,79.0,79.0,82.0,17.6,58.0
1604459520,71.0,79.0,79.0,82.0,17.6,58.0
1604459521,71.0,79.0,79.0,81.0,17.6,58.0
1604459522,71.0,79.0,79.0,81.0,17.6,58.0
1604459523,71.0,79.0,79.0,80.0,17.6,58.0
1604459524,70.0,79.0,79.0,81.0,17.6,58.0
1604459525,70.0,79.0,79.0,81.0,17.6,58.0
1604459526,70.0,79.0,79.0,81.0,17.6,58.0
1604459527,70.0,79.0,79.0,81.0,17.6,58.0
1604459528,69.0,79.0,79.0,81.0,17.6,58.0
1604459529,69.0,79.0,79.0,81.0,17.6,58.0
1604459530,69.0,79.0,79.0,81.0,17.6,58.0
1604459531,69.0,79.0,79.0,81.0,17.6,58.0
1604459532,69.0,79.0,80.0,81.0,17.6,58.0
1604459533,69.0,79.0,80.0,81.0,17.6,58.0
1604459534,70.0,79.0,80.0,81.0,17.6,58.0
1604459535,70.0,79.0,80.0,81.0,17.6,58.0
1604459536,71.0,79.0,80.0,81.0,17.6,58.0
1604459537,71.0,79.0,81.0,81.0,17.6,58.0
1604459538,72.0,78.0,82.0,81.0,17.6,58.0
1604459539,72.0,78.0,82.0,81.0,17.6,58.0
1604459540,72.0,78.0,83.0,82.0,17.6,58.0
1604459541,72.0,78.0,83.0,82.0,17.6,58.0
1604459542,72.0,78.0,83.0,82.0,17.6,58.0
1604459543,72.0,78.0,84.0,82.0,17.6,58.0
1604459544,72.0,78.0,84.0,83.0,17.6,58.0
1604459545,71.0,78.0,84.0,83.0,17.6,58.0
1604459546,71.0,78.0,83.0,83.0,17.6,58.0
1604459547,71.0,78.0,83.0,84.0,17.6,58.0
1604459548,71.0,78.0,83.0,84.0,17.6,58.0
1604459549,71.0,78.0,83.0,84.0,17.6,57.9
1604459550,72.0,78.0,82.0,84.0,17.6,57.9
1604459551,72.0,78.0,82.0,84.0,17.6,57.9
1604459552,73.0,78.0,81.0,85.0,17.6,57.9
1604459553,73.0,78.0,81.0,86.0,17.6,57.9
1604459554,73.0,78.0,80.0,86.0,17.6,57.9
1604459555,74.0,77.0,80.0,86.0,17.6,57.9
1604459556,75.0,77.0,80.0,86.0,17.6,57.9
1604459557,75.0,76.0,80.0,86.0,17.6,57.9
1604459558,75.0,76.0,80.0,86.0,17.6,57.9
1604459559,75.0,76.0,79.0,86.0,17.6,57.9
1604459560,75.0,76.0,79.0,86.0,17.6,57.9
1604459561,74.0,75.0,79.0,86.0,17.6,57.9
1604459562,74.0,75.0,79.0,86.0,17.6,57.9
1604459563,73.0,75.0,79.0,85.0,17.6,57.9
1604459564,73.0,75.0,79.0,85.0,17.6,57.9
1604459565,72.0,75.0,79.0,80.0,17.6,57.9
1604459566,72.0,75.0,79.0,80.0,17.6,57.9
1604459567,72.0,75.0,79.0,80.0,17.6,57.9
1604459568,72.0,75.0,79.0,81.0,17.6,57.9
1604459569,72.0,76.0,79.0,81.0,17.6,58.0
1604459570,72.0,76.0,79.0,81.0,17.6,58.0
1604459571,72.0,76.0,80.0,81.0,17.6,58.0
1604459572,72.0,76.0,81.0,82.0,17.6,58.0
1604459573,72.0,76.0,81.0,82.0,17.6,58.0
1604459574,72.0,76.0,82.0,82.0,17.7,58.1
1604459575,73.0,76.0,82.0,82.0,17.7,58.1
1604459576,73.0,76.0,82.0,82.0,17.7,58.1
1604459577,73.0,76.0,82.0,82.0,17.7,58.1
1604459578,72.0,77.0,82.0,82.0,17.7,58.1
1604459579,72.0,77.0,82.0,82.0,17.6,58.0
1604459580,71.88888888888889,77.0,82.0,82.0,17.6,58.0
1604459581,71.77777777777777,77.0,82.0,82.0,17.6,58.0
1604459582,71.66666666666667,77.0,82.0,82.0,17.6,58.0
1604459583,71.55555555555556,77.0,82.0,82.0,17.6,58.0
1604459584,71.44444444444444,77.0,82.0,82.0,17.6,58.0
1604459585,71.33333333333333,77.0,82.0,82.0,17.6,58.0
1604459586,71.22222222222223,77.0,82.0,82.0,17.6,58.0
1604459587,71.11111111111111,77.0,82.0,82.0,17.6,58.0
1604459588,71.0,77.0,82.0,82.0,17.6,58.0
1604459589,71.0,77.0,82.0,82.0,17.6,58.0
1604459590,71.0,78.0,81.0,83.0,17.6,58.0
1604459591,71.0,78.0,81.0,83.0,17.6,58.0
1604459592,72.0,79.0,81.0,83.0,17.7,58.3
1604459593,72.0,79.0,78.0,83.0,17.7,58.3
1604459594,72.0,79.0,78.0,83.0,17.7,58.3
1604459595,72.0,79.0,78.0,84.0,17.7,58.3
1604459596,72.0,79.0,78.0,84.0,17.7,58.3
1604459597,72.0,79.0,78.0,84.0,17.7,58.1
1604459598,72.0,79.0,78.0,84.0,17.7,58.1
1604459599,71.0,79.0,78.0,85.0,17.7,58.1
1604459600,71.0,79.0,78.0,85.0,17.7,58.1
1604459601,70.0,80.0,78.0,85.0,17.7,58.1
1604459602,70.0,80.0,79.0,85.0,17.7,58.1
1604459603,70.0,81.0,78.0,85.0,17.7,58.1
1604459604,69.0,81.0,79.0,86.0,17.7,58.1
1604459605,69.0,82.0,79.0,86.0,17.7,58.1
1604459606,69.0,82.0,79.0,86.0,17.7,58.1
1604459607,69.0,83.0,79.0,86.0,17.7,58.0
1604459608,69.0,84.0,79.0,86.0,17.7,58.0
1604459609,69.0,84.0,79.0,86.0,17.7,58.0
1604459610,69.0,84.0,79.0,85.0,17.7,58.0
1604459611,70.0,84.0,79.0,85.0,17.7,58.0
1604459612,70.0,84.0,79.0,85.0,17.7,57.9
1604459613,70.0,83.0,79.0,84.0,17.7,57.9
1604459614,70.0,83.0,79.0,84.0,17.7,57.9
1604459615,70.0,82.0,79.0,84.0,17.7,57.9
1604459616,70.0,81.0,79.0,84.0,17.7,57.9
1604459617,70.0,81.0,79.0,84.0,17.7,57.8
1604459618,71.0,80.0,79.0,85.0,17.7,57.8
1604459619,71.0,80.0,79.0,85.0,17.7,57.8
1604459620,71.0,79.0,79.0,85.0,17.7,57.8
1604459621,71.0,79.0,79.0,86.0,17.7,57.8
1604459622,71.0,79.0,79.0,86.0,17.7,57.7
1604459623,71.0,79.0,80.0,86.0,17.7,57.7
1604459624,71.0,79.0,80.0,86.0,17.7,57.7
1604459625,72.0,79.0,81.0,86.0,17.7,57.7
1604459626,72.0,79.0,81.0,86.0,17.7,57.7
1604459627,72.0,79.0,81.0,85.0,17.7,57.7
1604459628,72.0,79.0,81.0,85.0,17.7,57.7
1604459629,72.0,79.0,81.0,84.0,17.7,57.7
1604459630,72.0,79.0,81.0,84.0,17.7,57.7
1604459631,72.0,79.0,81.0,83.0,17.7,57.7
1604459632,72.0,80.0,82.0,82.0,17.7,57.7
1604459633,72.0,80.0,82.0,82.0,17.7,57.7
1604459634,72.0,80.0,82.0,82.0,17.7,57.7
1604459635,72.0,80.0,82.0,82.0,17.7,57.7
1604459636,72.0,80.0,82.0,82.0,17.7,57.7
1604459637,73.0,80.0,82.0,82.0,17.7,57.6
1604459638,73.0,81.0,82.0,83.0,17.7,57.6
1604459639,73.0,81.0,81.0,83.0,17.7,57.6
1604459640,74.0,81.0,81.0,83.0,17.7,57.6
1604459641,74.0,81.0,81.0,84.0,17.7,57.6
1604459642,75.0,81.0,80.0,85.0,17.7,57.6
1604459643,75.0,81.0,80.0,85.0,17.7,57.6
1604459644,75.0,82.0,80.0,85.0,17.7,57.6
1604459645,74.0,82.0,79.0,86.0,17.7,57.6
1604459646,74.0,82.0,79.0,86.0,17.7,57.6
1604459647,74.0,82.0,79.0,86.0,17.7,57.6
1604459648,74.0,83.0,78.0,86.0,17.7,57.6
1604459649,74.0,83.0,78.0,86.0,17.7,57.6
1604459650,73.0,83.0,79.0,86.0,17.7,57.6
1604459651,72.0,83.0,79.0,86.0,17.7,57.6
1604459652,72.0,83.0,79.0,87.0,17.8,57.7
1604459653,72.0,82.0,79.0,87.0,17.8,57.7
1604459654,72.0,82.0,80.0,86.0,17.8,57.7
1604459655,72.0,81.0,80.0,86.0,17.8,57.7
1604459656,72.0,80.0,81.0,86.0,17.8,57.7
1604459657,72.0,80.0,81.0,86.0,17.7,57.6
1604459658,72.0,79.0,81.0,86.0,17.7,57.6
1604459659,72.0,79.0,81.0,86.0,17.7,57.6
1604459660,72.0,79.0,81.0,86.0,17.7,57.6
1604459661,72.0,78.0,81.0,85.0,17.7,57.6
1604459662,72.0,78.0,81.0,85.0,17.7,57.6
1604459663,71.0,78.0,81.0,85.0,17.7,57.6
1604459664,71.0,78.0,81.0,85.0,17.7,57.6
1604459665,69.0,78.0,82.0,85.0,17.7,57.6
1604459666,68.0,78.0,82.0,85.0,17.7,57.6
1604459667,68.0,78.0,82.0,85.0,17.8,57.7
1604459668,67.0,78.0,82.0,85.0,17.8,57.7
1604459669,66.0,78.0,82.0,85.0,17.8,57.7
1604459670,66.0,79.0,83.0,85.0,17.8,57.7
1604459671,66.0,79.0,83.0,85.0,17.8,57.7
1604459672,66.0,80.0,83.0,84.0,17.7,57.7
1604459673,66.0,80.0,83.0,84.0,17.7,57.7
1604459674,66.0,80.0,83.0,83.0,17.7,57.7
1604459675,67.0,81.0,83.0,82.0,17.7,57.7
1604459676,67.0,81.0,82.0,82.0,17.7,57.7
1604459677,68.0,82.0,82.0,81.0,17.7,57.7
1604459678,69.0,82.0,81.0,81.0,17.7,57.7
1604459679,69.0,82.0,81.0,81.0,17.7,57.7
1604459680,71.0,82.0,80.0,81.0,17.7,57.7
1604459681,71.0,82.0,79.0,81.0,17.7,57.7
1604459682,72.0,82.0,79.0,81.0,17.7,57.8
1604459683,72.0,81.0,79.0,81.0,17.7,57.8
1604459684,73.0,81.0,79.0,81.0,17.7,57.8
1604459685,73.0,80.0,80.0,81.0,17.7,57.8
1604459686,73.0,80.0,80.0,81.0,17.7,57.8
1604459687,72.0,79.0,80.0,81.0,17.7,57.8
1604459688,72.0,79.0,81.0,81.0,17.7,57.8
1604459689,71.0,79.0,81.0,81.0,17.7,57.8
1604459690,71.0,79.0,81.0,81.0,17.7,57.8
1604459691,71.0,79.0,81.0,81.0,17.7,57.8
1604459692,70.0,79.0,81.0,82.0,17.8,57.9
1604459693,70.0,79.0,81.0,82.0,17.8,57.9
1604459694,71.0,79.0,81.0,82.0,17.8,57.9
1604459695,71.0,79.0,81.0,82.0,17.8,57.9
1604459696,71.0,79.0,80.0,82.0,17.8,57.9
1604459697,71.0,79.0,80.0,82.0,17.7,57.8
1604459698,72.0,79.0,80.0,83.0,17.7,57.8
1604459699,72.0,79.0,80.0,83.0,17.7,57.8
1604459700,72.0,79.0,80.0,84.0,17.7,57.8
1604459701,73.0,79.0,80.0,84.0,17.7,57.8
1604459702,73.0,79.0,80.0,84.0,17.7,57.8
1604459703,73.0,79.0,80.0,84.0,17.7,57.8
1604459704,72.0,79.0,80.0,84.0,17.7,57.8
1604459705,72.0,79.0,80.0,84.0,17.7,57.8
1604459706,71.0,79.0,80.0,84.0,17.7,57.8
1604459707,71.0,79.0,80.0,84.0,17.8,57.9
1604459708,71.0,79.0,80.0,84.0,17.8,57.9
1604459709,70.0,79.0,79.0,84.0,17.8,57.9
1604459710,69.0,80.0,79.0,84.0,17.8,57.9
1604459711,69.0,80.0,80.0,84.0,17.8,57.9
1604459712,68.0,79.0,80.0,83.0,17.7,57.8
1604459713,68.0,79.0,80.0,83.0,17.7,57.8
1604459714,67.0,79.0,80.0,83.0,17.7,57.8
1604459715,67.0,79.0,81.0,83.0,17.7,57.8
1604459716,67.0,79.0,81.0,83.0,17.7,57.8
1604459717,66.0,79.0,82.0,83.0,17.7,57.8
1604459718,66.0,80.0,82.0,83.0,17.7,57.8
1604459719,66.0,80.0,83.0,83.0,17.7,57.8
1604459720,66.0,80.0,83.0,83.0,17.7,57.8
1604459721,66.0,80.0,83.0,83.0,17.7,57.8
1604459722,66.0,81.0,83.0,83.0,17.8,57.9
1604459723,67.0,81.0,83.0,83.0,17.8,57.9
1604459724,67.0,81.0,83.0,83.0,17.8,57.9
1604459725,68.0,80.0,83.0,83.0,17.8,57.9
1604459726,68.0,80.0,82.0,83.0,17.8,57.9
1604459727,69.0,80.0,82.0,83.0,17.8,57.8
1604459728,69.0,80.0,82.0,83.0,17.8,57.8
1604459729,71.0,79.0,82.0,84.0,17.8,57.8
1604459730,72.0,79.0,81.0,84.0,17.8,57.8
1604459731,72.0,78.0,81.0,85.0,17.8,57.8
1604459732,73.0,78.0,81.0,85.0,17.8,57.8
1604459733,73.0,77.0,81.0,85.0,17.8,57.8
1604459734,73.0,77.0,80.0,86.0,17.8,57.8
1604459735,73.0,76.0,80.0,86.0,17.8,57.8
1604459736,73.0,76.0,80.0,86.0,17.8,57.8
1604459737,74.0,76.0,81.0,86.0,17.7,57.7
1604459738,73.0,76.0,80.0,86.0,17.7,57.7
1604459739,73.0,76.0,81.0,86.0,17.7,57.7
1604459740,73.0,76.0,80.0,85.0,17.7,57.7
1604459741,73.0,77.0,80.0,85.0,17.7,57.7
1604459742,73.0,77.0,80.0,85.0,17.7,57.7
1604459743,72.0,78.0,79.0,84.0,17.7,57.7
1604459744,72.0,78.0,79.0,84.0,17.7,57.7
1604459745,72.0,79.0,79.0,84.0,17.7,57.7
1604459746,72.0,79.0,78.0,84.0,17.7,57.7
1604459747,72.0,80.0,77.0,84.0,17.8,57.7
1604459748,72.0,80.0,77.0,84.0,17.8,57.7
1604459749,71.0,80.0,76.0,84.0,17.8,57.7
1604459750,71.0,81.0,76.0,85.0,17.8,57.7
1604459751,71.0,81.0,76.0,85.0,17.8,57.7
1604459752,71.0,80.0,76.0,85.0,17.7,57.6
1604459753,71.0,80.0,76.0,85.0,17.7,57.6
1604459754,71.0,80.0,76.0,86.0,17.7,57.6
1604459755,71.0,79.0,77.0,86.0,17.7,57.6
1604459756,71.0,79.0,77.0,86.0,17.7,57.6
1604459757,70.0,78.0,77.0,86.0,17.7,57.6
1604459758,70.0,77.0,78.0,86.0,17.7,57.6
1604459759,69.0,77.0,79.0,86.0,17.7,57.6
1604459760,69.0,76.0,79.0,86.0,17.7,57.6
1604459761,69.0,76.0,80.0,86.0,17.7,57.6
1604459762,68.0,76.0,80.0,86.0,17.7,57.6
1604459763,67.0,76.0,80.0,86.0,17.7,57.6
1604459764,66.0,77.0,81.0,86.0,17.7,57.6
1604459765,66.0,77.0,81.0,86.0,17.7,57.6
1604459766,66.0,78.0,81.0,86.0,17.7,57.6
1604459767,66.0,78.0,81.0,86.0,17.7,57.6
1604459768,66.0,79.0,82.0,86.0,17.7,57.6
1604459769,66.0,79.0,82.0,87.0,17.7,57.6
1604459770,66.0,80.0,82.0,87.0,17.7,57.6
1604459771,67.0,80.0,83.0,87.0,17.7,57.6
1604459772,67.0,80.0,83.0,87.0,17.7,57.6
1604459773,68.0,80.0,83.0,87.0,17.7,57.6
1604459774,68.0,81.0,83.0,86.0,17.7,57.6
1604459775,69.0,81.0,83.0,86.0,17.7,57.6
1604459776,69.0,81.0,83.0,86.0,17.7,57.6
1604459777,69.0,81.0,83.0,86.0,17.7,57.5
1604459778,69.0,81.0,82.0,85.0,17.7,57.5
1604459779,69.0,81.0,82.0,85.0,17.7,57.5
1604459780,70.0,81.0,81.0,85.0,17.7,57.5
1604459781,70.0,82.0,80.0,85.0,17.7,57.5
1604459782,71.0,82.0,80.0,86.0,17.8,57.6
1604459783,72.0,82.0,79.0,86.0,17.8,57.6
1604459784,72.0,83.0,79.0,87.0,17.8,57.6
1604459785,72.0,83.0,79.0,87.0,17.8,57.6
1604459786,72.0,83.0,79.0,88.0,17.8,57.6
1604459787,72.0,76.0,78.0,89.0,17.7,57.5
1604459788,71.55555555555556,76.0,78.0,89.11111111111111,17.7,57.5
1604459789,71.11111111111111,76.0,78.0,89.22222222222223,17.7,57.5
1604459790,70.66666666666667,76.0,78.0,89.33333333333333,17.7,57.5
1604459791,70.22222222222223,76.0,78.0,89.44444444444444,17.7,57.5
1604459792,69.77777777777777,76.0,78.0,89.55555555555556,17.7,57.5
1604459793,69.33333333333333,76.0,78.0,89.66666666666667,17.7,57.5
1604459794,68.88888888888889,76.0,78.0,89.77777777777777,17.7,57.5
1604459795,68.44444444444444,76.0,78.0,89.88888888888889,17.7,57.5
1604459796,68.0,76.0,78.0,90.0,17.7,57.5
1604459797,68.0,76.0,78.0,90.0,17.7,57.5
1604459798,68.0,76.0,79.0,91.0,17.7,57.5
1604459799,69.0,76.0,79.0,91.0,17.7,57.5
1604459800,69.0,76.0,79.0,91.0,17.7,57.5
1604459801,69.0,76.0,80.0,91.0,17.7,57.5
1604459802,69.0,76.0,80.0,90.0,17.7,57.5
1604459803,70.0,77.0,80.0,90.0,17.7,57.5
1604459804,70.0,77.0,82.0,89.0,17.7,57.5
1604459805,70.0,77.0,82.0,88.0,17.8,57.6
1604459806,70.0,78.0,83.0,87.0,17.8,57.6
1604459807,70.0,78.0,83.0,86.0,17.8,57.6
1604459808,69.0,78.0,84.0,85.0,17.8,57.6
1604459809,69.0,78.0,84.0,84.0,17.8,57.6
1604459810,69.0,78.0,84.0,84.0,17.7,57.5
1604459811,69.0,78.0,84.0,83.0,17.7,57.5
1604459812,69.0,78.0,83.0,83.0,17.7,57.5
1604459813,68.0,78.0,83.0,82.0,17.7,57.5
1604459814,68.0,78.0,81.0,82.0,17.7,57.5
1604459815,67.0,78.0,80.0,85.0,17.7,57.5
1604459816,67.0,78.0,80.0,86.0,17.7,57.5
1604459817,67.0,78.0,79.0,86.0,17.7,57.5
1604459818,67.0,78.0,79.0,86.0,17.7,57.5
1604459819,67.0,78.0,78.0,86.0,17.7,57.5
1604459820,67.0,78.0,78.0,86.0,17.7,57.5
1604459821,67.0,78.0,79.0,86.0,17.7,57.5
1604459822,68.0,79.0,79.0,86.0,17.7,57.5
1604459823,69.0,79.0,80.0,86.0,17.7,57.5
1604459824,69.0,79.0,80.0,86.0,17.7,57.5
1604459825,69.0,79.0,81.0,86.0,17.7,57.5
1604459826,69.0,79.0,81.0,86.0,17.7,57.5
1604459827,69.0,79.0,81.0,86.0,17.7,57.5
1604459828,69.0,79.0,82.0,86.0,17.7,57.5
1604459829,70.0,79.0,83.0,86.0,17.7,57.5
1604459830,70.0,79.0,83.0,86.0,17.7,57.4
1604459831,70.0,79.0,83.0,86.0,17.7,57.4
1604459832,70.0,79.0,83.0,87.0,17.7,57.4
1604459833,70.0,79.0,83.0,87.0,17.7,57.4
1604459834,70.0,79.0,83.0,87.0,17.7,57.4
1604459835,71.0,79.0,83.0,87.0,17.7,57.4
1604459836,71.0,78.0,84.0,87.0,17.7,57.4
1604459837,71.0,78.0,84.0,87.0,17.7,57.4
1604459838,72.0,78.0,84.0,87.0,17.7,57.4
1604459839,72.0,77.0,84.0,87.0,17.7,57.4
1604459840,72.0,76.0,84.0,87.0,17.7,57.3
1604459841,71.0,76.0,84.0,87.0,17.7,57.3
1604459842,71.0,75.0,84.0,86.0,17.7,57.3
1604459843,72.0,75.0,81.0,86.0,17.7,57.3
1604459844,71.0,74.0,80.0,86.0,17.7,57.3
1604459845,71.0,74.0,80.0,86.0,17.7,57.6
1604459846,71.0,74.0,80.0,85.0,17.7,57.6
1604459847,71.0,74.0,80.0,85.0,17.7,57.6
1604459848,71.0,75.0,80.0,84.0,17.7,57.6
1604459849,71.0,75.0,80.0,84.0,17.7,57.6
1604459850,71.0,76.0,80.0,83.0,17.7,57.4
1604459851,71.0,76.0,80.0,83.0,17.7,57.4
1604459852,71.0,77.0,81.0,82.0,17.7,57.4
1604459853,71.0,77.0,81.0,82.0,17.7,57.4
1604459854,71.0,77.0,81.0,81.0,17.7,57.4
1604459855,71.0,77.0,82.0,81.0,17.7,57.4
1604459856,72.0,77.0,82.0,81.0,17.7,57.4
1604459857,72.0,77.0,82.0,82.0,17.7,57.4
1604459858,72.0,77.0,82.0,82.0,17.7,57.4
1604459859,72.0,76.0,83.0,82.0,17.7,57.4
1604459860,72.0,76.0,83.0,83.0,17.7,57.4
1604459861,72.0,76.0,83.0,83.0,17.7,57.4
1604459862,72.0,76.0,83.0,84.0,17.7,57.4
1604459863,72.0,76.0,84.0,85.0,17.7,57.4
1604459864,71.0,77.0,84.0,85.0,17.7,57.4
1604459865,71.0,77.0,84.0,86.0,17.7,57.4
1604459866,71.0,77.0,85.0,86.0,17.7,57.4
1604459867,70.0,78.0,85.0,87.0,17.7,57.4
1604459868,70.0,78.0,85.0,87.0,17.7,57.4
1604459869,70.0,79.0,85.0,87.0,17.7,57.4
1604459870,70.0,79.0,85.0,87.0,17.7,57.5
1604459871,70.0,79.0,85.0,87.0,17.7,57.5
1604459872,70.0,79.0,85.0,87.0,17.7,57.5
1604459873,70.0,79.0,85.0,87.0,17.7,57.5
1604459874,70.0,79.0,84.0,87.0,17.7,57.5
1604459875,70.0,79.0,84.0,86.0,17.7,57.4
1604459876,71.0,79.0,84.0,86.0,17.7,57.4
1604459877,71.0,78.0,83.0,86.0,17.7,57.4
1604459878,71.0,78.0,83.0,86.0,17.7,57.4
1604459879,71.0,78.0,83.0,85.0,17.7,57.4
1604459880,71.0,78.0,83.0,85.0,17.7,57.5
1604459881,71.0,77.0,82.0,85.0,17.7,57.5
1604459882,71.0,77.0,82.0,85.0,17.7,57.5
1604459883,71.0,77.0,82.0,85.0,17.7,57.5
1604459884,70.0,77.0,81.0,84.0,17.7,57.5
1604459885,70.0,77.0,81.0,85.0,17.7,57.5
1604459886,70.0,77.0,80.0,85.0,17.7,57.5
1604459887,70.0,77.0,80.0,84.0,17.7,57.5
1604459888,70.0,77.0,80.0,84.0,17.7,57.5
1604459889,70.0,76.0,79.0,84.0,17.7,57.5
1604459890,70.0,76.0,79.0,84.0,17.7,57.6
1604459891,70.0,76.0,79.0,84.0,17.7,57.6
1604459892,70.0,76.0,79.0,84.0,17.7,57.6
1604459893,71.0,75.0,79.0,84.0,17.7,57.6
1604459894,71.0,75.0,80.0,84.0,17.7,57.6
1604459895,72.0,75.0,80.0,83.0,17.6,57.5
1604459896,72.0,74.0,80.0,83.0,17.6,57.5
1604459897,72.0,74.0,80.0,82.0,17.6,57.5
1604459898,73.0,74.0,80.0,82.0,17.6,57.5
1604459899,73.0,75.0,80.0,82.0,17.6,57.5
1604459900,73.0,75.0,80.0,82.0,17.7,57.5
1604459901,73.0,76.0,81.0,82.0,17.7,57.5
1604459902,73.0,76.0,81.0,82.0,17.7,57.5
1604459903,73.0,77.0,81.0,82.0,17.7,57.5
1604459904,73.0,78.0,81.0,82.0,17.7,57.5
1604459905,73.0,79.0,81.0,83.0,17.7,57.5
1604459906,73.0,80.0,81.0,83.0,17.7,57.5
1604459907,72.0,80.0,82.0,83.0,17.7,57.5
1604459908,72.0,80.0,82.0,84.0,17.7,57.5
1604459909,72.0,80.0,82.0,84.0,17.7,57.5
1604459910,72.0,80.0,82.0,84.0,17.7,57.6
1604459911,71.0,80.0,82.0,84.0,17.7,57.6
1604459912,71.0,80.0,82.0,84.0,17.7,57.6
1604459913,71.0,79.0,82.0,84.0,17.7,57.6
1604459914,71.0,79.0,82.0,84.0,17.7,57.6
1604459915,71.0,79.0,82.0,84.0,17.7,57.6
1604459916,71.0,78.0,81.0,84.0,17.7,57.6
1604459917,72.0,78.0,81.0,85.0,17.7,57.6
1604459918,72.0,78.0,81.0,85.0,17.7,57.6
1604459919,72.0,78.0,81.0,85.0,17.7,57.6
1604459920,73.0,78.0,82.0,86.0,17.7,57.6
1604459921,73.0,79.0,82.0,86.0,17.7,57.6
1604459922,73.0,79.0,81.0,87.0,17.7,57.6
1604459923,74.0,79.0,81.0,87.0,17.7,57.6
1604459924,74.0,79.0,80.0,88.0,17.7,57.6
1604459925,74.0,79.0,80.0,88.0,17.7,57.6
1604459926,74.0,78.0,80.0,88.0,17.7,57.6
1604459927,73.0,78.0,80.0,88.0,17.7,57.6
1604459928,74.0,78.0,79.0,88.0,17.7,57.6
1604459929,74.0,78.0,79.0,88.0,17.7,57.6
1604459930,74.0,78.0,79.0,87.0,17.7,57.7
1604459931,74.0,78.0,79.0,87.0,17.7,57.7
1604459932,74.0,78.0,79.0,87.0,17.7,57.7
1604459933,74.0,78.0,80.0,87.0,17.7,57.7
1604459934,73.0,78.0,80.0,87.0,17.7,57.7
1604459935,73.0,79.0,80.0,87.0,17.7,57.7
1604459936,73.0,79.0,80.0,87.0,17.7,57.7
1604459937,73.0,79.0,81.0,87.0,17.7,57.7
1604459938,72.0,79.0,82.0,88.0,17.7,57.7
1604459939,72.0,78.0,82.0,88.0,17.7,57.7
1604459940,71.0,78.0,82.0,88.0,17.7,57.7
1604459941,71.0,78.0,82.0,88.0,17.7,57.7
1604459942,71.0,77.0,81.0,88.0,17.7,57.7
1604459943,71.0,76.0,81.0,87.0,17.7,57.7
1604459944,71.0,76.0,81.0,87.0,17.7,57.7
1604459945,71.0,75.0,81.0,87.0,17.7,57.7
1604459946,71.0,75.0,80.0,86.0,17.7,57.7
1604459947,70.0,75.0,80.0,86.0,17.7,57.7
1604459948,70.0,75.0,80.0,85.0,17.7,57.7
1604459949,70.0,75.0,80.0,85.0,17.7,57.7
1604459950,70.0,75.0,80.0,85.0,17.7,57.7
1604459951,70.0,75.0,80.0,84.0,17.7,57.7
1604459952,70.0,75.0,80.0,84.0,17.7,57.7
1604459953,70.0,76.0,80.0,84.0,17.7,57.7
1604459954,69.0,76.0,80.0,84.0,17.7,57.7
1604459955,69.0,76.0,80.0,84.0,17.7,57.8
1604459956,69.0,76.0,80.0,84.0,17.7,57.8
1604459957,69.0,77.0,80.0,85.0,17.7,57.8
1604459958,69.0,77.0,80.0,84.0,17.7,57.8
1604459959,69.0,78.0,79.0,84.0,17.7,57.8
1604459960,70.0,78.0,80.0,85.0,17.7,57.7
1604459961,70.0,79.0,80.0,85.0,17.7,57.7
1604459962,70.0,79.0,80.0,84.0,17.7,57.7
1604459963,70.0,80.0,81.0,85.0,17.7,57.7
1604459964,70.0,80.0,81.0,85.0,17.7,57.7
1604459965,70.0,81.0,81.0,85.0,17.6,57.7
1604459966,70.0,81.0,82.0,85.0,17.6,57.7
1604459967,69.0,81.0,83.0,84.0,17.6,57.7
1604459968,69.0,81.0,83.0,84.0,17.6,57.7
1604459969,69.0,82.0,84.0,84.0,17.6,57.7
1604459970,69.0,82.0,84.0,84.0,17.6,57.8
1604459971,69.0,81.0,84.0,84.0,17.6,57.8
1604459972,69.0,79.0,85.0,84.0,17.6,57.8
1604459973,69.0,79.0,85.0,84.0,17.6,57.8
1604459974,69.0,79.0,85.0,84.0,17.6,57.8
1604459975,69.0,79.0,85.0,85.0,17.6,57.8
1604459976,70.0,78.0,85.0,85.0,17.6,57.8
1604459977,70.0,78.0,84.0,86.0,17.6,57.8
1604459978,70.0,78.0,84.0,86.0,17.6,57.8
1604459979,70.0,78.0,84.0,86.0,17.6,57.8
1604459980,70.0,78.0,83.0,87.0,17.6,57.8
1604459981,70.0,78.0,83.0,87.0,17.6,57.8
1604459982,70.0,78.0,82.0,87.0,17.6,57.8
1604459983,70.0,79.0,82.0,87.0,17.6,57.8
1604459984,70.0,79.0,81.0,87.0,17.6,57.8
1604459985,70.0,80.0,81.0,86.0,17.7,57.8
1604459986,70.0,80.0,81.0,86.0,17.7,57.8
1604459987,70.0,80.0,81.0,86.0,17.7,57.8
1604459988,70.0,80.0,80.0,85.0,17.7,57.8
1604459989,70.0,80.0,80.0,85.0,17.7,57.8
1604459990,70.0,80.0,80.0,85.0,17.6,57.8
1604459991,70.0,80.0,80.0,85.0,17.6,57.8
1604459992,70.0,80.0,80.0,85.0,17.6,57.8
1604459993,70.0,80.0,80.0,85.0,17.6,57.8
1604459994,69.0,79.0,80.0,85.0,17.6,57.8
1604459995,69.0,79.0,80.0,84.0,17.6,57.8
1604459996,69.0,79.0,80.0,83.0,17.6,57.8
1604459997,69.0,79.0,80.0,83.0,17.6,57.8
1604459998,69.125,79.0,80.125,82.875,17.6,57.8
1604459999,69.25,79.0,80.25,82.75,17.6,57.8
1604460000,69.375,79.0,80.375,82.625,17.6,57.8
1604460001,69.5,79.0,80.5,82.5,17.6,57.8
1604460002,69.625,79.0,80.625,82.375,17.6,57.8
1604460003,69.75,79.0,80.75,82.25,17.6,57.8
1604460004,69.875,79.0,80.875,82.125,17.6,57.8
1604460005,70.0,79.0,81.0,82.0,17.6,57.8
1604460006,69.0,79.0,81.0,82.0,17.6,57.8
1604460007,69.0,78.0,82.0,82.0,17.7,57.8
1604460008,69.0,78.0,82.0,81.0,17.7,57.8
1604460009,69.0,78.0,83.0,81.0,17.7,57.8
1604460010,69.0,78.0,83.0,81.0,17.7,57.8
1604460011,69.0,78.0,84.0,81.0,17.7,57.8
1604460012,68.0,79.0,84.0,81.0,17.6,57.6
1604460013,68.0,79.0,84.0,81.0,17.6,57.6
1604460014,69.0,78.0,84.0,81.0,17.6,57.6
1604460015,69.0,78.0,84.0,82.0,17.6,57.6
1604460016,69.0,78.0,84.0,82.0,17.6,57.6
1604460017,69.0,78.0,84.0,82.0,17.6,57.6
1604460018,69.0,78.0,84.0,82.0,17.6,57.6
1604460019,69.0,78.0,84.0,83.0,17.6,57.6
1604460020,69.0,78.0,84.0,83.0,17.6,57.6
1604460021,70.0,77.0,84.0,83.0,17.6,57.6
1604460022,70.0,77.0,84.0,83.0,17.6,57.6
1604460023,70.0,75.0,84.0,84.0,17.6,57.6
1604460024,70.0,75.0,85.0,84.0,17.6,57.6
1604460025,70.0,74.0,85.0,84.0,17.6,57.6
1604460026,70.0,74.0,85.0,84.0,17.6,57.6
1604460027,70.0,74.0,85.0,85.0,17.6,57.6
1604460028,71.0,75.0,85.0,85.0,17.6,57.6
1604460029,71.0,75.0,85.0,85.0,17.6,57.6
1604460030,71.0,75.0,85.0,85.0,17.6,57.6
1604460031,71.0,76.0,85.0,85.0,17.6,57.6
1604460032,71.0,76.0,84.0,84.0,17.6,57.7
1604460033,71.0,76.0,84.0,84.0,17.6,57.7
1604460034,72.0,76.0,84.0,83.0,17.6,57.7
1604460035,72.0,77.0,83.0,83.0,17.6,57.7
1604460036,72.0,77.0,83.0,83.0,17.6,57.7
1604460037,73.0,77.0,82.0,83.0,17.6,57.7
1604460038,73.0,77.0,82.0,83.0,17.6,57.7
1604460039,73.0,77.0,82.0,83.0,17.6,57.7
1604460040,73.0,77.0,81.0,83.0,17.6,57.7
1604460041,72.0,77.0,81.0,84.0,17.6,57.7
1604460042,72.0,77.0,81.0,84.0,17.6,57.7
1604460043,71.0,78.0,82.0,84.0,17.6,57.7
1604460044,71.0,78.0,82.0,84.0,17.6,57.7
1604460045,71.0,78.0,82.0,84.0,17.6,57.7
1604460046,71.0,78.0,83.0,83.0,17.6,57.7
1604460047,70.0,78.0,83.0,83.0,17.6,57.7
1604460048,69.0,78.0,83.0,82.0,17.6,57.7
1604460049,69.0,78.0,84.0,82.0,17.6,57.7
1604460050,69.0,78.0,83.0,81.0,17.6,57.7
1604460051,69.0,78.0,83.0,80.0,17.6,57.7
1604460052,69.0,77.0,83.0,80.0,17.6,57.7
1604460053,68.0,77.0,82.0,80.0,17.6,57.7
1604460054,68.0,77.0,82.0,80.0,17.6,57.7
1604460055,68.0,76.0,82.0,80.0,17.6,57.7
1604460056,68.0,76.0,81.0,81.0,17.6,57.7
1604460057,69.0,76.0,80.0,81.0,17.6,57.8
1604460058,69.0,76.0,80.0,82.0,17.6,57.8
1604460059,69.0,76.0,80.0,83.0,17.6,57.8
1604460060,69.0,77.0,80.0,84.0,17.6,57.8
1604460061,69.0,77.0,80.0,84.0,17.6,57.8
1604460062,69.0,77.0,81.0,84.0,17.6,57.8
1604460063,70.0,78.0,80.0,84.0,17.6,57.8
1604460064,70.0,78.0,80.0,84.0,17.6,57.8
1604460065,70.0,78.0,80.0,84.0,17.6,57.8
1604460066,70.0,79.0,80.0,85.0,17.6,57.8
1604460067,71.0,79.0,79.0,85.0,17.6,57.8
1604460068,71.0,79.0,79.0,85.0,17.6,57.8
1604460069,71.0,78.0,78.0,85.0,17.6,57.8
1604460070,71.0,78.0,77.0,85.0,17.6,57.8
1604460071,72.0,78.0,77.0,86.0,17.6,57.8
1604460072,72.0,77.0,77.0,86.0,17.6,57.8
1604460073,72.0,77.0,77.0,86.0,17.6,57.8
1604460074,72.0,77.0,77.0,86.0,17.6,57.8
1604460075,72.0,76.0,77.0,86.0,17.6,57.8
1604460076,72.0,76.0,78.0,86.0,17.6,57.8
1604460077,71.0,76.0,78.0,86.0,17.6,57.8
1604460078,71.0,76.0,79.0,86.0,17.6,57.8
1604460079,70.0,76.0,79.0,86.0,17.6,57.8
1604460080,70.0,76.0,80.0,86.0,17.6,57.8
1604460081,70.0,76.0,80.0,87.0,17.6,57.8
1604460082,70.0,76.0,80.0,86.0,17.6,57.9
1604460083,69.0,76.0,80.0,87.0,17.6,57.9
1604460084,70.0,76.0,80.0,87.0,17.6,57.9
1604460085,70.0,77.0,80.0,87.0,17.6,57.9
1604460086,70.0,77.0,80.0,87.0,17.6,57.9
1604460087,71.0,77.0,80.0,87.0,17.6,57.9
1604460088,71.0,78.0,80.0,87.0,17.6,57.9
1604460089,72.0,78.0,80.0,87.0,17.6,57.9
1604460090,72.0,78.0,80.0,87.0,17.6,57.9
1604460091,72.0,78.0,79.0,87.0,17.6,57.9
1604460092,73.0,78.0,79.0,87.0,17.6,57.9
1604460093,73.0,78.0,83.0,87.0,17.6,57.9
1604460094,73.0,78.0,83.0,87.0,17.6,57.9
1604460095,73.0,78.0,84.0,87.0,17.6,57.9
1604460096,74.0,78.0,84.0,87.0,17.6,57.9
1604460097,74.0,78.0,84.0,87.0,17.6,57.95
1604460098,74.0,78.0,84.0,87.0,17.6,58.0
1604460099,74.0,78.0,84.0,87.0,17.6,58.0
1604460100,74.0,78.0,85.0,88.0,17.6,58.0
1604460101,74.0,78.0,85.0,89.0,17.6,58.0
1604460102,74.0,78.0,85.0,89.0,17.6,58.0
1604460103,73.0,78.0,85.0,90.0,17.6,58.0
1604460104,73.0,78.0,84.0,90.0,17.6,58.0
1604460105,73.0,78.0,84.0,90.0,17.6,58.0
1604460106,73.0,78.0,83.0,91.0,17.6,58.0
1604460107,73.0,78.0,83.0,91.0,17.6,58.0
1604460108,72.0,78.0,83.0,91.0,17.5,57.9
1604460109,72.0,78.0,83.0,91.0,17.5,57.9
1604460110,72.0,77.0,83.0,91.0,17.5,57.9
1604460111,72.0,77.0,82.0,91.0,17.5,57.9
1604460112,72.0,77.0,82.0,91.0,17.5,57.9
1604460113,72.0,77.0,82.0,90.0,17.6,58.0
1604460114,72.0,77.0,82.0,90.0,17.6,58.0
1604460115,72.0,77.0,81.0,90.0,17.6,58.0
1604460116,72.0,77.0,81.0,90.0,17.6,58.0
1604460117,72.0,77.0,81.0,90.0,17.6,58.0
1604460118,73.0,78.0,81.0,90.0,17.6,58.0
1604460119,73.0,78.0,81.0,90.0,17.6,58.0
1604460120,73.0,79.0,81.0,89.0,17.6,58.0
1604460121,73.0,79.0,82.0,89.0,17.6,58.0
1604460122,73.0,79.0,82.0,89.0,17.6,58.0
1604460123,74.0,80.0,82.0,90.0,17.6,58.0
1604460124,74.0,80.0,83.0,90.0,17.6,58.0
1604460125,74.0,80.0,83.0,90.0,17.6,58.0
1604460126,74.0,80.0,84.0,90.0,17.6,58.0
1604460127,74.0,80.0,84.0,90.0,17.6,58.0
1604460128,74.0,81.0,84.0,90.0,17.5,58.0
1604460129,73.0,81.0,84.0,89.0,17.5,58.0
1604460130,73.0,81.0,84.0,89.0,17.5,58.0
1604460131,72.0,81.0,84.0,89.0,17.5,58.0
1604460132,72.0,81.0,84.0,88.0,17.5,58.0
1604460133,71.0,80.0,83.0,88.0,17.5,58.1
1604460134,70.0,80.0,83.0,88.0,17.5,58.1
1604460135,70.0,80.0,82.0,88.0,17.5,58.1
1604460136,69.0,80.0,82.0,87.0,17.5,58.1
1604460137,69.0,80.0,82.0,87.0,17.5,58.1
1604460138,69.0,80.0,82.0,86.0,17.5,58.1
1604460139,69.0,79.0,82.0,86.0,17.5,58.1
1604460140,69.0,79.0,81.0,86.0,17.5,58.1
1604460141,69.0,79.0,81.0,86.0,17.5,58.1
1604460142,69.0,79.0,80.0,85.0,17.5,58.1
1604460143,69.0,79.0,80.0,85.0,17.6,58.2
1604460144,69.0,79.0,80.0,85.0,17.6,58.2
1604460145,70.0,80.0,80.0,84.0,17.6,58.2
1604460146,70.0,80.0,80.0,84.0,17.6,58.2
1604460147,71.0,80.0,80.0,84.0,17.6,58.2
1604460148,71.0,80.0,80.0,84.0,17.5,58.1
1604460149,71.0,81.0,80.0,84.0,17.5,58.1
1604460150,71.0,81.0,81.0,84.0,17.5,58.1
1604460151,71.0,81.0,81.0,84.0,17.5,58.1
1604460152,71.0,81.0,81.0,84.0,17.5,58.1
1604460153,71.0,80.0,81.0,84.0,17.5,58.1
1604460154,71.0,80.0,82.0,85.0,17.5,58.1
1604460155,71.0,80.0,82.0,85.0,17.5,58.1
1604460156,71.0,79.0,83.0,85.0,17.5,58.1
1604460157,70.0,79.0,83.0,85.0,17.5,58.1
1604460158,70.0,78.0,83.0,85.0,17.6,58.2
1604460159,70.0,78.0,84.0,85.0,17.6,58.2
1604460160,70.0,77.0,84.0,85.0,17.6,58.2
1604460161,70.0,77.0,84.0,85.0,17.6,58.2
1604460162,70.0,77.0,84.0,85.0,17.6,58.2
1604460163,70.0,77.0,85.0,84.0,17.6,58.2
1604460164,70.0,77.0,86.0,84.0,17.6,58.2
1604460165,70.0,77.0,86.0,84.0,17.6,58.2
1604460166,70.0,77.0,86.0,84.0,17.6,58.2
1604460167,70.0,77.0,86.0,84.0,17.6,58.2
1604460168,70.0,77.0,87.0,84.0,17.5,58.1
1604460169,70.0,77.0,87.0,83.0,17.5,58.1
1604460170,71.0,77.0,87.0,83.0,17.5,58.1
1604460171,71.0,77.0,87.0,82.0,17.5,58.1
1604460172,71.0,78.0,86.0,82.0,17.5,58.1
1604460173,71.0,78.0,86.0,81.0,17.6,58.4
1604460174,71.0,78.0,85.0,81.0,17.6,58.4
1604460175,71.0,79.0,84.0,81.0,17.6,58.4
1604460176,71.0,79.0,84.0,80.0,17.6,58.4
1604460177,71.0,80.0,83.0,79.0,17.6,58.4
1604460178,71.0,80.0,83.0,79.0,17.6,58.2
1604460179,71.0,80.0,82.0,79.0,17.6,58.2
1604460180,72.0,81.0,82.0,79.0,17.6,58.2
1604460181,72.0,81.0,82.0,78.0,17.6,58.2
1604460182,72.0,81.0,82.0,78.0,17.6,58.2
1604460183,72.0,81.0,81.0,79.0,17.6,58.2
1604460184,72.0,81.0,81.0,79.0,17.6,58.2
1604460185,72.0,81.0,81.0,79.0,17.6,58.2
1604460186,72.0,81.0,81.0,79.0,17.6,58.2
1604460187,72.0,80.0,81.0,80.0,17.6,58.2
1604460188,72.0,80.0,80.0,80.0,17.6,58.2
1604460189,72.0,80.0,80.0,81.0,17.6,58.2
1604460190,72.0,79.0,80.0,81.0,17.6,58.2
1604460191,71.0,79.0,80.0,81.0,17.6,58.2
1604460192,71.0,79.0,80.0,81.0,17.6,58.2
1604460193,71.0,78.0,79.0,82.0,17.5,57.8
1604460194,71.0,78.0,79.0,82.0,17.5,57.8
1604460195,71.0,78.0,79.0,83.0,17.5,57.8
1604460196,71.0,79.0,79.0,83.0,17.5,57.8
1604460197,71.0,79.0,79.0,84.0,17.5,57.8
1604460198,70.0,79.0,79.0,83.0,17.6,58.3
1604460199,70.0,79.0,80.0,83.0,17.6,58.3
1604460200,70.0,79.0,80.0,83.0,17.6,58.3
1604460201,70.0,79.0,80.0,83.0,17.6,58.3
1604460202,70.0,80.0,80.0,83.0,17.6,58.3
1604460203,70.0,80.0,80.0,83.0,17.5,58.1
1604460204,70.0,81.0,80.0,83.0,17.5,58.1
1604460205,70.11111111111111,81.0,80.11111111111111,83.0,17.5,58.1
1604460206,70.22222222222223,81.0,80.22222222222223,83.0,17.5,58.1
1604460207,70.33333333333333,81.0,80.33333333333333,83.0,17.5,58.1
1604460208,70.44444444444444,81.0,80.44444444444444,83.0,17.5,58.1
1604460209,70.55555555555556,81.0,80.55555555555556,83.0,17.5,58.1
1604460210,70.66666666666667,81.0,80.66666666666667,83.0,17.5,58.1
1604460211,70.77777777777777,81.0,80.77777777777777,83.0,17.5,58.1
1604460212,70.88888888888889,81.0,80.88888888888889,83.0,17.5,58.1
1604460213,71.0,81.0,81.0,83.0,17.5,58.1
1604460214,72.0,81.0,80.0,82.0,17.5,58.1
1604460215,72.0,81.0,80.0,82.0,17.5,58.1
1604460216,72.0,81.0,80.0,82.0,17.6,58.2
1604460217,72.0,81.0,80.0,82.0,17.6,58.2
1604460218,72.0,81.0,80.0,82.0,17.6,58.2
1604460219,72.0,82.0,80.0,82.0,17.6,58.2
1604460220,71.0,82.0,80.0,82.0,17.6,58.2
1604460221,71.0,82.0,80.0,82.0,17.5,58.2
1604460222,70.0,82.0,80.0,82.0,17.5,58.2
1604460223,70.0,82.0,79.0,82.0,17.5,58.2
1604460224,70.0,81.0,79.0,82.0,17.5,58.2
1604460225,70.0,81.0,79.0,83.0,17.5,58.2
1604460226,69.0,81.0,79.0,83.0,17.6,58.3
1604460227,69.0,82.0,78.0,83.0,17.6,58.3
1604460228,69.0,82.0,78.0,83.0,17.6,58.3
1604460229,69.0,82.0,77.0,83.0,17.6,58.3
1604460230,69.0,82.0,77.0,83.0,17.6,58.3
1604460231,69.0,82.0,77.0,82.0,17.6,58.3
1604460232,69.0,81.0,77.0,82.0,17.6,58.3
1604460233,69.0,82.0,77.0,82.0,17.6,58.3
1604460234,69.0,82.0,78.0,82.0,17.6,58.3
1604460235,69.0,82.0,78.0,81.0,17.6,58.3
1604460236,69.0,81.0,78.0,81.0,17.6,58.3
1604460237,69.0,81.0,79.0,81.0,17.6,58.3
1604460238,70.0,81.0,79.0,81.0,17.6,58.3
1604460239,70.0,80.0,80.0,80.0,17.6,58.3
1604460240,70.0,80.0,80.0,79.0,17.6,58.3
1604460241,70.0,79.0,81.0,79.0,17.5,58.3
1604460242,71.0,79.0,81.0,79.0,17.5,58.3
1604460243,71.0,79.0,81.0,79.0,17.5,58.3
1604460244,71.0,79.0,81.0,79.0,17.5,58.3
1604460245,71.0,79.0,81.0,79.0,17.5,58.3
1604460246,71.0,80.0,81.0,79.0,17.6,58.4
1604460247,71.0,80.0,80.0,80.0,17.6,58.4
1604460248,71.0,80.0,80.0,80.0,17.6,58.4
1604460249,71.0,81.0,80.0,81.0,17.6,58.4
1604460250,71.0,81.0,79.0,81.0,17.6,58.4
1604460251,71.0,81.0,79.0,82.0,17.6,58.4
1604460252,71.0,82.0,78.0,82.0,17.6,58.4
1604460253,72.0,81.0,78.0,82.0,17.6,58.4
1604460254,72.0,82.0,78.0,82.0,17.6,58.4
1604460255,72.0,83.0,78.0,82.0,17.6,58.4
1604460256,73.0,83.0,78.0,82.0,17.6,58.4
1604460257,73.0,84.0,78.0,82.0,17.6,58.4
1604460258,73.0,84.0,78.0,81.0,17.6,58.4
1604460259,73.0,84.0,78.0,81.0,17.6,58.4
1604460260,73.0,85.0,79.0,80.0,17.6,58.4
1604460261,73.0,85.0,79.0,80.0,17.6,58.4
1604460262,73.0,85.0,80.0,79.0,17.6,58.4
1604460263,73.0,85.0,80.0,79.0,17.6,58.4
1604460264,73.0,85.0,81.0,78.0,17.6,58.4
1604460265,73.0,85.0,81.0,78.0,17.6,58.4
1604460266,73.0,85.0,81.0,78.0,17.6,58.5
1604460267,72.0,85.0,81.0,78.0,17.6,58.5
1604460268,72.0,85.0,81.0,78.0,17.6,58.5
1604460269,72.0,84.0,81.0,78.0,17.6,58.5
1604460270,72.0,84.0,82.0,79.0,17.6,58.5
1604460271,72.0,83.0,82.0,80.0,17.6,58.4
1604460272,71.0,83.0,82.0,81.0,17.6,58.4
1604460273,71.0,82.0,82.0,82.0,17.6,58.4
1604460274,70.0,82.0,82.0,83.0,17.6,58.4
1604460275,70.0,82.0,82.0,83.0,17.6,58.4
1604460276,70.0,81.0,82.0,84.0,17.6,58.4
1604460277,70.0,81.0,82.0,85.0,17.6,58.4
1604460278,69.0,81.0,82.0,85.0,17.6,58.4
1604460279,69.0,82.0,82.0,84.0,17.6,58.4
1604460280,69.0,82.0,82.0,84.0,17.6,58.4
1604460281,69.0,82.0,82.0,83.0,17.6,58.4
1604460282,69.0,82.0,82.0,83.0,17.6,58.4
1604460283,69.0,82.0,82.0,82.0,17.6,58.4
1604460284,69.0,82.0,82.0,82.0,17.6,58.4
1604460285,70.0,82.0,82.0,81.0,17.6,58.4
1604460286,70.0,83.0,82.0,81.0,17.6,58.4
1604460287,70.0,82.0,82.0,81.0,17.6,58.4
1604460288,70.0,82.0,82.0,81.0,17.6,58.4
1604460289,70.0,82.0,82.0,81.0,17.6,58.4
1604460290,70.0,82.0,82.0,81.0,17.6,58.4
1604460291,70.0,81.0,82.0,82.0,17.6,58.4
1604460292,69.0,81.0,82.0,82.0,17.6,58.4
1604460293,69.0,80.0,82.0,82.0,17.6,58.4
1604460294,69.0,80.0,82.0,82.0,17.6,58.4
1604460295,69.0,79.0,82.0,81.0,17.6,58.4
1604460296,68.0,79.0,83.0,81.0,17.6,58.3
1604460297,68.0,78.0,83.0,81.0,17.6,58.3
1604460298,68.0,78.0,84.0,81.0,17.6,58.3
1604460299,68.0,78.0,83.0,80.0,17.6,58.3
1604460300,68.0,78.0,83.0,80.0,17.6,58.3
1604460301,68.0,78.0,83.0,80.0,17.6,58.3
1604460302,69.0,78.0,83.0,79.0,17.6,58.3
1604460303,69.0,78.0,83.0,79.0,17.6,58.3
1604460304,70.0,78.0,82.0,78.0,17.6,58.3
1604460305,70.0,78.0,82.0,78.0,17.6,58.3
1604460306,69.0,78.0,82.0,78.0,17.6,58.2
1604460307,69.0,78.0,81.0,78.0,17.6,58.2
1604460308,69.0,78.0,81.0,78.0,17.6,58.2
1604460309,69.0,79.0,82.0,83.0,17.6,58.2
1604460310,69.0,79.0,82.0,83.0,17.6,58.2
1604460311,69.0,79.0,82.0,83.0,17.6,58.2
1604460312,69.0,79.0,83.0,84.0,17.6,58.2
1604460313,69.0,79.0,84.0,84.0,17.6,58.2
1604460314,68.0,79.0,84.0,84.0,17.6,58.2
1604460315,68.0,79.0,84.0,84.0,17.6,58.2
1604460316,68.0,79.0,84.0,84.0,17.6,58.2
1604460317,68.0,79.0,85.0,84.0,17.6,58.2
1604460318,68.0,80.0,85.0,84.0,17.6,58.2
1604460319,68.0,80.0,85.0,84.0,17.6,58.2
1604460320,68.0,80.0,85.0,84.0,17.6,58.2
1604460321,68.0,80.0,85.0,83.0,17.6,58.1
1604460322,68.0,80.0,85.0,83.0,17.6,58.1
1604460323,68.0,80.0,85.0,83.0,17.6,58.1
1604460324,68.0,80.0,85.0,83.0,17.6,58.1
1604460325,68.0,81.0,85.0,83.0,17.6,58.1
1604460326,69.0,81.0,85.0,84.0,17.6,58.1
1604460327,69.0,81.0,85.0,84.0,17.6,58.1
1604460328,69.0,81.0,85.0,84.0,17.6,58.1
1604460329,70.0,80.0,85.0,84.0,17.6,58.1
1604460330,70.0,80.0,84.0,84.0,17.6,58.1
1604460331,71.0,80.0,84.0,84.0,17.7,58.2
1604460332,71.0,80.0,84.0,84.0,17.7,58.2
1604460333,71.0,80.0,84.0,84.0,17.7,58.2
1604460334,72.0,80.0,84.0,84.0,17.7,58.2
1604460335,72.0,80.0,84.0,83.0,17.7,58.2
1604460336,72.0,81.0,84.0,82.0,17.7,58.2
1604460337,72.0,81.0,84.0,82.0,17.7,58.2
1604460338,72.0,81.0,84.0,82.0,17.7,58.2
1604460339,72.0,81.0,85.0,81.0,17.7,58.2
1604460340,72.0,82.0,85.0,81.0,17.7,58.2
1604460341,71.0,82.0,85.0,81.0,17.6,58.0
1604460342,71.0,83.0,82.0,81.0,17.6,58.0
1604460343,70.0,83.0,82.0,81.0,17.6,58.0
1604460344,70.0,83.0,82.0,82.0,17.6,58.0
1604460345,69.0,83.0,82.0,82.0,17.6,58.0
1604460346,69.0,83.0,82.0,83.0,17.7,58.1
1604460347,68.0,83.0,82.0,83.0,17.7,58.1
1604460348,68.0,83.0,82.0,84.0,17.7,58.1
1604460349,68.0,83.0,82.0,84.0,17.7,58.1
1604460350,68.0,82.0,82.0,84.0,17.7,58.1
1604460351,68.0,82.0,83.0,84.0,17.6,58.0
1604460352,69.0,81.0,83.0,84.0,17.6,58.0
1604460353,69.0,80.0,84.0,84.0,17.6,58.0
1604460354,70.0,79.0,84.0,84.0,17.6,58.0
1604460355,70.0,79.0,85.0,84.0,17.6,58.0
1604460356,72.0,79.0,85.0,84.0,17.6,58.0
1604460357,72.0,78.0,86.0,83.0,17.6,58.0
1604460358,72.0,78.0,86.0,82.0,17.6,58.0
1604460359,73.0,78.0,87.0,82.0,17.6,58.0
1604460360,73.0,78.0,87.0,82.0,17.6,58.0
1604460361,73.0,78.0,87.0,82.0,17.6,58.0
1604460362,73.0,78.0,87.0,81.0,17.6,58.0
1604460363,73.0,79.0,86.0,81.0,17.6,58.0
1604460364,73.0,79.0,86.0,81.0,17.6,58.0
1604460365,73.0,80.0,86.0,82.0,17.6,58.0
1604460366,72.0,80.0,86.0,82.0,17.6,58.0
1604460367,72.0,80.0,86.0,83.0,17.6,58.0
1604460368,72.0,80.0,86.0,83.0,17.6,58.0
1604460369,72.0,80.0,86.0,83.0,17.6,58.0
1604460370,72.0,80.0,86.0,83.0,17.6,58.0
1604460371,72.0,80.0,86.0,83.0,17.6,58.2
1604460372,72.0,81.0,85.0,84.0,17.6,58.2
1604460373,72.0,81.0,85.0,84.0,17.6,58.2
1604460374,72.0,81.0,85.0,84.0,17.6,58.2
1604460375,73.0,81.0,84.0,84.0,17.6,58.2
1604460376,73.0,81.0,84.0,84.0,17.6,57.8
1604460377,73.0,81.0,84.0,84.0,17.6,57.8
1604460378,73.0,81.0,84.0,85.0,17.6,57.8
1604460379,73.0,81.0,82.0,85.0,17.6,57.8
1604460380,73.0,81.0,82.0,85.0,17.6,57.8
1604460381,73.0,81.0,82.0,85.0,17.6,57.8
1604460382,73.0,81.0,81.0,86.0,17.6,57.8
1604460383,73.0,82.0,81.0,86.0,17.6,57.8
1604460384,73.0,82.0,81.0,87.0,17.6,57.8
1604460385,72.0,82.0,81.0,87.0,17.6,57.8
1604460386,72.0,82.0,81.0,87.0,17.6,57.8
1604460387,73.0,82.0,81.0,87.0,17.6,57.8
1604460388,73.0,83.0,81.0,87.0,17.6,57.8
1604460389,73.0,82.0,81.0,87.0,17.6,57.8
1604460390,73.0,82.0,81.0,86.0,17.6,57.8
1604460391,73.0,82.0,81.0,86.0,17.7,57.8
1604460392,74.0,81.0,80.0,86.0,17.7,57.8
1604460393,74.0,80.0,81.0,85.0,17.7,57.8
1604460394,74.0,79.0,81.0,85.0,17.7,57.8
1604460395,75.0,78.0,81.0,85.0,17.7,57.8
1604460396,75.0,78.0,81.0,85.0,17.6,57.6
1604460397,75.0,78.0,81.0,84.0,17.6,57.6
1604460398,75.0,77.0,81.0,84.0,17.6,57.6
1604460399,74.0,77.0,81.0,84.0,17.6,57.6
1604460400,75.0,77.0,81.0,84.0,17.6,57.6
1604460401,74.0,77.0,81.0,84.0,17.7,57.7
1604460402,74.0,77.0,81.0,85.0,17.7,57.7
1604460403,74.0,77.0,81.0,85.0,17.7,57.7
1604460404,74.0,78.0,81.0,85.0,17.7,57.7
1604460405,74.0,78.0,81.0,86.0,17.7,57.7
1604460406,75.0,78.0,81.0,87.0,17.6,57.6
1604460407,75.0,79.0,81.0,87.0,17.6,57.6
1604460408,75.0,79.0,81.0,87.0,17.6,57.6
1604460409,75.0,79.0,81.0,88.0,17.6,57.6
1604460410,75.0,79.0,81.0,88.0,17.6,57.6
1604460411,74.77777777777777,79.0,81.0,88.11111111111111,17.6,57.6
1604460412,74.55555555555556,79.0,81.0,88.22222222222223,17.6,57.6
1604460413,74.33333333333333,79.0,81.0,88.33333333333333,17.6,57.6
1604460414,74.11111111111111,79.0,81.0,88.44444444444444,17.6,57.6
1604460415,73.88888888888889,79.0,81.0,88.55555555555556,17.6,57.6
1604460416,73.66666666666667,79.0,81.0,88.66666666666667,17.6,57.6
1604460417,73.44444444444444,79.0,81.0,88.77777777777777,17.6,57.6
1604460418,73.22222222222223,79.0,81.0,88.88888888888889,17.6,57.6
1604460419,73.0,79.0,81.0,89.0,17.6,57.6
1604460420,73.0,79.0,81.0,88.0,17.6,57.6
1604460421,73.0,79.0,81.0,88.0,17.6,57.6
1604460422,73.0,79.0,81.0,88.0,17.6,57.6
1604460423,72.0,79.0,81.0,88.0,17.6,57.6
1604460424,72.0,79.0,81.0,87.0,17.6,57.6
1604460425,72.0,78.0,81.0,87.0,17.6,57.6
1604460426,72.0,79.0,80.0,86.0,17.6,57.6
1604460427,72.0,78.0,80.0,86.0,17.6,57.6
1604460428,73.0,78.0,79.0,85.0,17.6,57.6
1604460429,73.0,78.0,79.0,85.0,17.6,57.6
1604460430,73.0,78.0,79.0,85.0,17.6,57.6
1604460431,73.0,78.0,78.0,85.0,17.6,57.6
1604460432,73.0,78.0,78.0,84.0,17.6,57.6
1604460433,73.0,79.0,78.0,84.0,17.6,57.6
1604460434,73.0,79.0,78.0,84.0,17.6,57.6
1604460435,73.0,79.0,78.0,83.0,17.6,57.6
1604460436,72.0,79.0,79.0,83.0,17.6,57.6
1604460437,72.0,79.0,79.0,83.0,17.6,57.6
1604460438,71.0,80.0,80.0,83.0,17.6,57.6
1604460439,70.0,80.0,80.0,83.0,17.6,57.6
1604460440,70.0,81.0,80.0,83.0,17.6,57.6
1604460441,69.0,81.0,81.0,83.0,17.6,57.6
1604460442,69.0,81.0,81.0,83.0,17.6,57.6
1604460443,69.0,82.0,81.0,83.0,17.6,57.6
1604460444,69.0,82.0,81.0,84.0,17.6,57.6
1604460445,68.0,82.0,81.0,84.0,17.6,57.6
1604460446,68.0,82.0,81.0,84.0,17.6,57.6
1604460447,69.0,83.0,80.0,84.0,17.6,57.6
1604460448,69.0,83.0,80.0,84.0,17.6,57.6
1604460449,69.0,83.0,80.0,83.0,17.6,57.5
1604460450,70.0,83.0,80.0,83.0,17.6,57.5
1604460451,70.0,82.0,80.0,83.0,17.6,57.5
1604460452,70.0,82.0,80.0,83.0,17.6,57.5
1604460453,71.0,82.0,80.0,82.0,17.6,57.5
1604460454,71.0,82.0,80.0,82.0,17.6,57.5
1604460455,72.0,81.0,80.0,82.0,17.6,57.5
1604460456,72.0,81.0,80.0,82.0,17.6,57.5
1604460457,72.0,81.0,80.0,82.0,17.6,57.5
1604460458,72.0,80.0,80.0,82.0,17.6,57.5
1604460459,71.0,80.0,80.0,82.0,17.6,57.5
1604460460,71.0,80.0,80.0,82.0,17.6,57.5
1604460461,71.0,79.0,81.0,82.0,17.6,57.5
1604460462,71.0,79.0,81.0,83.0,17.6,57.5
1604460463,71.0,79.0,81.0,83.0,17.6,57.5
1604460464,70.0,79.0,81.0,84.0,17.7,57.6
1604460465,70.0,79.0,81.0,84.0,17.7,57.6
1604460466,70.0,79.0,81.0,84.0,17.7,57.6
1604460467,70.0,78.0,81.0,84.0,17.7,57.6
1604460468,70.0,78.0,82.0,84.0,17.7,57.6
1604460469,70.0,78.0,81.0,84.0,17.6,57.5
1604460470,71.0,78.0,82.0,84.0,17.6,57.5
1604460471,71.0,78.0,82.0,84.0,17.6,57.5
1604460472,70.0,78.0,81.0,84.0,17.6,57.5
1604460473,70.0,78.0,81.0,84.0,17.6,57.5
1604460474,70.0,78.0,81.0,84.0,17.6,57.5
1604460475,70.0,78.0,82.0,84.0,17.6,57.5
1604460476,70.0,78.0,82.0,84.0,17.6,57.5
1604460477,70.0,79.0,82.0,84.0,17.6,57.5
1604460478,70.0,79.0,82.0,84.0,17.6,57.5
1604460479,70.0,79.0,82.0,84.0,17.6,57.4
1604460480,70.0,79.0,82.0,84.0,17.6,57.4
1604460481,70.0,78.0,82.0,84.0,17.6,57.4
1604460482,70.0,77.0,82.0,84.0,17.6,57.4
1604460483,70.0,77.0,82.0,84.0,17.6,57.4
1604460484,70.0,77.0,82.0,84.0,17.6,57.4
1604460485,70.0,78.0,82.0,83.0,17.6,57.4
1604460486,70.0,82.0,81.0,83.0,17.6,57.4
1604460487,70.0,82.0,81.0,84.0,17.6,57.4
1604460488,70.0,82.0,81.0,84.0,17.6,57.4
1604460489,70.0,82.0,81.0,84.0,17.6,57.5
1604460490,70.0,82.0,81.0,85.0,17.6,57.5
1604460491,70.0,83.0,81.0,85.0,17.6,57.5
1604460492,69.0,83.0,81.0,85.0,17.6,57.5
1604460493,69.0,82.0,82.0,86.0,17.6,57.5
1604460494,69.0,82.0,82.0,87.0,17.6,57.5
1604460495,69.0,82.0,82.0,88.0,17.6,57.5
1604460496,69.0,82.0,82.0,89.0,17.6,57.5
1604460497,69.0,82.0,82.0,90.0,17.6,57.5
1604460498,69.0,82.0,82.0,90.0,17.6,57.5
1604460499,69.0,82.0,82.0,90.0,17.6,57.6
1604460500,69.0,82.0,82.0,90.0,17.6,57.6
1604460501,69.0,81.0,82.0,90.0,17.6,57.6
1604460502,69.0,81.0,81.0,89.0,17.6,57.6
1604460503,69.0,81.0,80.0,89.0,17.6,57.6
1604460504,69.0,81.0,80.0,88.0,17.6,57.6
1604460505,69.0,81.0,79.0,88.0,17.6,57.6
1604460506,69.0,81.0,79.0,87.0,17.6,57.6
1604460507,70.0,81.0,79.0,86.0,17.6,57.6
1604460508,70.0,81.0,78.0,86.0,17.6,57.6
1604460509,70.0,81.0,78.0,86.0,17.6,57.7
1604460510,70.0,80.0,77.0,85.0,17.6,57.7
1604460511,70.0,80.0,77.0,85.0,17.6,57.7
1604460512,69.0,80.0,77.0,85.0,17.6,57.7
1604460513,69.0,80.0,78.0,84.0,17.6,57.7
1604460514,70.0,80.0,79.0,84.0,17.6,57.7
1604460515,70.0,79.0,80.0,84.0,17.6,57.7
1604460516,70.0,79.0,80.0,84.0,17.6,57.7
1604460517,70.0,79.0,80.0,84.0,17.6,57.7
1604460518,70.0,79.0,81.0,84.0,17.6,57.7
1604460519,69.0,79.0,82.0,84.0,17.6,57.8
1604460520,69.0,78.0,82.0,83.0,17.6,57.8
1604460521,68.0,78.0,83.0,83.0,17.6,57.8
1604460522,68.0,78.0,83.0,83.0,17.6,57.8
1604460523,68.0,78.0,83.0,83.0,17.6,57.8
1604460524,68.0,78.0,82.0,84.0,17.6,57.8
1604460525,67.0,78.0,82.0,84.0,17.6,57.8
1604460526,67.0,78.0,81.0,83.0,17.6,57.8
1604460527,67.0,78.0,81.0,83.0,17.6,57.8
1604460528,67.0,78.0,80.0,83.0,17.6,57.8
1604460529,67.0,78.0,80.0,83.0,17.6,57.9
1604460530,67.0,78.0,80.0,83.0,17.6,57.9
1604460531,67.0,78.0,80.0,83.0,17.6,57.9
1604460532,67.0,78.0,79.0,83.0,17.6,57.9
1604460533,66.0,78.0,79.0,83.0,17.6,57.9
1604460534,66.0,78.0,79.0,83.0,17.6,57.9
1604460535,66.0,78.0,80.0,82.0,17.6,57.9
1604460536,66.0,79.0,80.0,82.0,17.6,57.9
1604460537,67.0,79.0,80.0,83.0,17.6,57.9
1604460538,67.0,79.0,80.0,83.0,17.6,57.9
1604460539,66.0,79.0,81.0,83.0,17.6,57.9
1604460540,66.0,79.0,81.0,83.0,17.6,57.9
1604460541,66.0,79.0,81.0,83.0,17.6,57.9
1604460542,67.0,79.0,81.0,83.0,17.6,57.9
1604460543,67.0,79.0,81.0,83.0,17.6,57.9
1604460544,67.0,79.0,81.0,83.0,17.6,57.9
1604460545,67.0,79.0,81.0,83.0,17.6,57.9
1604460546,67.0,80.0,80.0,83.0,17.6,57.9
1604460547,67.0,80.0,80.0,83.0,17.6,57.9
1604460548,67.0,80.0,80.0,83.0,17.6,57.9
1604460549,67.0,80.0,80.0,83.0,17.6,57.9
1604460550,67.0,80.0,81.0,83.0,17.6,57.9
1604460551,68.0,80.0,81.0,83.0,17.6,57.9
1604460552,68.0,80.0,82.0,84.0,17.6,57.9
1604460553,68.0,81.0,83.0,83.0,17.6,57.9
1604460554,68.0,81.0,83.0,83.0,17.6,57.9
1604460555,68.0,81.0,83.0,82.0,17.6,57.9
1604460556,67.0,81.0,84.0,82.0,17.6,57.9
1604460557,67.0,82.0,84.0,82.0,17.6,57.9
1604460558,67.0,82.0,84.0,82.0,17.6,57.9
1604460559,66.0,82.0,83.0,82.0,17.5,57.9
1604460560,66.0,82.0,82.0,82.0,17.5,57.9
1604460561,66.0,83.0,82.0,82.0,17.5,57.9
1604460562,66.0,83.0,81.0,82.0,17.5,57.9
1604460563,66.0,83.0,80.0,82.0,17.5,57.9
1604460564,66.0,83.0,80.0,83.0,17.6,58.0
1604460565,67.0,82.0,80.0,83.0,17.6,58.0
1604460566,67.0,82.0,79.0,83.0,17.6,58.0
1604460567,67.0,81.0,80.0,83.0,17.6,58.0
1604460568,67.0,80.0,80.0,83.0,17.6,58.0
1604460569,67.0,80.0,80.0,83.0,17.6,58.0
1604460570,67.0,79.0,80.0,83.0,17.6,58.0
1604460571,67.0,79.0,81.0,83.0,17.6,58.0
1604460572,67.0,78.0,82.0,83.0,17.6,58.0
1604460573,66.0,78.0,82.0,83.0,17.6,58.0
1604460574,66.0,78.0,83.0,83.0,17.6,58.0
1604460575,66.0,78.0,82.0,83.0,17.6,58.0
1604460576,65.0,78.0,82.0,83.0,17.6,58.0
1604460577,65.0,78.0,82.0,83.0,17.6,58.0
1604460578,64.0,79.0,82.0,83.0,17.6,58.0
1604460579,64.0,79.0,82.0,83.0,17.6,58.1
1604460580,64.0,79.0,83.0,83.0,17.6,58.1
1604460581,64.0,79.0,83.0,83.0,17.6,58.1
1604460582,64.0,79.0,83.0,82.0,17.6,58.1
1604460583,64.0,80.0,84.0,82.0,17.6,58.1
1604460584,64.0,80.0,85.0,81.0,17.6,58.1
1604460585,64.0,80.0,85.0,81.0,17.6,58.1
1604460586,65.0,80.0,86.0,81.0,17.6,58.1
1604460587,65.0,81.0,86.0,81.0,17.6,58.1
1604460588,65.0,80.0,86.0,80.0,17.6,58.1
1604460589,66.0,80.0,86.0,80.0,17.6,58.1
1604460590,66.0,80.0,86.0,80.0,17.6,58.1
1604460591,66.0,80.0,86.0,80.0,17.6,58.1
1604460592,66.0,80.0,84.0,80.0,17.6,58.1
1604460593,66.0,80.0,84.0,80.0,17.6,58.1
1604460594,67.0,80.0,84.0,81.0,17.6,58.1
1604460595,67.0,80.0,85.0,81.0,17.6,58.1
1604460596,67.0,79.0,85.0,81.0,17.6,58.1
1604460597,67.0,79.0,85.0,82.0,17.6,58.1
1604460598,67.0,79.0,85.0,82.0,17.6,58.1
1604460599,67.0,79.0,86.0,82.0,17.6,58.1
1604460600,67.0,79.0,86.0,82.0,17.6,58.1
1604460601,67.0,79.0,86.0,82.0,17.6,58.1
1604460602,68.0,79.0,86.0,82.0,17.6,58.1
1604460603,68.0,79.0,87.0,82.0,17.6,58.1
1604460604,68.0,79.0,87.0,82.0,17.6,58.1
1604460605,68.0,78.0,87.0,82.0,17.6,58.1
1604460606,68.0,78.0,87.0,82.0,17.6,58.1
1604460607,68.0,79.0,86.0,82.0,17.6,58.1
1604460608,68.0,79.0,86.0,82.0,17.6,58.1
1604460609,68.0,79.0,85.0,82.0,17.6,58.1
1604460610,68.0,79.0,85.0,82.0,17.6,58.1
1604460611,68.0,79.0,84.0,83.0,17.6,58.1
1604460612,68.0,79.0,84.0,83.0,17.6,58.1
1604460613,67.0,80.0,84.0,83.0,17.6,58.1
1604460614,67.0,80.0,83.0,83.0,17.6,58.1
1604460615,66.0,81.0,83.0,83.0,17.6,58.1
1604460616,66.0,81.0,83.0,83.0,17.6,58.1
1604460617,65.0,81.0,83.0,83.0,17.6,58.1
1604460618,65.0,80.0,83.0,83.0,17.6,58.1
1604460619,65.0,80.0,83.0,83.0,17.6,58.2
1604460620,66.0,80.0,83.0,83.0,17.6,58.2
1604460621,66.0,80.0,83.0,83.0,17.6,58.2
1604460622,66.0,80.0,83.0,83.0,17.6,58.2
1604460623,66.22222222222223,80.0,83.0,83.11111111111111,17.6,58.2
1604460624,66.44444444444444,80.0,83.0,83.22222222222223,17.6,58.2
1604460625,66.66666666666667,80.0,83.0,83.33333333333333,17.6,58.2
1604460626,66.88888888888889,80.0,83.0,83.44444444444444,17.6,58.2
1604460627,67.11111111111111,80.0,83.0,83.55555555555556,17.6,58.2
1604460628,67.33333333333333,80.0,83.0,83.66666666666667,17.6,58.2
1604460629,67.55555555555556,80.0,83.0,83.77777777777777,17.6,58.2
1604460630,67.77777777777777,80.0,83.0,83.88888888888889,17.6,58.2
1604460631,68.0,80.0,83.0,84.0,17.6,58.2
1604460632,69.0,80.0,84.0,84.0,17.6,58.2
1604460633,69.0,80.0,84.0,84.0,17.6,58.2
1604460634,69.0,80.0,84.0,84.0,17.6,58.2
1604460635,69.0,80.0,85.0,84.0,17.6,58.2
1604460636,69.0,80.0,85.0,84.0,17.6,58.2
1604460637,69.0,81.0,85.0,83.0,17.5,58.1
1604460638,69.0,81.0,85.0,83.0,17.5,58.1
1604460639,70.0,81.0,85.0,83.0,17.5,58.1
1604460640,70.0,81.0,86.0,83.0,17.5,58.1
1604460641,70.0,81.0,86.0,83.0,17.5,58.1
1604460642,70.0,81.0,86.0,83.0,17.6,58.2
1604460643,71.0,81.0,86.0,83.0,17.6,58.2
1604460644,71.0,81.0,86.0,83.0,17.6,58.2
1604460645,71.0,81.0,86.0,83.0,17.6,58.2
1604460646,71.0,81.0,86.0,84.0,17.6,58.2
1604460647,71.0,81.0,86.0,85.0,17.6,58.2
1604460648,71.0,81.0,86.0,85.0,17.6,58.2
1604460649,72.0,81.0,86.0,85.0,17.6,58.2
1604460650,72.0,80.0,86.0,85.0,17.6,58.2
1604460651,72.0,80.0,86.0,85.0,17.6,58.2
1604460652,71.0,80.0,86.0,84.0,17.6,58.2
1604460653,70.0,79.0,85.0,84.0,17.6,58.2
1604460654,70.0,79.0,85.0,84.0,17.6,58.2
1604460655,70.0,79.0,84.0,84.0,17.6,58.2
1604460656,69.0,78.0,84.0,84.0,17.6,58.2
1604460657,69.0,78.0,83.0,84.0,17.6,58.2
1604460658,68.0,78.0,83.0,84.0,17.6,58.2
1604460659,68.0,78.0,82.0,84.0,17.6,58.2
1604460660,67.0,78.0,82.0,84.0,17.6,58.2
1604460661,67.0,78.0,82.0,85.0,17.6,58.2
1604460662,67.0,78.0,82.0,86.0,17.5,58.1
1604460663,67.0,79.0,82.0,86.0,17.5,58.1
1604460664,68.0,79.0,82.0,86.0,17.5,58.1
1604460665,68.0,79.0,82.0,86.0,17.5,58.1
1604460666,68.0,79.0,82.0,86.0,17.5,58.1
1604460667,68.0,79.0,83.0,86.0,17.6,58.2
1604460668,68.0,80.0,83.0,86.0,17.6,58.2
1604460669,69.0,80.0,83.0,85.0,17.6,58.2
1604460670,69.0,80.0,83.0,85.0,17.6,58.2
1604460671,69.0,80.0,84.0,85.0,17.6,58.2
1604460672,69.0,80.0,84.0,84.0,17.5,58.2
1604460673,69.0,80.0,84.0,84.0,17.5,58.2
1604460674,69.0,80.0,84.0,84.0,17.5,58.2
1604460675,69.0,80.0,84.0,85.0,17.5,58.2
1604460676,69.0,80.0,84.0,85.0,17.5,58.2
1604460677,69.0,80.0,84.0,85.0,17.6,58.3
1604460678,69.0,80.0,84.0,85.0,17.6,58.3
1604460679,68.0,80.0,84.0,86.0,17.6,58.3
1604460680,68.0,80.0,84.0,86.0,17.6,58.3
1604460681,68.0,81.0,84.0,86.0,17.6,58.3
1604460682,68.0,81.0,84.0,86.0,17.5,58.2
1604460683,68.0,81.0,84.0,86.0,17.5,58.2
1604460684,68.0,81.0,84.0,85.0,17.5,58.2
1604460685,68.0,81.0,84.0,85.0,17.5,58.2
1604460686,68.0,81.0,84.0,85.0,17.5,58.2
1604460687,68.0,81.0,84.0,85.0,17.5,58.3
1604460688,68.0,81.0,83.0,85.0,17.5,58.3
1604460689,69.0,81.0,83.0,84.0,17.5,58.3
1604460690,69.0,81.0,82.0,84.0,17.5,58.3
1604460691,69.0,81.0,82.0,85.0,17.5,58.3
1604460692,70.0,80.0,82.0,85.0,17.6,58.4
1604460693,70.0,80.0,82.0,85.0,17.6,58.4
1604460694,70.0,80.0,82.0,86.0,17.6,58.4
1604460695,71.0,79.0,82.0,86.0,17.6,58.4
1604460696,72.0,79.0,82.0,86.0,17.6,58.4
1604460697,72.0,78.0,82.0,86.0,17.6,58.4
1604460698,72.0,78.0,82.0,87.0,17.6,58.4
1604460699,72.0,77.0,82.0,87.0,17.6,58.4
1604460700,72.0,77.0,82.0,87.0,17.6,58.4
1604460701,72.0,76.0,83.0,87.0,17.6,58.4
1604460702,72.0,76.0,83.0,87.0,17.5,58.3
1604460703,72.0,76.0,83.0,86.0,17.5,58.3
1604460704,72.0,76.0,82.0,86.0,17.5,58.3
1604460705,72.0,76.0,82.0,86.0,17.5,58.3
1604460706,72.0,76.0,82.0,86.0,17.5,58.3
1604460707,72.0,76.0,82.0,86.0,17.6,58.3
1604460708,73.0,77.0,82.0,86.0,17.6,58.3
1604460709,73.0,78.0,82.0,86.0,17.6,58.3
1604460710,73.0,78.0,82.0,86.0,17.6,58.3
1604460711,74.0,79.0,82.0,86.0,17.6,58.3
1604460712,74.0,80.0,82.0,86.0,17.5,58.2
1604460713,74.0,82.0,82.0,86.0,17.5,58.2
1604460714,73.0,82.0,83.0,86.0,17.5,58.2
1604460715,73.0,81.0,83.0,86.0,17.5,58.2
1604460716,72.0,81.0,83.0,85.0,17.5,58.2
1604460717,72.0,81.0,83.0,85.0,17.6,58.3
1604460718,71.0,81.0,83.0,85.0,17.6,58.3
1604460719,71.0,81.0,83.0,85.0,17.6,58.3
1604460720,70.0,81.0,82.0,84.0,17.6,58.3
1604460721,70.0,81.0,81.0,84.0,17.6,58.3
1604460722,70.0,81.0,81.0,83.0,17.6,58.3
1604460723,70.0,81.0,81.0,83.0,17.6,58.3
1604460724,70.0,81.0,81.0,83.0,17.6,58.3
1604460725,70.0,81.0,81.0,83.0,17.6,58.3
1604460726,71.0,81.0,80.0,83.0,17.6,58.3
1604460727,72.0,81.0,80.0,83.0,17.6,58.3
1604460728,72.0,81.0,80.0,83.0,17.6,58.3
1604460729,73.0,81.0,80.0,83.0,17.6,58.3
1604460730,73.0,81.0,80.0,84.0,17.6,58.3
1604460731,73.0,81.0,81.0,85.0,17.6,58.3
1604460732,73.0,81.0,81.0,86.0,17.6,58.2
1604460733,73.0,81.0,80.0,86.0,17.6,58.2
1604460734,72.0,81.0,80.0,86.0,17.6,58.2
1604460735,72.0,80.0,80.0,86.0,17.6,58.2
1604460736,71.0,80.0,80.0,86.0,17.6,58.2
1604460737,71.0,80.0,80.0,86.0,17.5,58.2
1604460738,70.0,80.0,80.0,86.0,17.5,58.2
1604460739,70.0,80.0,80.0,85.0,17.5,58.2
1604460740,69.0,80.0,80.0,84.0,17.5,58.2
1604460741,69.0,80.0,79.0,84.0,17.5,58.2
1604460742,69.0,80.0,79.0,84.0,17.5,58.1
1604460743,69.0,80.0,80.0,82.0,17.5,58.1
1604460744,69.0,79.0,81.0,82.0,17.5,58.1
1604460745,69.0,80.0,81.0,82.0,17.5,58.1
1604460746,69.0,79.0,81.0,81.0,17.5,58.1
1604460747,69.0,79.0,82.0,82.0,17.6,58.2
1604460748,69.0,79.0,83.0,82.0,17.6,58.2
1604460749,69.0,79.0,83.0,82.0,17.6,58.2
1604460750,69.0,79.0,83.0,82.0,17.6,58.2
1604460751,69.0,79.0,84.0,82.0,17.6,58.2
1604460752,70.0,79.0,84.0,83.0,17.6,58.2
1604460753,70.0,79.0,84.0,83.0,17.6,58.2
1604460754,70.0,79.0,84.0,84.0,17.6,58.2
1604460755,70.0,79.0,83.0,84.0,17.6,58.2
1604460756,70.0,79.0,83.0,85.0,17.6,58.2
1604460757,70.0,79.0,83.0,85.0,17.5,58.1
1604460758,71.0,79.0,83.0,84.0,17.5,58.1
1604460759,71.0,79.0,83.0,84.0,17.5,58.1
1604460760,71.0,79.0,83.0,84.0,17.5,58.1
1604460761,71.0,79.0,83.0,84.0,17.5,58.1
1604460762,71.0,79.0,83.0,84.0,17.5,58.1
1604460763,71.0,79.0,82.0,83.0,17.5,58.1
1604460764,72.0,79.0,82.0,82.0,17.5,58.1
1604460765,72.0,80.0,82.0,82.0,17.5,58.1
1604460766,71.0,80.0,82.0,81.0,17.5,58.1
1604460767,71.0,80.0,81.0,81.0,17.5,58.1
1604460768,71.0,80.0,81.0,80.0,17.5,58.1
1604460769,71.0,79.0,81.0,80.0,17.5,58.1
1604460770,70.0,79.0,81.0,80.0,17.5,58.1
1604460771,70.0,80.0,80.0,80.0,17.5,58.1
1604460772,70.0,80.0,80.0,80.0,17.5,58.1
1604460773,70.0,80.0,80.0,80.0,17.5,58.1
1604460774,69.0,81.0,80.0,80.0,17.5,58.1
1604460775,69.0,81.0,80.0,80.0,17.5,58.1
1604460776,69.0,81.0,80.0,80.0,17.5,58.1
1604460777,69.0,81.0,80.0,81.0,17.5,58.1
1604460778,70.0,82.0,80.0,81.0,17.5,57.9
1604460779,70.0,82.0,81.0,81.0,17.5,57.9
1604460780,71.0,83.0,81.0,81.0,17.5,57.9
1604460781,72.0,83.0,81.0,81.0,17.5,57.9
1604460782,72.0,83.0,81.0,81.0,17.5,57.9
1604460783,72.0,83.0,81.0,81.0,17.5,57.9
1604460784,73.0,83.0,81.0,81.0,17.5,57.9
1604460785,73.0,82.0,82.0,81.0,17.5,57.9
1604460786,73.0,82.0,82.0,81.0,17.5,57.9
1604460787,74.0,82.0,82.0,81.0,17.5,57.9
1604460788,74.0,82.0,82.0,81.0,17.5,57.9
1604460789,74.0,81.0,82.0,81.0,17.5,57.9
1604460790,74.0,81.0,82.0,82.0,17.5,57.9
1604460791,74.0,80.0,82.0,82.0,17.5,57.9
1604460792,74.0,80.0,82.0,83.0,17.5,57.9
1604460793,74.0,79.0,83.0,83.0,17.5,57.8
1604460794,74.0,79.0,83.0,83.0,17.5,57.8
1604460795,74.0,79.0,83.0,83.0,17.5,57.8
1604460796,74.0,78.0,83.0,83.0,17.5,57.8
1604460797,73.0,78.0,83.0,84.0,17.5,57.8
1604460798,73.0,78.0,83.0,84.0,17.5,57.9
1604460799,73.0,78.0,83.0,84.0,17.5,57.9
1604460800,72.0,78.0,83.0,84.0,17.5,57.9
1604460801,72.0,78.0,82.0,84.0,17.5,57.9
1604460802,72.0,78.0,82.0,85.0,17.5,57.9
1604460803,72.0,78.0,81.0,85.0,17.6,58.1
1604460804,72.0,79.0,81.0,85.0,17.6,58.1
1604460805,71.0,79.0,80.0,85.0,17.6,58.1
1604460806,71.0,79.0,80.0,85.0,17.6,58.1
1604460807,71.0,79.0,79.0,84.0,17.6,58.1
1604460808,71.0,79.0,79.0,84.0,17.5,58.0
1604460809,71.0,78.0,78.0,84.0,17.5,58.0
1604460810,71.0,78.0,78.0,84.0,17.5,58.0
1604460811,71.0,78.0,78.0,83.0,17.5,58.0
1604460812,71.0,78.0,78.0,82.0,17.5,58.0
1604460813,71.0,78.0,78.0,82.0,17.5,58.0
1604460814,71.0,78.0,78.0,82.0,17.5,58.0
1604460815,71.0,79.0,78.0,81.0,17.5,58.0
1604460816,71.0,79.0,78.0,81.0,17.5,58.0
1604460817,71.0,79.0,78.0,81.0,17.5,58.0
1604460818,71.0,79.0,79.0,80.0,17.6,58.1
1604460819,71.0,80.0,79.0,81.0,17.6,58.1
1604460820,71.0,80.0,79.0,81.0,17.6,58.1
1604460821,71.0,80.0,78.0,81.0,17.6,58.1
1604460822,71.0,81.0,78.0,82.0,17.6,58.1
1604460823,70.0,81.0,79.0,82.0,17.6,58.4
1604460824,70.0,81.0,79.0,82.0,17.6,58.4
1604460825,70.0,81.0,79.0,82.0,17.6,58.4
1604460826,69.0,81.0,79.0,82.0,17.6,58.4
1604460827,69.0,81.0,79.0,82.0,17.6,58.4
1604460828,68.0,81.0,79.0,82.0,17.6,58.4
1604460829,68.0,81.0,79.0,82.0,17.6,58.4
1604460830,67.0,81.0,79.0,82.0,17.6,58.4
1604460831,67.0,81.0,79.0,82.0,17.6,58.4
1604460832,67.11111111111111,81.0,79.0,82.0,17.6,58.4
1604460833,67.22222222222223,81.0,79.0,82.0,17.6,58.4
1604460834,67.33333333333333,81.0,79.0,82.0,17.6,58.4
1604460835,67.44444444444444,81.0,79.0,82.0,17.6,58.4
1604460836,67.55555555555556,81.0,79.0,82.0,17.6,58.4
1604460837,67.66666666666667,81.0,79.0,82.0,17.6,58.4
1604460838,67.77777777777777,81.0,79.0,82.0,17.6,58.4
1604460839,67.88888888888889,81.0,79.0,82.0,17.6,58.4
1604460840,68.0,81.0,79.0,82.0,17.6,58.4
1604460841,69.0,80.0,79.0,82.0,17.6,58.5
1604460842,69.0,80.0,79.0,83.0,17.6,58.5
1604460843,69.0,80.0,80.0,83.0,17.6,58.5
1604460844,69.0,80.0,79.0,84.0,17.6,58.5
1604460845,69.0,80.0,79.0,84.0,17.6,58.5
1604460846,70.0,80.0,79.0,85.0,17.5,58.4
1604460847,70.0,79.0,78.0,85.0,17.5,58.4
1604460848,71.0,78.0,78.0,85.0,17.5,58.4
1604460849,71.0,78.0,78.0,85.0,17.5,58.4
1604460850,71.0,77.0,80.0,85.0,17.5,58.4
1604460851,71.0,77.0,80.0,84.0,17.6,58.6
1604460852,71.0,76.0,80.0,84.0,17.6,58.6
1604460853,71.0,76.0,80.0,83.0,17.6,58.6
1604460854,72.0,75.0,80.0,82.0,17.6,58.6
1604460855,72.0,74.0,81.0,82.0,17.6,58.6
1604460856,72.0,74.0,81.0,80.0,17.6,58.4
1604460857,72.0,74.0,81.0,80.0,17.6,58.4
1604460858,72.0,74.0,82.0,80.0,17.6,58.4
1604460859,71.0,74.0,82.0,80.0,17.6,58.4
1604460860,71.0,74.0,82.0,80.0,17.6,58.4
1604460861,71.0,74.0,83.0,80.0,17.6,58.2
1604460862,71.0,74.0,83.0,81.0,17.6,58.2
1604460863,71.0,75.0,84.0,82.0,17.6,58.2
1604460864,71.0,75.0,85.0,83.0,17.6,58.2
1604460865,71.0,76.0,85.0,83.0,17.6,58.2
1604460866,72.0,76.0,85.0,84.0,17.6,58.2
1604460867,72.0,76.0,86.0,84.0,17.6,58.2
1604460868,72.0,76.0,86.0,85.0,17.6,58.2
1604460869,71.0,77.0,87.0,85.0,17.6,58.2
1604460870,71.0,77.0,87.0,86.0,17.6,58.2
1604460871,71.0,77.0,87.0,86.0,17.6,58.0
1604460872,70.0,77.0,87.0,86.0,17.6,58.0
1604460873,69.0,78.0,86.0,86.0,17.6,58.0
1604460874,69.0,78.0,86.0,86.0,17.6,58.0
1604460875,68.0,78.0,86.0,86.0,17.6,58.0
1604460876,67.0,78.0,85.0,86.0,17.6,57.9
1604460877,66.0,78.0,85.0,86.0,17.6,57.9
1604460878,66.0,78.0,85.0,86.0,17.6,57.9
1604460879,65.0,78.0,84.0,85.0,17.6,57.9
1604460880,65.0,77.0,83.0,85.0,17.6,57.9
1604460881,65.0,77.0,82.0,85.0,17.6,57.9
1604460882,65.0,77.0,82.0,84.0,17.6,57.9
1604460883,65.0,76.0,82.0,84.0,17.6,57.9
1604460884,65.0,76.0,81.0,84.0,17.6,57.9
1604460885,65.0,76.0,81.0,84.0,17.6,57.9
1604460886,65.0,75.0,81.0,84.0,17.6,57.6
1604460887,65.0,75.0,82.0,84.0,17.6,57.6
1604460888,66.0,75.0,82.0,84.0,17.6,57.6
1604460889,66.0,75.0,82.0,85.0,17.6,57.6
1604460890,66.0,74.0,83.0,85.0,17.6,57.6
1604460891,66.0,74.0,83.0,86.0,17.6,57.8
1604460892,66.0,75.0,84.0,87.0,17.6,57.8
1604460893,66.0,75.0,84.0,87.0,17.6,57.8
1604460894,66.0,75.0,84.0,88.0,17.6,57.8
1604460895,66.0,75.0,84.0,88.0,17.6,57.8
1604460896,66.0,76.0,84.0,88.0,17.6,57.8
1604460897,66.0,76.0,84.0,89.0,17.6,57.8
1604460898,66.0,77.0,84.0,89.0,17.6,57.8
1604460899,66.0,77.0,84.0,89.0,17.6,57.8
1604460900,66.0,77.0,83.0,88.0,17.6,57.8
1604460901,67.0,78.0,83.0,88.0,17.6,58.0
1604460902,67.0,78.0,83.0,87.0,17.6,58.0
1604460903,67.0,78.0,83.0,86.0,17.6,58.0
1604460904,67.0,78.0,83.0,86.0,17.6,58.0
1604460905,67.0,78.0,83.0,86.0,17.6,58.0
1604460906,67.0,79.0,83.0,86.0,17.6,58.1
1604460907,67.0,79.0,83.0,85.0,17.6,58.1
1604460908,67.0,78.0,83.0,85.0,17.6,58.1
1604460909,67.0,78.0,83.0,85.0,17.6,58.1
1604460910,67.0,78.0,83.0,85.0,17.6,58.1
1604460911,67.0,79.0,83.0,86.0,17.6,58.1
1604460912,67.0,79.0,83.0,86.0,17.6,58.1
1604460913,67.0,79.0,82.0,87.0,17.6,58.1
1604460914,67.0,79.0,82.0,87.0,17.6,58.1
1604460915,67.0,79.0,82.0,86.0,17.6,58.1
1604460916,67.0,78.0,81.0,86.0,17.6,58.2
1604460917,67.0,78.0,81.0,86.0,17.6,58.2
1604460918,67.0,78.0,81.0,86.0,17.6,58.2
1604460919,67.0,78.0,81.0,86.0,17.6,58.2
1604460920,67.0,78.0,80.0,86.0,17.6,58.2
1604460921,67.0,77.0,80.0,86.0,17.6,58.2
1604460922,67.0,77.0,81.0,85.0,17.6,58.2
1604460923,67.0,77.0,81.0,85.0,17.6,58.2
1604460924,68.0,77.0,82.0,85.0,17.6,58.2
1604460925,68.0,77.0,83.0,85.0,17.6,58.2
1604460926,68.0,77.0,83.0,85.0,17.6,58.2
1604460927,69.0,77.0,84.0,85.0,17.6,58.2
1604460928,69.0,77.0,84.0,85.0,17.6,58.2
1604460929,70.0,76.0,85.0,84.0,17.6,58.2
1604460930,70.0,76.0,86.0,85.0,17.6,58.2
1604460931,70.0,76.0,86.0,84.0,17.6,58.2
1604460932,70.0,76.0,86.0,84.0,17.6,58.2
1604460933,70.0,76.0,86.0,84.0,17.6,58.2
1604460934,70.0,76.0,87.0,84.0,17.6,58.2
1604460935,70.0,75.0,86.0,84.0,17.6,58.2
1604460936,70.0,75.0,85.0,84.0,17.6,58.2
1604460937,70.0,75.0,85.0,84.0,17.6,58.2
1604460938,70.0,75.0,85.0,84.0,17.6,58.2
1604460939,70.0,74.0,84.0,85.0,17.6,58.2
1604460940,70.0,74.0,83.0,85.0,17.6,58.2
1604460941,70.0,74.0,82.0,84.0,17.6,58.2
1604460942,70.0,76.0,82.0,84.0,17.6,58.2
1604460943,70.0,76.0,82.0,84.0,17.6,58.2
1604460944,70.0,77.0,82.0,84.0,17.6,58.2
1604460945,70.0,77.0,82.0,84.0,17.6,58.2
1604460946,70.0,77.0,82.0,84.0,17.6,58.2
1604460947,70.0,78.0,82.0,84.0,17.6,58.2
1604460948,70.0,78.0,83.0,84.0,17.6,58.2
1604460949,70.0,78.0,83.0,84.0,17.6,58.2
1604460950,71.0,78.0,83.0,84.0,17.6,58.2
1604460951,71.0,78.0,83.0,84.0,17.6,58.2
1604460952,71.0,79.0,83.0,84.0,17.6,58.2
1604460953,71.0,79.0,83.0,84.0,17.6,58.2
1604460954,71.0,79.0,83.0,85.0,17.6,58.2
1604460955,70.0,80.0,83.0,85.0,17.6,58.2
1604460956,70.0,80.0,82.0,84.0,17.6,58.2
1604460957,69.0,80.0,81.0,84.0,17.6,58.2
1604460958,69.0,80.0,81.0,84.0,17.6,58.2
1604460959,69.0,80.0,80.0,84.0,17.6,58.2
1604460960,68.0,80.0,79.0,84.0,17.6,58.2
1604460961,68.0,80.0,78.0,84.0,17.6,58.2
1604460962,68.0,80.0,78.0,84.0,17.6,58.2
1604460963,68.0,80.0,78.0,84.0,17.6,58.2
1604460964,68.0,79.0,78.0,84.0,17.6,58.2
1604460965,68.0,79.0,78.0,85.0,17.6,58.2
1604460966,67.0,79.0,78.0,85.0,17.6,58.2
1604460967,67.0,78.0,79.0,85.0,17.6,58.2
1604460968,67.0,78.0,80.0,85.0,17.6,58.2
1604460969,67.0,78.0,81.0,85.0,17.6,58.2
1604460970,66.0,78.0,81.0,84.0,17.6,58.2
1604460971,66.0,78.0,83.0,84.0,17.6,58.2
1604460972,66.0,78.0,83.0,84.0,17.6,58.2
1604460973,65.0,78.0,84.0,84.0,17.6,58.2
1604460974,65.0,78.0,84.0,84.0,17.6,58.2
1604460975,65.0,79.0,84.0,83.0,17.6,58.2
1604460976,66.0,79.0,83.0,83.0,17.6,58.2
1604460977,66.0,79.0,83.0,82.0,17.6,58.2
1604460978,67.0,79.0,83.0,82.0,17.6,58.2
1604460979,67.0,78.0,83.0,82.0,17.6,58.2
1604460980,68.0,78.0,81.0,83.0,17.6,58.2
1604460981,69.0,78.0,81.0,83.0,17.6,58.2
1604460982,69.0,77.0,80.0,83.0,17.6,58.2
1604460983,69.0,76.0,80.0,83.0,17.6,58.2
1604460984,70.0,76.0,80.0,84.0,17.6,58.2
1604460985,72.0,75.0,79.0,84.0,17.6,58.2
1604460986,72.0,75.0,79.0,85.0,17.6,58.3
1604460987,72.0,75.0,79.0,86.0,17.6,58.3
1604460988,72.0,75.0,79.0,87.0,17.6,58.3
1604460989,72.0,75.0,79.0,87.0,17.6,58.3
1604460990,72.0,75.0,79.0,88.0,17.6,58.3
1604460991,72.0,76.0,80.0,89.0,17.6,58.2
1604460992,72.0,76.0,80.0,89.0,17.6,58.2
1604460993,71.0,76.0,80.0,89.0,17.6,58.2
1604460994,71.0,78.0,81.0,89.0,17.6,58.2
1604460995,71.0,78.0,81.0,90.0,17.6,58.2
1604460996,70.0,78.0,81.0,90.0,17.6,58.2
1604460997,70.0,78.0,81.0,90.0,17.6,58.2
1604460998,70.0,79.0,82.0,90.0,17.6,58.2
1604460999,70.0,78.0,82.0,89.0,17.6,58.2
1604461000,70.0,78.0,82.0,89.0,17.6,58.2
1604461001,69.0,78.0,82.0,88.0,17.6,58.1
1604461002,69.0,78.0,82.0,88.0,17.6,58.1
1604461003,69.0,78.0,82.0,88.0,17.6,58.1
1604461004,69.0,77.0,82.0,87.0,17.6,58.1
1604461005,69.0,77.0,82.0,87.0,17.6,58.1
1604461006,70.0,77.0,82.0,87.0,17.6,58.1
1604461007,70.0,77.0,82.0,87.0,17.6,58.1
1604461008,70.0,77.0,82.0,86.0,17.6,58.1
1604461009,71.0,77.0,81.0,86.0,17.6,58.1
1604461010,71.0,77.0,81.0,85.0,17.6,58.1
1604461011,71.0,78.0,81.0,85.0,17.6,58.3
1604461012,71.0,79.0,81.0,84.0,17.6,58.3
1604461013,71.0,79.0,82.0,84.0,17.6,58.3
1604461014,71.0,79.0,82.0,83.0,17.6,58.3
1604461015,71.0,79.0,82.0,83.0,17.6,58.3
1604461016,70.0,80.0,82.0,83.0,17.6,58.1
1604461017,70.0,80.0,82.0,83.0,17.6,58.1
1604461018,69.0,79.0,83.0,83.0,17.6,58.1
1604461019,69.0,79.0,84.0,83.0,17.6,58.1
1604461020,69.0,79.0,85.0,83.0,17.6,58.1
1604461021,69.0,78.0,85.0,84.0,17.6,58.1
1604461022,69.0,77.0,86.0,84.0,17.6,58.1
1604461023,69.0,77.0,86.0,85.0,17.6,58.1
1604461024,70.0,77.0,86.0,86.0,17.6,58.1
1604461025,70.0,76.0,86.0,86.0,17.6,58.1
1604461026,71.0,76.0,86.0,87.0,17.6,58.1
1604461027,71.0,76.0,85.0,87.0,17.6,58.1
1604461028,71.0,76.0,85.0,87.0,17.6,58.1
1604461029,72.0,76.0,85.0,87.0,17.6,58.1
1604461030,72.0,76.0,84.0,87.0,17.6,58.1
1604461031,71.0,77.0,84.0,87.0,17.6,58.2
1604461032,71.0,78.0,83.0,87.0,17.6,58.2
1604461033,71.0,78.0,83.0,87.0,17.6,58.2
1604461034,70.0,79.0,83.0,87.0,17.6,58.2
1604461035,70.0,80.0,82.0,87.0,17.6,58.2
1604461036,70.0,80.0,82.0,86.0,17.6,58.2
1604461037,69.0,80.0,82.0,86.0,17.6,58.2
1604461038,69.0,80.0,81.0,86.0,17.6,58.2
1604461039,68.0,80.0,81.0,86.0,17.6,58.2
1604461040,68.0,79.0,80.0,86.0,17.6,58.2
1604461041,68.0,79.0,80.0,86.0,17.6,58.2
1604461042,68.0,78.0,80.0,85.0,17.6,58.2
1604461043,67.77777777777777,77.88888888888889,80.0,85.0,17.6,58.2
1604461044,67.55555555555556,77.77777777777777,80.0,85.0,17.6,58.2
1604461045,67.33333333333333,77.66666666666667,80.0,85.0,17.6,58.2
1604461046,67.11111111111111,77.55555555555556,80.0,85.0,17.6,58.2
1604461047,66.88888888888889,77.44444444444444,80.0,85.0,17.6,58.2
1604461048,66.66666666666667,77.33333333333333,80.0,85.0,17.6,58.2
1604461049,66.44444444444444,77.22222222222223,80.0,85.0,17.6,58.2
1604461050,66.22222222222223,77.11111111111111,80.0,85.0,17.6,58.2
1604461051,66.0,77.0,80.0,85.0,17.6,58.2
1604461052,66.0,77.0,79.0,86.0,17.6,58.2
1604461053,65.0,77.0,79.0,87.0,17.6,58.2
1604461054,65.0,77.0,79.0,88.0,17.6,58.2
1604461055,65.0,77.0,79.0,88.0,17.6,58.2
1604461056,65.0,76.0,79.0,88.0,17.6,58.2
1604461057,65.0,76.0,80.0,88.0,17.6,58.2
1604461058,66.0,76.0,80.0,87.0,17.6,58.2
1604461059,66.0,77.0,80.0,87.0,17.6,58.2
1604461060,67.0,77.0,81.0,87.0,17.6,58.2
1604461061,67.0,77.0,82.0,86.0,17.6,58.2
1604461062,67.0,77.0,82.0,86.0,17.6,58.2
1604461063,67.0,77.0,84.0,85.0,17.6,58.2
1604461064,68.0,77.0,84.0,85.0,17.6,58.2
1604461065,68.0,76.0,84.0,84.0,17.6,58.2
1604461066,68.0,77.0,85.0,84.0,17.6,58.2
1604461067,68.0,77.0,85.0,84.0,17.6,58.2
1604461068,68.0,77.0,85.0,84.0,17.6,58.2
1604461069,68.0,77.0,84.0,83.0,17.6,58.1
1604461070,69.0,78.0,84.0,83.0,17.6,58.1
1604461071,69.0,79.0,83.0,83.0,17.6,58.1
1604461072,69.0,79.0,81.0,83.0,17.6,58.1
1604461073,69.0,80.0,80.0,83.0,17.6,58.1
1604461074,70.0,80.0,79.0,83.0,17.6,58.1
1604461075,70.0,81.0,79.0,84.0,17.6,58.1
1604461076,70.0,81.0,78.0,84.0,17.6,58.1
1604461077,70.0,82.0,77.0,84.0,17.6,58.1
1604461078,70.0,82.0,77.0,84.0,17.6,58.1
1604461079,70.0,82.0,77.0,84.0,17.7,57.9
1604461080,70.0,81.0,77.0,85.0,17.7,57.9
1604461081,70.0,81.0,77.0,85.0,17.7,57.9
1604461082,69.0,80.0,78.0,85.0,17.7,57.9
1604461083,69.0,80.0,78.0,85.0,17.7,57.9
1604461084,68.0,79.0,79.0,86.0,17.6,58.0
1604461085,68.0,78.0,80.0,86.0,17.6,58.0
1604461086,67.0,78.0,81.0,85.0,17.6,58.0
1604461087,67.0,77.0,81.0,85.0,17.6,58.0
1604461088,67.0,77.0,82.0,85.0,17.6,58.0
1604461089,67.0,76.0,82.0,85.0,17.6,58.3
1604461090,66.0,76.0,82.0,84.0,17.6,58.3
1604461091,66.0,76.0,82.0,84.0,17.6,58.3
1604461092,65.0,76.0,82.0,84.0,17.6,58.3
1604461093,65.0,76.0,82.0,83.0,17.6,58.3
1604461094,65.0,76.0,82.0,83.0,17.6,58.0
1604461095,64.0,76.0,82.0,83.0,17.6,58.0
1604461096,64.0,77.0,81.0,83.0,17.6,58.0
1604461097,64.0,77.0,81.0,83.0,17.6,58.0
1604461098,65.0,77.0,81.0,83.0,17.6,58.0
1604461099,65.0,77.0,81.0,84.0,17.6,58.0
1604461100,65.0,78.0,81.0,84.0,17.6,58.0
1604461101,65.0,78.0,82.0,85.0,17.6,58.0
1604461102,66.0,79.0,82.0,85.0,17.6,58.0
1604461103,66.0,79.0,82.0,86.0,17.6,58.0
1604461104,66.0,79.0,83.0,86.0,17.6,58.0
1604461105,67.0,80.0,84.0,87.0,17.6,58.0
1604461106,67.0,80.0,83.0,87.0,17.6,58.0
1604461107,68.0,80.0,83.0,87.0,17.6,58.0
1604461108,68.0,80.0,82.0,87.0,17.6,58.0
1604461109,68.0,80.0,82.0,87.0,17.6,58.0
1604461110,68.0,79.0,81.0,86.0,17.6,58.0
1604461111,69.0,78.0,81.0,86.0,17.6,58.0
1604461112,70.0,78.0,81.0,86.0,17.6,58.0
1604461113,70.0,77.0,81.0,86.0,17.6,58.0
1604461114,70.0,77.0,81.0,86.0,17.6,58.0
1604461115,71.0,76.0,81.0,85.0,17.6,58.0
1604461116,71.0,76.0,81.0,85.0,17.6,58.0
1604461117,71.0,75.0,82.0,85.0,17.6,58.0
1604461118,71.0,75.0,82.0,86.0,17.6,58.0
1604461119,71.0,75.0,83.0,86.0,17.6,58.0
1604461120,71.0,75.0,83.0,86.0,17.6,58.0
1604461121,71.0,75.0,84.0,86.0,17.6,58.0
1604461122,70.0,75.0,84.0,86.0,17.6,58.0
1604461123,70.0,75.0,84.0,86.0,17.6,58.0
1604461124,70.0,75.0,84.0,87.0,17.6,58.0
1604461125,70.0,75.0,85.0,87.0,17.6,58.0
1604461126,70.0,76.0,85.0,87.0,17.6,58.0
1604461127,70.0,76.0,85.0,87.0,17.6,58.0
1604461128,70.0,76.0,85.0,87.0,17.6,58.0
1604461129,70.0,76.0,85.0,87.0,17.6,58.0
1604461130,70.0,77.0,85.0,87.0,17.6,58.0
1604461131,70.0,77.0,84.0,87.0,17.6,58.0
1604461132,70.0,78.0,84.0,87.0,17.6,58.0
1604461133,69.0,78.0,83.0,87.0,17.6,58.0
1604461134,69.0,78.0,82.0,87.0,17.6,58.0
1604461135,69.0,78.0,82.0,87.0,17.6,58.0
1604461136,69.0,79.0,81.0,87.0,17.6,58.0
1604461137,69.0,79.0,81.0,86.0,17.6,58.0
1604461138,68.0,79.0,81.0,86.0,17.6,58.0
1604461139,68.0,79.0,81.0,86.0,17.6,58.0
1604461140,68.0,79.0,81.0,86.0,17.6,58.0
1604461141,68.0,79.0,82.0,86.0,17.6,58.0
1604461142,68.0,79.0,82.0,86.0,17.6,58.0
1604461143,68.0,78.0,83.0,85.0,17.6,58.0
1604461144,68.0,78.0,84.0,85.0,17.6,58.0
1604461145,68.0,77.0,84.0,85.0,17.6,58.0
1604461146,68.0,77.0,84.0,85.0,17.6,58.0
1604461147,67.0,77.0,84.0,85.0,17.6,58.0
1604461148,67.0,76.0,84.0,85.0,17.6,58.0
1604461149,67.0,76.0,84.0,85.0,17.6,58.1
1604461150,67.0,76.0,84.0,84.0,17.6,58.1
1604461151,66.0,76.0,83.0,84.0,17.6,58.1
1604461152,66.0,76.0,83.0,84.0,17.6,58.1
1604461153,66.0,76.0,83.0,84.0,17.6,58.1
1604461154,66.0,76.0,82.0,84.0,17.6,58.1
1604461155,66.0,76.0,82.0,84.0,17.6,58.1
1604461156,66.0,76.0,82.0,84.0,17.6,58.1
1604461157,66.0,76.0,82.0,84.0,17.6,58.1
1604461158,66.0,77.0,83.0,84.0,17.6,58.1
1604461159,66.0,77.0,83.0,84.0,17.6,58.1
1604461160,66.0,77.0,83.0,84.0,17.6,58.1
1604461161,66.0,78.0,82.0,83.0,17.6,58.1
1604461162,66.0,78.0,82.0,83.0,17.6,58.1
1604461163,66.0,78.0,82.0,84.0,17.6,58.1
1604461164,66.0,77.0,82.0,84.0,17.6,58.1
1604461165,65.0,77.0,81.0,84.0,17.6,58.1
1604461166,65.0,78.0,81.0,84.0,17.6,58.1
1604461167,64.0,78.0,81.0,84.0,17.6,58.1
1604461168,64.0,78.0,81.0,84.0,17.6,58.1
1604461169,64.0,78.0,82.0,84.0,17.6,58.1
1604461170,64.0,78.0,82.0,84.0,17.6,58.1
1604461171,65.0,77.0,83.0,85.0,17.6,58.1
1604461172,65.0,77.0,83.0,85.0,17.6,58.1
1604461173,66.0,77.0,83.0,85.0,17.6,58.1
1604461174,66.0,77.0,83.0,85.0,17.6,58.2
1604461175,67.0,77.0,83.0,85.0,17.6,58.2
1604461176,67.0,77.0,83.0,85.0,17.6,58.2
1604461177,68.0,77.0,83.0,85.0,17.6,58.2
1604461178,69.0,77.0,83.0,86.0,17.6,58.2
1604461179,70.0,76.0,83.0,86.0,17.6,58.2
1604461180,70.0,77.0,83.0,86.0,17.6,58.2
1604461181,70.0,77.0,84.0,86.0,17.6,58.2
1604461182,71.0,77.0,84.0,87.0,17.6,58.2
1604461183,71.0,77.0,85.0,87.0,17.6,58.2
1604461184,71.0,77.0,86.0,88.0,17.6,58.2
1604461185,71.0,77.0,86.0,88.0,17.6,58.2
1604461186,71.0,77.0,87.0,88.0,17.6,58.2
1604461187,71.0,77.0,88.0,88.0,17.6,58.2
1604461188,70.0,77.0,89.0,88.0,17.6,58.2
1604461189,70.0,77.0,89.0,88.0,17.6,58.2
1604461190,70.0,77.0,90.0,88.0,17.6,58.2
1604461191,69.0,77.0,90.0,88.0,17.6,58.2
1604461192,69.0,77.0,90.0,88.0,17.6,58.2
1604461193,68.0,77.0,90.0,87.0,17.6,58.2
1604461194,68.0,77.0,90.0,87.0,17.6,58.2
1604461195,67.0,77.0,89.0,87.0,17.6,58.2
1604461196,67.0,77.0,89.0,87.0,17.6,58.2
1604461197,67.0,77.0,89.0,86.0,17.6,58.2
1604461198,67.0,77.0,88.0,86.0,17.6,58.2
1604461199,67.0,76.0,88.0,86.0,17.6,58.2
1604461200,67.0,76.0,88.0,86.0,17.6,58.2
1604461201,67.0,77.0,88.0,87.0,17.6,58.2
1604461202,68.0,77.0,88.0,87.0,17.6,58.2
1604461203,68.0,77.0,88.0,88.0,17.6,58.2
1604461204,69.0,77.0,88.0,88.0,17.6,58.2
1604461205,69.0,78.0,88.0,88.0,17.6,58.2
1604461206,69.0,78.0,88.0,89.0,17.6,58.2
1604461207,69.0,78.0,88.0,89.0,17.6,58.2
1604461208,70.0,78.0,88.0,89.0,17.6,58.2
1604461209,70.0,78.0,88.0,89.0,17.6,58.2
1604461210,70.0,78.0,87.0,89.0,17.6,58.2
1604461211,70.0,78.0,86.0,88.0,17.6,58.2
1604461212,69.0,77.0,86.0,87.0,17.6,58.2
1604461213,69.0,77.0,85.0,86.0,17.6,58.2
1604461214,69.0,76.0,84.0,85.0,17.6,58.2
1604461215,69.0,76.0,84.0,85.0,17.6,58.2
1604461216,69.0,75.0,83.0,84.0,17.6,58.2
1604461217,69.0,76.0,82.0,83.0,17.6,58.2
1604461218,70.0,76.0,82.0,83.0,17.6,58.2
1604461219,70.0,76.0,81.0,83.0,17.6,58.2
1604461220,70.0,76.0,81.0,83.0,17.6,58.2
1604461221,70.0,77.0,81.0,83.0,17.6,58.2
1604461222,70.0,77.0,80.0,83.0,17.6,58.2
1604461223,70.0,77.0,81.0,83.0,17.6,58.2
1604461224,69.0,79.0,81.0,84.0,17.6,58.0
1604461225,69.0,79.0,81.0,84.0,17.6,58.0
1604461226,69.0,79.0,81.0,85.0,17.6,58.0
1604461227,68.0,80.0,81.0,86.0,17.6,58.0
1604461228,68.0,79.0,81.0,86.0,17.6,58.0
1604461229,68.0,79.0,81.0,86.0,17.6,58.1
1604461230,68.0,79.0,82.0,86.0,17.6,58.1
1604461231,68.0,78.0,82.0,86.0,17.6,58.1
1604461232,67.0,78.0,82.0,86.0,17.6,58.1
1604461233,67.0,78.0,82.0,86.0,17.6,58.1
1604461234,67.0,78.0,82.0,85.0,17.6,58.0
1604461235,67.0,78.0,82.0,85.0,17.6,58.0
1604461236,67.0,78.0,83.0,84.0,17.6,58.0
1604461237,67.0,79.0,84.0,84.0,17.6,58.0
1604461238,67.0,79.0,84.0,83.0,17.6,58.0
1604461239,67.0,79.0,84.0,83.0,17.6,58.0
1604461240,67.0,80.0,85.0,83.0,17.6,58.0
1604461241,67.0,80.0,85.0,83.0,17.6,58.0
1604461242,67.0,80.0,86.0,83.0,17.6,58.0
1604461243,66.0,81.0,86.0,83.0,17.6,58.0
1604461244,66.0,80.0,86.0,83.0,17.6,58.0
1604461245,66.0,80.0,86.0,84.0,17.6,58.0
1604461246,66.0,80.0,86.0,84.0,17.6,58.0
1604461247,66.0,80.0,86.0,85.0,17.6,58.0
1604461248,65.0,79.0,85.0,85.0,17.6,58.0
1604461249,65.0,79.0,85.0,86.0,17.6,57.9
1604461250,66.0,79.0,85.0,86.0,17.6,57.9
1604461251,66.0,79.0,84.0,86.0,17.6,57.9
1604461252,66.44444444444444,79.0,84.0,86.0,17.6,57.9
1604461253,66.88888888888889,79.0,84.0,86.0,17.6,57.9
1604461254,67.33333333333333,79.0,84.0,86.0,17.6,57.9
1604461255,67.77777777777777,79.0,84.0,86.0,17.6,57.9
1604461256,68.22222222222223,79.0,84.0,86.0,17.6,57.9
1604461257,68.66666666666667,79.0,84.0,86.0,17.6,57.9
1604461258,69.11111111111111,79.0,84.0,86.0,17.6,57.9
1604461259,69.55555555555556,79.0,84.0,86.0,17.6,57.9
1604461260,70.0,79.0,84.0,86.0,17.6,57.9
1604461261,70.0,79.0,84.0,86.0,17.6,57.9
1604461262,70.0,79.0,84.0,86.0,17.6,57.9
1604461263,70.0,79.0,84.0,86.0,17.6,57.9
1604461264,70.0,79.0,84.0,87.0,17.6,57.9
1604461265,71.0,79.0,84.0,87.0,17.6,57.9
1604461266,71.0,79.0,84.0,87.0,17.6,57.9
1604461267,71.0,78.0,84.0,86.0,17.6,57.9
1604461268,71.0,78.0,83.0,86.0,17.6,57.9
1604461269,71.0,78.0,83.0,86.0,17.6,57.8
1604461270,72.0,77.0,83.0,86.0,17.6,57.8
1604461271,72.0,77.0,83.0,87.0,17.6,57.8
1604461272,72.0,77.0,83.0,87.0,17.6,57.8
1604461273,72.0,77.0,82.0,87.0,17.6,57.8
1604461274,72.0,78.0,82.0,87.0,17.6,57.7
1604461275,73.0,78.0,82.0,87.0,17.6,57.7
1604461276,73.0,78.0,82.0,87.0,17.6,57.7
1604461277,73.0,78.0,82.0,87.0,17.6,57.7
1604461278,73.0,78.0,83.0,87.0,17.6,57.7
1604461279,73.0,78.0,83.0,86.0,17.6,57.7
1604461280,73.0,80.0,84.0,86.0,17.6,57.7
1604461281,73.0,80.0,84.0,85.0,17.6,57.7
1604461282,73.0,80.0,84.0,85.0,17.6,57.7
1604461283,73.0,80.0,85.0,85.0,17.6,57.7
1604461284,73.0,80.0,85.0,83.0,17.6,57.7
1604461285,72.0,80.0,86.0,83.0,17.6,57.7
1604461286,72.0,80.0,86.0,83.0,17.6,57.7
1604461287,72.0,80.0,87.0,83.0,17.6,57.7
1604461288,72.0,80.0,87.0,83.0,17.6,57.7
1604461289,72.0,80.0,87.0,83.0,17.6,57.6
1604461290,72.0,79.0,87.0,83.0,17.6,57.6
1604461291,72.0,79.0,87.0,84.0,17.6,57.6
1604461292,72.0,79.0,87.0,84.0,17.6,57.6
1604461293,72.0,79.0,87.0,82.0,17.6,57.6
1604461294,72.0,79.0,87.0,82.0,17.5,57.5
1604461295,72.0,79.0,87.0,83.0,17.5,57.5
1604461296,71.0,79.0,86.0,83.0,17.5,57.5
1604461297,71.0,79.0,86.0,83.0,17.5,57.5
1604461298,71.0,79.0,86.0,83.0,17.5,57.5
1604461299,70.0,79.0,86.0,84.0,17.6,57.6
1604461300,70.0,79.0,85.0,84.0,17.6,57.6
1604461301,70.0,79.0,85.0,84.0,17.6,57.6
1604461302,70.0,79.0,85.0,84.0,17.6,57.6
1604461303,70.0,79.0,85.0,84.0,17.6,57.6
1604461304,70.0,78.0,84.0,84.0,17.6,57.5
1604461305,70.0,78.0,84.0,84.0,17.6,57.5
1604461306,71.0,78.0,83.0,84.0,17.6,57.5
1604461307,71.0,78.0,83.0,84.0,17.6,57.5
1604461308,71.0,78.0,83.0,84.0,17.6,57.5
1604461309,72.0,79.0,82.0,84.0,17.6,57.5
1604461310,72.0,79.0,82.0,84.0,17.6,57.5
1604461311,73.0,79.0,81.0,84.0,17.6,57.5
1604461312,73.0,78.0,81.0,84.0,17.6,57.5
1604461313,73.0,78.0,81.0,84.0,17.6,57.5
1604461314,73.0,78.0,81.0,84.0,17.6,57.5
1604461315,73.0,78.0,81.0,84.0,17.6,57.5
1604461316,73.0,78.0,82.0,84.0,17.6,57.5
1604461317,73.0,78.0,83.0,84.0,17.6,57.5
1604461318,73.0,78.0,84.0,83.0,17.6,57.5
1604461319,73.0,77.0,84.0,83.0,17.5,57.5
1604461320,73.0,77.0,84.0,83.0,17.5,57.5
1604461321,73.0,77.0,85.0,82.0,17.5,57.5
1604461322,73.0,77.0,85.0,83.0,17.5,57.5
1604461323,73.0,77.0,85.0,83.0,17.5,57.5
1604461324,73.0,77.0,84.0,83.0,17.6,57.6
1604461325,73.0,77.0,84.0,83.0,17.6,57.6
1604461326,74.0,78.0,83.0,83.0,17.6,57.6
1604461327,74.0,78.0,83.0,84.0,17.6,57.6
1604461328,74.0,78.0,82.0,84.0,17.6,57.6
1604461329,73.0,78.0,81.0,84.0,17.5,57.5
1604461330,73.0,79.0,81.0,84.0,17.5,57.5
1604461331,73.0,79.0,81.0,84.0,17.5,57.5
1604461332,73.0,79.0,81.0,84.0,17.5,57.5
1604461333,73.0,80.0,81.0,84.0,17.5,57.5
1604461334,72.0,80.0,81.0,84.0,17.5,57.5
1604461335,72.0,80.0,81.0,84.0,17.5,57.5
1604461336,71.0,80.0,82.0,84.0,17.5,57.5
1604461337,71.0,80.0,82.0,84.0,17.5,57.5
1604461338,71.0,80.0,83.0,84.0,17.5,57.5
1604461339,70.0,80.0,83.0,84.0,17.5,57.5
1604461340,71.0,81.0,83.0,84.0,17.5,57.5
1604461341,70.0,81.0,84.0,84.0,17.5,57.5
1604461342,70.0,81.0,84.0,84.0,17.5,57.5
1604461343,71.0,81.0,84.0,84.0,17.5,57.5
1604461344,71.0,81.0,84.0,84.0,17.5,57.5
1604461345,71.0,81.0,84.0,84.0,17.5,57.5
1604461346,71.0,81.0,84.0,83.0,17.5,57.5
1604461347,72.0,80.0,85.0,83.0,17.5,57.5
1604461348,72.0,80.0,85.0,83.0,17.5,57.5
1604461349,72.0,80.0,85.0,83.0,17.4,57.5
1604461350,72.0,79.0,85.0,83.0,17.4,57.5
1604461351,72.0,79.0,85.0,83.0,17.4,57.5
1604461352,72.0,78.0,86.0,83.0,17.4,57.5
1604461353,72.0,78.0,86.0,83.0,17.4,57.5
1604461354,71.0,78.0,86.0,83.0,17.5,57.6
1604461355,71.0,78.0,86.0,83.0,17.5,57.6
1604461356,71.0,78.0,86.0,83.0,17.5,57.6
1604461357,71.0,78.0,86.0,83.0,17.5,57.6
1604461358,71.0,78.0,86.0,83.0,17.5,57.6
1604461359,71.0,78.0,86.0,83.0,17.5,57.6
1604461360,71.0,78.0,85.0,83.0,17.5,57.6
1604461361,70.0,78.0,85.0,82.0,17.5,57.6
1604461362,70.0,79.0,85.0,82.0,17.5,57.6
1604461363,70.0,78.0,82.0,81.0,17.5,57.6
1604461364,70.0,78.0,83.0,81.0,17.4,57.7
1604461365,70.0,78.0,83.0,81.0,17.4,57.7
1604461366,69.0,78.0,83.0,81.0,17.4,57.7
1604461367,69.0,77.0,84.0,80.0,17.4,57.7
1604461368,69.0,76.0,84.0,80.0,17.4,57.7
1604461369,69.0,76.0,85.0,80.0,17.4,57.9
1604461370,69.0,76.0,85.0,81.0,17.4,57.9
1604461371,69.0,75.0,86.0,81.0,17.4,57.9
1604461372,70.0,75.0,86.0,81.0,17.4,57.9
1604461373,70.0,75.0,86.0,80.0,17.4,57.9
1604461374,70.0,76.0,86.0,80.0,17.4,57.7
1604461375,70.0,76.0,86.0,80.0,17.4,57.7
1604461376,70.0,76.0,86.0,80.0,17.4,57.7
1604461377,70.0,77.0,85.0,80.0,17.4,57.7
1604461378,71.0,77.0,85.0,80.0,17.4,57.7
1604461379,71.0,78.0,84.0,79.0,17.4,57.7
1604461380,71.0,78.0,84.0,79.0,17.4,57.7
1604461381,70.0,78.0,83.0,78.0,17.4,57.7
1604461382,70.0,78.0,83.0,78.0,17.4,57.7
1604461383,70.0,79.0,82.0,78.0,17.4,57.7
1604461384,70.0,79.0,82.0,78.0,17.4,57.8
1604461385,70.0,79.0,82.0,78.0,17.4,57.8
1604461386,70.0,79.0,83.0,78.0,17.4,57.8
1604461387,70.0,78.0,83.0,78.0,17.4,57.8
1604461388,70.0,78.0,83.0,78.0,17.4,57.8
1604461389,69.0,78.0,84.0,78.0,17.4,57.9
1604461390,69.0,78.0,84.0,79.0,17.4,57.9
1604461391,69.0,78.0,85.0,79.0,17.4,57.9
1604461392,69.0,78.0,85.0,80.0,17.4,57.9
1604461393,70.0,78.0,85.0,80.0,17.4,57.9
1604461394,70.0,78.0,86.0,80.0,17.4,57.9
1604461395,70.0,78.0,86.0,80.0,17.4,57.9
1604461396,70.0,78.0,86.0,81.0,17.4,57.9
1604461397,71.0,78.0,86.0,81.0,17.4,57.9
1604461398,71.0,80.0,87.0,81.0,17.4,57.9
1604461399,71.0,80.0,87.0,81.0,17.4,57.9
1604461400,72.0,80.0,87.0,81.0,17.4,57.9
1604461401,72.0,80.0,87.0,80.0,17.4,57.9
1604461402,72.0,80.0,86.0,80.0,17.4,57.9
1604461403,71.0,80.0,86.0,80.0,17.4,57.9
1604461404,71.0,80.0,86.0,80.0,17.4,58.0
1604461405,70.0,79.0,85.0,80.0,17.4,58.0
1604461406,70.0,79.0,84.0,80.0,17.4,58.0
1604461407,70.0,79.0,83.0,80.0,17.4,58.0
1604461408,69.0,79.0,82.0,80.0,17.4,58.0
1604461409,69.0,78.0,82.0,80.0,17.4,57.9
1604461410,68.0,78.0,81.0,80.0,17.4,57.9
1604461411,68.0,78.0,81.0,81.0,17.4,57.9
1604461412,68.0,78.0,81.0,81.0,17.4,57.9
1604461413,68.0,78.0,81.0,81.0,17.4,57.9
1604461414,69.0,78.0,81.0,81.0,17.4,58.1
1604461415,69.0,78.0,81.0,82.0,17.4,58.1
1604461416,69.0,78.0,82.0,82.0,17.4,58.1
1604461417,69.0,78.0,82.0,82.0,17.4,58.1
1604461418,70.0,78.0,82.0,82.0,17.4,58.1
1604461419,70.0,79.0,82.0,82.0,17.4,58.1
1604461420,70.0,79.0,82.0,82.0,17.4,58.1
1604461421,70.0,79.0,82.0,82.0,17.4,58.1
1604461422,70.0,79.0,82.0,83.0,17.4,58.1
1604461423,70.0,79.0,82.0,83.0,17.4,58.1
1604461424,70.0,80.0,82.0,83.0,17.4,58.2
1604461425,70.0,80.0,82.0,83.0,17.4,58.2
1604461426,70.0,80.0,82.0,83.0,17.4,58.2
1604461427,71.0,79.0,82.0,83.0,17.4,58.2
1604461428,70.0,79.0,82.0,83.0,17.4,58.2
1604461429,71.0,79.0,82.0,84.0,17.4,58.3
1604461430,71.0,79.0,83.0,84.0,17.4,58.3
1604461431,71.0,78.0,82.0,84.0,17.4,58.3
1604461432,72.0,78.0,82.0,85.0,17.4,58.3
1604461433,72.0,78.0,82.0,85.0,17.4,58.3
1604461434,72.0,77.0,82.0,85.0,17.4,58.4
1604461435,72.0,77.0,82.0,85.0,17.4,58.4
1604461436,72.0,77.0,82.0,85.0,17.4,58.4
1604461437,72.0,77.0,81.0,86.0,17.4,58.4
1604461438,72.0,77.0,81.0,86.0,17.4,58.4
1604461439,72.0,77.0,81.0,85.0,17.4,58.4
1604461440,72.0,77.0,80.0,85.0,17.4,58.4
1604461441,72.0,77.0,80.0,84.0,17.4,58.4
1604461442,72.0,77.0,80.0,84.0,17.4,58.4
1604461443,72.0,77.0,80.0,84.0,17.4,58.4
1604461444,72.0,77.0,80.0,83.0,17.4,58.4
1604461445,73.0,76.0,80.0,83.0,17.4,58.4
1604461446,74.0,76.0,80.0,83.0,17.4,58.4
1604461447,74.0,76.0,81.0,83.0,17.4,58.4
1604461448,74.0,76.0,81.0,83.0,17.4,58.4
1604461449,75.0,76.0,81.0,83.0,17.4,58.3
1604461450,75.0,76.0,82.0,83.0,17.4,58.3
1604461451,75.0,76.0,82.0,83.0,17.4,58.3
1604461452,75.0,76.0,83.0,83.0,17.4,58.3
1604461453,76.0,76.0,84.0,83.0,17.4,58.3
1604461454,76.0,76.0,84.0,83.0,17.4,58.4
1604461455,75.0,76.0,84.0,82.0,17.4,58.4
1604461456,75.0,77.0,85.0,82.0,17.4,58.4
1604461457,74.5,77.0,85.0,82.0,17.4,58.4
1604461458,74.0,77.0,85.0,82.0,17.4,58.4
1604461459,74.0,78.0,85.0,82.0,17.4,58.4
1604461460,74.0,79.0,85.0,82.0,17.4,58.5
1604461461,74.0,80.0,85.0,82.0,17.4,58.5
1604461462,73.77777777777777,80.0,85.0,82.0,17.4,58.5
1604461463,73.55555555555556,80.0,85.0,82.0,17.4,58.5
1604461464,73.33333333333333,80.0,85.0,82.0,17.4,58.5
1604461465,73.11111111111111,80.0,85.0,82.0,17.4,58.5
1604461466,72.88888888888889,80.0,85.0,82.0,17.4,58.5
1604461467,72.66666666666667,80.0,85.0,82.0,17.4,58.5
1604461468,72.44444444444444,80.0,85.0,82.0,17.4,58.5
1604461469,72.22222222222223,80.0,85.0,82.0,17.4,58.5
1604461470,72.0,80.0,85.0,82.0,17.4,58.5
1604461471,72.0,80.0,85.0,82.0,17.4,58.5
1604461472,71.0,81.0,85.0,82.0,17.4,58.5
1604461473,71.0,81.0,85.0,82.0,17.4,58.4
1604461474,71.0,82.0,85.0,82.0,17.4,58.4
1604461475,70.0,82.0,85.0,83.0,17.4,58.4
1604461476,70.0,82.0,84.0,83.0,17.4,58.4
1604461477,70.0,81.0,84.0,83.0,17.4,58.4
1604461478,70.0,80.0,84.0,83.0,17.4,58.5
1604461479,70.0,80.0,83.0,83.0,17.4,58.5
1604461480,71.0,80.0,83.0,82.0,17.4,58.5
1604461481,71.0,80.0,82.0,82.0,17.4,58.5
1604461482,71.0,80.0,82.0,81.0,17.4,58.5
1604461483,72.0,80.0,81.0,81.0,17.4,58.3
1604461484,73.0,78.0,81.0,80.0,17.4,58.3
1604461485,73.0,78.0,81.0,79.0,17.4,58.3
1604461486,74.0,78.0,81.0,79.0,17.4,58.3
1604461487,74.0,78.0,81.0,78.0,17.4,58.3
1604461488,73.0,78.0,81.0,78.0,17.4,58.3
1604461489,73.0,78.0,81.0,77.0,17.4,58.3
1604461490,73.0,77.0,81.0,77.0,17.4,58.3
1604461491,73.0,77.0,82.0,78.0,17.4,58.3
1604461492,72.0,77.0,82.0,78.0,17.4,58.3
1604461493,71.0,77.0,82.0,78.0,17.4,58.2
1604461494,71.0,77.0,82.0,78.0,17.4,58.2
1604461495,70.0,77.0,81.0,79.0,17.4,58.2
1604461496,70.0,77.0,81.0,79.0,17.4,58.2
1604461497,70.0,77.0,81.0,80.0,17.4,58.2
1604461498,70.0,77.0,80.0,80.0,17.4,58.2
1604461499,70.0,77.0,80.0,81.0,17.4,58.2
1604461500,70.0,77.0,80.0,81.0,17.4,58.2
1604461501,71.0,77.0,80.0,81.0,17.4,58.2
1604461502,72.0,78.0,79.0,82.0,17.4,58.2
1604461503,72.0,78.0,80.0,82.0,17.4,58.2
1604461504,72.0,78.0,80.0,83.0,17.4,58.2
1604461505,72.0,78.0,80.0,83.0,17.4,58.2
1604461506,72.0,78.0,80.0,83.0,17.4,58.2
1604461507,72.0,78.0,80.0,83.0,17.4,58.2
1604461508,72.0,79.0,80.0,83.0,17.4,58.3
1604461509,72.0,79.0,81.0,83.0,17.4,58.3
1604461510,71.0,79.0,81.0,83.0,17.4,58.3
1604461511,71.0,78.0,81.0,83.0,17.4,58.3
1604461512,71.0,78.0,81.0,83.0,17.4,58.3
1604461513,71.0,78.0,81.0,83.0,17.4,58.3
1604461514,71.0,77.0,81.0,83.0,17.4,58.3
1604461515,71.0,77.0,81.0,83.0,17.4,58.3
1604461516,71.0,76.0,81.0,83.0,17.4,58.3
1604461517,71.0,76.0,82.0,83.0,17.4,58.3
1604461518,71.0,76.0,82.0,83.0,17.4,58.3
1604461519,71.0,75.0,82.0,83.0,17.4,58.3
1604461520,71.0,74.0,82.0,83.0,17.4,58.3
1604461521,71.0,74.0,82.0,83.0,17.4,58.3
1604461522,70.0,74.0,82.0,83.0,17.4,58.3
1604461523,70.0,74.0,83.0,82.0,17.4,58.4
1604461524,70.0,74.0,83.0,82.0,17.4,58.4
1604461525,69.0,74.0,84.0,82.0,17.4,58.4
1604461526,69.0,73.0,84.0,81.0,17.4,58.4
1604461527,69.0,73.0,84.0,81.0,17.4,58.4
1604461528,68.0,73.0,83.0,81.0,17.4,58.4
1604461529,68.0,73.0,83.0,81.0,17.4,58.4
1604461530,68.0,73.0,82.0,81.0,17.4,58.4
1604461531,68.0,73.0,81.0,82.0,17.4,58.4
1604461532,68.0,73.0,81.0,82.0,17.4,58.4
1604461533,68.0,73.0,80.0,82.0,17.4,58.4
1604461534,67.0,73.0,80.0,82.0,17.4,58.4
1604461535,68.0,74.0,79.0,83.0,17.4,58.4
1604461536,68.0,74.0,79.0,83.0,17.4,58.4
1604461537,67.0,75.0,79.0,84.0,17.4,58.4
1604461538,67.0,75.0,79.0,84.0,17.5,58.4
1604461539,67.0,76.0,79.0,84.0,17.5,58.4
1604461540,66.0,76.0,79.0,84.0,17.5,58.4
1604461541,66.0,77.0,80.0,84.0,17.5,58.4
1604461542,66.0,77.0,81.0,84.0,17.5,58.4
1604461543,66.0,78.0,81.0,85.0,17.5,58.4
1604461544,65.0,78.0,81.0,85.0,17.5,58.4
1604461545,65.0,78.0,81.0,85.0,17.5,58.4
1604461546,66.0,79.0,81.0,85.0,17.5,58.4
1604461547,66.0,79.0,81.0,85.0,17.5,58.4
1604461548,67.0,79.0,80.0,85.0,17.4,58.3
1604461549,68.0,79.0,80.0,85.0,17.4,58.3
1604461550,68.0,79.0,80.0,85.0,17.4,58.3
1604461551,69.0,79.0,79.0,84.0,17.4,58.3
1604461552,70.0,80.0,79.0,84.0,17.4,58.3
1604461553,70.0,80.0,80.0,83.0,17.4,58.3
1604461554,70.0,80.0,80.0,83.0,17.4,58.3
1604461555,70.0,80.0,80.0,83.0,17.4,58.3
1604461556,71.0,80.0,80.0,83.0,17.4,58.3
1604461557,71.0,80.0,81.0,82.0,17.4,58.3
1604461558,70.0,80.0,81.0,82.0,17.4,58.3
1604461559,70.0,81.0,81.0,82.0,17.4,58.3
1604461560,70.0,81.0,81.0,81.0,17.4,58.3
1604461561,70.0,81.0,81.0,81.0,17.4,58.3
1604461562,70.0,81.0,81.0,81.0,17.4,58.3
1604461563,70.0,81.0,81.0,81.0,17.4,58.3
1604461564,70.0,81.0,80.0,81.0,17.4,58.3
1604461565,71.0,81.0,80.0,81.0,17.4,58.3
1604461566,71.0,81.0,79.0,81.0,17.4,58.3
1604461567,71.0,82.0,79.0,81.0,17.4,58.3
1604461568,71.0,82.0,79.0,82.0,17.4,58.3
1604461569,72.0,82.0,79.0,82.0,17.4,58.3
1604461570,73.0,82.0,78.0,83.0,17.4,58.3
1604461571,73.0,82.0,78.0,83.0,17.4,58.3
1604461572,73.0,81.0,78.0,84.0,17.4,58.3
1604461573,73.0,81.0,78.0,84.0,17.4,58.3
1604461574,73.0,80.0,78.0,84.0,17.4,58.3
1604461575,73.0,80.0,78.0,84.0,17.4,58.3
1604461576,73.0,79.0,78.0,84.0,17.4,58.3
1604461577,73.0,79.0,78.0,84.0,17.4,58.3
1604461578,73.0,78.0,78.0,84.0,17.4,58.3
1604461579,72.0,78.0,78.0,83.0,17.4,58.3
1604461580,72.0,77.0,78.0,83.0,17.4,58.3
1604461581,72.0,77.0,78.0,83.0,17.4,58.3
1604461582,72.0,77.0,78.0,83.0,17.4,58.3
1604461583,72.0,77.0,78.0,83.0,17.4,58.3
1604461584,71.0,77.0,78.0,83.0,17.4,58.3
1604461585,71.0,77.0,78.0,83.0,17.4,58.3
1604461586,71.0,78.0,79.0,83.0,17.4,58.3
1604461587,71.0,78.0,79.0,83.0,17.4,58.3
1604461588,71.0,78.0,79.0,83.0,17.4,58.3
1604461589,70.0,78.0,79.0,83.0,17.4,58.3
1604461590,70.0,78.0,80.0,83.0,17.4,58.3
1604461591,70.0,78.0,80.0,83.0,17.4,58.3
1604461592,70.0,78.0,80.0,83.0,17.4,58.3
1604461593,70.0,78.0,80.0,83.0,17.5,58.4
1604461594,70.0,78.0,80.0,83.0,17.5,58.4
1604461595,71.0,79.0,80.0,83.0,17.5,58.4
1604461596,71.0,79.0,80.0,83.0,17.5,58.4
1604461597,71.0,79.0,80.0,83.0,17.5,58.4
1604461598,72.0,80.0,80.0,83.0,17.4,58.2
1604461599,72.0,80.0,81.0,83.0,17.4,58.2
1604461600,72.0,80.0,81.0,83.0,17.4,58.2
1604461601,72.0,81.0,81.0,83.0,17.4,58.2
1604461602,72.0,81.0,82.0,83.0,17.4,58.2
1604461603,72.0,81.0,82.0,83.0,17.4,58.2
1604461604,72.0,82.0,83.0,84.0,17.4,58.2
1604461605,72.0,82.0,83.0,84.0,17.4,58.2
1604461606,72.0,81.0,83.0,84.0,17.4,58.2
1604461607,71.0,81.0,83.0,84.0,17.4,58.2
1604461608,71.0,81.0,82.0,84.0,17.4,58.3
1604461609,71.0,81.0,82.0,84.0,17.4,58.3
1604461610,71.0,80.0,81.0,84.0,17.4,58.3
1604461611,71.0,80.0,81.0,83.0,17.4,58.3
1604461612,70.0,79.0,80.0,83.0,17.4,58.3
1604461613,70.0,79.0,81.0,83.0,17.4,58.3
1604461614,71.0,79.0,80.0,83.0,17.4,58.3
1604461615,71.0,78.0,80.0,83.0,17.4,58.3
1604461616,71.0,78.0,79.0,82.0,17.4,58.3
1604461617,71.0,78.0,79.0,83.0,17.4,58.3
1604461618,71.0,78.0,79.0,83.0,17.4,58.3
1604461619,71.0,79.0,79.0,83.0,17.4,58.3
1604461620,71.0,79.0,79.0,83.0,17.4,58.3
1604461621,70.0,80.0,79.0,83.0,17.4,58.3
1604461622,70.0,80.0,79.0,83.0,17.4,58.3
1604461623,70.0,81.0,79.0,83.0,17.4,58.3
1604461624,70.0,81.0,79.0,83.0,17.4,58.3
1604461625,68.0,81.0,79.0,84.0,17.4,58.3
1604461626,68.0,81.0,80.0,84.0,17.4,58.3
1604461627,67.0,82.0,80.0,84.0,17.4,58.3
1604461628,67.0,80.0,80.0,84.0,17.4,58.2
1604461629,67.0,79.0,80.0,84.0,17.4,58.2
1604461630,67.0,78.0,80.0,84.0,17.4,58.2
1604461631,67.0,77.0,79.0,84.0,17.4,58.2
1604461632,67.0,77.0,79.0,84.0,17.4,58.2
1604461633,68.0,77.0,79.0,84.0,17.4,58.0
1604461634,69.0,77.0,79.0,84.0,17.4,58.0
1604461635,69.0,76.0,79.0,84.0,17.4,58.0
1604461636,70.0,76.0,78.0,84.0,17.4,58.0
1604461637,70.0,76.0,78.0,84.0,17.4,58.0
1604461638,71.0,77.0,79.0,85.0,17.4,58.2
1604461639,71.0,77.0,79.0,85.0,17.4,58.2
1604461640,71.0,78.0,79.0,85.0,17.4,58.2
1604461641,71.0,78.0,80.0,84.0,17.4,58.2
1604461642,71.0,79.0,80.0,84.0,17.4,58.2
1604461643,71.0,79.0,80.0,84.0,17.4,58.1
1604461644,71.0,79.0,81.0,84.0,17.4,58.1
1604461645,71.0,79.0,81.0,84.0,17.4,58.1
1604461646,71.0,79.0,81.0,84.0,17.4,58.1
1604461647,70.0,79.0,81.0,82.0,17.4,58.1
1604461648,70.0,79.0,81.0,82.0,17.4,58.1
1604461649,70.0,78.0,80.0,81.0,17.4,58.1
1604461650,70.0,78.0,80.0,81.0,17.4,58.1
1604461651,70.0,78.0,80.0,81.0,17.4,58.1
1604461652,70.0,77.0,79.0,80.0,17.4,58.1
1604461653,70.0,77.0,79.0,80.0,17.5,58.1
1604461654,70.0,76.0,78.0,80.0,17.5,58.1
1604461655,70.0,76.0,78.0,80.0,17.5,58.1
1604461656,70.0,75.0,78.0,80.0,17.5,58.1
1604461657,70.0,75.0,78.0,81.0,17.5,58.1
1604461658,71.0,75.0,79.0,81.0,17.4,58.1
1604461659,71.0,75.0,79.0,81.0,17.4,58.1
1604461660,71.0,75.0,80.0,81.0,17.4,58.1
1604461661,71.0,75.0,80.0,82.0,17.4,58.1
1604461662,72.0,74.0,80.0,82.0,17.4,58.1
1604461663,72.0,74.0,81.0,83.0,17.4,58.1
1604461664,72.0,74.0,81.0,83.11111111111111,17.4,58.1
1604461665,72.0,74.0,81.0,83.22222222222223,17.4,58.1
1604461666,72.0,74.0,81.0,83.33333333333333,17.4,58.1
1604461667,72.0,74.0,81.0,83.44444444444444,17.4,58.1
1604461668,72.0,74.0,81.0,83.55555555555556,17.4,58.1
1604461669,72.0,74.0,81.0,83.66666666666667,17.4,58.1
1604461670,72.0,74.0,81.0,83.77777777777777,17.4,58.1
1604461671,72.0,74.0,81.0,83.88888888888889,17.4,58.1
1604461672,72.0,74.0,81.0,84.0,17.4,58.1
1604461673,72.0,73.0,82.0,84.0,17.4,58.1
1604461674,73.0,73.0,82.0,84.0,17.4,58.1
1604461675,72.0,73.0,82.0,84.0,17.4,58.1
1604461676,72.0,73.0,82.0,84.0,17.4,58.1
1604461677,72.0,73.0,81.0,85.0,17.4,58.1
1604461678,72.0,73.0,81.0,85.0,17.4,58.1
1604461679,72.0,74.0,81.0,85.0,17.4,58.1
1604461680,72.0,74.0,81.0,84.0,17.4,58.1
1604461681,71.0,75.0,81.0,84.0,17.4,58.1
1604461682,71.0,76.0,80.0,84.0,17.4,58.1
1604461683,71.0,77.0,80.0,83.0,17.4,58.1
1604461684,71.0,77.0,80.0,83.0,17.4,58.1
1604461685,70.0,78.0,80.0,83.0,17.4,58.1
1604461686,70.0,78.0,80.0,83.0,17.4,58.1
1604461687,69.0,78.0,80.0,83.0,17.4,58.1
1604461688,69.0,79.0,81.0,83.0,17.4,58.1
1604461689,69.0,79.0,81.0,82.0,17.4,58.1
1604461690,68.0,79.0,81.0,82.0,17.4,58.1
1604461691,68.0,79.0,81.0,82.0,17.4,58.2
1604461692,68.0,78.0,81.0,82.0,17.4,58.2
1604461693,68.0,78.0,80.0,82.0,17.4,58.2
1604461694,68.0,78.0,80.0,82.0,17.4,58.2
1604461695,68.0,78.0,80.0,82.0,17.4,58.2
1604461696,68.0,78.0,81.0,82.0,17.4,58.2
1604461697,68.0,77.0,81.0,82.0,17.4,58.2
1604461698,68.0,77.0,81.0,83.0,17.4,58.2
1604461699,68.0,77.0,81.0,83.0,17.4,58.2
1604461700,67.0,77.0,81.0,84.0,17.4,58.2
1604461701,67.0,77.0,81.0,84.0,17.4,58.2
1604461702,67.0,77.0,81.0,85.0,17.4,58.2
1604461703,67.0,77.0,81.0,85.0,17.4,58.2
1604461704,66.0,77.0,81.0,86.0,17.4,58.2
1604461705,66.0,77.0,82.0,86.0,17.4,58.2
1604461706,66.0,77.0,82.0,87.0,17.4,58.1
1604461707,66.0,77.0,82.0,87.0,17.4,58.1
1604461708,66.0,77.0,82.0,87.0,17.4,58.1
1604461709,66.0,76.0,82.0,87.0,17.4,58.1
1604461710,67.0,76.0,82.0,87.0,17.4,58.1
1604461711,67.0,76.0,82.0,87.0,17.4,58.1
1604461712,68.0,74.0,82.0,85.0,17.4,58.1
1604461713,69.0,74.0,82.0,85.0,17.4,58.1
1604461714,70.0,74.0,82.0,84.0,17.4,58.1
1604461715,70.0,73.0,81.0,84.0,17.4,58.1
1604461716,71.0,73.0,80.0,83.0,17.4,58.1
1604461717,71.0,73.0,80.0,82.0,17.4,58.1
1604461718,71.0,73.0,79.0,82.0,17.4,58.1
1604461719,72.0,73.0,79.0,82.0,17.4,58.1
1604461720,72.0,73.0,78.0,82.0,17.4,58.1
1604461721,72.0,73.0,78.0,82.0,17.4,58.1
1604461722,72.0,74.0,78.0,82.0,17.4,58.1
1604461723,72.0,75.0,78.0,82.0,17.4,58.1
1604461724,72.0,75.0,78.0,82.0,17.4,58.1
1604461725,71.0,76.0,79.0,82.0,17.4,58.1
1604461726,71.0,76.0,79.0,82.0,17.4,58.2
1604461727,71.0,76.0,80.0,82.0,17.4,58.2
1604461728,72.0,77.0,81.0,82.0,17.4,58.2
1604461729,72.0,77.0,81.0,82.0,17.4,58.2
1604461730,71.0,78.0,81.0,82.0,17.4,58.2
1604461731,71.0,78.0,82.0,82.0,17.3,58.1
1604461732,71.0,78.0,82.0,82.0,17.3,58.1
1604461733,71.0,78.0,82.0,83.0,17.3,58.1
1604461734,71.0,79.0,82.0,83.0,17.3,58.1
1604461735,70.0,79.0,82.0,83.0,17.3,58.1
1604461736,70.0,79.0,82.0,84.0,17.4,58.1
1604461737,70.0,79.0,82.0,85.0,17.4,58.1
1604461738,69.0,79.0,81.0,85.0,17.4,58.1
1604461739,69.0,79.0,81.0,85.0,17.4,58.1
1604461740,69.0,79.0,81.0,86.0,17.4,58.1
1604461741,69.0,78.0,82.0,86.0,17.4,58.2
1604461742,69.0,78.0,82.0,86.0,17.4,58.2
1604461743,68.0,78.0,82.0,86.0,17.4,58.2
1604461744,69.0,77.0,83.0,86.0,17.4,58.2
1604461745,69.0,77.0,83.0,86.0,17.4,58.2
1604461746,68.0,76.0,83.0,86.0,17.4,58.2
1604461747,68.0,76.0,83.0,86.0,17.4,58.2
1604461748,68.0,76.0,84.0,86.0,17.4,58.2
1604461749,67.0,75.0,85.0,86.0,17.4,58.2
1604461750,67.0,75.0,85.0,86.0,17.4,58.2
1604461751,67.0,75.0,85.0,86.0,17.4,58.2
1604461752,66.0,75.0,85.0,87.0,17.4,58.2
1604461753,66.0,76.0,84.0,87.0,17.4,58.2
1604461754,65.0,76.0,84.0,87.0,17.4,58.2
1604461755,65.0,76.0,83.0,87.0,17.4,58.2
1604461756,65.0,76.0,82.0,87.0,17.4,58.2
1604461757,65.0,76.0,82.0,87.0,17.4,58.2
1604461758,65.0,76.0,81.0,86.0,17.4,58.2
1604461759,65.0,75.0,80.0,86.0,17.4,58.2
1604461760,65.0,75.0,79.0,85.0,17.4,58.2
1604461761,65.0,74.0,79.0,85.0,17.3,58.2
1604461762,66.0,74.0,79.0,85.0,17.3,58.2
1604461763,66.0,74.0,79.0,85.0,17.3,58.2
1604461764,66.0,73.0,79.0,84.0,17.3,58.2
1604461765,66.0,73.0,79.0,84.0,17.3,58.2
1604461766,67.0,74.0,79.0,84.0,17.4,58.3
1604461767,68.0,74.0,80.0,84.0,17.4,58.3
1604461768,68.0,74.0,80.0,84.0,17.4,58.3
1604461769,68.0,74.0,81.0,84.0,17.4,58.3
1604461770,68.0,75.0,81.0,84.0,17.4,58.3
1604461771,68.0,75.0,82.0,84.0,17.3,58.2
1604461772,69.0,76.0,82.0,84.0,17.3,58.2
1604461773,69.0,76.0,83.0,84.0,17.3,58.2
1604461774,69.0,76.0,83.0,84.0,17.3,58.2
1604461775,69.0,76.0,84.0,84.0,17.3,58.2
1604461776,70.0,76.0,85.0,84.0,17.3,58.3
1604461777,70.0,75.0,85.0,85.0,17.3,58.3
1604461778,71.0,75.0,86.0,85.0,17.3,58.3
1604461779,71.0,74.0,87.0,85.0,17.3,58.3
1604461780,71.0,74.0,87.0,86.0,17.3,58.3
1604461781,71.0,74.0,88.0,87.0,17.3,58.4
1604461782,72.0,73.0,88.0,88.0,17.3,58.4
1604461783,72.0,72.0,88.0,87.0,17.3,58.4
1604461784,72.0,72.0,88.0,87.0,17.3,58.4
1604461785,71.0,72.0,88.0,87.0,17.3,58.4
1604461786,71.0,72.0,88.0,87.0,17.3,58.5
1604461787,70.0,71.0,87.0,87.0,17.3,58.5
1604461788,70.0,71.0,87.0,86.0,17.3,58.5
1604461789,69.0,71.0,87.0,86.0,17.3,58.5
1604461790,68.0,71.0,86.0,87.0,17.3,58.5
1604461791,68.0,71.0,85.0,87.0,17.3,58.4
1604461792,68.0,71.0,84.0,87.0,17.3,58.4
1604461793,66.0,71.0,83.0,87.0,17.3,58.4
1604461794,66.0,72.0,83.0,87.0,17.3,58.4
1604461795,66.0,72.0,82.0,87.0,17.3,58.4
1604461796,66.0,72.0,82.0,87.0,17.4,58.5
1604461797,66.0,72.0,81.0,87.0,17.4,58.5
1604461798,66.0,73.0,81.0,87.0,17.4,58.5
1604461799,66.0,73.0,81.0,86.0,17.4,58.5
1604461800,67.0,73.0,81.0,86.0,17.4,58.5
1604461801,67.0,73.0,81.0,86.0,17.4,58.5
1604461802,68.0,73.0,82.0,85.0,17.4,58.5
1604461803,68.0,73.0,82.0,85.0,17.4,58.5
1604461804,68.0,73.0,82.0,85.0,17.4,58.5
1604461805,69.0,74.0,82.0,85.0,17.4,58.5
1604461806,69.0,74.0,83.0,85.0,17.3,58.4
1604461807,70.0,75.0,83.0,85.0,17.3,58.4
1604461808,70.0,75.0,83.0,85.0,17.3,58.4
1604461809,70.0,76.0,84.0,84.0,17.3,58.4
1604461810,70.0,77.0,83.0,84.0,17.3,58.4
1604461811,70.0,77.0,83.0,84.0,17.3,58.4
1604461812,70.0,78.0,83.0,84.0,17.3,58.4
1604461813,70.0,78.0,83.0,84.0,17.3,58.4
1604461814,70.0,78.0,83.0,84.0,17.3,58.4
1604461815,70.0,78.0,82.0,84.0,17.3,58.4
1604461816,69.0,78.0,82.0,84.0,17.3,58.4
1604461817,69.0,78.0,82.0,84.0,17.3,58.4
1604461818,69.0,77.0,81.0,84.0,17.3,58.4
1604461819,69.0,76.0,81.0,84.0,17.3,58.4
1604461820,69.0,76.0,81.0,84.0,17.3,58.4
1604461821,69.0,75.0,81.0,84.0,17.3,58.4
1604461822,69.0,75.0,80.0,84.0,17.3,58.4
1604461823,69.0,75.0,80.0,84.0,17.3,58.4
1604461824,68.0,75.0,80.0,84.0,17.3,58.4
1604461825,68.0,75.0,80.0,84.0,17.3,58.4
1604461826,68.0,75.0,80.0,83.0,17.4,58.5
1604461827,68.0,75.0,80.0,83.0,17.4,58.5
1604461828,68.0,75.0,80.0,83.0,17.4,58.5
1604461829,67.0,76.0,80.0,83.0,17.4,58.5
1604461830,67.0,76.0,80.0,83.0,17.4,58.5
1604461831,67.0,76.0,80.0,83.0,17.3,58.4
1604461832,67.0,76.0,80.0,83.0,17.3,58.4
1604461833,68.0,76.0,80.0,83.0,17.3,58.4
1604461834,68.0,76.0,80.0,83.0,17.3,58.4
1604461835,68.0,75.0,80.0,84.0,17.3,58.4
1604461836,68.0,75.0,79.0,84.0,17.3,58.4
1604461837,68.0,75.0,79.0,85.0,17.3,58.4
1604461838,69.0,75.0,79.0,85.0,17.3,58.4
1604461839,69.0,75.0,79.0,85.0,17.3,58.4
1604461840,68.0,75.0,79.0,85.0,17.3,58.4
1604461841,68.0,75.0,79.0,86.0,17.3,58.4
1604461842,68.0,74.0,79.0,86.0,17.3,58.4
1604461843,68.0,74.0,79.0,87.0,17.3,58.4
1604461844,67.0,75.0,79.0,87.0,17.3,58.4
1604461845,67.0,75.0,79.0,86.0,17.3,58.4
1604461846,67.0,75.0,80.0,86.0,17.3,58.4
1604461847,67.0,76.0,81.0,86.0,17.3,58.4
1604461848,67.0,76.0,81.0,85.0,17.3,58.4
1604461849,67.0,76.0,81.0,85.0,17.3,58.4
1604461850,67.0,77.0,81.0,85.0,17.3,58.4
1604461851,67.0,77.0,82.0,84.0,17.3,58.4
1604461852,68.0,78.0,82.0,84.0,17.3,58.4
1604461853,68.0,78.0,82.0,83.0,17.3,58.4
1604461854,68.0,78.0,82.0,83.0,17.3,58.4
1604461855,68.0,78.0,82.0,83.0,17.3,58.4
1604461856,68.0,79.0,81.0,83.0,17.3,58.4
1604461857,68.0,79.0,81.0,83.0,17.3,58.4
1604461858,68.0,80.0,80.0,84.0,17.3,58.4
1604461859,68.0,80.0,80.0,84.0,17.3,58.4
1604461860,68.0,80.0,80.0,84.0,17.3,58.4
1604461861,68.0,80.0,79.0,85.0,17.3,58.4
1604461862,68.0,80.0,79.0,85.0,17.3,58.4
1604461863,68.0,80.0,79.0,86.0,17.3,58.4
1604461864,67.0,80.0,79.0,86.0,17.3,58.4
1604461865,67.0,80.0,79.0,86.0,17.3,58.4
1604461866,67.0,80.0,79.0,87.0,17.3,58.4
1604461867,67.0,80.0,79.0,87.0,17.3,58.4
1604461868,67.0,79.0,80.0,87.0,17.3,58.4
1604461869,67.0,79.0,81.0,87.0,17.3,58.4
1604461870,67.0,78.0,82.0,87.0,17.3,58.4
1604461871,67.125,78.0,82.0,87.0,17.3,58.4
1604461872,67.25,78.0,82.0,87.0,17.3,58.4
1604461873,67.375,78.0,82.0,87.0,17.3,58.4
1604461874,67.5,78.0,82.0,87.0,17.3,58.4
1604461875,67.625,78.0,82.0,87.0,17.3,58.4
1604461876,67.75,78.0,82.0,87.0,17.3,58.4
1604461877,67.875,78.0,82.0,87.0,17.3,58.4
1604461878,68.0,78.0,82.0,87.0,17.3,58.4
1604461879,68.0,78.0,81.0,87.0,17.3,58.4
1604461880,69.0,77.0,81.0,87.0,17.3,58.4
1604461881,69.0,77.0,81.0,87.0,17.3,58.4
1604461882,69.0,76.0,82.0,87.0,17.3,58.4
1604461883,69.0,76.0,82.0,87.0,17.3,58.4
1604461884,70.0,76.0,83.0,87.0,17.3,58.4
1604461885,70.0,76.0,83.0,87.0,17.3,58.4
1604461886,70.0,76.0,84.0,87.0,17.3,58.4
1604461887,70.0,75.0,84.0,87.0,17.3,58.4
1604461888,71.0,75.0,84.0,88.0,17.3,58.4
1604461889,71.0,75.0,83.0,88.0,17.3,58.4
1604461890,70.0,76.0,83.0,88.0,17.3,58.4
1604461891,70.0,76.0,83.0,88.0,17.3,58.4
1604461892,70.0,76.0,83.0,88.0,17.3,58.4
1604461893,70.0,77.0,83.0,88.0,17.3,58.4
1604461894,70.0,77.0,83.0,87.0,17.3,58.4
1604461895,71.0,77.0,82.0,87.0,17.3,58.4
1604461896,70.0,78.0,82.0,87.0,17.3,58.4
1604461897,70.0,79.0,82.0,87.0,17.3,58.4
1604461898,70.0,79.0,83.0,87.0,17.3,58.4
1604461899,70.0,80.0,83.0,87.0,17.3,58.4
1604461900,71.0,80.0,83.0,87.0,17.3,58.4
1604461901,71.0,81.0,83.0,87.0,17.3,58.4
1604461902,71.0,80.0,83.0,88.0,17.3,58.4
1604461903,71.0,80.0,83.0,88.0,17.3,58.4
1604461904,71.0,80.0,83.0,88.0,17.3,58.4
1604461905,71.0,80.0,83.0,88.0,17.3,58.4
1604461906,70.0,80.0,82.0,89.0,17.3,58.4
1604461907,70.0,79.0,82.0,89.0,17.3,58.4
1604461908,70.0,79.0,82.0,89.0,17.3,58.4
1604461909,70.0,79.0,81.0,89.0,17.3,58.4
1604461910,70.0,78.0,81.0,89.0,17.3,58.4
1604461911,69.0,78.0,81.0,89.0,17.3,58.4
1604461912,69.0,78.0,81.0,89.0,17.3,58.4
1604461913,69.0,79.0,81.0,89.0,17.3,58.4
1604461914,69.0,79.0,81.0,89.0,17.3,58.4
1604461915,69.0,79.0,80.0,89.0,17.3,58.4
1604461916,69.0,79.0,80.0,89.0,17.3,58.4
1604461917,69.0,79.0,80.0,89.0,17.3,58.4
1604461918,69.0,79.0,80.0,89.0,17.3,58.5
1604461919,70.0,79.0,80.0,89.0,17.3,58.5
1604461920,70.0,79.0,80.0,90.0,17.3,58.5
1604461921,71.0,78.0,80.0,89.0,17.3,58.5
1604461922,71.0,78.0,80.0,89.0,17.3,58.5
1604461923,71.0,77.0,80.0,89.0,17.3,58.5
1604461924,71.0,77.0,80.0,89.0,17.3,58.5
1604461925,71.0,77.0,80.0,89.0,17.3,58.5
1604461926,71.0,76.0,80.0,89.0,17.3,58.5
1604461927,71.0,76.0,80.0,88.0,17.3,58.5
1604461928,70.0,76.0,80.0,88.0,17.4,58.5
1604461929,70.0,76.0,80.0,88.0,17.4,58.5
1604461930,70.0,75.0,80.0,87.0,17.4,58.5
1604461931,70.0,75.0,80.0,87.0,17.4,58.5
1604461932,70.0,75.0,80.0,86.0,17.4,58.5
1604461933,70.0,75.0,80.0,86.0,17.3,58.6
1604461934,70.0,75.0,80.0,86.0,17.3,58.6
1604461935,70.0,75.0,80.0,86.0,17.3,58.6
1604461936,70.0,75.0,80.0,86.0,17.3,58.6
1604461937,71.0,76.0,81.0,86.0,17.3,58.6
1604461938,71.0,76.0,81.0,86.0,17.3,58.4
1604461939,71.0,76.0,81.0,85.0,17.3,58.4
1604461940,71.0,77.0,82.0,86.0,17.3,58.4
1604461941,71.0,77.0,82.0,85.0,17.3,58.4
1604461942,71.0,77.0,83.0,85.0,17.3,58.4
1604461943,71.0,77.0,83.0,85.0,17.3,58.4
1604461944,70.0,77.0,83.0,85.0,17.3,58.4
1604461945,70.0,77.0,83.0,85.0,17.3,58.4
1604461946,70.0,77.0,83.0,85.0,17.3,58.4
1604461947,71.0,76.0,82.0,85.0,17.3,58.4
1604461948,70.0,76.0,82.0,85.0,17.3,58.4
1604461949,70.0,76.0,82.0,85.0,17.3,58.4
1604461950,71.0,76.0,81.0,85.0,17.3,58.4
1604461951,71.0,77.0,81.0,85.0,17.3,58.4
1604461952,71.0,77.0,80.0,85.0,17.3,58.4
1604461953,71.0,77.0,80.0,86.0,17.3,58.4
1604461954,72.0,77.0,80.0,86.0,17.3,58.4
1604461955,72.0,77.0,79.0,86.0,17.3,58.4
1604461956,71.0,77.0,79.0,86.0,17.3,58.4
1604461957,71.0,77.0,79.0,86.0,17.3,58.4
1604461958,70.0,77.0,80.0,86.0,17.3,58.3
1604461959,70.0,77.0,80.0,87.0,17.3,58.3
1604461960,70.0,77.0,80.0,87.0,17.3,58.3
1604461961,70.0,77.0,80.0,87.0,17.3,58.3
1604461962,69.0,77.0,80.0,87.0,17.3,58.3
1604461963,69.0,77.0,81.0,87.0,17.3,58.3
1604461964,69.0,77.0,81.0,87.0,17.3,58.3
1604461965,69.0,77.0,82.0,87.0,17.3,58.3
1604461966,69.0,77.0,83.0,87.0,17.3,58.3
1604461967,69.0,78.0,84.0,86.0,17.3,58.3
1604461968,69.0,78.0,84.0,86.0,17.3,58.3
1604461969,69.0,78.0,85.0,86.0,17.3,58.3
1604461970,69.0,78.0,85.0,86.0,17.3,58.3
1604461971,69.0,79.0,86.0,86.0,17.3,58.3
1604461972,69.0,79.0,86.0,86.0,17.3,58.3
1604461973,69.0,80.0,86.0,86.0,17.3,58.3
1604461974,69.0,80.0,85.0,86.0,17.3,58.3
1604461975,69.0,81.0,85.0,86.0,17.3,58.3
1604461976,69.0,81.0,84.0,86.0,17.3,58.3
1604461977,69.0,81.0,84.0,87.0,17.3,58.3
1604461978,69.0,80.0,83.0,87.0,17.3,58.3
1604461979,69.0,80.0,83.0,87.0,17.3,58.3
1604461980,68.0,80.0,82.0,87.0,17.3,58.3
1604461981,68.0,80.0,82.0,87.0,17.3,58.3
1604461982,68.0,80.0,82.0,87.0,17.3,58.3
1604461983,68.0,79.0,82.0,87.0,17.3,58.3
1604461984,68.0,79.0,82.0,88.0,17.3,58.3
1604461985,69.0,79.0,83.0,88.0,17.3,58.3
1604461986,69.0,79.0,83.0,88.0,17.3,58.3
1604461987,69.0,79.0,84.0,88.0,17.3,58.3
1604461988,69.0,80.0,84.0,88.0,17.3,58.3
1604461989,69.0,80.0,84.0,89.0,17.3,58.3
1604461990,69.0,80.0,85.0,89.0,17.3,58.3
1604461991,69.0,80.0,85.0,89.0,17.3,58.3
1604461992,69.0,81.0,85.0,89.0,17.3,58.3
1604461993,70.0,80.0,85.0,89.0,17.3,58.3
1604461994,70.0,80.0,85.0,89.0,17.3,58.3
1604461995,69.0,80.0,84.0,89.0,17.3,58.3
1604461996,69.0,80.0,84.0,89.0,17.3,58.3
1604461997,69.0,80.0,83.0,90.0,17.3,58.3
1604461998,69.0,79.0,83.0,90.0,17.3,58.4
1604461999,69.0,79.0,82.0,90.0,17.3,58.4
1604462000,69.0,78.0,82.0,90.0,17.3,58.4
1604462001,69.0,78.0,81.0,90.0,17.3,58.4
1604462002,69.0,77.0,81.0,89.0,17.3,58.4
1604462003,69.0,77.0,81.0,89.0,17.3,58.4
1604462004,69.0,77.0,80.0,89.0,17.3,58.4
1604462005,69.0,77.0,80.0,88.0,17.3,58.4
1604462006,69.0,76.0,81.0,88.0,17.3,58.4
1604462007,69.0,76.0,81.0,88.0,17.3,58.4
1604462008,70.0,76.0,81.0,88.0,17.3,58.4
1604462009,70.0,76.0,81.0,88.0,17.3,58.4
1604462010,70.0,76.0,82.0,87.0,17.3,58.4
1604462011,70.0,76.0,82.0,87.0,17.3,58.4
1604462012,70.0,76.0,82.0,87.0,17.3,58.4
1604462013,70.0,75.0,82.0,87.0,17.3,58.3
1604462014,70.0,75.0,83.0,87.0,17.3,58.3
1604462015,71.0,75.0,83.0,87.0,17.3,58.3
1604462016,71.0,75.0,82.0,87.0,17.3,58.3
1604462017,71.0,75.0,82.0,87.0,17.3,58.3
1604462018,71.0,75.0,82.0,87.0,17.3,58.4
1604462019,71.0,74.0,82.0,87.0,17.3,58.4
1604462020,71.0,74.0,82.0,87.0,17.3,58.4
1604462021,72.0,74.0,81.0,88.0,17.3,58.4
1604462022,72.0,74.0,81.0,88.0,17.3,58.4
1604462023,72.0,73.0,81.0,88.0,17.3,58.4
1604462024,72.0,73.0,80.0,88.0,17.3,58.4
1604462025,72.0,73.0,80.0,88.0,17.3,58.4
1604462026,72.0,73.0,80.0,88.0,17.3,58.4
1604462027,72.0,73.0,80.0,88.0,17.3,58.4
1604462028,72.0,72.0,80.0,87.0,17.3,58.4
1604462029,73.0,72.0,81.0,87.0,17.3,58.4
1604462030,73.0,73.0,81.0,86.0,17.3,58.4
1604462031,73.0,73.0,81.0,86.0,17.3,58.4
1604462032,72.0,73.0,82.0,86.0,17.3,58.4
1604462033,72.0,74.0,83.0,85.0,17.3,58.4
1604462034,72.0,74.0,83.0,85.0,17.3,58.4
1604462035,72.0,75.0,83.0,85.0,17.3,58.4
1604462036,72.0,75.0,83.0,85.0,17.3,58.4
1604462037,72.0,76.0,83.0,85.0,17.3,58.4
1604462038,72.0,77.0,83.0,85.0,17.3,58.4
1604462039,72.0,77.0,83.0,85.0,17.3,58.4
1604462040,72.0,78.0,82.0,86.0,17.3,58.4
1604462041,73.0,78.0,81.0,86.0,17.3,58.4
1604462042,73.0,78.0,80.0,86.0,17.3,58.4
1604462043,73.0,78.0,80.0,87.0,17.3,58.4
1604462044,73.0,79.0,80.0,87.0,17.3,58.4
1604462045,73.0,79.0,79.0,87.0,17.3,58.4
1604462046,73.0,79.0,78.0,88.0,17.3,58.4
1604462047,73.0,79.0,78.0,88.0,17.3,58.4
1604462048,73.0,79.0,78.0,89.0,17.3,58.4
1604462049,73.0,79.0,77.0,88.0,17.3,58.4
1604462050,73.0,79.0,77.0,89.0,17.3,58.4
1604462051,72.0,79.0,77.0,89.0,17.3,58.4
1604462052,72.0,79.0,77.0,89.0,17.3,58.4
1604462053,72.0,78.0,77.0,89.0,17.3,58.5
1604462054,71.0,78.0,77.0,89.0,17.3,58.5
1604462055,71.0,78.0,77.0,89.0,17.3,58.5
1604462056,71.0,78.0,77.0,90.0,17.3,58.5
1604462057,71.0,78.0,78.0,90.0,17.3,58.5
1604462058,72.0,78.0,78.0,90.0,17.3,58.5
1604462059,72.0,78.0,78.0,90.0,17.3,58.5
1604462060,72.0,78.0,79.0,90.0,17.3,58.5
1604462061,73.0,78.0,80.0,90.0,17.3,58.5
1604462062,73.0,78.0,80.0,90.0,17.3,58.5
1604462063,73.0,77.0,81.0,89.0,17.3,58.5
1604462064,73.0,77.0,81.0,88.0,17.3,58.5
1604462065,73.0,77.0,82.0,88.0,17.3,58.5
1604462066,73.0,77.0,82.0,87.0,17.3,58.5
1604462067,73.0,76.0,82.0,87.0,17.3,58.5
1604462068,73.0,76.0,81.0,86.0,17.2,58.4
1604462069,73.0,75.0,81.0,86.0,17.2,58.4
1604462070,73.0,75.0,81.0,86.0,17.2,58.4
1604462071,74.0,75.0,81.0,86.0,17.2,58.4
1604462072,74.0,75.0,82.0,86.0,17.2,58.4
1604462073,74.0,75.0,82.0,86.0,17.3,58.7
1604462074,74.0,75.0,82.0,86.0,17.3,58.7
1604462075,74.0,75.0,82.0,86.0,17.3,58.7
1604462076,74.0,75.0,82.0,86.0,17.3,58.7
1604462077,74.0,75.0,82.0,86.0,17.3,58.7
1604462078,74.0,75.0,83.0,86.0,17.3,58.7
1604462079,73.66666666666667,75.11111111111111,83.11111111111111,86.0,17.3,58.7
1604462080,73.33333333333333,75.22222222222223,83.22222222222223,86.0,17.3,58.7
1604462081,73.0,75.33333333333333,83.33333333333333,86.0,17.3,58.7
1604462082,72.66666666666667,75.44444444444444,83.44444444444444,86.0,17.3,58.7
1604462083,72.33333333333333,75.55555555555556,83.55555555555556,86.0,17.3,58.7
1604462084,72.0,75.66666666666667,83.66666666666667,86.0,17.3,58.7
1604462085,71.66666666666667,75.77777777777777,83.77777777777777,86.0,17.3,58.7
1604462086,71.33333333333333,75.88888888888889,83.88888888888889,86.0,17.3,58.7
1604462087,71.0,76.0,84.0,86.0,17.3,58.7
1604462088,71.0,76.0,84.0,86.0,17.3,58.7
1604462089,71.0,76.0,84.0,85.0,17.3,58.7
1604462090,71.0,76.0,84.0,85.0,17.3,58.7
1604462091,71.0,76.0,84.0,85.0,17.3,58.9
1604462092,71.0,76.0,84.0,85.0,17.3,58.9
1604462093,70.0,76.0,84.0,84.0,17.3,58.9
1604462094,70.0,76.0,83.0,84.0,17.3,58.9
1604462095,70.0,76.0,82.0,84.0,17.3,58.9
1604462096,69.0,75.0,82.0,84.0,17.3,58.8
1604462097,69.0,75.0,81.0,84.0,17.3,58.8
1604462098,68.0,75.0,81.0,84.0,17.3,58.8
1604462099,68.0,75.0,80.0,84.0,17.3,58.8
1604462100,68.0,75.0,80.0,84.0,17.3,58.8
1604462101,68.0,75.0,79.0,84.0,17.3,58.8
1604462102,67.0,76.0,79.0,85.0,17.3,58.8
1604462103,67.0,76.0,79.0,85.0,17.3,58.8
1604462104,67.0,77.0,79.0,86.0,17.3,58.8
1604462105,68.0,77.0,80.0,86.0,17.3,58.8
1604462106,68.0,78.0,80.0,87.0,17.3,58.7
1604462107,68.0,79.0,81.0,88.0,17.3,58.7
1604462108,68.0,80.0,81.0,88.0,17.3,58.7
1604462109,68.0,81.0,82.0,89.0,17.3,58.7
1604462110,68.0,82.0,82.0,89.0,17.3,58.7
1604462111,68.0,82.0,82.0,89.0,17.4,58.8
1604462112,68.0,83.0,83.0,89.0,17.4,58.8
1604462113,68.0,83.0,83.0,89.0,17.4,58.8
1604462114,68.0,83.0,83.0,89.0,17.4,58.8
1604462115,68.0,83.0,84.0,89.0,17.4,58.8
1604462116,68.0,83.0,84.0,88.5,17.4,58.8
1604462117,68.0,83.0,84.0,88.0,17.4,58.8
1604462118,68.0,83.0,84.0,88.0,17.4,58.8
1604462119,68.0,82.0,85.0,88.0,17.4,58.8
1604462120,68.0,82.0,85.0,87.0,17.4,58.8
1604462121,67.0,81.0,86.0,87.0,17.4,58.8
1604462122,67.0,80.0,86.0,87.0,17.3,58.7
1604462123,67.0,79.0,87.0,86.0,17.3,58.7
1604462124,67.0,79.0,87.0,86.0,17.3,58.7
1604462125,66.0,79.0,87.0,86.0,17.3,58.7
1604462126,66.0,78.0,87.0,86.0,17.3,58.7
1604462127,66.0,78.0,87.0,86.0,17.3,58.8
1604462128,66.0,78.0,87.0,86.0,17.3,58.8
1604462129,65.0,78.0,87.0,87.0,17.3,58.8
1604462130,65.0,78.0,87.0,87.0,17.3,58.8
1604462131,65.0,78.0,87.0,87.0,17.3,58.8
1604462132,66.0,78.0,86.0,88.0,17.4,58.9
1604462133,66.0,78.0,85.0,88.0,17.4,58.9
1604462134,66.0,78.0,85.0,89.0,17.4,58.9
1604462135,66.0,77.0,84.0,89.0,17.4,58.9
1604462136,66.0,77.0,83.0,89.0,17.4,58.9
1604462137,66.0,77.0,83.0,90.0,17.3,58.8
1604462138,67.0,77.0,82.0,90.0,17.3,58.8
1604462139,67.0,76.0,82.0,90.0,17.3,58.8
1604462140,67.0,76.0,83.0,90.0,17.3,58.8
1604462141,68.0,76.0,83.0,90.0,17.3,58.8
1604462142,68.0,76.0,83.0,90.0,17.3,58.7
1604462143,68.0,76.0,83.0,90.0,17.3,58.7
1604462144,68.0,77.0,83.0,90.0,17.3,58.7
1604462145,69.0,77.0,83.0,90.0,17.3,58.7
1604462146,69.0,77.0,83.0,89.0,17.3,58.7
1604462147,69.0,77.0,83.0,89.0,17.3,58.7
1604462148,69.0,78.0,83.0,88.0,17.3,58.7
1604462149,69.0,78.0,83.0,88.0,17.3,58.7
1604462150,70.0,78.0,83.0,87.0,17.3,58.7
1604462151,70.0,78.0,84.0,87.0,17.3,58.7
1604462152,70.0,77.0,84.0,86.0,17.4,58.7
1604462153,70.0,77.0,85.0,85.0,17.4,58.7
1604462154,70.0,77.0,85.0,85.0,17.4,58.7
1604462155,70.0,78.0,85.0,84.0,17.4,58.7
1604462156,70.0,78.0,86.0,84.0,17.4,58.7
1604462157,70.0,78.0,86.0,84.0,17.4,58.5
1604462158,70.0,78.0,87.0,84.0,17.4,58.5
1604462159,71.0,78.0,87.0,85.0,17.4,58.5
1604462160,71.0,79.0,87.0,85.0,17.4,58.5
1604462161,72.0,79.0,87.0,86.0,17.4,58.5
1604462162,72.0,80.0,86.0,86.0,17.4,58.5
1604462163,72.0,80.0,86.0,87.0,17.4,58.5
1604462164,73.0,81.0,86.0,87.0,17.4,58.5
1604462165,73.0,81.0,86.0,88.0,17.4,58.5
1604462166,73.0,81.0,86.0,89.0,17.4,58.5
1604462167,73.0,81.0,86.0,89.0,17.4,58.5
1604462168,73.0,82.0,86.0,90.0,17.4,58.5
1604462169,73.0,82.0,85.0,90.0,17.4,58.5
1604462170,73.0,81.0,85.0,90.0,17.4,58.5
1604462171,72.0,81.0,85.0,90.0,17.4,58.5
1604462172,72.0,81.0,85.0,89.0,17.4,58.5
1604462173,71.0,80.0,85.0,89.0,17.4,58.5
1604462174,71.0,80.0,85.0,89.0,17.4,58.5
1604462175,70.0,79.0,85.0,88.0,17.4,58.5
1604462176,70.0,78.0,84.0,87.0,17.4,58.5
1604462177,70.0,78.0,84.0,87.0,17.4,58.5
1604462178,71.0,78.0,84.0,86.0,17.4,58.5
1604462179,71.0,78.0,84.0,86.0,17.4,58.5
1604462180,71.0,77.0,84.0,86.0,17.4,58.5
1604462181,72.0,77.0,84.0,86.0,17.4,58.5
1604462182,72.0,77.0,84.0,86.0,17.4,58.5
1604462183,72.0,77.0,84.0,86.0,17.4,58.5
1604462184,73.0,77.0,85.0,86.0,17.4,58.5
1604462185,73.0,78.0,85.0,86.0,17.4,58.5
1604462186,73.0,78.0,86.0,87.0,17.4,58.5
1604462187,73.0,78.0,86.0,87.0,17.4,58.5
1604462188,73.0,78.0,86.0,87.0,17.4,58.5
1604462189,73.0,78.0,86.0,87.0,17.4,58.5
1604462190,73.0,78.0,86.0,87.0,17.4,58.5
1604462191,73.0,79.0,86.0,87.0,17.4,58.5
1604462192,73.0,79.0,86.0,88.0,17.4,58.5
1604462193,73.0,79.0,86.0,88.0,17.4,58.5
1604462194,73.0,79.0,86.0,88.0,17.4,58.5
1604462195,74.0,79.0,85.0,87.0,17.4,58.5
1604462196,74.0,79.0,85.0,87.0,17.4,58.5
1604462197,74.0,79.0,83.0,87.0,17.4,58.5
1604462198,74.0,79.0,83.0,87.0,17.4,58.5
1604462199,74.0,80.0,83.0,87.0,17.4,58.5
1604462200,74.0,79.0,82.0,87.0,17.4,58.5
1604462201,75.0,79.0,82.0,87.0,17.4,58.5
1604462202,75.0,79.0,82.0,87.0,17.4,58.5
1604462203,75.0,79.0,82.0,86.0,17.4,58.5
1604462204,75.0,79.0,82.0,86.0,17.4,58.5
1604462205,75.0,79.0,82.0,86.0,17.4,58.5
1604462206,75.0,79.0,82.0,86.0,17.4,58.5
1604462207,74.0,79.0,83.0,86.0,17.4,58.5
1604462208,74.0,79.0,83.0,86.0,17.4,58.5
1604462209,74.0,78.0,83.0,85.0,17.4,58.5
1604462210,74.0,78.0,83.0,85.0,17.4,58.5
1604462211,74.0,78.0,83.0,85.0,17.4,58.5
1604462212,74.0,78.0,83.0,85.0,17.4,58.5
1604462213,74.0,77.0,84.0,86.0,17.4,58.5
1604462214,74.0,77.0,84.0,86.0,17.4,58.5
1604462215,74.0,77.0,84.0,86.0,17.4,58.5
1604462216,74.0,76.0,84.0,86.0,17.4,58.5
1604462217,74.0,76.0,84.0,86.0,17.4,58.5
1604462218,74.0,76.0,84.0,86.0,17.4,58.5
1604462219,74.0,76.0,84.0,86.0,17.4,58.5
1604462220,74.0,76.0,85.0,86.0,17.4,58.5
1604462221,74.0,76.0,85.0,86.0,17.4,58.5
1604462222,74.0,76.0,85.0,86.0,17.4,58.5
1604462223,74.0,76.0,85.0,86.0,17.4,58.5
1604462224,74.0,76.0,86.0,86.0,17.4,58.5
1604462225,74.0,76.0,86.0,86.0,17.4,58.5
1604462226,74.0,76.0,86.0,87.0,17.4,58.5
1604462227,74.0,76.0,86.0,87.0,17.4,58.5
1604462228,73.0,76.0,86.0,88.0,17.4,58.5
1604462229,73.0,76.0,87.0,88.0,17.4,58.5
1604462230,73.0,76.0,87.0,88.0,17.4,58.5
1604462231,73.0,76.0,88.0,89.0,17.4,58.5
1604462232,73.0,75.0,88.0,89.0,17.4,58.6
1604462233,73.0,75.0,89.0,89.0,17.4,58.6
1604462234,72.0,75.0,89.0,89.0,17.4,58.6
1604462235,72.0,75.0,89.0,89.0,17.4,58.6
1604462236,73.0,75.0,89.0,88.0,17.4,58.6
1604462237,73.0,75.0,88.0,88.0,17.4,58.5
1604462238,73.0,75.0,88.0,88.0,17.4,58.5
1604462239,74.0,75.0,88.0,88.0,17.4,58.5
1604462240,74.0,76.0,86.0,87.0,17.4,58.5
1604462241,74.0,76.0,86.0,87.0,17.4,58.5
1604462242,74.0,77.0,84.0,87.0,17.4,58.5
1604462243,75.0,77.0,83.0,87.0,17.4,58.5
1604462244,75.0,77.0,83.0,87.0,17.4,58.5
1604462245,74.0,76.0,82.0,87.0,17.4,58.5
1604462246,74.0,76.0,82.0,88.0,17.4,58.5
1604462247,73.0,76.0,81.0,88.0,17.4,58.5
1604462248,73.0,75.0,81.0,88.0,17.4,58.5
1604462249,72.0,75.0,81.0,89.0,17.4,58.5
1604462250,72.0,75.0,82.0,89.0,17.4,58.5
1604462251,71.0,74.0,82.0,89.0,17.4,58.5
1604462252,71.0,74.0,82.0,89.0,17.4,58.5
1604462253,71.0,73.0,83.0,90.0,17.4,58.5
1604462254,71.0,73.0,83.0,89.0,17.4,58.5
1604462255,71.0,74.0,83.0,89.0,17.4,58.5
1604462256,71.0,74.0,84.0,89.0,17.4,58.5
1604462257,72.0,74.0,84.0,89.0,17.4,58.4
1604462258,72.0,74.0,85.0,89.0,17.4,58.4
1604462259,73.0,74.0,85.0,89.0,17.4,58.4
1604462260,73.0,74.0,85.0,89.0,17.4,58.4
1604462261,74.0,75.0,86.0,88.0,17.4,58.4
1604462262,74.0,76.0,86.0,88.0,17.5,58.5
1604462263,75.0,76.0,86.0,88.0,17.5,58.5
1604462264,75.0,76.0,87.0,88.0,17.5,58.5
1604462265,75.0,77.0,87.0,88.0,17.5,58.5
1604462266,75.0,77.0,87.0,88.0,17.5,58.5
1604462267,74.0,78.0,86.0,88.0,17.4,58.5
1604462268,74.0,78.0,85.0,88.0,17.4,58.5
1604462269,74.0,78.0,85.0,87.0,17.4,58.5
1604462270,74.0,78.0,84.0,87.0,17.4,58.5
1604462271,73.0,77.0,84.0,87.0,17.4,58.5
1604462272,73.0,77.0,83.0,87.0,17.5,58.6
1604462273,73.0,77.0,83.0,87.0,17.5,58.6
1604462274,73.0,76.0,82.0,87.0,17.5,58.6
1604462275,72.0,76.0,82.0,87.0,17.5,58.6
1604462276,72.0,76.0,81.0,87.0,17.5,58.6
1604462277,71.0,75.0,81.0,87.0,17.4,58.5
1604462278,70.0,75.0,81.0,87.0,17.4,58.5
1604462279,70.0,75.0,81.0,87.0,17.4,58.5
1604462280,69.0,75.0,81.0,87.0,17.4,58.5
1604462281,69.0,76.0,81.0,87.0,17.4,58.5
1604462282,69.0,76.0,81.0,87.0,17.5,58.6
1604462283,68.0,76.0,81.0,87.0,17.5,58.6
1604462284,68.0,76.0,82.0,87.0,17.5,58.6
1604462285,68.0,76.0,82.0,87.0,17.5,58.6
1604462286,68.0,76.0,83.0,87.0,17.5,58.6
1604462287,69.0,77.0,84.0,88.0,17.5,58.6
1604462288,69.55555555555556,77.0,84.0,88.0,17.5,58.6
1604462289,70.11111111111111,77.0,84.0,88.0,17.5,58.6
1604462290,70.66666666666667,77.0,84.0,88.0,17.5,58.6
1604462291,71.22222222222223,77.0,84.0,88.0,17.5,58.6
1604462292,71.77777777777777,77.0,84.0,88.0,17.5,58.6
1604462293,72.33333333333333,77.0,84.0,88.0,17.5,58.6
1604462294,72.88888888888889,77.0,84.0,88.0,17.5,58.6
1604462295,73.44444444444444,77.0,84.0,88.0,17.5,58.6
1604462296,74.0,77.0,84.0,88.0,17.5,58.6
1604462297,74.0,77.0,85.0,86.0,17.5,58.6
1604462298,74.0,77.0,85.0,86.0,17.5,58.6
1604462299,74.0,77.0,85.0,85.0,17.5,58.6
1604462300,74.0,77.0,80.0,85.0,17.5,58.6
1604462301,74.0,77.0,80.0,85.0,17.5,58.6
1604462302,74.0,77.0,80.0,85.0,17.5,58.6
1604462303,73.0,77.0,80.0,85.0,17.5,58.6
1604462304,73.0,76.0,80.0,85.0,17.5,58.6
1604462305,72.0,76.0,81.0,85.0,17.4,58.5
1604462306,72.0,76.0,81.0,85.0,17.4,58.5
1604462307,72.0,76.0,82.0,85.0,17.4,58.5
1604462308,72.0,76.0,82.0,86.0,17.4,58.5
1604462309,72.0,76.0,82.0,86.0,17.4,58.5
1604462310,72.0,77.0,82.0,86.0,17.5,58.6
1604462311,72.0,77.0,83.0,86.0,17.5,58.6
1604462312,73.0,77.0,84.0,87.0,17.5,58.6
1604462313,73.0,78.0,84.0,87.0,17.5,58.6
1604462314,73.0,78.0,84.0,87.0,17.5,58.6
1604462315,73.0,78.0,84.0,87.0,17.5,58.6
1604462316,74.0,78.0,85.0,87.0,17.5,58.6
1604462317,74.0,79.0,85.0,87.0,17.5,58.6
1604462318,74.0,75.0,85.0,87.0,17.5,58.6
1604462319,74.0,75.0,85.0,86.0,17.5,58.6
1604462320,74.0,74.0,85.0,86.0,17.5,58.6
1604462321,74.0,74.0,85.0,86.0,17.5,58.6
1604462322,74.0,73.0,85.0,85.0,17.5,58.6
1604462323,74.0,73.0,85.0,85.0,17.5,58.6
1604462324,73.0,73.0,85.0,85.0,17.5,58.6
1604462325,73.0,73.0,85.0,85.0,17.5,58.5
1604462326,73.0,73.0,85.0,85.0,17.5,58.5
1604462327,73.0,74.0,85.0,85.0,17.5,58.5
1604462328,72.0,74.0,85.0,85.0,17.5,58.5
1604462329,73.0,74.0,85.0,86.0,17.5,58.5
1604462330,73.0,75.0,85.0,87.0,17.5,58.5
1604462331,72.0,75.0,85.0,87.0,17.5,58.5
1604462332,72.0,76.0,85.0,88.0,17.5,58.5
1604462333,72.0,76.0,86.0,88.0,17.5,58.5
1604462334,71.0,77.0,86.0,89.0,17.5,58.5
1604462335,71.0,77.0,86.0,89.0,17.5,58.5
1604462336,71.0,77.0,86.0,90.0,17.5,58.5
1604462337,71.0,77.0,86.0,90.0,17.5,58.5
1604462338,71.0,77.0,87.0,90.0,17.5,58.5
1604462339,71.0,77.0,87.0,90.0,17.5,58.5
1604462340,70.0,77.0,87.0,89.0,17.5,58.5
1604462341,71.0,77.0,88.0,89.0,17.5,58.5
1604462342,71.0,77.0,88.0,89.0,17.5,58.5
1604462343,71.0,78.0,89.0,88.0,17.5,58.5
1604462344,71.0,78.0,89.0,88.0,17.5,58.5
1604462345,72.0,79.0,90.0,87.0,17.5,58.5
1604462346,72.0,80.0,90.0,87.0,17.5,58.5
1604462347,72.0,81.0,90.0,87.0,17.5,58.5
1604462348,73.0,81.0,90.0,87.0,17.5,58.5
1604462349,73.0,81.0,90.0,87.0,17.5,58.5
1604462350,73.0,82.0,90.0,87.0,17.5,58.5
1604462351,74.0,82.0,89.0,88.0,17.5,58.5
1604462352,74.0,82.0,89.0,88.0,17.5,58.5
1604462353,74.0,82.0,88.0,89.0,17.5,58.5
1604462354,75.0,82.0,88.0,89.0,17.5,58.5
1604462355,75.0,82.0,87.0,89.0,17.5,58.5
1604462356,75.0,82.0,87.0,89.0,17.5,58.5
1604462357,75.0,82.0,87.0,90.0,17.5,58.5
1604462358,75.0,82.0,86.0,90.0,17.5,58.5
1604462359,74.0,81.0,86.0,90.0,17.5,58.5
1604462360,74.0,81.0,86.0,90.0,17.5,58.5
1604462361,73.0,81.0,86.0,90.0,17.5,58.5
1604462362,73.0,81.0,86.0,90.0,17.5,58.5
1604462363,72.0,81.0,86.0,90.0,17.5,58.5
1604462364,72.0,80.0,86.0,90.0,17.5,58.5
1604462365,71.0,80.0,86.0,91.0,17.5,58.5
1604462366,71.0,79.0,86.0,91.0,17.5,58.5
1604462367,70.0,78.0,86.0,91.0,17.5,58.5
1604462368,70.0,78.0,86.0,91.0,17.5,58.5
1604462369,70.0,78.0,86.0,91.0,17.5,58.5
1604462370,70.0,77.0,86.0,91.0,17.5,58.5
1604462371,71.0,77.0,86.0,91.0,17.5,58.5
1604462372,71.0,77.0,86.0,91.0,17.5,58.5
1604462373,72.0,77.0,86.0,91.0,17.5,58.5
1604462374,72.0,77.0,86.0,91.0,17.5,58.5
1604462375,72.0,77.0,87.0,91.0,17.5,58.5
1604462376,73.0,78.0,87.0,91.0,17.5,58.5
1604462377,73.0,78.0,86.0,90.0,17.5,58.5
1604462378,73.0,78.0,86.0,90.0,17.5,58.5
1604462379,73.0,78.0,86.0,90.0,17.5,58.5
1604462380,73.0,78.0,86.0,89.0,17.5,58.5
1604462381,73.0,78.0,86.0,89.0,17.5,58.5
1604462382,73.0,78.0,86.0,89.0,17.5,58.5
1604462383,73.0,78.0,86.0,89.0,17.5,58.5
1604462384,72.0,78.0,86.0,89.0,17.5,58.5
1604462385,72.0,78.0,86.0,89.0,17.5,58.5
1604462386,72.0,78.0,86.0,89.0,17.5,58.5
1604462387,72.0,78.0,86.0,89.0,17.5,58.5
1604462388,72.0,78.0,86.0,89.0,17.5,58.5
1604462389,72.0,78.0,86.0,89.0,17.5,58.5
1604462390,72.0,78.0,86.0,89.0,17.5,58.5
1604462391,72.0,78.0,86.0,89.0,17.5,58.5
1604462392,72.0,78.0,86.0,89.0,17.5,58.5
1604462393,72.0,78.0,86.0,89.0,17.5,58.5
1604462394,72.0,78.0,86.0,89.0,17.5,58.5
1604462395,72.0,78.0,86.0,89.0,17.5,58.5
1604462396,72.0,78.0,86.0,89.0,17.5,58.5
1604462397,72.0,78.0,86.0,89.0,17.5,58.5
1604462398,72.0,78.0,86.0,89.0,17.5,58.5
1604462399,72.0,78.0,86.0,89.0,17.5,58.5
1604462400,72.0,78.0,86.0,89.0,17.5,58.5
1604462401,72.0,78.0,86.0,89.0,17.5,58.5
1604462402,72.0,78.0,86.0,89.0,17.5,58.5
1604462403,72.0,78.0,86.0,89.0,17.5,58.5
1604462404,72.0,78.0,86.0,89.0,17.5,58.5
1604462405,72.0,78.0,86.0,89.0,17.5,58.5
1604462406,72.0,78.0,86.0,89.0,17.5,58.5
1604462407,72.0,78.0,86.0,89.0,17.5,58.5
1604462408,72.0,78.0,86.0,89.0,17.5,58.5
1604462409,73.0,78.0,87.0,89.0,17.5,58.5
1604462410,73.0,78.0,87.0,89.0,17.5,58.5
1604462411,73.0,78.0,88.0,89.0,17.5,58.5
1604462412,74.0,78.0,88.0,89.0,17.5,58.5
1604462413,73.0,78.0,88.0,89.0,17.6,58.6
1604462414,73.0,77.0,88.0,89.0,17.6,58.6
1604462415,74.0,77.0,88.0,89.0,17.6,58.6
1604462416,74.0,77.0,88.0,88.0,17.6,58.6
1604462417,74.0,77.0,87.0,88.0,17.6,58.6
1604462418,74.0,77.0,87.0,88.0,17.6,58.4
1604462419,74.0,77.0,87.0,87.0,17.6,58.4
1604462420,74.0,77.0,86.0,86.0,17.6,58.4
1604462421,74.0,76.0,86.0,86.0,17.6,58.4
1604462422,74.0,76.0,86.0,86.0,17.6,58.4
1604462423,74.0,76.0,85.0,86.0,17.6,58.3
1604462424,74.0,76.0,85.0,86.0,17.6,58.3
1604462425,74.0,76.0,85.0,86.0,17.6,58.3
1604462426,74.0,77.0,86.0,86.0,17.6,58.3
1604462427,74.0,77.0,85.0,86.0,17.6,58.3
1604462428,74.0,76.0,85.0,87.0,17.6,58.3
1604462429,74.0,76.0,85.0,87.0,17.6,58.3
1604462430,73.0,76.0,85.0,87.0,17.6,58.3
1604462431,73.0,76.0,85.0,87.0,17.6,58.3
1604462432,73.0,76.0,86.0,88.0,17.6,58.3
1604462433,73.0,75.0,86.0,88.0,17.6,58.2
1604462434,72.0,75.0,86.0,88.0,17.6,58.2
1604462435,72.0,75.0,87.0,88.0,17.6,58.2
1604462436,72.0,75.0,87.0,88.0,17.6,58.2
1604462437,72.0,75.0,88.0,88.0,17.6,58.2
1604462438,71.0,76.0,89.0,88.0,17.6,58.3
1604462439,71.0,76.0,90.0,88.0,17.6,58.3
1604462440,71.0,76.0,90.0,89.0,17.6,58.3
1604462441,71.0,77.0,90.0,89.0,17.6,58.3
1604462442,71.0,77.0,90.0,89.0,17.6,58.3
1604462443,70.0,78.0,90.0,89.0,17.6,58.3
1604462444,70.0,78.0,90.0,89.0,17.6,58.3
1604462445,70.0,79.0,89.0,89.0,17.6,58.3
1604462446,70.0,79.0,89.0,89.0,17.6,58.3
1604462447,70.0,80.0,88.0,89.0,17.6,58.3
1604462448,70.0,80.0,88.0,89.0,17.6,58.4
1604462449,71.0,81.0,87.0,89.0,17.6,58.4
1604462450,71.0,81.0,86.0,89.0,17.6,58.4
1604462451,71.0,81.0,86.0,89.0,17.6,58.4
1604462452,71.0,81.0,85.0,89.0,17.6,58.4
1604462453,72.0,81.0,85.0,89.0,17.6,58.4
1604462454,72.0,81.0,85.0,89.0,17.6,58.4
1604462455,72.0,81.0,85.0,89.0,17.6,58.4
1604462456,72.0,81.0,89.0,89.0,17.6,58.4
1604462457,72.0,81.0,89.0,89.0,17.6,58.4
1604462458,72.0,81.0,89.0,89.0,17.6,58.4
1604462459,72.0,81.0,89.0,89.0,17.6,58.4
1604462460,72.0,81.0,89.0,89.0,17.6,58.4
1604462461,73.0,81.0,89.0,88.0,17.6,58.4
1604462462,73.0,81.0,89.0,88.0,17.6,58.4
1604462463,73.0,81.0,89.0,88.0,17.6,58.4
1604462464,74.0,81.0,89.0,88.0,17.6,58.4
1604462465,74.0,81.0,89.0,87.0,17.6,58.4
1604462466,74.0,81.0,88.0,87.0,17.6,58.4
1604462467,74.0,80.0,88.0,87.0,17.6,58.4
1604462468,74.0,80.0,87.0,87.0,17.6,58.4
1604462469,74.0,80.0,88.0,87.0,17.6,58.4
1604462470,74.0,80.0,88.0,87.0,17.6,58.4
1604462471,74.0,79.0,88.0,88.0,17.6,58.4
1604462472,74.0,79.0,88.0,88.0,17.6,58.4
1604462473,74.0,79.0,88.0,88.0,17.6,58.4
1604462474,74.0,78.0,88.0,89.0,17.6,58.4
1604462475,73.0,78.0,88.0,89.0,17.6,58.4
1604462476,74.0,78.0,88.0,89.0,17.6,58.4
1604462477,74.0,78.0,88.0,89.0,17.6,58.4
1604462478,74.0,78.0,88.0,89.0,17.6,58.4
1604462479,74.0,79.0,89.0,89.0,17.6,58.4
1604462480,75.0,79.0,88.0,89.0,17.6,58.4
1604462481,75.0,79.0,88.0,89.0,17.6,58.4
1604462482,75.0,79.0,88.0,89.0,17.6,58.4
1604462483,75.0,79.0,88.0,89.0,17.6,58.4
1604462484,75.0,80.0,88.0,89.0,17.6,58.4
1604462485,74.0,80.0,88.0,89.0,17.6,58.4
1604462486,74.0,80.0,86.0,89.0,17.6,58.4
1604462487,73.0,80.0,86.0,89.0,17.6,58.4
1604462488,73.0,80.0,86.0,89.0,17.6,58.3
1604462489,73.0,80.0,85.0,89.0,17.6,58.3
1604462490,71.0,79.0,85.0,89.0,17.6,58.3
1604462491,71.0,79.0,85.0,89.0,17.6,58.3
1604462492,71.0,79.0,85.0,89.0,17.6,58.3
1604462493,71.0,79.0,85.0,89.0,17.6,58.4
1604462494,71.0,79.0,85.0,88.0,17.6,58.4
1604462495,70.0,80.0,85.0,88.0,17.6,58.4
1604462496,70.0,80.0,85.0,88.0,17.6,58.4
1604462497,70.0,81.0,84.0,88.0,17.6,58.4
1604462498,71.0,81.0,84.0,89.0,17.6,58.4
1604462499,71.0,81.0,84.0,89.0,17.6,58.4
1604462500,71.0,82.0,84.0,89.0,17.6,58.4
1604462501,71.0,82.0,83.0,89.0,17.6,58.4
1604462502,71.0,82.0,83.0,89.0,17.6,58.4
1604462503,71.0,82.0,83.0,89.0,17.6,58.3
1604462504,71.0,82.0,83.0,89.0,17.6,58.3
1604462505,72.0,81.0,83.0,89.0,17.6,58.3
1604462506,72.0,81.0,83.0,89.0,17.6,58.3
1604462507,72.0,81.0,83.0,89.0,17.6,58.3
1604462508,72.0,80.0,84.0,88.0,17.6,58.3
1604462509,73.0,79.0,84.0,88.0,17.6,58.3
1604462510,73.0,79.0,84.0,88.0,17.6,58.3
1604462511,73.0,78.0,85.0,88.0,17.6,58.3
1604462512,73.0,78.0,85.0,87.0,17.6,58.3
1604462513,73.0,77.0,85.0,87.0,17.6,58.3
1604462514,73.0,77.0,85.0,87.0,17.6,58.3
1604462515,73.0,77.0,85.0,87.0,17.6,58.3
1604462516,73.0,77.0,86.0,87.0,17.6,58.3
1604462517,72.0,77.0,86.0,87.0,17.6,58.3
1604462518,72.0,77.0,87.0,87.0,17.6,58.3
1604462519,72.0,78.0,87.0,87.0,17.6,58.3
1604462520,72.0,79.0,88.0,87.0,17.6,58.3
1604462521,72.0,79.0,88.0,88.0,17.6,58.3
1604462522,72.0,79.0,89.0,88.0,17.6,58.3
1604462523,72.0,80.0,89.0,88.0,17.6,58.3
1604462524,73.0,81.0,89.0,88.0,17.6,58.3
1604462525,73.0,81.0,89.0,88.0,17.6,58.3
1604462526,73.0,82.0,89.0,89.0,17.6,58.3
1604462527,73.0,82.0,89.0,89.0,17.6,58.3
1604462528,73.0,81.0,89.0,89.0,17.6,58.5
1604462529,73.0,81.0,89.0,89.0,17.6,58.5
1604462530,73.0,81.0,89.0,88.0,17.6,58.5
1604462531,73.0,80.0,89.0,88.0,17.6,58.5
1604462532,74.0,80.0,89.0,88.0,17.6,58.5
1604462533,74.0,79.0,89.0,88.0,17.6,58.3
1604462534,74.0,79.0,89.0,88.0,17.6,58.3
1604462535,74.22222222222223,78.88888888888889,89.0,88.0,17.6,58.3
1604462536,74.44444444444444,78.77777777777777,89.0,88.0,17.6,58.3
1604462537,74.66666666666667,78.66666666666667,89.0,88.0,17.6,58.3
1604462538,74.88888888888889,78.55555555555556,89.0,88.0,17.6,58.3
1604462539,75.11111111111111,78.44444444444444,89.0,88.0,17.6,58.3
1604462540,75.33333333333333,78.33333333333333,89.0,88.0,17.6,58.3
1604462541,75.55555555555556,78.22222222222223,89.0,88.0,17.6,58.3
1604462542,75.77777777777777,78.11111111111111,89.0,88.0,17.6,58.3
1604462543,76.0,78.0,89.0,88.0,17.6,58.3
1604462544,76.0,78.0,89.0,87.0,17.6,58.3
1604462545,76.0,77.0,88.0,87.0,17.6,58.3
1604462546,76.0,77.0,88.0,87.0,17.6,58.3
1604462547,75.0,77.0,88.0,87.0,17.6,58.3
1604462548,75.0,76.0,88.0,87.0,17.6,58.3
1604462549,74.0,76.0,88.0,86.0,17.6,58.3
1604462550,74.0,76.0,88.0,86.0,17.6,58.3
1604462551,74.0,77.0,88.0,86.0,17.6,58.3
1604462552,74.0,77.0,88.0,86.0,17.6,58.3
1604462553,73.0,77.0,88.0,86.0,17.6,58.3
1604462554,73.0,77.0,88.0,85.0,17.6,58.3
1604462555,73.0,77.0,89.0,85.0,17.6,58.3
1604462556,73.0,77.0,88.0,85.0,17.6,58.3
1604462557,73.0,78.0,88.0,85.0,17.6,58.3
1604462558,74.0,78.0,88.0,85.0,17.6,58.3
1604462559,74.0,78.0,88.0,84.0,17.6,58.3
1604462560,74.0,78.0,87.0,83.0,17.6,58.3
1604462561,75.0,77.0,87.0,86.0,17.6,58.3
1604462562,75.0,78.0,87.0,87.0,17.6,58.3
1604462563,75.0,78.0,87.0,87.0,17.6,58.3
1604462564,76.0,78.0,87.0,87.0,17.6,58.3
1604462565,76.0,78.0,87.0,87.0,17.6,58.3
1604462566,76.0,78.0,87.0,87.0,17.6,58.3
1604462567,75.0,78.0,87.0,88.0,17.6,58.3
1604462568,75.0,80.0,87.0,88.0,17.6,58.3
1604462569,74.0,80.0,87.0,88.0,17.6,58.3
1604462570,74.0,80.0,87.0,88.0,17.6,58.3
1604462571,73.0,80.0,87.0,89.0,17.6,58.3
1604462572,73.0,79.0,86.0,89.0,17.6,58.3
1604462573,73.0,79.0,86.0,89.0,17.6,58.3
1604462574,73.0,79.0,86.0,89.0,17.6,58.3
1604462575,73.0,78.0,85.0,89.0,17.6,58.3
1604462576,73.0,78.0,85.0,89.0,17.6,58.2
1604462577,73.0,78.0,86.0,89.0,17.6,58.2
1604462578,74.0,78.0,86.0,88.0,17.6,58.2
1604462579,74.0,78.0,86.0,88.0,17.6,58.2
1604462580,74.0,78.0,86.0,87.0,17.6,58.2
1604462581,76.0,78.0,86.0,87.0,17.6,58.2
1604462582,76.0,78.0,86.0,87.0,17.6,58.2
1604462583,77.0,79.0,86.0,86.0,17.6,58.2
1604462584,77.0,79.0,86.0,85.0,17.6,58.2
1604462585,77.0,80.0,87.0,85.0,17.6,58.2
1604462586,77.0,80.0,87.0,85.0,17.6,58.2
1604462587,77.0,81.0,87.0,84.0,17.6,58.2
1604462588,76.0,82.0,88.0,84.0,17.6,58.2
1604462589,75.0,82.0,88.0,85.0,17.6,58.2
1604462590,75.0,82.0,88.0,85.0,17.6,58.2
1604462591,74.0,82.0,88.0,85.0,17.6,58.2
1604462592,73.0,82.0,90.0,85.0,17.6,58.2
1604462593,73.0,82.0,90.0,86.0,17.6,58.2
1604462594,72.0,82.0,91.0,86.0,17.6,58.2
1604462595,72.0,81.0,92.0,86.0,17.6,58.2
1604462596,72.0,81.0,92.0,86.0,17.6,58.2
1604462597,71.0,80.0,92.0,86.0,17.6,58.2
1604462598,72.0,80.0,93.0,87.0,17.6,58.2
1604462599,72.0,80.0,93.0,87.0,17.6,58.2
1604462600,72.0,80.0,93.0,87.0,17.6,58.2
1604462601,72.0,80.0,93.0,87.0,17.6,58.2
1604462602,72.0,80.0,93.0,87.0,17.6,58.2
1604462603,72.0,80.0,92.0,87.0,17.6,58.2
1604462604,72.0,80.0,92.0,87.0,17.6,58.2
1604462605,72.0,80.0,92.0,87.0,17.6,58.2
1604462606,72.0,80.0,91.0,87.0,17.6,58.2
1604462607,72.0,81.0,91.0,88.0,17.6,58.2
1604462608,71.0,80.0,91.0,88.0,17.6,58.2
1604462609,71.0,80.0,91.0,88.0,17.6,58.2
1604462610,71.0,79.0,91.0,88.0,17.6,58.2
1604462611,71.0,79.0,91.0,88.0,17.6,58.2
1604462612,71.0,78.0,91.0,89.0,17.6,58.2
1604462613,71.0,78.0,92.0,89.0,17.6,58.2
1604462614,71.0,78.0,92.0,89.0,17.6,58.2
1604462615,71.0,78.0,92.0,90.0,17.6,58.2
1604462616,72.0,78.0,92.0,90.0,17.6,58.2
1604462617,72.0,77.0,92.0,91.0,17.6,58.2
1604462618,73.0,77.0,91.0,91.0,17.6,58.2
1604462619,73.0,77.0,91.0,91.0,17.6,58.2
1604462620,73.0,77.0,91.0,91.0,17.6,58.2
1604462621,74.0,77.0,90.0,91.0,17.6,58.2
1604462622,74.0,77.0,90.0,91.0,17.6,58.2
1604462623,74.0,77.0,90.0,91.0,17.6,58.2
1604462624,74.0,77.0,90.0,91.0,17.6,58.2
1604462625,73.0,77.0,90.0,90.0,17.6,58.2
1604462626,73.0,77.0,89.0,90.0,17.6,58.2
1604462627,73.0,77.0,89.0,90.0,17.6,58.2
1604462628,73.0,77.0,89.0,90.0,17.6,58.2
1604462629,73.0,77.0,89.0,90.0,17.6,58.2
1604462630,73.0,78.0,88.0,90.0,17.6,58.2
1604462631,74.0,78.0,88.0,90.0,17.6,58.2
1604462632,74.0,79.0,88.0,90.0,17.6,58.2
1604462633,74.0,79.0,87.0,90.0,17.6,58.2
1604462634,74.0,79.0,86.0,90.0,17.6,58.2
1604462635,75.0,79.0,86.0,90.0,17.6,58.2
1604462636,75.0,79.0,86.0,91.0,17.6,58.2
1604462637,75.0,78.0,86.0,91.0,17.6,58.2
1604462638,75.0,78.0,86.0,91.0,17.6,58.2
1604462639,75.0,78.0,87.0,91.0,17.6,58.2
1604462640,74.0,77.0,87.0,91.0,17.6,58.2
1604462641,74.0,77.0,88.0,91.0,17.6,58.2
1604462642,74.0,77.0,89.0,91.0,17.6,58.2
1604462643,74.0,76.0,89.0,91.0,17.6,58.2
1604462644,74.0,77.0,90.0,91.0,17.6,58.2
1604462645,73.0,77.0,90.0,91.0,17.6,58.2
1604462646,73.0,77.0,91.0,90.0,17.6,58.2
1604462647,73.0,77.0,90.0,90.0,17.6,58.2
1604462648,73.0,78.0,90.0,90.0,17.6,58.2
1604462649,73.0,78.0,90.0,90.0,17.6,58.2
1604462650,73.0,78.0,90.0,90.0,17.6,58.2
1604462651,73.0,80.0,90.0,91.0,17.6,58.2
1604462652,73.0,80.0,89.0,91.0,17.6,58.2
1604462653,73.0,80.0,89.0,91.0,17.6,58.2
1604462654,74.0,81.0,88.0,91.0,17.6,58.2
1604462655,75.0,81.0,88.0,91.0,17.6,58.2
1604462656,75.0,81.0,88.0,91.0,17.6,58.2
1604462657,76.0,81.0,88.0,91.0,17.6,58.2
1604462658,76.0,81.0,88.0,91.0,17.6,58.2
1604462659,76.0,81.0,88.0,91.0,17.6,58.2
1604462660,77.0,80.0,88.0,91.0,17.6,58.2
1604462661,77.0,80.0,88.0,90.0,17.6,58.2
1604462662,77.0,79.0,89.0,90.0,17.6,58.2
1604462663,77.0,79.0,89.0,90.0,17.6,58.2
1604462664,76.0,79.0,89.0,89.0,17.6,58.2
1604462665,76.0,79.0,89.0,88.0,17.6,58.2
1604462666,75.0,78.0,89.0,88.0,17.6,58.2
1604462667,75.0,78.0,90.0,87.0,17.6,58.2
1604462668,75.0,78.0,90.0,87.0,17.6,58.2
1604462669,74.0,78.0,90.0,87.0,17.6,58.2
1604462670,74.0,78.0,90.0,86.0,17.6,58.2
1604462671,74.0,78.0,90.0,86.0,17.6,58.2
1604462672,74.0,78.0,89.0,86.0,17.6,58.2
1604462673,74.0,79.0,89.0,87.0,17.6,58.2
1604462674,75.0,79.0,88.0,87.0,17.6,58.2
1604462675,75.0,79.0,88.0,87.0,17.6,58.2
1604462676,75.0,79.0,87.0,88.0,17.6,58.2
1604462677,76.0,80.0,86.0,88.0,17.6,58.2
1604462678,76.0,80.0,86.0,89.0,17.6,58.2
1604462679,76.0,80.0,85.0,89.0,17.6,58.2
1604462680,76.0,80.0,84.0,89.0,17.6,58.2
1604462681,76.0,80.0,84.0,89.0,17.6,58.2
1604462682,76.0,80.0,84.0,90.0,17.6,58.2
1604462683,75.0,80.0,84.0,90.0,17.6,58.2
1604462684,75.0,80.0,84.0,90.0,17.6,58.2
1604462685,75.0,80.0,84.0,90.0,17.6,58.2
1604462686,74.0,80.0,85.0,90.0,17.6,58.2
1604462687,74.0,79.0,86.0,90.0,17.6,58.2
1604462688,74.0,79.0,87.0,89.0,17.6,58.2
1604462689,74.0,79.0,87.0,89.0,17.6,58.2
1604462690,73.0,78.0,88.0,89.0,17.6,58.2
1604462691,73.0,78.0,88.0,89.0,17.6,58.2
1604462692,73.0,78.0,88.0,89.0,17.6,58.2
1604462693,74.0,78.0,88.0,88.0,17.6,58.2
1604462694,74.0,78.0,87.0,88.0,17.6,58.2
1604462695,74.0,78.0,87.0,87.0,17.6,58.2
1604462696,74.0,78.0,86.0,87.0,17.6,58.2
1604462697,74.0,78.0,86.0,87.0,17.6,58.2
1604462698,74.0,78.0,86.0,87.0,17.6,58.2
1604462699,74.0,78.0,85.0,87.0,17.6,58.2
1604462700,74.0,78.0,85.0,87.0,17.6,58.2
1604462701,75.0,78.0,85.0,87.0,17.6,58.2
1604462702,76.0,78.0,86.0,87.0,17.6,58.2
1604462703,76.0,78.0,86.0,87.0,17.6,58.2
1604462704,76.0,78.0,87.0,87.0,17.6,58.2
1604462705,76.0,78.0,87.0,87.0,17.6,58.2
1604462706,77.0,78.0,88.0,88.0,17.6,58.2
1604462707,77.0,78.0,88.0,88.0,17.6,58.2
1604462708,77.0,78.0,88.0,88.0,17.6,58.2
1604462709,77.0,79.0,88.0,87.0,17.6,58.2
1604462710,77.0,79.0,88.0,87.0,17.6,58.2
1604462711,76.0,79.0,88.0,87.0,17.6,58.2
1604462712,76.0,79.0,88.0,87.0,17.6,58.2
1604462713,76.0,79.0,87.0,87.0,17.6,58.2
1604462714,75.0,79.0,88.0,87.0,17.6,58.2
1604462715,75.0,80.0,88.0,86.0,17.6,58.2
1604462716,75.0,80.0,88.0,86.0,17.6,58.2
1604462717,75.0,80.0,89.0,85.0,17.6,58.2
1604462718,75.0,80.0,89.0,85.0,17.6,58.2
1604462719,74.0,80.0,89.0,85.0,17.6,58.2
1604462720,74.0,80.0,89.0,85.0,17.6,58.2
1604462721,75.0,80.0,89.0,85.0,17.5,58.1
1604462722,75.0,80.0,89.0,85.0,17.5,58.1
1604462723,74.0,80.0,88.0,84.0,17.5,58.1
1604462724,74.0,80.0,88.0,84.0,17.5,58.1
1604462725,74.0,79.0,88.0,85.0,17.5,58.1
1604462726,74.0,79.0,87.0,85.0,17.6,58.2
1604462727,74.0,78.0,87.0,85.0,17.6,58.2
1604462728,74.0,77.0,87.0,85.0,17.6,58.2
1604462729,74.0,77.0,87.0,85.0,17.6,58.2
1604462730,74.0,76.0,87.0,85.0,17.6,58.2
1604462731,73.0,76.0,86.0,84.0,17.6,58.1
1604462732,72.0,76.0,86.0,84.0,17.6,58.1
1604462733,72.0,75.0,86.0,84.0,17.6,58.1
1604462734,72.0,75.0,86.0,84.0,17.6,58.1
1604462735,72.0,75.0,86.0,84.0,17.6,58.1
1604462736,72.0,75.0,86.0,84.0,17.6,58.1
1604462737,71.0,75.0,86.0,83.0,17.6,58.1
1604462738,71.0,76.0,86.0,83.0,17.6,58.1
1604462739,71.0,76.0,86.0,83.0,17.6,58.1
1604462740,71.0,76.0,86.0,83.0,17.6,58.1
1604462741,71.55555555555556,76.0,85.88888888888889,83.0,17.6,58.08888888888889
1604462742,72.11111111111111,76.0,85.77777777777777,83.0,17.6,58.077777777777776
1604462743,72.66666666666667,76.0,85.66666666666667,83.0,17.6,58.06666666666667
1604462744,73.22222222222223,76.0,85.55555555555556,83.0,17.6,58.05555555555556
1604462745,73.77777777777777,76.0,85.44444444444444,83.0,17.6,58.04444444444445
1604462746,74.33333333333333,76.0,85.33333333333333,83.0,17.6,58.03333333333333
1604462747,74.88888888888889,76.0,85.22222222222223,83.0,17.6,58.02222222222223
1604462748,75.44444444444444,76.0,85.11111111111111,83.0,17.6,58.01111111111111
1604462749,76.0,76.0,85.0,83.0,17.6,58.0
1604462750,76.0,77.0,85.0,83.0,17.6,58.0
1604462751,75.0,77.0,85.0,82.0,17.6,58.0
1604462752,75.0,78.0,84.0,82.0,17.6,58.0
1604462753,75.0,78.0,84.0,82.0,17.6,58.0
1604462754,74.0,78.0,83.0,82.0,17.6,58.0
1604462755,74.0,79.0,83.0,82.0,17.6,58.0
1604462756,74.0,79.0,83.0,82.0,17.6,58.0
1604462757,75.0,79.0,83.0,82.0,17.6,58.0
1604462758,75.0,79.0,83.0,83.0,17.6,58.0
1604462759,75.0,79.0,83.0,83.0,17.6,58.0
1604462760,75.0,79.0,83.0,84.0,17.6,58.0
1604462761,75.0,80.0,84.0,84.0,17.6,58.0
1604462762,75.0,80.0,84.0,84.0,17.6,58.0
1604462763,76.0,80.0,85.0,84.0,17.6,58.0
1604462764,76.0,80.0,85.0,84.0,17.5,57.9
1604462765,76.0,80.0,85.0,83.0,17.5,57.9
1604462766,76.0,80.0,85.0,83.0,17.5,57.9
1604462767,76.0,80.0,85.0,83.0,17.5,57.9
1604462768,75.0,80.0,85.0,83.0,17.5,57.9
1604462769,75.0,79.0,85.0,83.0,17.6,58.0
1604462770,74.0,79.0,85.0,82.0,17.6,58.0
1604462771,74.0,79.0,85.0,82.0,17.6,58.0
1604462772,73.0,78.0,84.0,82.0,17.6,58.0
1604462773,73.0,78.0,84.0,82.0,17.6,58.0
1604462774,73.0,78.0,84.0,82.0,17.5,57.9
1604462775,72.0,77.0,84.0,81.0,17.5,57.9
1604462776,72.0,77.0,85.0,81.0,17.5,57.9
1604462777,72.0,77.0,85.0,81.0,17.5,57.9
1604462778,72.0,77.0,85.0,81.0,17.5,57.9
1604462779,73.0,77.0,85.0,81.0,17.5,57.9
1604462780,73.0,78.0,85.0,81.0,17.5,57.9
1604462781,74.0,78.0,86.0,81.0,17.5,57.9
1604462782,74.0,78.0,86.0,81.0,17.5,57.9
1604462783,74.0,78.0,86.0,80.0,17.5,57.9
1604462784,74.0,79.0,86.0,81.0,17.5,57.9
1604462785,74.0,79.0,86.0,81.0,17.5,57.9
1604462786,74.0,80.0,85.0,80.0,17.5,57.9
1604462787,74.0,80.0,85.0,80.0,17.5,57.9
1604462788,74.0,81.0,85.0,80.0,17.5,57.9
1604462789,74.0,81.0,85.0,80.0,17.5,57.9
1604462790,74.0,81.0,85.0,80.0,17.5,57.9
1604462791,74.0,78.0,85.0,80.0,17.5,57.9
1604462792,74.0,77.0,86.0,80.0,17.5,57.9
1604462793,74.0,77.0,86.0,80.0,17.5,57.9
1604462794,74.0,77.0,86.0,80.0,17.5,57.9
1604462795,74.0,77.0,86.0,81.0,17.5,57.9
1604462796,75.0,77.0,86.0,81.0,17.5,57.9
1604462797,75.0,77.0,87.0,81.0,17.5,57.9
1604462798,75.0,77.0,87.0,81.0,17.5,57.9
1604462799,76.0,76.0,87.0,82.0,17.6,57.9
1604462800,76.0,77.0,87.0,82.0,17.6,57.9
1604462801,76.0,77.0,88.0,82.0,17.6,57.9
1604462802,76.0,77.0,88.0,82.0,17.6,57.9
1604462803,76.0,77.0,87.0,82.0,17.6,57.9
1604462804,76.0,77.0,87.0,82.0,17.5,57.8
1604462805,76.0,77.0,87.0,82.0,17.5,57.8
1604462806,76.0,77.0,87.0,82.0,17.5,57.8
1604462807,76.0,77.0,87.0,81.0,17.5,57.8
1604462808,76.0,78.0,87.0,81.0,17.5,57.8
1604462809,75.0,78.0,86.0,81.0,17.5,57.8
1604462810,75.0,78.0,86.0,81.0,17.5,57.8
1604462811,75.0,79.0,86.0,81.0,17.5,57.8
1604462812,74.0,79.0,86.0,82.0,17.5,57.8
1604462813,74.0,79.0,85.0,82.0,17.5,57.8
1604462814,73.0,80.0,85.0,82.0,17.5,57.8
1604462815,73.0,80.0,85.0,83.0,17.5,57.8
1604462816,73.0,80.0,84.0,84.0,17.5,57.8
1604462817,74.0,80.0,84.0,84.0,17.5,57.8
1604462818,74.0,80.0,83.0,84.0,17.5,57.8
1604462819,74.0,80.0,83.0,85.0,17.5,57.8
1604462820,74.0,79.0,84.0,85.0,17.5,57.8
1604462821,74.0,79.0,83.0,85.0,17.5,57.8
1604462822,75.0,79.0,84.0,85.0,17.5,57.8
1604462823,75.0,79.0,84.0,86.0,17.5,57.8
1604462824,75.0,79.0,84.0,86.0,17.5,57.8
1604462825,75.0,78.0,84.0,86.0,17.5,57.8
1604462826,75.0,78.0,84.0,86.0,17.5,57.8
1604462827,75.0,79.0,84.0,86.0,17.5,57.8
1604462828,75.0,79.0,84.0,86.0,17.5,57.8
1604462829,74.0,79.0,84.0,86.0,17.5,57.8
1604462830,74.0,79.0,83.0,86.0,17.5,57.8
1604462831,74.0,79.0,83.0,85.0,17.5,57.8
1604462832,74.0,78.0,83.0,85.0,17.5,57.8
1604462833,74.0,78.0,83.0,85.0,17.5,57.8
1604462834,74.0,78.0,83.0,85.0,17.5,57.9
1604462835,74.0,78.0,83.0,85.0,17.5,57.9
1604462836,74.0,78.0,83.0,84.0,17.5,57.9
1604462837,74.0,78.0,83.0,84.0,17.5,57.9
1604462838,74.0,78.0,84.0,84.0,17.5,57.9
1604462839,74.0,77.0,84.0,84.0,17.4,57.8
1604462840,74.0,77.0,84.0,84.0,17.4,57.8
1604462841,74.0,77.0,83.0,84.0,17.4,57.8
1604462842,73.0,78.0,83.0,85.0,17.4,57.8
1604462843,73.0,78.0,83.0,85.0,17.4,57.8
1604462844,72.0,78.0,83.0,85.0,17.5,57.9
1604462845,72.0,78.0,83.0,85.0,17.5,57.9
1604462846,71.0,78.0,83.0,85.0,17.5,57.9
1604462847,71.0,78.0,83.0,86.0,17.5,57.9
1604462848,70.0,78.0,83.0,86.0,17.5,57.9
1604462849,70.0,78.0,84.0,86.0,17.5,58.0
1604462850,69.0,78.0,84.0,86.0,17.5,58.0
1604462851,69.0,78.0,85.0,86.0,17.5,58.0
1604462852,68.0,78.0,85.0,86.0,17.5,58.0
1604462853,68.0,78.0,86.0,87.0,17.5,58.0
1604462854,68.0,77.0,87.0,87.0,17.5,58.0
1604462855,68.0,77.0,87.0,87.0,17.5,58.0
1604462856,69.0,77.0,87.0,87.0,17.5,58.0
1604462857,69.0,77.0,87.0,86.0,17.5,58.0
1604462858,70.0,76.0,87.0,86.0,17.5,58.0
1604462859,70.0,76.0,87.0,85.0,17.5,58.0
1604462860,71.0,76.0,87.0,85.0,17.5,58.0
1604462861,71.0,76.0,87.0,84.0,17.5,58.0
1604462862,72.0,76.0,87.0,84.0,17.5,58.0
1604462863,72.0,76.0,86.0,84.0,17.5,58.0
1604462864,72.0,75.0,86.0,84.0,17.5,58.1
1604462865,72.0,75.0,86.0,84.0,17.5,58.1
1604462866,72.0,75.0,86.0,84.0,17.5,58.1
1604462867,72.0,75.0,85.0,84.0,17.5,58.1
1604462868,71.0,75.0,85.0,85.0,17.5,58.1
1604462869,71.0,75.0,85.0,85.0,17.5,58.1
1604462870,71.0,75.0,85.0,85.0,17.5,58.1
1604462871,70.0,75.0,85.0,85.0,17.5,58.1
1604462872,70.0,75.0,84.0,85.0,17.5,58.1
1604462873,71.0,75.0,84.0,85.0,17.5,58.1
1604462874,71.0,74.0,84.0,85.0,17.5,58.1
1604462875,71.0,74.0,84.0,85.0,17.5,58.1
1604462876,72.0,74.0,84.0,85.0,17.5,58.1
1604462877,73.0,75.0,85.0,85.0,17.5,58.1
1604462878,74.0,75.0,85.0,86.0,17.5,58.1
1604462879,75.0,75.0,86.0,86.0,17.5,58.1
1604462880,75.0,75.0,86.0,86.0,17.5,58.1
1604462881,76.0,75.0,86.0,86.0,17.5,58.1
1604462882,77.0,75.0,88.0,87.0,17.5,58.1
1604462883,78.0,74.0,89.0,87.0,17.5,58.1
1604462884,78.0,74.0,89.0,87.0,17.5,58.1
1604462885,78.0,74.0,89.0,87.0,17.5,58.1
1604462886,78.0,74.0,89.0,87.0,17.5,58.1
1604462887,78.0,74.0,89.0,87.0,17.5,58.1
1604462888,78.0,73.0,89.0,87.0,17.5,58.1
1604462889,78.0,73.0,88.0,87.0,17.4,58.1
1604462890,78.0,73.0,88.0,86.0,17.4,58.1
1604462891,77.0,73.0,88.0,86.0,17.4,58.1
1604462892,77.0,74.0,86.0,86.0,17.4,58.1
1604462893,75.0,74.0,85.0,86.0,17.4,58.1
1604462894,75.0,74.0,85.0,85.0,17.5,58.1
1604462895,74.0,75.0,84.0,85.0,17.5,58.1
1604462896,74.0,76.0,84.0,84.0,17.5,58.1
1604462897,73.0,76.0,83.0,84.0,17.5,58.1
1604462898,73.0,76.0,83.0,84.0,17.5,58.1
1604462899,72.0,76.0,83.0,84.0,17.5,58.1
1604462900,72.0,77.0,83.0,84.0,17.5,58.1
1604462901,72.0,76.0,84.0,84.0,17.5,58.1
1604462902,72.0,76.0,84.0,84.0,17.5,58.1
1604462903,72.0,76.0,84.0,84.0,17.5,58.1
1604462904,73.0,76.0,84.0,84.0,17.5,58.1
1604462905,73.0,76.0,84.0,85.0,17.5,58.1
1604462906,73.0,76.0,84.0,85.0,17.5,58.1
1604462907,73.0,77.0,84.0,85.0,17.5,58.1
1604462908,73.0,77.0,84.0,85.0,17.5,58.1
1604462909,73.0,77.0,84.0,85.0,17.5,58.1
1604462910,73.0,77.0,84.0,85.0,17.5,58.1
1604462911,73.0,77.0,84.0,85.0,17.5,58.1
1604462912,73.0,77.0,84.0,85.0,17.5,58.1
1604462913,73.0,77.0,84.0,85.0,17.5,58.1
1604462914,73.0,76.0,84.0,85.0,17.4,58.0
1604462915,73.0,76.0,84.0,85.0,17.4,58.0
1604462916,72.0,76.0,84.0,85.0,17.4,58.0
1604462917,72.0,76.0,83.0,85.0,17.4,58.0
1604462918,72.0,76.0,83.0,85.0,17.4,58.0
1604462919,73.0,76.0,84.0,85.0,17.4,58.0
1604462920,73.0,76.0,84.0,85.0,17.4,58.0
1604462921,73.0,76.0,84.0,85.0,17.4,58.0
1604462922,73.0,76.0,85.0,85.0,17.4,58.0
1604462923,73.0,76.0,85.0,85.0,17.4,58.0
1604462924,74.0,77.0,85.0,85.0,17.4,58.0
1604462925,74.0,77.0,85.0,85.0,17.4,58.0
1604462926,74.0,77.0,85.0,85.0,17.4,58.0
1604462927,74.0,77.0,85.0,86.0,17.4,58.0
1604462928,75.0,77.0,85.0,86.0,17.4,58.0
1604462929,75.0,76.0,85.0,87.0,17.5,58.1
1604462930,75.0,76.0,84.0,87.0,17.5,58.1
1604462931,75.0,76.0,84.0,87.0,17.5,58.1
1604462932,75.0,75.0,83.0,87.0,17.5,58.1
1604462933,75.0,75.0,83.0,87.0,17.5,58.1
1604462934,75.0,75.0,83.0,87.0,17.4,58.1
1604462935,75.0,75.0,83.0,86.0,17.4,58.1
1604462936,75.0,75.0,82.0,86.0,17.4,58.1
1604462937,75.0,75.5,82.0,85.5,17.4,58.1
1604462938,75.0,76.0,82.0,85.0,17.4,58.1
1604462939,75.0,76.0,82.0,85.0,17.4,58.1
1604462940,75.0,76.0,82.0,85.0,17.5,58.2
1604462941,75.0,77.0,82.0,84.0,17.5,58.2
1604462942,75.0,77.0,82.0,84.0,17.5,58.2
1604462943,75.0,77.0,83.0,84.0,17.5,58.2
1604462944,75.0,78.0,83.0,84.0,17.5,58.2
1604462945,75.0,78.0,83.0,84.0,17.4,58.1
1604462946,75.0,78.0,84.0,84.0,17.4,58.1
1604462947,75.0,79.0,84.0,84.0,17.4,58.1
1604462948,75.0,79.0,84.0,84.0,17.4,58.1
1604462949,75.0,79.0,83.0,84.0,17.4,58.1
1604462950,74.0,79.0,83.0,84.0,17.4,58.1
1604462951,74.0,80.0,83.0,84.0,17.4,58.1
1604462952,73.55555555555556,80.0,83.0,84.11111111111111,17.4,58.1
1604462953,73.11111111111111,80.0,83.0,84.22222222222223,17.4,58.1
1604462954,72.66666666666667,80.0,83.0,84.33333333333333,17.4,58.1
1604462955,72.22222222222223,80.0,83.0,84.44444444444444,17.4,58.1
1604462956,71.77777777777777,80.0,83.0,84.55555555555556,17.4,58.1
1604462957,71.33333333333333,80.0,83.0,84.66666666666667,17.4,58.1
1604462958,70.88888888888889,80.0,83.0,84.77777777777777,17.4,58.1
1604462959,70.44444444444444,80.0,83.0,84.88888888888889,17.4,58.1
1604462960,70.0,80.0,83.0,85.0,17.4,58.1
1604462961,71.0,79.0,83.0,85.0,17.4,58.1
1604462962,71.0,79.0,83.0,85.0,17.4,58.1
1604462963,71.0,79.0,83.0,85.0,17.4,58.1
1604462964,72.0,78.0,82.0,85.0,17.4,58.1
1604462965,72.0,78.0,82.0,85.0,17.4,58.1
1604462966,72.0,78.0,82.0,86.0,17.4,58.1
1604462967,73.0,77.0,82.0,86.0,17.4,58.1
1604462968,73.0,76.0,82.0,86.0,17.4,58.1
1604462969,73.0,76.0,82.0,86.0,17.4,58.1
1604462970,73.0,75.0,82.0,86.0,17.4,58.1
1604462971,73.0,75.0,81.0,86.0,17.4,58.1
1604462972,72.0,75.0,81.0,86.0,17.4,58.1
1604462973,72.0,75.0,80.0,86.0,17.4,58.1
1604462974,72.0,75.0,80.0,86.0,17.4,58.1
1604462975,71.0,75.0,80.0,86.0,17.4,58.1
1604462976,71.0,75.0,79.0,85.0,17.4,58.1
1604462977,71.0,76.0,79.0,85.0,17.4,58.1
1604462978,71.0,76.0,79.0,85.0,17.5,58.1
1604462979,71.0,76.0,78.0,85.0,17.5,58.1
1604462980,71.0,76.0,78.0,85.0,17.5,58.1
1604462981,71.0,76.0,78.0,85.0,17.5,58.1
1604462982,71.0,76.0,78.0,85.0,17.5,58.1
1604462983,71.0,76.0,83.0,84.0,17.4,58.0
1604462984,72.0,76.0,84.0,84.0,17.4,58.0
1604462985,72.0,77.0,84.0,84.0,17.4,58.0
1604462986,73.0,77.0,84.0,85.0,17.4,58.0
1604462987,73.0,77.0,84.0,84.0,17.4,58.0
1604462988,74.0,77.0,83.0,84.0,17.4,57.9
1604462989,74.0,76.0,82.0,84.0,17.4,57.9
1604462990,75.0,76.0,82.0,84.0,17.4,57.9
1604462991,75.0,76.0,82.0,84.0,17.4,57.9
1604462992,75.0,76.0,81.0,84.0,17.4,57.9
1604462993,75.0,75.0,81.0,83.0,17.4,57.9
1604462994,75.0,75.0,81.0,83.0,17.4,57.9
1604462995,75.0,74.0,81.0,83.0,17.4,57.9
1604462996,74.0,74.0,81.0,83.0,17.4,57.9
1604462997,74.0,74.0,81.0,83.0,17.4,57.9
1604462998,74.0,74.0,82.0,83.0,17.4,57.9
1604462999,73.0,74.0,83.0,82.0,17.4,57.9
1604463000,73.0,74.0,83.0,82.0,17.4,57.9
1604463001,73.0,74.0,84.0,82.0,17.4,57.9
1604463002,73.0,74.0,85.0,82.0,17.4,57.9
1604463003,73.0,74.0,85.0,82.0,17.4,57.9
1604463004,73.0,74.0,85.0,82.0,17.4,57.9
1604463005,73.0,74.0,85.0,82.0,17.4,57.9
1604463006,72.0,74.0,85.0,82.0,17.4,57.9
1604463007,72.0,74.0,85.0,82.0,17.4,57.9
1604463008,72.0,74.0,85.0,82.0,17.4,57.9
1604463009,71.0,74.0,85.0,82.0,17.4,57.9
1604463010,71.0,74.0,84.0,83.0,17.4,57.9
1604463011,70.0,75.0,84.0,83.0,17.4,57.9
1604463012,70.0,75.0,84.0,83.0,17.4,57.9
1604463013,70.0,75.0,83.0,83.0,17.4,58.0
1604463014,69.0,75.0,83.0,84.0,17.4,58.0
1604463015,69.0,75.0,84.0,84.0,17.4,58.0
1604463016,69.0,76.0,83.0,85.0,17.4,58.0
1604463017,69.0,74.0,83.0,85.0,17.4,58.0
1604463018,69.0,74.0,83.0,86.0,17.4,58.0
1604463019,69.0,74.0,83.0,86.0,17.4,58.0
1604463020,69.0,74.0,83.0,86.0,17.4,58.0
1604463021,69.0,75.0,83.0,87.0,17.4,58.0
1604463022,70.0,75.0,83.0,88.0,17.4,58.0
1604463023,70.0,76.0,83.0,88.0,17.4,58.1
1604463024,70.0,76.0,83.0,88.0,17.4,58.1
1604463025,71.0,76.0,84.0,88.0,17.4,58.1
1604463026,71.0,77.0,84.0,88.0,17.4,58.1
1604463027,71.0,77.0,85.0,88.0,17.4,58.1
1604463028,71.0,77.0,85.0,88.0,17.4,58.1
1604463029,71.0,77.0,86.0,87.0,17.4,58.1
1604463030,71.0,77.0,87.0,87.0,17.4,58.1
1604463031,71.0,77.0,87.0,86.0,17.4,58.1
1604463032,70.0,76.0,88.0,86.0,17.4,58.1
1604463033,69.0,76.0,89.0,85.0,17.4,58.2
1604463034,69.0,75.0,89.0,85.0,17.4,58.2
1604463035,68.0,75.0,89.0,84.0,17.4,58.2
1604463036,68.0,75.0,89.0,84.0,17.4,58.2
1604463037,67.0,75.0,88.0,84.0,17.4,58.2
1604463038,67.0,75.0,88.0,83.0,17.5,58.2
1604463039,67.0,75.0,88.0,83.0,17.5,58.2
1604463040,66.0,75.0,87.0,83.0,17.5,58.2
1604463041,66.0,75.0,87.0,83.0,17.5,58.2
1604463042,66.0,75.0,87.0,83.0,17.5,58.2
1604463043,66.0,75.0,86.0,83.0,17.4,58.2
1604463044,66.0,75.0,86.0,83.0,17.4,58.2
1604463045,66.0,75.0,87.0,83.0,17.4,58.2
1604463046,66.0,76.0,87.0,83.0,17.4,58.2
1604463047,66.0,76.0,87.0,83.0,17.4,58.2
1604463048,66.0,76.0,87.0,83.0,17.4,58.3
1604463049,67.0,76.0,87.0,83.0,17.4,58.3
1604463050,67.0,77.0,87.0,83.0,17.4,58.3
1604463051,67.0,77.0,87.0,83.0,17.4,58.3
1604463052,68.0,77.0,87.0,84.0,17.4,58.3
1604463053,68.0,77.0,87.0,84.0,17.4,58.2
1604463054,68.0,77.0,86.0,84.0,17.4,58.2
1604463055,68.0,77.0,86.0,84.0,17.4,58.2
1604463056,68.0,77.0,85.0,84.0,17.4,58.2
1604463057,68.0,77.0,85.0,85.0,17.4,58.2
1604463058,68.0,76.0,85.0,85.0,17.4,58.2
1604463059,68.0,76.0,85.0,85.0,17.4,58.2
1604463060,67.0,76.0,85.0,85.0,17.4,58.2
1604463061,67.0,75.0,85.0,85.0,17.4,58.2
1604463062,68.0,75.0,84.0,85.0,17.4,58.2
1604463063,68.0,75.0,85.0,85.0,17.5,58.3
1604463064,68.0,75.0,85.0,85.0,17.5,58.3
1604463065,68.0,75.0,85.0,84.0,17.5,58.3
1604463066,68.0,75.0,85.0,84.0,17.5,58.3
1604463067,68.0,75.0,85.0,84.0,17.5,58.3
1604463068,69.0,75.0,84.0,84.0,17.4,58.1
1604463069,69.0,75.0,84.0,84.0,17.4,58.1
1604463070,69.0,76.0,84.0,84.0,17.4,58.1
1604463071,69.0,76.0,84.0,84.0,17.4,58.1
1604463072,68.0,77.0,84.0,84.0,17.4,58.1
1604463073,68.0,77.0,84.0,83.0,17.4,58.1
1604463074,68.0,77.0,84.0,83.0,17.4,58.1
1604463075,67.0,78.0,84.0,83.0,17.4,58.1
1604463076,67.0,78.0,84.0,83.0,17.4,58.1
1604463077,66.0,78.0,84.0,83.0,17.4,58.1
1604463078,66.0,78.0,84.0,83.0,17.5,58.2
1604463079,66.0,78.0,84.0,82.0,17.5,58.2
1604463080,66.0,78.0,84.0,82.0,17.5,58.2
1604463081,66.0,78.0,84.0,81.0,17.5,58.2
1604463082,66.0,78.0,83.0,81.0,17.5,58.2
1604463083,66.0,78.0,83.0,81.0,17.5,58.1
1604463084,66.0,78.0,83.0,81.0,17.5,58.1
1604463085,66.0,78.0,84.0,81.0,17.5,58.1
1604463086,66.0,78.0,84.0,81.0,17.5,58.1
1604463087,66.0,78.0,84.0,81.0,17.5,58.1
1604463088,66.0,79.0,84.0,81.0,17.4,58.1
1604463089,66.0,79.0,84.0,82.0,17.4,58.1
1604463090,67.0,79.0,84.0,82.0,17.4,58.1
1604463091,67.0,79.0,84.0,82.0,17.4,58.1
1604463092,67.0,79.0,84.0,83.0,17.4,58.1
1604463093,67.0,79.0,85.0,83.0,17.4,58.1
1604463094,68.0,79.0,85.0,83.0,17.4,58.1
1604463095,68.0,79.0,85.0,83.0,17.4,58.1
1604463096,69.0,79.0,85.0,83.0,17.4,58.1
1604463097,69.0,78.0,84.0,83.0,17.4,58.1
1604463098,69.0,78.0,84.0,83.0,17.4,58.1
1604463099,69.0,77.0,84.0,83.0,17.4,58.1
1604463100,69.0,77.0,84.0,83.0,17.4,58.1
1604463101,70.0,76.0,84.0,83.0,17.4,58.1
1604463102,70.0,76.0,84.0,83.0,17.4,58.1
1604463103,69.0,76.0,83.0,83.0,17.4,58.0
1604463104,69.0,75.0,83.0,84.0,17.4,58.0
1604463105,69.0,75.0,83.0,84.0,17.4,58.0
1604463106,69.0,75.0,83.0,84.0,17.4,58.0
1604463107,69.0,75.0,82.0,84.0,17.4,58.0
1604463108,68.0,75.0,82.0,84.0,17.4,57.9
1604463109,69.0,75.0,82.0,83.0,17.4,57.9
1604463110,69.0,75.0,82.0,83.0,17.4,57.9
1604463111,69.0,75.0,81.0,83.0,17.4,57.9
1604463112,69.0,75.0,81.0,83.0,17.4,57.9
1604463113,69.0,75.0,80.0,82.0,17.4,57.8
1604463114,69.0,75.0,80.0,82.0,17.4,57.8
1604463115,69.0,75.0,80.0,82.0,17.4,57.8
1604463116,69.0,76.0,79.0,82.0,17.4,57.8
1604463117,70.0,76.0,79.0,82.0,17.4,57.8
1604463118,70.0,76.0,79.0,83.0,17.4,57.7
1604463119,70.0,76.0,79.0,83.0,17.4,57.7
1604463120,70.0,76.0,79.0,83.0,17.4,57.7
1604463121,71.0,76.0,79.0,83.0,17.4,57.7
1604463122,71.0,76.0,80.0,83.0,17.4,57.7
1604463123,71.0,76.0,81.0,84.0,17.4,57.7
1604463124,71.0,77.0,81.0,84.0,17.4,57.7
1604463125,71.0,77.0,82.0,84.0,17.4,57.7
1604463126,71.0,77.0,83.0,84.0,17.4,57.7
1604463127,72.0,77.0,83.0,84.0,17.4,57.7
1604463128,72.0,77.0,83.0,84.0,17.4,57.7
1604463129,72.0,77.0,85.0,84.0,17.4,57.7
1604463130,73.0,77.0,86.0,84.0,17.4,57.7
1604463131,73.0,77.0,86.0,84.0,17.4,57.7
1604463132,73.0,77.0,86.0,84.0,17.4,57.7
1604463133,74.0,77.0,87.0,84.0,17.4,57.7
1604463134,74.0,77.0,87.0,84.0,17.4,57.7
1604463135,74.0,76.0,88.0,84.0,17.4,57.7
1604463136,75.0,76.0,89.0,84.0,17.4,57.7
1604463137,75.0,75.0,89.0,85.0,17.4,57.7
1604463138,75.0,75.0,89.0,84.0,17.4,57.7
1604463139,75.0,75.0,89.0,84.0,17.4,57.7
1604463140,75.0,75.0,89.0,84.0,17.4,57.7
1604463141,75.0,75.0,89.0,84.0,17.4,57.7
1604463142,75.0,76.0,89.0,85.0,17.4,57.7
1604463143,75.0,76.0,88.0,85.0,17.4,57.7
1604463144,75.0,77.0,87.0,85.0,17.4,57.7
1604463145,74.0,77.0,86.0,85.0,17.4,57.7
1604463146,74.0,77.0,85.0,85.0,17.4,57.7
1604463147,74.0,79.0,84.0,85.0,17.4,57.7
1604463148,74.0,80.0,84.0,85.0,17.4,57.7
1604463149,74.0,80.0,83.0,85.0,17.4,57.7
1604463150,74.0,81.0,83.0,85.0,17.4,57.7
1604463151,74.0,81.0,82.0,85.0,17.4,57.7
1604463152,75.0,81.0,82.0,85.0,17.4,57.7
1604463153,75.0,81.0,83.0,85.0,17.4,57.7
1604463154,75.0,80.0,83.0,84.0,17.4,57.7
1604463155,75.0,80.0,84.0,84.0,17.4,57.7
1604463156,74.0,79.0,84.0,84.0,17.4,57.7
1604463157,74.0,79.0,84.0,84.0,17.4,57.7
1604463158,74.0,78.0,84.0,84.0,17.4,57.7
1604463159,74.0,77.88888888888889,84.0,84.0,17.4,57.7
1604463160,74.0,77.77777777777777,84.0,84.0,17.4,57.7
1604463161,74.0,77.66666666666667,84.0,84.0,17.4,57.7
1604463162,74.0,77.55555555555556,84.0,84.0,17.4,57.7
1604463163,74.0,77.44444444444444,84.0,84.0,17.4,57.7
1604463164,74.0,77.33333333333333,84.0,84.0,17.4,57.7
1604463165,74.0,77.22222222222223,84.0,84.0,17.4,57.7
1604463166,74.0,77.11111111111111,84.0,84.0,17.4,57.7
1604463167,74.0,77.0,84.0,84.0,17.4,57.7
1604463168,74.0,77.0,84.0,84.0,17.4,57.7
1604463169,73.0,77.0,84.0,84.0,17.4,57.7
1604463170,73.0,77.0,84.0,85.0,17.4,57.7
1604463171,73.0,77.0,84.0,85.0,17.4,57.7
1604463172,73.0,77.0,84.0,86.0,17.4,57.7
1604463173,73.0,78.0,85.0,86.0,17.4,57.7
1604463174,72.0,78.0,85.0,87.0,17.4,57.7
1604463175,72.0,78.0,85.0,88.0,17.4,57.7
1604463176,72.0,78.0,86.0,88.0,17.5,57.7
1604463177,72.0,78.0,86.0,89.0,17.5,57.7
1604463178,72.0,78.0,87.0,89.0,17.5,57.7
1604463179,72.0,78.0,87.0,89.0,17.5,57.7
1604463180,72.0,78.0,88.0,89.0,17.5,57.7
1604463181,72.0,77.0,88.0,89.0,17.4,57.6
1604463182,72.0,77.0,88.0,89.0,17.4,57.6
1604463183,72.0,77.0,88.0,89.0,17.4,57.6
1604463184,72.0,77.0,88.0,88.0,17.4,57.6
1604463185,72.0,77.0,87.0,88.0,17.4,57.6
1604463186,72.0,78.0,87.0,88.0,17.4,57.7
1604463187,72.0,78.0,87.0,88.0,17.4,57.7
1604463188,71.0,78.0,87.0,88.0,17.4,57.7
1604463189,71.0,78.0,86.0,88.0,17.4,57.7
1604463190,71.0,79.0,86.0,89.0,17.4,57.7
1604463191,71.0,80.0,85.0,89.0,17.4,57.7
1604463192,70.0,80.0,85.0,89.0,17.4,57.7
1604463193,70.0,80.0,85.0,89.0,17.4,57.7
1604463194,70.0,80.0,85.0,90.0,17.4,57.7
1604463195,70.0,80.0,85.0,90.0,17.4,57.7
1604463196,70.0,80.0,86.0,90.0,17.3,57.7
1604463197,70.0,80.0,86.0,90.0,17.3,57.7
1604463198,70.0,80.0,86.0,90.0,17.3,57.7
1604463199,70.0,80.0,86.0,90.0,17.3,57.7
1604463200,70.0,80.0,87.0,90.0,17.3,57.7
1604463201,70.0,80.0,87.0,90.0,17.4,57.7
1604463202,70.0,79.0,87.0,89.0,17.4,57.7
1604463203,70.0,79.0,87.0,89.0,17.4,57.7
1604463204,71.0,79.0,87.0,89.0,17.4,57.7
1604463205,71.0,79.0,87.0,88.0,17.4,57.7
1604463206,71.0,79.0,86.0,88.0,17.4,57.7
1604463207,72.0,79.0,86.0,88.0,17.4,57.7
1604463208,72.0,79.0,86.0,87.0,17.4,57.7
1604463209,72.0,80.0,86.0,87.0,17.4,57.7
1604463210,72.0,80.0,85.0,87.0,17.4,57.7
1604463211,72.0,80.0,85.0,86.0,17.4,57.7
1604463212,72.0,80.0,85.0,86.0,17.4,57.7
1604463213,72.0,80.0,84.0,86.0,17.4,57.7
1604463214,72.0,80.0,84.0,86.0,17.4,57.7
1604463215,72.0,80.0,84.0,86.0,17.4,57.7
1604463216,71.0,80.0,84.0,85.0,17.3,57.7
1604463217,71.0,80.0,84.0,85.0,17.3,57.7
1604463218,71.0,80.0,83.0,85.0,17.3,57.7
1604463219,70.0,80.0,83.0,85.0,17.3,57.7
1604463220,70.0,79.0,83.0,86.0,17.3,57.7
1604463221,69.0,79.0,82.0,86.0,17.4,57.8
1604463222,69.0,79.0,82.0,86.0,17.4,57.8
1604463223,69.0,79.0,82.0,86.0,17.4,57.8
1604463224,68.0,79.0,82.0,86.0,17.4,57.8
1604463225,68.0,79.0,82.0,86.0,17.4,57.8
1604463226,68.0,78.0,82.0,86.0,17.4,57.9
1604463227,67.0,78.0,81.0,86.0,17.4,57.9
1604463228,67.0,78.0,81.0,86.0,17.4,57.9
1604463229,68.0,78.0,81.0,86.0,17.4,57.9
1604463230,68.0,78.0,81.0,86.0,17.4,57.9
1604463231,68.0,78.0,81.0,87.0,17.3,57.8
1604463232,68.0,79.0,81.0,87.0,17.3,57.8
1604463233,68.0,79.0,80.0,88.0,17.3,57.8
1604463234,68.0,79.0,80.0,88.0,17.3,57.8
1604463235,68.0,79.0,80.0,89.0,17.3,57.8
1604463236,69.0,79.0,80.0,89.0,17.3,57.9
1604463237,69.0,80.0,79.0,89.0,17.3,57.9
1604463238,70.0,80.0,79.0,89.0,17.3,57.9
1604463239,70.0,80.0,80.0,89.0,17.3,57.9
1604463240,70.0,80.0,85.0,89.0,17.3,57.9
1604463241,70.0,80.0,85.0,89.0,17.3,57.9
1604463242,71.0,78.0,86.0,89.0,17.3,57.9
1604463243,71.0,78.0,86.0,88.0,17.3,57.9
1604463244,71.0,79.0,86.0,88.0,17.3,57.9
1604463245,72.0,79.0,86.0,88.0,17.3,57.9
1604463246,72.0,80.0,86.0,87.0,17.3,57.9
1604463247,72.0,80.0,86.0,87.0,17.3,57.9
1604463248,72.0,80.0,85.0,87.0,17.3,57.9
1604463249,72.0,80.0,85.0,87.0,17.3,57.9
1604463250,71.0,80.0,84.0,87.0,17.3,57.9
1604463251,71.0,80.0,83.0,87.0,17.3,57.9
1604463252,71.0,80.0,83.0,87.0,17.3,57.9
1604463253,71.0,80.0,83.0,87.0,17.3,57.9
1604463254,71.0,79.0,83.0,87.0,17.3,57.9
1604463255,71.0,79.0,83.0,87.0,17.3,57.9
1604463256,71.0,79.0,83.0,87.0,17.3,57.9
1604463257,70.0,78.0,83.0,87.0,17.3,57.9
1604463258,70.0,78.0,83.0,86.0,17.3,57.9
1604463259,70.0,78.0,84.0,86.0,17.3,57.9
1604463260,70.0,78.0,85.0,86.0,17.3,57.9
1604463261,70.0,79.0,85.0,87.0,17.3,57.9
1604463262,70.0,79.0,85.0,88.0,17.3,57.9
1604463263,70.0,79.0,85.0,89.0,17.3,57.9
1604463264,70.0,79.0,86.0,89.0,17.3,57.9
1604463265,70.0,80.0,86.0,90.0,17.3,57.9
1604463266,70.0,80.0,86.0,90.0,17.3,58.0
1604463267,70.0,80.0,85.0,90.0,17.3,58.0
1604463268,71.0,80.0,85.0,90.0,17.3,58.0
1604463269,71.0,81.0,85.0,90.0,17.3,58.0
1604463270,71.0,81.0,85.0,89.0,17.3,58.0
1604463271,71.0,81.0,85.0,89.0,17.3,58.0
1604463272,71.0,81.0,85.0,88.0,17.3,58.0
1604463273,72.0,81.0,85.0,88.0,17.3,58.0
1604463274,72.0,80.0,84.0,88.0,17.3,58.0
1604463275,72.0,80.0,84.0,88.0,17.3,58.0
1604463276,72.0,80.0,84.0,88.0,17.3,58.1
1604463277,72.0,79.0,83.0,88.0,17.3,58.1
1604463278,71.0,79.0,83.0,88.0,17.3,58.1
1604463279,71.0,78.0,82.0,88.0,17.3,58.1
1604463280,71.0,78.0,82.0,88.0,17.3,58.1
1604463281,71.0,78.0,81.0,88.0,17.3,58.2
1604463282,71.0,77.0,81.0,88.0,17.3,58.2
1604463283,71.0,76.0,81.0,88.0,17.3,58.2
1604463284,70.0,76.0,82.0,88.0,17.3,58.2
1604463285,70.0,76.0,82.0,87.0,17.3,58.2
1604463286,70.0,76.0,82.0,87.0,17.2,58.1
1604463287,70.0,76.0,82.0,87.0,17.2,58.1
1604463288,70.0,76.0,82.0,87.0,17.2,58.1
1604463289,70.0,76.0,83.0,87.0,17.2,58.1
1604463290,70.0,76.0,83.0,87.0,17.2,58.1
1604463291,70.0,77.0,83.0,87.0,17.2,58.3
1604463292,70.0,77.0,84.0,87.0,17.2,58.3
1604463293,70.0,77.0,84.0,87.0,17.2,58.3
1604463294,70.0,78.0,84.0,88.0,17.2,58.3
1604463295,70.0,79.0,84.0,88.0,17.2,58.3
1604463296,70.0,79.0,84.0,89.0,17.2,58.3
1604463297,70.0,79.0,85.0,89.0,17.2,58.3
1604463298,70.0,79.0,85.0,89.0,17.2,58.3
1604463299,70.0,79.0,85.0,90.0,17.2,58.3
1604463300,70.0,79.0,85.0,89.0,17.2,58.3
1604463301,70.0,79.0,85.0,89.0,17.2,58.3
1604463302,70.0,79.0,85.0,89.0,17.2,58.3
1604463303,70.0,79.0,85.0,89.0,17.2,58.3
1604463304,70.0,78.0,85.0,88.0,17.2,58.3
1604463305,71.0,78.0,84.0,88.0,17.2,58.3
1604463306,71.0,78.0,84.0,87.0,17.2,58.4
1604463307,71.0,77.0,83.0,86.0,17.2,58.4
1604463308,71.0,77.0,82.0,86.0,17.2,58.4
1604463309,71.0,77.0,82.0,84.0,17.2,58.4
1604463310,72.0,77.0,82.0,84.0,17.2,58.4
1604463311,72.0,77.0,82.0,83.0,17.3,58.6
1604463312,72.0,77.0,82.0,83.0,17.3,58.6
1604463313,72.0,77.0,83.0,83.0,17.3,58.6
1604463314,72.0,77.0,84.0,83.0,17.3,58.6
1604463315,72.0,77.0,85.0,83.0,17.3,58.6
1604463316,72.0,77.0,85.0,83.0,17.2,58.4
1604463317,72.0,77.0,86.0,83.0,17.2,58.4
1604463318,72.0,78.0,86.0,84.0,17.2,58.4
1604463319,72.0,77.0,87.0,84.0,17.2,58.4
1604463320,72.0,77.0,87.0,84.0,17.2,58.4
1604463321,71.0,77.0,87.0,85.0,17.2,58.4
1604463322,71.0,77.0,88.0,85.0,17.2,58.4
1604463323,71.0,77.0,87.0,86.0,17.2,58.4
1604463324,71.0,76.0,87.0,86.0,17.2,58.4
1604463325,71.0,76.0,87.0,86.0,17.2,58.4
1604463326,71.0,76.0,88.0,86.0,17.2,58.4
1604463327,71.0,76.0,88.0,86.0,17.2,58.4
1604463328,71.0,76.0,88.0,87.0,17.2,58.4
1604463329,71.0,76.0,88.0,87.0,17.2,58.4
1604463330,71.0,76.0,89.0,87.0,17.2,58.4
1604463331,71.0,76.0,89.0,87.0,17.2,58.4
1604463332,71.0,76.0,89.0,87.0,17.2,58.4
1604463333,71.0,76.0,89.0,87.0,17.2,58.4
1604463334,71.0,76.0,90.0,87.0,17.2,58.4
1604463335,71.0,75.0,90.0,87.0,17.2,58.4
1604463336,71.0,75.0,89.0,87.0,17.2,58.4
1604463337,71.0,74.0,89.0,87.0,17.2,58.4
1604463338,71.0,74.0,88.0,86.0,17.2,58.4
1604463339,70.0,74.0,88.0,86.0,17.2,58.4
1604463340,70.0,73.0,87.0,86.0,17.2,58.4
1604463341,70.0,73.0,87.0,86.0,17.2,58.4
1604463342,70.0,72.0,86.0,86.0,17.2,58.4
1604463343,70.0,72.0,86.0,86.0,17.2,58.4
1604463344,70.0,72.0,85.0,86.0,17.2,58.4
1604463345,70.0,72.0,85.0,86.0,17.2,58.4
1604463346,69.0,73.0,85.0,85.0,17.2,58.4
1604463347,70.0,73.0,85.0,85.0,17.2,58.4
1604463348,70.0,74.0,85.0,85.0,17.2,58.4
1604463349,70.0,74.0,85.0,85.0,17.2,58.4
1604463350,71.0,74.0,85.0,84.0,17.2,58.4
1604463351,71.0,76.0,85.0,84.0,17.2,58.4
1604463352,71.0,76.0,85.0,84.0,17.2,58.4
1604463353,72.0,77.0,86.0,83.0,17.2,58.4
1604463354,72.0,77.0,86.0,83.0,17.2,58.4
1604463355,73.0,77.0,86.0,83.0,17.2,58.4
1604463356,73.0,77.0,86.0,83.0,17.3,58.5
1604463357,73.0,78.0,86.0,84.0,17.3,58.5
1604463358,73.0,77.0,86.0,84.0,17.3,58.5
1604463359,73.0,77.0,86.0,84.0,17.3,58.5
1604463360,73.0,77.0,86.0,85.0,17.3,58.5
1604463361,72.0,77.0,86.0,85.0,17.2,58.3
1604463362,72.0,78.0,86.0,85.0,17.2,58.3
1604463363,72.0,78.0,86.0,85.0,17.2,58.3
1604463364,72.0,78.0,85.0,86.0,17.2,58.3
1604463365,71.0,78.0,86.0,86.0,17.2,58.3
1604463366,70.44444444444444,78.11111111111111,86.0,86.0,17.211111111111112,58.31111111111111
1604463367,69.88888888888889,78.22222222222223,86.0,86.0,17.22222222222222,58.32222222222222
1604463368,69.33333333333333,78.33333333333333,86.0,86.0,17.233333333333334,58.33333333333333
1604463369,68.77777777777777,78.44444444444444,86.0,86.0,17.244444444444444,58.34444444444444
1604463370,68.22222222222223,78.55555555555556,86.0,86.0,17.255555555555556,58.355555555555554
1604463371,67.66666666666667,78.66666666666667,86.0,86.0,17.266666666666666,58.36666666666667
1604463372,67.11111111111111,78.77777777777777,86.0,86.0,17.27777777777778,58.37777777777777
1604463373,66.55555555555556,78.88888888888889,86.0,86.0,17.288888888888888,58.388888888888886
1604463374,66.0,79.0,86.0,86.0,17.3,58.4
1604463375,66.0,79.0,86.0,86.0,17.3,58.4
1604463376,66.0,79.0,87.0,86.0,17.3,58.4
1604463377,67.0,79.0,87.0,86.0,17.3,58.4
1604463378,67.0,79.0,86.0,86.0,17.3,58.4
1604463379,67.0,79.0,86.0,86.0,17.3,58.5
1604463380,68.0,79.0,86.0,87.0,17.3,58.5
1604463381,68.0,79.0,86.0,87.0,17.3,58.5
1604463382,69.0,79.0,85.0,87.0,17.3,58.5
1604463383,69.0,79.0,85.0,87.0,17.3,58.5
1604463384,70.0,79.0,84.0,87.0,17.2,58.3
1604463385,70.0,79.0,83.0,87.0,17.2,58.3
1604463386,71.0,79.0,83.0,87.0,17.2,58.3
1604463387,71.0,79.0,83.0,87.0,17.2,58.3
1604463388,71.0,79.0,83.0,86.0,17.2,58.3
1604463389,71.0,78.0,83.0,86.0,17.3,58.4
1604463390,70.0,79.0,83.0,86.0,17.3,58.4
1604463391,70.0,79.0,83.0,85.0,17.3,58.4
1604463392,69.0,79.0,83.0,85.0,17.3,58.4
1604463393,69.0,79.0,84.0,84.0,17.3,58.4
1604463394,69.0,79.0,85.0,84.0,17.3,58.4
1604463395,69.0,79.0,85.0,84.0,17.3,58.4
1604463396,69.0,79.0,86.0,84.0,17.3,58.4
1604463397,68.0,79.0,86.0,84.0,17.3,58.4
1604463398,68.0,80.0,86.0,84.0,17.3,58.4
1604463399,68.0,80.0,86.0,84.0,17.3,58.4
1604463400,69.0,80.0,87.0,84.0,17.3,58.4
1604463401,70.0,80.0,87.0,84.0,17.3,58.4
1604463402,70.0,81.0,87.0,84.0,17.3,58.4
1604463403,70.0,81.0,87.0,84.0,17.3,58.4
1604463404,70.0,81.0,86.0,85.0,17.2,58.7
1604463405,70.0,81.0,86.0,85.0,17.2,58.7
1604463406,70.0,82.0,86.0,84.0,17.2,58.7
1604463407,70.0,82.0,86.0,85.0,17.2,58.7
1604463408,70.0,82.0,86.0,85.0,17.2,58.7
1604463409,70.0,82.0,86.0,84.0,17.3,58.4
1604463410,69.0,83.0,86.0,84.0,17.3,58.4
1604463411,69.0,82.0,86.0,85.0,17.3,58.4
1604463412,69.0,82.0,86.0,85.0,17.3,58.4
1604463413,68.0,82.0,87.0,85.0,17.3,58.4
1604463414,68.0,82.0,87.0,86.0,17.3,58.4
1604463415,68.0,82.0,88.0,86.0,17.3,58.4
1604463416,68.0,81.0,88.0,86.0,17.3,58.4
1604463417,68.0,81.0,88.0,86.0,17.3,58.4
1604463418,68.0,81.0,88.0,86.0,17.3,58.4
1604463419,68.0,80.0,88.0,86.0,17.3,58.4
1604463420,68.0,80.0,88.0,86.0,17.3,58.4
1604463421,69.0,79.0,88.0,86.0,17.3,58.4
1604463422,69.0,79.0,88.0,86.0,17.3,58.4
1604463423,70.0,78.0,88.0,85.0,17.3,58.4
1604463424,70.0,78.0,88.0,85.0,17.3,58.4
1604463425,70.0,78.0,87.0,85.0,17.3,58.4
1604463426,71.0,78.0,87.0,84.0,17.3,58.4
1604463427,71.0,78.0,86.0,84.0,17.3,58.4
1604463428,71.0,78.0,86.0,84.0,17.3,58.4
1604463429,71.0,78.0,86.0,85.0,17.3,58.6
1604463430,71.0,78.0,86.0,85.0,17.3,58.6
1604463431,71.0,78.0,86.0,85.0,17.3,58.6
1604463432,71.0,79.0,86.0,85.0,17.3,58.6
1604463433,71.0,79.0,86.0,85.0,17.3,58.6
1604463434,71.0,79.0,86.0,85.0,17.3,58.4
1604463435,71.0,80.0,87.0,85.0,17.3,58.4
1604463436,71.0,80.0,87.0,85.0,17.3,58.4
1604463437,71.0,80.0,87.0,85.0,17.3,58.4
1604463438,71.0,81.0,87.0,85.0,17.3,58.4
1604463439,71.0,81.0,86.0,85.0,17.3,58.4
1604463440,70.0,81.0,86.0,84.0,17.3,58.4
1604463441,70.0,81.0,86.0,84.0,17.3,58.4
1604463442,69.0,81.0,86.0,84.0,17.3,58.4
1604463443,69.0,82.0,84.0,85.0,17.3,58.4
1604463444,69.0,82.0,84.0,85.0,17.3,58.4
1604463445,69.0,82.0,84.0,85.0,17.3,58.4
1604463446,69.0,82.0,83.0,85.0,17.3,58.4
1604463447,69.0,82.0,83.0,86.0,17.3,58.4
1604463448,69.0,82.0,83.0,86.0,17.3,58.4
1604463449,69.0,82.0,83.0,86.0,17.3,58.3
1604463450,70.0,82.0,83.0,87.0,17.3,58.3
1604463451,70.0,82.0,83.0,87.0,17.3,58.3
1604463452,70.0,82.0,83.0,88.0,17.3,58.3
1604463453,71.0,82.0,83.0,88.0,17.3,58.3
1604463454,71.0,82.0,83.0,88.0,17.3,58.4
1604463455,71.0,82.0,83.0,88.0,17.3,58.4
1604463456,71.0,82.0,83.0,88.0,17.3,58.4
1604463457,71.0,82.0,83.0,87.0,17.3,58.4
1604463458,71.0,81.0,83.0,87.0,17.3,58.4
1604463459,71.0,81.0,83.0,87.0,17.3,58.4
1604463460,71.0,81.0,84.0,87.0,17.3,58.4
1604463461,70.0,81.0,84.0,87.0,17.3,58.4
1604463462,70.0,80.0,85.0,87.0,17.3,58.4
1604463463,70.0,80.0,85.0,87.0,17.3,58.4
1604463464,69.0,80.0,85.0,86.0,17.3,58.4
1604463465,69.0,80.0,86.0,86.0,17.3,58.4
1604463466,69.0,80.0,86.0,86.0,17.3,58.4
1604463467,69.0,80.0,86.0,86.0,17.3,58.4
1604463468,69.0,80.0,87.0,86.0,17.3,58.4
1604463469,69.0,80.0,87.0,86.0,17.3,58.4
1604463470,69.0,81.0,87.0,86.0,17.3,58.4
1604463471,69.0,81.0,86.0,86.0,17.3,58.4
1604463472,69.0,81.0,85.0,86.0,17.3,58.4
1604463473,70.0,81.0,85.0,86.0,17.3,58.4
1604463474,70.0,81.0,84.0,86.0,17.3,58.4
1604463475,70.0,81.0,84.0,86.0,17.3,58.4
1604463476,70.0,81.0,84.0,86.0,17.3,58.4
1604463477,70.0,81.0,83.0,86.0,17.3,58.4
1604463478,70.0,82.0,83.0,86.0,17.3,58.4
1604463479,70.0,81.0,82.0,86.0,17.3,58.5
1604463480,70.0,81.0,82.0,86.0,17.3,58.5
1604463481,70.0,81.0,82.0,86.0,17.3,58.5
1604463482,70.0,81.0,82.0,85.0,17.3,58.5
1604463483,70.0,81.0,82.0,85.0,17.3,58.5
1604463484,70.0,81.0,82.0,85.0,17.3,58.5
1604463485,70.0,81.0,82.0,85.0,17.3,58.5
1604463486,70.0,81.0,82.0,85.0,17.3,58.5
1604463487,71.0,81.0,82.0,84.0,17.3,58.5
1604463488,71.0,80.0,82.0,84.0,17.3,58.5
1604463489,71.0,80.0,83.0,84.0,17.3,58.5
1604463490,72.0,80.0,83.0,84.0,17.3,58.5
1604463491,72.0,80.0,85.0,81.0,17.3,58.5
1604463492,71.0,81.0,85.0,81.0,17.3,58.5
1604463493,71.0,81.0,85.0,81.0,17.3,58.5
1604463494,71.0,81.0,84.0,81.0,17.3,58.5
1604463495,71.0,80.0,84.0,82.0,17.3,58.5
1604463496,71.0,80.0,84.0,82.0,17.3,58.5
1604463497,71.0,80.0,83.0,83.0,17.3,58.5
1604463498,71.0,81.0,83.0,83.0,17.3,58.5
1604463499,71.0,80.0,83.0,84.0,17.3,58.5
1604463500,71.0,80.0,83.0,84.0,17.3,58.5
1604463501,71.0,80.0,83.0,85.0,17.3,58.5
1604463502,71.0,80.0,83.0,85.0,17.3,58.5
1604463503,71.0,80.0,83.0,86.0,17.3,58.5
1604463504,72.0,80.0,83.0,86.0,17.3,58.5
1604463505,72.0,80.0,83.0,86.0,17.3,58.5
1604463506,72.0,80.0,84.0,86.0,17.3,58.5
1604463507,72.0,80.0,84.0,85.0,17.3,58.5
1604463508,73.0,80.0,84.0,85.0,17.3,58.5
1604463509,73.0,80.0,84.0,85.0,17.3,58.5
1604463510,73.0,80.0,83.0,85.0,17.3,58.5
1604463511,73.0,80.0,83.0,86.0,17.3,58.5
1604463512,73.0,80.0,83.0,85.0,17.3,58.5
1604463513,74.0,80.0,83.0,86.0,17.3,58.5
1604463514,74.0,80.0,83.0,86.0,17.4,58.6
1604463515,74.0,79.0,83.0,86.0,17.4,58.6
1604463516,74.0,79.0,82.0,86.0,17.4,58.6
1604463517,74.0,79.0,82.0,86.0,17.4,58.6
1604463518,74.0,79.0,83.0,86.0,17.4,58.6
1604463519,74.0,80.0,83.0,86.0,17.3,58.5
1604463520,74.0,80.0,83.0,85.0,17.3,58.5
1604463521,74.0,80.0,83.0,85.0,17.3,58.5
1604463522,73.0,80.0,83.0,85.0,17.3,58.5
1604463523,73.0,80.0,83.0,84.0,17.3,58.5
1604463524,73.0,81.0,82.0,84.0,17.4,58.6
1604463525,73.0,81.0,82.0,83.0,17.4,58.6
1604463526,73.0,81.0,82.0,83.0,17.4,58.6
1604463527,73.0,81.0,82.0,83.0,17.4,58.6
1604463528,73.0,81.0,82.0,83.0,17.4,58.6
1604463529,73.0,80.0,82.0,83.0,17.4,58.6
1604463530,74.0,80.0,82.0,83.0,17.4,58.6
1604463531,74.0,80.0,82.0,84.0,17.4,58.6
1604463532,74.0,80.0,82.0,84.0,17.4,58.6
1604463533,74.0,80.0,82.0,84.0,17.4,58.6
1604463534,74.0,80.0,82.0,85.0,17.3,58.5
1604463535,74.0,80.0,82.0,85.0,17.3,58.5
1604463536,74.0,80.0,82.0,86.0,17.3,58.5
1604463537,73.0,80.0,82.0,86.0,17.3,58.5
1604463538,74.0,80.0,82.0,86.0,17.3,58.5
1604463539,74.0,80.0,82.0,86.0,17.4,58.6
1604463540,73.0,80.0,82.0,86.0,17.4,58.6
1604463541,73.0,81.0,82.0,86.0,17.4,58.6
1604463542,73.0,81.0,81.0,86.0,17.4,58.6
1604463543,73.0,81.0,81.0,86.0,17.4,58.6
1604463544,73.0,81.0,81.0,85.0,17.3,58.5
1604463545,73.0,82.0,80.0,85.0,17.3,58.5
1604463546,74.0,82.0,80.0,84.0,17.3,58.5
1604463547,74.0,82.0,80.0,84.0,17.3,58.5
1604463548,74.0,82.0,81.0,83.0,17.3,58.5
1604463549,74.0,82.0,81.0,82.0,17.3,58.5
1604463550,74.0,82.0,81.0,81.0,17.3,58.5
1604463551,74.0,83.0,81.0,81.0,17.3,58.5
1604463552,75.0,83.0,82.0,81.0,17.3,58.5
1604463553,75.0,83.0,83.0,80.0,17.3,58.5
1604463554,75.0,83.0,84.0,80.0,17.4,58.7
1604463555,74.0,83.0,84.0,80.0,17.4,58.7
1604463556,74.0,83.0,85.0,80.0,17.4,58.7
1604463557,74.0,83.0,86.0,81.0,17.4,58.7
1604463558,74.0,83.0,86.0,81.0,17.4,58.7
1604463559,74.0,83.0,86.0,81.0,17.4,58.7
1604463560,74.0,82.0,86.0,81.0,17.4,58.7
1604463561,74.0,82.0,86.0,81.0,17.4,58.7
1604463562,73.0,82.0,86.0,81.0,17.4,58.7
1604463563,73.0,82.0,86.0,81.0,17.4,58.7
1604463564,73.0,81.0,86.0,81.0,17.3,58.6
1604463565,73.0,81.0,86.0,80.0,17.3,58.6
1604463566,73.0,81.0,86.0,80.0,17.3,58.6
1604463567,73.0,81.0,86.0,80.0,17.3,58.6
1604463568,73.0,81.0,87.0,80.0,17.3,58.6
1604463569,73.0,81.0,87.0,80.0,17.3,58.6
1604463570,73.0,77.0,87.0,80.0,17.3,58.6
1604463571,74.0,78.0,88.0,81.0,17.3,58.6
1604463572,74.0,78.0,88.0,81.0,17.3,58.6
1604463573,74.0,78.0,88.0,81.0,17.3,58.6
1604463574,74.0,78.0,88.0,81.0,17.3,58.6
1604463575,74.0,78.0,88.0,81.0,17.3,58.6
1604463576,74.0,78.0,88.0,81.0,17.3,58.6
1604463577,74.0,78.0,88.0,81.0,17.3,58.6
1604463578,74.0,78.0,88.0,81.0,17.3,58.6
1604463579,74.0,78.0,88.0,81.0,17.3,58.6
1604463580,74.0,78.0,88.0,81.0,17.3,58.6
1604463581,74.0,78.0,88.0,81.0,17.3,58.6
1604463582,73.0,79.0,88.0,81.0,17.4,58.7
1604463583,73.0,79.0,88.0,82.0,17.4,58.7
1604463584,72.0,79.0,88.0,82.0,17.4,58.7
1604463585,72.0,80.0,89.0,82.0,17.4,58.7
1604463586,71.0,80.0,88.0,82.0,17.4,58.7
1604463587,71.0,80.0,88.0,82.0,17.3,58.6
1604463588,71.0,81.0,88.0,81.0,17.3,58.6
1604463589,71.0,81.0,87.0,81.0,17.3,58.6
1604463590,71.0,81.0,86.0,81.0,17.3,58.6
1604463591,71.0,81.0,86.0,81.0,17.3,58.6
1604463592,71.0,81.0,85.0,81.0,17.4,58.7
1604463593,71.0,81.0,85.0,81.0,17.4,58.7
1604463594,71.0,81.0,84.0,81.0,17.4,58.7
1604463595,72.0,81.0,84.0,81.0,17.4,58.7
1604463596,72.0,81.0,84.0,81.0,17.4,58.7
1604463597,72.0,81.0,84.0,81.0,17.3,58.6
1604463598,72.0,81.0,84.0,81.0,17.3,58.6
1604463599,72.0,81.0,84.0,82.0,17.3,58.6
1604463600,72.0,82.0,84.0,82.0,17.3,58.6
1604463601,72.0,82.0,84.0,82.0,17.3,58.6
1604463602,72.0,82.0,84.0,82.0,17.4,58.6
1604463603,72.0,82.0,84.0,82.0,17.4,58.6
1604463604,72.0,82.0,85.0,82.0,17.4,58.6
1604463605,72.0,83.0,85.0,82.0,17.4,58.6
1604463606,73.0,83.0,85.0,82.0,17.4,58.6
1604463607,73.0,83.0,85.0,82.0,17.4,58.6
1604463608,73.0,83.0,85.0,82.0,17.4,58.6
1604463609,73.0,83.0,85.0,82.0,17.4,58.6
1604463610,73.0,83.0,85.0,82.0,17.4,58.6
1604463611,73.0,83.0,85.0,82.0,17.4,58.6
1604463612,73.0,82.0,85.0,82.0,17.4,58.6
1604463613,74.0,82.0,85.0,83.0,17.4,58.7
1604463614,74.0,82.0,84.0,83.0,17.4,58.7
1604463615,74.0,82.0,84.0,83.0,17.4,58.7
1604463616,74.0,82.0,84.0,83.0,17.4,58.7
1604463617,73.0,82.0,84.0,83.0,17.4,58.7
1604463618,73.0,82.0,83.0,83.0,17.4,58.6
1604463619,73.0,82.0,83.0,84.0,17.4,58.6
1604463620,73.0,81.0,83.0,84.0,17.4,58.6
1604463621,73.0,81.0,83.0,85.0,17.4,58.6
1604463622,72.0,81.0,82.0,85.0,17.4,58.6
1604463623,72.0,81.0,82.0,85.0,17.4,58.6
1604463624,72.0,81.0,82.0,86.0,17.4,58.6
1604463625,72.0,81.0,82.0,86.0,17.4,58.6
1604463626,72.0,81.0,82.0,86.0,17.4,58.6
1604463627,72.0,81.0,82.0,86.0,17.4,58.6
1604463628,72.0,81.0,82.0,87.0,17.4,58.6
1604463629,72.0,81.0,82.0,87.0,17.4,58.6
1604463630,72.0,81.0,82.0,87.0,17.4,58.6
1604463631,73.0,82.0,82.0,87.0,17.4,58.6
1604463632,73.0,82.0,82.0,87.0,17.4,58.6
1604463633,73.0,82.0,83.0,86.0,17.4,58.6
1604463634,73.0,82.0,83.0,86.0,17.4,58.6
1604463635,73.0,82.0,84.0,86.0,17.4,58.6
1604463636,73.0,82.0,84.0,86.0,17.4,58.6
1604463637,73.0,83.0,84.0,86.0,17.4,58.6
1604463638,73.0,83.0,85.0,86.0,17.4,58.6
1604463639,73.0,83.0,85.0,86.0,17.4,58.6
1604463640,72.0,83.0,85.0,85.0,17.4,58.6
1604463641,72.0,83.0,85.0,85.0,17.4,58.6
1604463642,72.0,83.0,85.0,85.0,17.4,58.6
1604463643,72.0,83.0,86.0,86.0,17.4,58.6
1604463644,72.0,83.0,86.0,86.0,17.4,58.6
1604463645,72.0,82.0,86.0,86.0,17.4,58.6
1604463646,73.0,81.0,86.0,85.0,17.4,58.6
1604463647,73.0,81.0,86.0,85.0,17.4,58.6
1604463648,74.0,80.0,86.0,85.0,17.4,58.6
1604463649,74.0,80.0,86.0,86.0,17.4,58.6
1604463650,75.0,79.0,86.0,86.0,17.4,58.6
1604463651,75.0,79.0,85.0,85.0,17.4,58.6
1604463652,75.0,79.0,85.0,85.0,17.4,58.6
1604463653,75.0,79.0,85.0,85.0,17.3,58.5
1604463654,76.0,78.0,85.0,85.0,17.3,58.5
1604463655,75.0,78.0,84.0,84.0,17.3,58.5
1604463656,75.0,78.0,84.0,84.0,17.3,58.5
1604463657,75.0,78.0,84.0,84.0,17.3,58.5
1604463658,74.0,79.0,84.0,84.0,17.4,58.6
1604463659,74.0,79.0,84.0,83.0,17.4,58.6
1604463660,74.0,79.0,84.0,83.0,17.4,58.6
1604463661,74.0,79.0,85.0,82.0,17.4,58.6
1604463662,74.0,79.0,85.0,82.0,17.4,58.6
1604463663,74.0,80.0,85.0,82.0,17.4,58.6
1604463664,74.0,81.0,85.0,83.0,17.4,58.6
1604463665,73.0,81.0,85.0,83.0,17.4,58.6
1604463666,73.0,81.0,86.0,83.0,17.4,58.6
1604463667,74.0,81.0,86.0,83.0,17.4,58.6
1604463668,74.0,82.0,86.0,84.0,17.4,58.6
1604463669,74.0,82.0,86.0,84.0,17.4,58.6
1604463670,74.0,82.0,86.0,85.0,17.4,58.6
1604463671,74.0,82.0,86.0,85.0,17.4,58.6
1604463672,73.0,82.0,85.0,85.0,17.4,58.6
1604463673,73.0,82.0,85.0,86.0,17.4,58.6
1604463674,73.0,82.0,85.0,86.0,17.4,58.6
1604463675,73.0,83.0,84.0,86.0,17.4,58.6
1604463676,73.0,83.0,84.0,86.0,17.4,58.6
1604463677,73.0,83.0,83.0,86.0,17.4,58.6
1604463678,72.0,83.0,82.0,85.0,17.4,58.6
1604463679,72.0,83.0,81.0,85.0,17.4,58.6
1604463680,72.0,83.0,81.0,85.0,17.4,58.6
1604463681,72.0,83.0,81.0,85.0,17.4,58.6
1604463682,72.0,83.0,80.0,84.0,17.4,58.6
1604463683,71.0,83.0,81.0,84.0,17.4,58.6
1604463684,71.0,83.0,81.0,84.0,17.4,58.6
1604463685,71.0,83.0,81.0,84.0,17.4,58.6
1604463686,71.0,83.0,82.0,84.0,17.4,58.6
1604463687,71.0,82.0,83.0,84.0,17.4,58.6
1604463688,70.0,82.0,84.0,84.0,17.4,58.5
1604463689,70.0,82.0,84.0,84.0,17.4,58.5
1604463690,70.0,82.0,85.0,84.0,17.4,58.5
1604463691,70.0,81.0,86.0,84.0,17.4,58.5
1604463692,69.0,81.0,86.0,84.0,17.4,58.5
1604463693,69.0,80.0,86.0,84.0,17.4,58.6
1604463694,69.0,80.0,86.0,85.0,17.4,58.6
1604463695,69.0,80.0,86.0,85.0,17.4,58.6
1604463696,69.0,80.0,86.0,85.0,17.4,58.6
1604463697,69.0,80.0,86.0,85.0,17.4,58.6
1604463698,70.0,80.0,85.0,85.0,17.4,58.5
1604463699,70.0,80.0,85.0,85.0,17.4,58.5
1604463700,70.0,80.0,85.0,85.0,17.4,58.5
1604463701,70.0,80.0,84.0,85.0,17.4,58.5
1604463702,70.0,80.0,84.0,85.0,17.4,58.5
1604463703,70.0,80.0,84.0,85.0,17.4,58.5
1604463704,70.0,80.0,84.0,85.0,17.4,58.5
1604463705,71.0,80.0,84.0,85.0,17.4,58.5
1604463706,71.0,81.0,84.0,85.0,17.4,58.5
1604463707,71.0,81.0,84.0,85.0,17.4,58.5
1604463708,72.0,81.0,84.0,85.0,17.4,58.5
1604463709,72.0,81.0,84.0,85.0,17.4,58.5
1604463710,72.0,81.0,84.0,86.0,17.4,58.5
1604463711,72.0,81.0,84.0,86.0,17.4,58.5
1604463712,72.0,81.0,84.0,86.0,17.4,58.5
1604463713,72.0,81.0,85.0,86.0,17.4,58.5
1604463714,72.0,81.0,85.0,86.0,17.4,58.5
1604463715,72.0,81.0,86.0,86.0,17.4,58.5
1604463716,72.0,81.0,87.0,86.0,17.4,58.5
1604463717,72.0,81.0,87.0,86.0,17.4,58.5
1604463718,72.0,81.0,87.0,86.0,17.4,58.5
1604463719,71.0,81.0,87.0,86.0,17.4,58.5
1604463720,71.0,81.0,87.0,86.0,17.4,58.5
1604463721,70.0,80.0,88.0,85.0,17.4,58.5
1604463722,70.0,80.0,88.0,85.0,17.4,58.5
1604463723,70.0,81.0,87.0,85.0,17.4,58.5
1604463724,69.0,81.0,87.0,85.0,17.4,58.5
1604463725,69.0,81.0,87.0,85.0,17.4,58.5
1604463726,69.0,81.0,87.0,85.0,17.4,58.5
1604463727,69.0,81.0,87.0,84.0,17.4,58.5
1604463728,69.0,81.0,87.0,84.0,17.4,58.5
1604463729,69.0,81.0,87.0,84.0,17.4,58.5
1604463730,70.0,81.0,86.0,84.0,17.4,58.5
1604463731,70.0,81.0,86.0,85.0,17.4,58.5
1604463732,71.0,81.0,85.0,85.0,17.4,58.5
1604463733,71.0,81.0,85.0,85.0,17.4,58.5
1604463734,72.0,81.0,85.0,84.0,17.4,58.5
1604463735,72.0,80.0,85.0,84.0,17.4,58.5
1604463736,72.0,80.0,85.0,84.0,17.4,58.5
1604463737,73.0,80.0,85.0,84.0,17.4,58.5
1604463738,73.0,81.0,84.0,84.0,17.4,58.5
1604463739,73.0,81.0,85.0,84.0,17.4,58.5
1604463740,73.0,81.0,85.0,84.0,17.4,58.5
1604463741,73.0,81.0,85.0,84.0,17.4,58.5
1604463742,73.0,81.0,86.0,84.0,17.4,58.5
1604463743,73.0,81.0,86.0,85.0,17.4,58.5
1604463744,73.0,82.0,86.0,86.0,17.4,58.5
1604463745,73.0,82.0,86.0,86.0,17.4,58.5
1604463746,73.0,82.0,86.0,86.0,17.4,58.5
1604463747,72.0,82.0,86.0,86.0,17.4,58.5
1604463748,72.0,82.0,86.0,85.0,17.4,58.5
1604463749,71.0,82.0,86.0,85.0,17.4,58.5
1604463750,71.0,82.0,86.0,85.0,17.4,58.5
1604463751,71.0,82.0,81.0,85.0,17.4,58.5
1604463752,71.0,82.0,81.0,84.0,17.4,58.5
1604463753,72.0,82.0,81.0,84.0,17.4,58.5
1604463754,72.0,82.0,82.0,84.0,17.4,58.5
1604463755,72.0,81.0,82.0,83.0,17.4,58.5
1604463756,73.0,81.0,82.0,83.0,17.4,58.5
1604463757,73.0,80.0,82.0,83.0,17.4,58.5
1604463758,73.0,79.0,82.0,83.0,17.4,58.5
1604463759,73.0,78.0,82.0,83.0,17.4,58.5
1604463760,74.0,78.0,82.0,83.0,17.4,58.5
1604463761,73.0,78.0,82.0,82.0,17.4,58.5
1604463762,73.0,78.0,82.0,82.0,17.4,58.5
1604463763,73.0,77.0,82.0,82.0,17.4,58.5
1604463764,73.0,77.0,82.0,82.0,17.4,58.5
1604463765,73.0,77.0,82.0,82.0,17.4,58.5
1604463766,73.0,77.0,82.0,82.0,17.4,58.5
1604463767,73.0,77.0,82.0,82.0,17.4,58.5
1604463768,73.0,77.0,82.0,82.0,17.4,58.5
1604463769,72.0,77.0,82.0,82.0,17.4,58.5
1604463770,72.0,77.0,82.0,82.0,17.4,58.5
1604463771,72.0,77.0,83.0,82.0,17.4,58.5
1604463772,72.0,77.0,83.0,82.0,17.4,58.5
1604463773,71.0,77.0,84.0,82.0,17.4,58.4
1604463774,71.0,77.0,84.0,82.0,17.4,58.4
1604463775,70.0,77.0,85.0,83.0,17.4,58.4
1604463776,70.0,77.0,85.0,83.0,17.4,58.4
1604463777,70.0,77.0,85.0,83.0,17.4,58.4
1604463778,69.0,77.0,85.0,84.0,17.4,58.4
1604463779,69.0,77.0,85.0,85.0,17.4,58.4
1604463780,69.0,77.0,85.0,85.0,17.4,58.4
1604463781,69.0,78.0,84.0,85.0,17.4,58.4
1604463782,69.0,78.0,84.0,86.0,17.4,58.4
1604463783,69.11111111111111,78.0,83.88888888888889,86.0,17.4,58.4
1604463784,69.22222222222223,78.0,83.77777777777777,86.0,17.4,58.4
1604463785,69.33333333333333,78.0,83.66666666666667,86.0,17.4,58.4
1604463786,69.44444444444444,78.0,83.55555555555556,86.0,17.4,58.4
1604463787,69.55555555555556,78.0,83.44444444444444,86.0,17.4,58.4
1604463788,69.66666666666667,78.0,83.33333333333333,86.0,17.4,58.4
1604463789,69.77777777777777,78.0,83.22222222222223,86.0,17.4,58.4
1604463790,69.88888888888889,78.0,83.11111111111111,86.0,17.4,58.4
1604463791,70.0,78.0,83.0,86.0,17.4,58.4
1604463792,71.0,79.0,83.0,86.0,17.4,58.4
1604463793,72.0,79.0,82.0,86.0,17.4,58.4
1604463794,72.0,80.0,80.0,86.0,17.4,58.4
1604463795,72.0,80.0,79.0,86.0,17.4,58.4
1604463796,73.0,81.0,78.0,85.0,17.4,58.3
1604463797,73.0,81.0,77.0,85.0,17.4,58.3
1604463798,74.0,82.0,77.0,85.0,17.4,58.3
1604463799,74.0,82.0,77.0,84.0,17.4,58.3
1604463800,74.0,82.0,77.0,84.0,17.4,58.3
1604463801,75.0,82.0,77.0,84.0,17.4,58.4
1604463802,75.0,82.0,77.0,83.0,17.4,58.4
1604463803,75.0,82.0,78.0,83.0,17.4,58.4
1604463804,75.0,82.0,78.0,83.0,17.4,58.4
1604463805,74.0,83.0,78.0,83.0,17.4,58.4
1604463806,74.0,82.0,80.0,83.0,17.4,58.5
1604463807,73.0,83.0,81.0,83.0,17.4,58.5
1604463808,73.0,83.0,82.0,83.0,17.4,58.5
1604463809,73.0,83.0,82.0,84.0,17.4,58.5
1604463810,72.0,83.0,83.0,83.0,17.4,58.5
1604463811,72.0,83.0,84.0,84.0,17.4,58.5
1604463812,71.0,84.0,84.0,84.0,17.4,58.5
1604463813,70.0,84.0,84.0,84.0,17.4,58.5
1604463814,70.0,84.0,85.0,84.0,17.4,58.5
1604463815,70.0,83.0,86.0,84.0,17.4,58.5
1604463816,70.0,83.0,86.0,84.0,17.4,58.5
1604463817,70.0,83.0,86.0,84.0,17.4,58.5
1604463818,70.0,83.0,85.0,84.0,17.4,58.5
1604463819,70.0,82.0,85.0,84.0,17.4,58.5
1604463820,70.0,82.0,85.0,84.0,17.4,58.5
1604463821,70.0,82.0,85.0,84.0,17.4,58.5
1604463822,70.0,82.0,84.0,84.0,17.4,58.5
1604463823,70.0,81.0,83.0,84.0,17.4,58.5
1604463824,70.0,81.0,83.0,84.0,17.4,58.5
1604463825,70.0,81.0,82.0,84.0,17.4,58.5
1604463826,70.0,81.0,82.0,85.0,17.4,58.5
1604463827,70.0,81.0,81.0,85.0,17.4,58.5
1604463828,70.0,82.0,81.0,85.0,17.4,58.5
1604463829,70.0,82.0,81.0,85.0,17.4,58.5
1604463830,70.0,82.0,81.0,85.0,17.4,58.5
1604463831,70.0,82.0,81.0,85.0,17.4,58.5
1604463832,70.0,82.0,81.0,85.0,17.4,58.5
1604463833,70.0,82.0,82.0,85.0,17.4,58.5
1604463834,70.0,82.0,82.0,85.0,17.4,58.5
1604463835,70.0,82.0,83.0,85.0,17.4,58.5
1604463836,70.0,82.0,83.0,85.0,17.4,58.5
1604463837,70.0,83.0,83.0,85.0,17.4,58.5
1604463838,70.0,83.0,84.0,85.0,17.4,58.5
1604463839,70.0,82.0,84.0,84.0,17.4,58.5
1604463840,70.0,82.0,84.0,84.0,17.4,58.5
1604463841,70.0,82.0,84.0,84.0,17.4,58.5
1604463842,70.0,82.0,84.0,85.0,17.4,58.5
1604463843,70.0,82.0,84.0,85.0,17.4,58.5
1604463844,70.0,82.0,84.0,85.0,17.4,58.5
1604463845,70.0,82.0,84.0,85.0,17.4,58.5
1604463846,70.0,81.0,84.0,85.0,17.4,58.5
1604463847,70.0,81.0,84.0,85.0,17.4,58.5
1604463848,70.0,80.0,83.0,85.0,17.4,58.5
1604463849,70.0,80.0,83.0,85.0,17.4,58.5
1604463850,70.0,80.0,83.0,85.0,17.4,58.5
1604463851,70.0,80.0,83.0,86.0,17.4,58.5
1604463852,70.0,80.0,82.0,86.0,17.4,58.5
1604463853,69.0,80.0,82.0,86.0,17.4,58.5
1604463854,69.0,81.0,82.0,86.0,17.4,58.5
1604463855,68.0,81.0,82.0,86.0,17.4,58.5
1604463856,68.0,81.0,82.0,86.0,17.4,58.5
1604463857,68.0,82.0,82.0,86.0,17.4,58.5
1604463858,68.0,83.0,82.0,86.0,17.4,58.5
1604463859,67.0,83.0,83.0,86.0,17.4,58.5
1604463860,67.0,84.0,83.0,86.0,17.4,58.5
1604463861,67.0,84.0,83.0,86.0,17.4,58.6
1604463862,67.0,85.0,84.0,85.0,17.4,58.6
1604463863,67.0,85.0,84.0,85.0,17.4,58.6
1604463864,67.0,84.0,84.0,85.0,17.4,58.6
1604463865,67.0,84.0,84.0,85.0,17.4,58.6
1604463866,68.0,84.0,85.0,85.0,17.4,58.6
1604463867,68.0,83.0,85.0,85.0,17.4,58.6
1604463868,68.0,83.0,85.0,85.0,17.4,58.6
1604463869,69.0,82.0,85.0,85.0,17.4,58.6
1604463870,69.0,81.0,85.0,85.0,17.4,58.6
1604463871,69.0,80.0,85.0,85.0,17.4,58.6
1604463872,69.0,80.0,85.0,85.0,17.4,58.6
1604463873,69.0,79.0,84.0,85.0,17.4,58.6
1604463874,69.0,78.0,84.0,84.0,17.4,58.6
1604463875,69.0,78.0,84.0,84.0,17.4,58.6
1604463876,69.0,77.0,83.0,84.0,17.4,58.6
1604463877,69.0,77.0,82.0,83.0,17.4,58.6
1604463878,69.0,77.0,82.0,83.0,17.4,58.6
1604463879,69.0,77.0,81.0,82.0,17.4,58.6
1604463880,70.0,77.0,81.0,82.0,17.4,58.6
1604463881,70.0,77.0,81.0,82.0,17.3,58.5
1604463882,70.0,78.0,80.0,82.0,17.3,58.5
1604463883,70.0,78.0,79.0,82.0,17.3,58.5
1604463884,70.0,79.0,79.0,82.0,17.3,58.5
1604463885,70.0,79.0,79.0,82.0,17.3,58.5
1604463886,70.0,79.0,78.0,82.0,17.4,58.6
1604463887,70.0,80.0,78.0,82.0,17.4,58.6
1604463888,70.0,80.0,78.0,82.0,17.4,58.6
1604463889,69.0,80.0,78.0,82.0,17.4,58.6
1604463890,68.0,80.0,78.0,82.0,17.4,58.6
1604463891,68.0,80.0,79.0,82.0,17.4,58.6
1604463892,68.0,80.0,79.0,82.0,17.4,58.6
1604463893,68.0,80.0,79.0,82.0,17.4,58.6
1604463894,67.0,80.0,79.0,82.0,17.4,58.6
1604463895,67.0,80.0,80.0,82.0,17.4,58.6
1604463896,67.0,80.0,80.0,82.0,17.4,58.6
1604463897,67.0,80.0,81.0,82.0,17.4,58.6
1604463898,68.0,80.0,81.0,82.0,17.4,58.6
1604463899,68.0,80.0,81.0,82.0,17.4,58.6
1604463900,68.0,80.0,82.0,82.0,17.4,58.6
1604463901,68.0,80.0,82.0,82.0,17.3,58.5
1604463902,69.0,80.0,82.0,82.0,17.3,58.5
1604463903,69.0,80.0,82.0,82.0,17.3,58.5
1604463904,70.0,80.0,82.0,82.0,17.3,58.5
1604463905,71.0,80.0,82.0,82.0,17.3,58.5
1604463906,71.0,80.0,82.0,81.0,17.4,58.6
1604463907,72.0,80.0,82.0,81.0,17.4,58.6
1604463908,72.0,80.0,81.0,81.0,17.4,58.6
1604463909,73.0,80.0,81.0,81.0,17.4,58.6
1604463910,73.0,80.0,81.0,81.0,17.4,58.6
1604463911,73.0,81.0,81.0,81.0,17.4,58.5
1604463912,73.0,81.0,81.0,81.0,17.4,58.5
1604463913,74.0,81.0,81.0,82.0,17.4,58.5
1604463914,74.0,81.0,81.0,82.0,17.4,58.5
1604463915,74.0,81.0,81.0,82.0,17.4,58.5
1604463916,74.0,81.0,81.0,83.0,17.4,58.5
1604463917,74.0,81.0,81.0,83.0,17.4,58.5
1604463918,73.0,81.0,82.0,83.0,17.4,58.5
1604463919,73.0,81.0,82.0,84.0,17.4,58.5
1604463920,72.0,80.0,82.0,83.0,17.4,58.5
1604463921,72.0,80.0,82.0,83.0,17.4,58.5
1604463922,71.0,80.0,82.0,83.0,17.4,58.5
1604463923,71.0,80.0,82.0,83.0,17.4,58.5
1604463924,70.0,80.0,83.0,83.0,17.4,58.5
1604463925,70.0,80.0,83.0,83.0,17.4,58.5
1604463926,70.0,80.0,83.0,83.0,17.4,58.5
1604463927,70.0,80.0,83.0,84.0,17.4,58.5
1604463928,70.0,80.0,83.0,84.0,17.4,58.5
1604463929,70.0,80.0,83.0,84.0,17.4,58.5
1604463930,70.0,80.0,82.0,84.0,17.4,58.5
1604463931,70.0,80.0,82.0,85.0,17.4,58.5
1604463932,70.0,80.0,82.0,86.0,17.4,58.5
1604463933,71.0,80.0,81.0,86.0,17.4,58.5
1604463934,71.0,80.0,81.0,86.0,17.4,58.5
1604463935,71.0,80.0,80.0,86.0,17.4,58.5
1604463936,71.0,80.0,80.0,86.0,17.3,58.4
1604463937,72.0,80.0,79.0,86.0,17.3,58.4
1604463938,72.0,80.0,79.0,85.0,17.3,58.4
1604463939,72.0,80.0,79.0,85.0,17.3,58.4
1604463940,72.0,80.0,79.0,85.0,17.3,58.4
1604463941,72.0,80.0,79.0,84.0,17.3,58.4
1604463942,71.0,79.0,79.0,84.0,17.3,58.4
1604463943,71.0,79.0,80.0,84.0,17.3,58.4
1604463944,71.0,79.0,80.0,85.0,17.3,58.4
1604463945,70.0,78.0,81.0,85.0,17.3,58.4
1604463946,70.0,78.0,81.0,85.0,17.4,58.5
1604463947,70.0,81.0,82.0,85.0,17.4,58.5
1604463948,70.0,81.0,83.0,84.0,17.4,58.5
1604463949,71.0,81.0,83.0,84.0,17.4,58.5
1604463950,71.0,81.0,83.0,84.0,17.4,58.5
1604463951,71.0,81.0,84.0,84.0,17.4,58.5
1604463952,72.0,81.0,84.0,84.0,17.4,58.5
1604463953,72.0,80.0,84.0,84.0,17.4,58.5
1604463954,72.0,80.0,84.0,84.0,17.4,58.5
1604463955,72.0,80.0,85.0,83.0,17.4,58.5
1604463956,73.0,80.0,85.0,83.0,17.4,58.5
1604463957,73.0,80.0,84.0,83.0,17.4,58.5
1604463958,73.0,80.0,84.0,83.0,17.4,58.5
1604463959,72.0,80.0,84.0,83.0,17.4,58.5
1604463960,72.0,81.0,85.0,84.0,17.4,58.5
1604463961,72.0,81.0,85.0,84.0,17.3,58.4
1604463962,71.0,81.0,85.0,84.0,17.3,58.4
1604463963,71.0,81.0,85.0,84.0,17.3,58.4
1604463964,71.0,81.0,85.0,84.0,17.3,58.4
1604463965,71.0,81.0,85.0,85.0,17.3,58.4
1604463966,70.0,82.0,85.0,85.0,17.4,58.5
1604463967,70.0,82.0,85.0,85.0,17.4,58.5
1604463968,70.0,82.0,85.0,85.0,17.4,58.5
1604463969,70.0,82.0,85.0,85.0,17.4,58.5
1604463970,70.0,83.0,85.0,85.0,17.4,58.5
1604463971,70.0,83.0,85.0,85.0,17.3,58.4
1604463972,70.0,83.0,85.0,85.0,17.3,58.4
1604463973,70.0,82.0,85.0,85.0,17.3,58.4
1604463974,70.0,82.0,85.0,83.0,17.3,58.4
1604463975,71.0,82.0,85.0,83.0,17.3,58.4
1604463976,71.0,81.0,86.0,83.0,17.4,58.5
1604463977,71.0,81.0,86.0,82.0,17.4,58.5
1604463978,72.0,80.0,85.0,82.0,17.4,58.5
1604463979,72.0,80.0,85.0,82.0,17.4,58.5
1604463980,72.0,80.0,86.0,82.0,17.4,58.5
1604463981,72.0,80.0,86.0,81.0,17.4,58.5
1604463982,72.0,80.0,86.0,81.0,17.4,58.5
1604463983,72.0,80.0,86.0,81.0,17.4,58.5
1604463984,72.0,80.0,85.0,81.0,17.4,58.5
1604463985,72.0,80.0,84.0,81.0,17.4,58.5
1604463986,72.0,80.0,84.0,81.0,17.3,58.4
1604463987,73.0,80.0,84.0,81.0,17.3,58.4
1604463988,73.0,80.0,84.0,81.0,17.3,58.4
1604463989,73.0,80.0,83.0,81.0,17.3,58.4
1604463990,73.0,80.0,83.0,82.0,17.3,58.4
1604463991,73.0,80.0,83.0,82.0,17.31111111111111,58.41111111111111
1604463992,73.0,80.0,83.0,82.0,17.322222222222223,58.422222222222224
1604463993,73.0,80.0,83.0,82.0,17.333333333333332,58.43333333333333
1604463994,73.0,80.0,83.0,82.0,17.344444444444445,58.44444444444444
1604463995,73.0,80.0,83.0,82.0,17.355555555555554,58.45555555555556
1604463996,73.0,80.0,83.0,82.0,17.366666666666667,58.46666666666667
1604463997,73.0,80.0,83.0,82.0,17.377777777777776,58.477777777777774
1604463998,73.0,80.0,83.0,82.0,17.38888888888889,58.48888888888889
1604463999,73.0,80.0,83.0,82.0,17.4,58.5
1604464000,73.0,81.0,82.0,82.0,17.4,58.5
1604464001,74.0,81.0,82.0,83.0,17.4,58.5
1604464002,74.0,80.0,81.0,83.0,17.4,58.5
1604464003,74.0,80.0,81.0,83.0,17.4,58.5
1604464004,74.0,81.0,81.0,83.0,17.4,58.5
1604464005,74.0,81.0,80.0,82.0,17.4,58.5
1604464006,75.0,81.0,80.0,82.0,17.4,58.5
1604464007,75.0,81.0,79.0,81.0,17.4,58.5
1604464008,75.0,81.0,79.0,81.0,17.4,58.5
1604464009,75.0,80.0,79.0,80.0,17.4,58.5
1604464010,75.0,80.0,79.0,80.0,17.4,58.5
1604464011,74.0,80.0,79.0,80.0,17.4,58.5
1604464012,74.0,80.0,80.0,79.0,17.4,58.5
1604464013,74.0,80.0,80.0,79.0,17.4,58.5
1604464014,73.0,79.0,81.0,79.0,17.4,58.5
1604464015,73.0,79.0,81.0,79.0,17.4,58.5
1604464016,72.0,79.0,81.0,80.0,17.4,58.5
1604464017,72.0,79.0,84.0,80.0,17.4,58.5
1604464018,71.0,79.0,84.0,81.0,17.4,58.5
1604464019,70.0,79.0,83.0,81.0,17.3,58.4
1604464020,70.0,79.0,82.0,81.0,17.3,58.4
1604464021,70.0,79.0,82.0,81.0,17.3,58.4
1604464022,70.0,79.0,82.0,82.0,17.3,58.4
1604464023,70.0,79.0,81.0,82.0,17.3,58.4
1604464024,70.0,79.0,81.0,82.0,17.4,58.5
1604464025,70.0,79.0,81.0,82.0,17.4,58.5
1604464026,70.0,79.0,81.0,82.0,17.4,58.5
1604464027,70.0,79.0,81.0,82.0,17.4,58.5
1604464028,71.0,78.0,81.0,82.0,17.4,58.5
1604464029,71.0,78.0,81.0,82.0,17.4,58.5
1604464030,71.0,78.0,81.0,82.0,17.4,58.5
1604464031,71.0,78.0,82.0,82.0,17.4,58.5
1604464032,72.0,78.0,82.0,82.0,17.4,58.5
1604464033,72.0,78.0,82.0,82.0,17.4,58.5
1604464034,72.0,78.0,82.0,82.0,17.4,58.5
1604464035,72.0,78.0,82.0,82.0,17.4,58.5
1604464036,72.0,78.0,83.0,83.0,17.4,58.5
1604464037,72.0,78.0,83.0,83.0,17.4,58.5
1604464038,72.0,78.0,83.0,84.0,17.4,58.5
1604464039,72.0,78.0,83.0,84.0,17.4,58.5
1604464040,72.0,78.0,83.0,84.0,17.4,58.5
1604464041,72.0,79.0,83.0,84.0,17.4,58.5
1604464042,72.0,79.0,83.0,84.0,17.4,58.5
1604464043,73.0,79.0,82.0,85.0,17.4,58.5
1604464044,73.0,79.0,82.0,85.0,17.4,58.5
1604464045,73.0,80.0,82.0,85.0,17.4,58.5
1604464046,73.0,80.0,82.0,85.0,17.4,58.5
1604464047,73.0,80.0,82.0,85.0,17.4,58.5
1604464048,73.0,81.0,82.0,85.0,17.4,58.5
1604464049,73.0,81.0,82.0,85.0,17.4,58.5
1604464050,73.0,82.0,82.0,85.0,17.4,58.5
1604464051,73.0,82.0,82.0,85.0,17.4,58.5
1604464052,73.0,82.0,82.0,85.0,17.4,58.5
1604464053,72.0,82.0,82.0,85.0,17.4,58.5
1604464054,72.0,83.0,82.0,84.0,17.4,58.5
1604464055,72.0,83.0,82.0,84.0,17.4,58.5
1604464056,72.0,83.0,82.0,84.0,17.4,58.5
1604464057,72.0,84.0,82.0,84.0,17.4,58.5
1604464058,72.0,84.0,82.0,84.0,17.4,58.5
1604464059,72.0,83.0,82.0,84.0,17.4,58.6
1604464060,72.0,83.0,82.0,84.0,17.4,58.6
1604464061,73.0,83.0,82.0,84.0,17.4,58.6
1604464062,73.0,83.0,81.0,84.0,17.4,58.6
1604464063,73.0,82.0,81.0,84.0,17.4,58.6
1604464064,73.0,82.0,80.0,85.0,17.4,58.6
1604464065,74.0,82.0,80.0,85.0,17.4,58.6
1604464066,74.0,82.0,80.0,85.0,17.4,58.6
1604464067,74.0,82.0,80.0,85.0,17.4,58.6
1604464068,74.0,82.0,80.0,85.0,17.4,58.6
1604464069,74.0,82.0,80.0,85.0,17.4,58.6
1604464070,74.0,82.0,81.0,85.0,17.4,58.6
1604464071,74.0,82.0,81.0,85.0,17.4,58.6
1604464072,74.0,83.0,82.0,84.0,17.4,58.6
1604464073,74.0,83.0,83.0,84.0,17.4,58.6
1604464074,74.0,82.0,83.0,84.0,17.4,58.6
1604464075,74.0,82.0,84.0,84.0,17.4,58.6
1604464076,74.0,82.0,85.0,84.0,17.4,58.6
1604464077,74.0,81.0,85.0,85.0,17.4,58.6
1604464078,74.0,81.0,85.0,85.0,17.4,58.6
1604464079,74.0,81.0,85.0,86.0,17.4,58.6
1604464080,74.0,81.0,85.0,86.0,17.4,58.6
1604464081,74.0,81.0,85.0,86.0,17.4,58.6
1604464082,74.0,81.0,85.0,87.0,17.4,58.6
1604464083,73.0,81.0,84.0,87.0,17.4,58.6
1604464084,73.0,81.0,84.0,87.0,17.4,58.6
1604464085,73.0,81.0,84.0,87.0,17.4,58.6
1604464086,73.0,82.0,84.0,87.0,17.4,58.6
1604464087,73.0,82.0,84.0,86.0,17.4,58.6
1604464088,72.0,82.0,84.0,86.0,17.4,58.6
1604464089,72.0,81.0,84.0,85.0,17.4,58.5
1604464090,72.0,81.0,84.0,85.0,17.4,58.5
1604464091,71.0,81.0,84.0,85.0,17.4,58.5
1604464092,71.0,80.0,84.0,85.0,17.4,58.5
1604464093,71.0,79.0,84.0,85.0,17.4,58.5
1604464094,72.0,78.0,84.0,85.0,17.4,58.5
1604464095,72.0,77.0,84.0,85.0,17.4,58.5
1604464096,72.0,77.0,83.0,85.0,17.4,58.5
1604464097,72.0,77.0,83.0,85.0,17.4,58.5
1604464098,72.0,77.0,82.0,86.0,17.4,58.5
1604464099,72.0,78.0,82.0,86.0,17.3,58.4
1604464100,72.0,79.0,81.0,86.0,17.3,58.4
1604464101,72.0,79.0,81.0,85.0,17.3,58.4
1604464102,72.0,80.0,81.0,85.0,17.3,58.4
1604464103,72.0,81.0,80.0,85.0,17.3,58.4
1604464104,71.0,81.0,80.0,85.0,17.4,58.5
1604464105,70.0,82.0,80.0,85.0,17.4,58.5
1604464106,70.0,82.0,79.0,84.0,17.4,58.5
1604464107,70.0,82.0,79.0,84.0,17.4,58.5
1604464108,70.0,82.0,79.0,83.0,17.4,58.5
1604464109,70.0,82.0,78.0,83.0,17.4,58.5
1604464110,70.0,82.0,78.0,83.0,17.4,58.5
1604464111,70.0,83.0,78.0,83.0,17.4,58.5
1604464112,70.0,83.0,78.0,83.0,17.4,58.5
1604464113,71.0,83.0,78.0,83.0,17.4,58.5
1604464114,71.0,83.0,78.0,84.0,17.4,58.4
1604464115,72.0,83.0,78.0,84.0,17.4,58.4
1604464116,71.0,83.0,78.0,84.0,17.4,58.4
1604464117,71.0,84.0,78.0,85.0,17.4,58.4
1604464118,71.0,84.0,78.0,85.0,17.4,58.4
1604464119,71.0,84.0,78.0,85.0,17.4,58.5
1604464120,71.0,84.0,78.0,85.0,17.4,58.5
1604464121,70.0,84.0,78.0,85.0,17.4,58.5
1604464122,69.0,82.0,78.0,85.0,17.4,58.5
1604464123,69.0,81.0,78.0,85.0,17.4,58.5
1604464124,69.0,81.0,79.0,85.0,17.4,58.5
1604464125,69.0,81.0,79.0,85.0,17.4,58.5
1604464126,69.0,81.0,79.0,84.0,17.4,58.5
1604464127,69.0,80.0,80.0,84.0,17.4,58.5
1604464128,69.0,80.0,80.0,84.0,17.4,58.5
1604464129,69.0,80.0,80.0,83.0,17.4,58.4
1604464130,69.0,80.0,81.0,83.0,17.4,58.4
1604464131,69.0,80.0,81.0,83.0,17.4,58.4
1604464132,69.0,80.0,81.0,84.0,17.4,58.4
1604464133,69.0,81.0,81.0,84.0,17.4,58.4
1604464134,68.0,81.0,81.0,84.0,17.4,58.3
1604464135,68.0,81.0,81.0,84.0,17.4,58.3
1604464136,68.0,82.0,80.0,84.0,17.4,58.3
1604464137,68.0,82.0,80.0,85.0,17.4,58.3
1604464138,68.0,82.0,80.0,85.0,17.4,58.3
1604464139,68.0,84.0,80.0,85.0,17.4,58.2
1604464140,68.0,84.0,79.0,86.0,17.4,58.2
1604464141,68.0,84.0,79.0,86.0,17.4,58.2
1604464142,69.0,84.0,79.0,86.0,17.4,58.2
1604464143,69.0,84.0,80.0,86.0,17.4,58.2
1604464144,69.0,84.0,80.0,86.0,17.4,58.2
1604464145,69.0,84.0,80.0,86.0,17.4,58.2
1604464146,69.0,83.0,81.0,86.0,17.4,58.2
1604464147,69.0,83.0,81.0,85.0,17.4,58.2
1604464148,69.0,82.0,82.0,85.0,17.4,58.2
1604464149,69.0,82.0,83.0,84.0,17.4,58.1
1604464150,69.0,81.0,84.0,84.0,17.4,58.1
1604464151,69.0,80.0,85.0,83.0,17.4,58.1
1604464152,68.0,80.0,85.0,83.0,17.4,58.1
1604464153,68.0,80.0,85.0,83.0,17.4,58.1
1604464154,68.0,80.0,86.0,82.0,17.4,58.1
1604464155,68.0,79.0,86.0,82.0,17.4,58.1
1604464156,68.0,79.0,87.0,81.0,17.4,58.1
1604464157,68.0,80.0,87.0,81.0,17.4,58.1
1604464158,68.0,80.0,86.0,81.0,17.4,58.1
1604464159,68.0,80.0,86.0,81.0,17.3,58.0
1604464160,68.0,81.0,85.0,81.0,17.3,58.0
1604464161,69.0,81.0,85.0,81.0,17.3,58.0
1604464162,69.0,81.0,85.0,81.0,17.3,58.0
1604464163,69.0,81.0,85.0,81.0,17.3,58.0
1604464164,69.0,81.0,85.0,81.0,17.3,58.1
1604464165,69.0,81.0,85.0,81.0,17.3,58.1
1604464166,70.0,81.0,85.0,81.0,17.3,58.1
1604464167,70.0,81.0,85.0,81.0,17.3,58.1
1604464168,70.0,81.0,85.0,81.0,17.3,58.1
1604464169,70.0,80.0,84.0,81.0,17.3,58.1
1604464170,70.0,79.0,84.0,81.0,17.3,58.1
1604464171,70.0,78.0,83.0,81.0,17.3,58.1
1604464172,70.0,78.0,83.0,81.0,17.3,58.1
1604464173,70.0,77.0,83.0,81.0,17.3,58.1
1604464174,70.0,77.0,83.0,81.0,17.3,58.1
1604464175,70.0,77.0,82.0,81.0,17.3,58.1
1604464176,70.0,76.0,82.0,82.0,17.3,58.1
1604464177,70.0,76.0,82.0,82.0,17.3,58.1
1604464178,70.0,77.0,82.0,83.0,17.3,58.1
1604464179,70.0,77.0,82.0,83.0,17.4,58.1
1604464180,70.0,77.0,82.0,83.0,17.4,58.1
1604464181,70.0,78.0,82.0,83.0,17.4,58.1
1604464182,70.0,78.0,82.0,84.0,17.4,58.1
1604464183,70.0,78.0,82.0,84.0,17.4,58.1
1604464184,70.0,78.0,82.0,84.0,17.3,58.1
1604464185,70.0,78.0,82.0,84.0,17.3,58.1
1604464186,70.0,78.0,82.0,83.0,17.3,58.1
1604464187,69.0,78.0,82.0,83.0,17.3,58.1
1604464188,69.0,78.0,82.0,83.0,17.3,58.1
1604464189,69.0,78.0,82.0,83.0,17.4,58.1
1604464190,69.0,78.0,82.0,82.0,17.4,58.1
1604464191,69.0,77.0,82.0,82.0,17.4,58.1
1604464192,69.0,77.0,82.0,82.0,17.4,58.1
1604464193,70.0,77.0,83.0,82.0,17.4,58.1
1604464194,70.0,76.0,83.0,82.0,17.4,58.1
1604464195,71.0,76.0,83.0,82.0,17.4,58.1
1604464196,71.0,76.0,83.0,83.0,17.4,58.1
1604464197,71.33333333333333,76.0,83.11111111111111,83.0,17.4,58.1
1604464198,71.66666666666667,76.0,83.22222222222223,83.0,17.4,58.1
1604464199,72.0,76.0,83.33333333333333,83.0,17.4,58.1
1604464200,72.33333333333333,76.0,83.44444444444444,83.0,17.4,58.1
1604464201,72.66666666666667,76.0,83.55555555555556,83.0,17.4,58.1
1604464202,73.0,76.0,83.66666666666667,83.0,17.4,58.1
1604464203,73.33333333333333,76.0,83.77777777777777,83.0,17.4,58.1
1604464204,73.66666666666667,76.0,83.88888888888889,83.0,17.4,58.1
1604464205,74.0,76.0,84.0,83.0,17.4,58.1
1604464206,74.0,77.0,84.0,83.0,17.4,58.1
1604464207,73.0,77.0,84.0,83.0,17.3,58.1
1604464208,73.0,77.0,84.0,83.0,17.3,58.1
1604464209,73.0,78.0,83.0,83.0,17.3,58.1
1604464210,72.0,78.0,83.0,83.0,17.3,58.1
1604464211,72.0,78.0,83.0,83.0,17.3,58.1
1604464212,72.0,79.0,83.0,83.0,17.4,58.3
1604464213,71.0,80.0,82.0,82.0,17.4,58.3
1604464214,71.0,80.0,82.0,82.0,17.4,58.3
1604464215,71.0,80.0,81.0,82.0,17.4,58.3
1604464216,71.0,81.0,81.0,82.0,17.4,58.3
1604464217,71.0,81.0,81.0,81.0,17.4,58.2
1604464218,71.0,81.0,81.0,81.0,17.4,58.2
1604464219,72.0,82.0,80.0,81.0,17.4,58.2
1604464220,72.0,82.0,80.0,83.0,17.4,58.2
1604464221,72.0,82.0,80.0,84.0,17.4,58.2
1604464222,72.0,82.0,79.0,84.0,17.3,58.1
1604464223,72.0,82.0,79.0,84.0,17.3,58.1
1604464224,72.0,82.0,79.0,85.0,17.3,58.1
1604464225,72.0,81.0,80.0,85.0,17.3,58.1
1604464226,72.0,81.0,80.0,85.0,17.3,58.1
1604464227,71.0,81.0,80.0,84.0,17.3,58.2
1604464228,71.0,80.0,81.0,84.0,17.3,58.2
1604464229,70.0,79.0,81.0,84.0,17.3,58.2
1604464230,70.0,77.0,81.0,84.0,17.3,58.2
1604464231,68.0,76.0,82.0,84.0,17.3,58.2
1604464232,68.0,75.0,82.0,83.0,17.3,58.1
1604464233,67.0,75.0,82.0,83.0,17.3,58.1
1604464234,67.0,74.0,82.0,82.0,17.3,58.1
1604464235,67.0,74.0,82.0,82.0,17.3,58.1
1604464236,67.0,74.0,81.0,82.0,17.3,58.1
1604464237,68.0,74.0,81.0,82.0,17.4,58.1
1604464238,68.0,75.0,81.0,82.0,17.4,58.1
1604464239,69.0,75.0,81.0,82.0,17.4,58.1
1604464240,70.0,76.0,81.0,83.0,17.4,58.1
1604464241,70.0,77.0,81.0,83.0,17.4,58.1
1604464242,71.0,78.0,81.0,83.0,17.3,58.1
1604464243,72.0,79.0,81.0,83.0,17.3,58.1
1604464244,72.0,80.0,81.0,84.0,17.3,58.1
1604464245,73.0,80.0,82.0,84.0,17.3,58.1
1604464246,73.0,80.0,82.0,84.0,17.3,58.1
1604464247,73.0,80.0,83.0,84.0,17.4,58.4
1604464248,73.0,80.0,83.0,84.0,17.4,58.4
1604464249,73.0,80.0,84.0,84.0,17.4,58.4
1604464250,72.0,80.0,84.0,84.0,17.4,58.4
1604464251,72.0,80.0,84.0,84.0,17.4,58.4
1604464252,71.0,79.0,84.0,84.0,17.4,58.5
1604464253,70.0,78.0,84.0,83.0,17.4,58.5
1604464254,70.0,78.0,84.0,83.0,17.4,58.5
1604464255,69.0,77.0,84.0,83.0,17.4,58.5
1604464256,69.0,77.0,84.0,82.0,17.4,58.5
1604464257,68.0,77.0,83.0,82.0,17.4,58.5
1604464258,68.0,77.0,83.0,81.0,17.4,58.5
1604464259,68.0,76.0,82.0,81.0,17.4,58.5
1604464260,68.0,76.0,80.0,81.0,17.4,58.5
1604464261,68.0,76.0,80.0,80.0,17.4,58.5
1604464262,68.0,76.0,80.0,80.0,17.4,58.6
1604464263,68.0,77.0,80.0,81.0,17.4,58.6
1604464264,68.0,77.0,79.0,81.0,17.4,58.6
1604464265,68.0,77.0,80.0,82.0,17.4,58.6
1604464266,68.0,76.0,80.0,83.0,17.4,58.6
1604464267,69.0,77.0,80.0,83.0,17.4,58.7
1604464268,68.0,76.0,81.0,83.0,17.4,58.7
1604464269,68.0,76.0,81.0,84.0,17.4,58.7
1604464270,68.0,76.0,81.0,85.0,17.4,58.7
1604464271,67.0,76.0,81.0,85.0,17.4,58.7
1604464272,67.0,76.0,81.0,85.0,17.4,58.7
1604464273,67.0,75.0,81.0,85.0,17.4,58.7
1604464274,67.0,75.0,80.0,85.0,17.4,58.7
1604464275,66.0,75.0,80.0,84.0,17.4,58.7
1604464276,66.0,74.0,82.0,84.0,17.4,58.7
1604464277,66.0,73.0,83.0,84.0,17.4,58.5
1604464278,66.0,73.0,83.0,84.0,17.4,58.5
1604464279,66.0,73.0,85.0,83.0,17.4,58.5
1604464280,67.0,73.0,85.0,83.0,17.4,58.5
1604464281,67.0,73.0,86.0,83.0,17.4,58.5
1604464282,67.0,74.0,87.0,84.0,17.4,58.5
1604464283,67.0,75.0,87.0,84.0,17.4,58.5
1604464284,67.0,75.0,87.0,84.0,17.4,58.5
1604464285,68.0,76.0,87.0,84.0,17.4,58.5
1604464286,68.0,77.0,87.0,84.0,17.4,58.5
1604464287,68.0,78.0,87.0,84.0,17.4,58.5
1604464288,68.0,78.0,87.0,84.0,17.4,58.5
1604464289,69.0,79.0,86.0,84.0,17.4,58.5
1604464290,69.0,79.0,86.0,84.0,17.4,58.5
1604464291,69.0,80.0,86.0,84.0,17.4,58.5
1604464292,69.0,80.0,84.0,84.0,17.4,58.4
1604464293,69.0,80.0,84.0,83.0,17.4,58.4
1604464294,69.0,80.0,84.0,83.0,17.4,58.4
1604464295,69.0,80.5,83.5,82.5,17.4,58.4
1604464296,69.0,81.0,83.0,82.0,17.4,58.4
1604464297,69.0,81.0,82.0,81.0,17.4,58.4
1604464298,69.0,81.0,82.0,80.0,17.4,58.5
1604464299,70.0,82.0,82.0,80.0,17.4,58.5
1604464300,70.0,82.0,82.0,80.0,17.4,58.5
1604464301,70.0,82.0,82.0,78.0,17.4,58.5
1604464302,70.0,82.0,82.0,77.0,17.4,58.5
1604464303,69.0,82.0,82.0,77.0,17.4,58.5
1604464304,69.0,82.0,82.0,77.0,17.4,58.5
1604464305,69.0,81.0,83.0,77.0,17.4,58.5
1604464306,69.0,81.0,83.0,77.0,17.4,58.5
1604464307,68.0,81.0,83.0,77.0,17.4,58.5
1604464308,68.0,80.0,83.0,77.0,17.4,58.5
1604464309,68.0,80.0,84.0,77.0,17.4,58.5
1604464310,68.0,80.0,84.0,78.0,17.4,58.5
1604464311,68.0,79.0,84.0,78.0,17.4,58.5
1604464312,68.0,79.0,84.0,78.0,17.4,58.5
1604464313,68.0,79.0,84.0,78.0,17.4,58.5
1604464314,68.0,78.0,84.0,78.0,17.4,58.5
1604464315,68.0,78.0,84.0,78.0,17.4,58.5
1604464316,69.0,78.0,84.0,78.0,17.4,58.5
1604464317,69.0,78.0,85.0,78.0,17.4,58.5
1604464318,69.0,78.0,85.0,79.0,17.4,58.5
1604464319,69.0,78.0,85.0,79.0,17.4,58.5
1604464320,69.0,78.0,85.0,79.0,17.4,58.5
1604464321,70.0,78.0,86.0,79.0,17.4,58.5
1604464322,70.0,78.0,86.0,79.0,17.4,58.5
1604464323,69.0,78.0,86.0,79.0,17.4,58.5
1604464324,69.0,78.0,86.0,79.0,17.4,58.5
1604464325,70.0,79.0,86.0,78.0,17.4,58.5
1604464326,70.0,79.0,86.0,78.0,17.4,58.5
1604464327,70.0,80.0,85.0,78.0,17.4,58.5
1604464328,70.0,80.0,85.0,78.0,17.4,58.5
1604464329,70.0,80.0,85.0,78.0,17.4,58.5
1604464330,69.0,80.0,84.0,78.0,17.4,58.5
1604464331,70.0,80.0,84.0,78.0,17.4,58.5
1604464332,70.0,80.0,83.0,78.0,17.4,58.5
1604464333,70.0,81.0,83.0,78.0,17.4,58.4
1604464334,70.0,81.0,82.0,78.0,17.4,58.4
1604464335,70.0,80.0,82.0,79.0,17.4,58.4
1604464336,70.0,80.0,82.0,80.0,17.4,58.4
1604464337,71.0,80.0,82.0,80.0,17.4,58.4
1604464338,71.0,80.0,82.0,80.0,17.4,58.5
1604464339,71.0,81.0,82.0,81.0,17.4,58.5
1604464340,71.0,81.0,82.0,81.0,17.4,58.5
1604464341,71.0,81.0,82.0,82.0,17.4,58.5
1604464342,71.0,81.0,82.0,82.0,17.4,58.5
1604464343,71.0,81.0,82.0,82.0,17.4,58.5
1604464344,71.0,81.0,82.0,83.0,17.4,58.5
1604464345,70.0,81.0,82.0,82.0,17.4,58.5
1604464346,70.0,81.0,82.0,82.0,17.4,58.5
1604464347,70.0,81.0,81.0,82.0,17.4,58.5
1604464348,70.0,81.0,81.0,82.0,17.4,58.5
1604464349,70.0,80.0,81.0,82.0,17.4,58.5
1604464350,70.0,80.0,80.0,81.0,17.4,58.5
1604464351,70.0,80.0,80.0,81.0,17.4,58.5
1604464352,70.0,80.0,79.0,80.0,17.4,58.5
1604464353,70.0,80.0,79.0,80.0,17.4,58.5
1604464354,70.0,80.0,79.0,80.0,17.4,58.5
1604464355,70.0,79.0,78.0,80.0,17.4,58.5
1604464356,70.0,79.0,78.0,79.0,17.4,58.5
1604464357,70.0,79.0,78.0,79.0,17.4,58.5
1604464358,70.0,79.0,78.0,79.0,17.4,58.5
1604464359,70.0,79.0,77.0,79.0,17.4,58.5
1604464360,70.0,79.0,77.0,79.0,17.4,58.5
1604464361,70.0,79.0,77.0,79.0,17.4,58.5
1604464362,70.0,79.0,77.0,79.0,17.4,58.5
1604464363,70.0,80.0,77.0,79.0,17.4,58.5
1604464364,70.0,80.0,77.0,79.0,17.4,58.5
1604464365,70.0,80.0,77.0,79.0,17.4,58.5
1604464366,69.0,80.0,78.0,79.0,17.4,58.5
1604464367,70.0,80.0,79.0,79.0,17.4,58.5
1604464368,70.0,80.0,79.0,79.0,17.4,58.4
1604464369,70.0,80.0,79.0,79.0,17.4,58.4
1604464370,70.0,80.0,79.0,79.0,17.4,58.4
1604464371,71.0,80.0,80.0,79.0,17.4,58.4
1604464372,71.0,79.0,80.0,79.0,17.4,58.4
1604464373,71.0,79.0,80.0,79.0,17.4,58.2
1604464374,72.0,79.0,80.0,79.0,17.4,58.2
1604464375,72.0,79.0,80.0,79.0,17.4,58.2
1604464376,73.0,79.0,80.0,80.0,17.4,58.2
1604464377,73.0,79.0,80.0,80.0,17.4,58.2
1604464378,73.0,79.0,80.0,80.0,17.4,58.2
1604464379,73.0,79.0,81.0,81.0,17.4,58.2
1604464380,73.0,80.0,81.0,81.0,17.4,58.2
1604464381,72.0,80.0,82.0,81.0,17.4,58.2
1604464382,72.0,80.0,82.0,81.0,17.4,58.2
1604464383,72.0,80.0,82.0,80.0,17.4,58.2
1604464384,71.0,80.0,82.0,80.0,17.4,58.2
1604464385,70.0,80.0,82.0,80.0,17.4,58.2
1604464386,70.0,80.0,83.0,80.0,17.4,58.2
1604464387,70.0,80.0,83.0,79.0,17.4,58.2
1604464388,70.0,80.0,83.0,79.0,17.4,58.3
1604464389,70.0,80.0,82.0,79.0,17.4,58.3
1604464390,70.0,80.0,82.0,79.0,17.4,58.3
1604464391,70.0,79.0,82.0,79.0,17.4,58.3
1604464392,70.0,78.0,82.0,79.0,17.4,58.3
1604464393,71.0,78.0,82.0,80.0,17.4,58.2
1604464394,71.0,78.0,82.0,80.0,17.4,58.2
1604464395,71.0,78.0,82.0,81.0,17.4,58.2
1604464396,71.0,78.0,82.0,81.0,17.4,58.2
1604464397,71.0,78.0,82.0,82.0,17.4,58.2
1604464398,71.0,78.0,82.0,82.0,17.3,58.1
1604464399,71.0,79.0,83.0,82.0,17.3,58.1
1604464400,71.0,79.0,83.0,82.0,17.3,58.1
1604464401,71.0,80.0,83.0,82.0,17.3,58.1
1604464402,71.22222222222223,80.11111111111111,83.0,82.0,17.3,58.1
1604464403,71.44444444444444,80.22222222222223,83.0,82.0,17.3,58.1
1604464404,71.66666666666667,80.33333333333333,83.0,82.0,17.3,58.1
1604464405,71.88888888888889,80.44444444444444,83.0,82.0,17.3,58.1
1604464406,72.11111111111111,80.55555555555556,83.0,82.0,17.3,58.1
1604464407,72.33333333333333,80.66666666666667,83.0,82.0,17.3,58.1
1604464408,72.55555555555556,80.77777777777777,83.0,82.0,17.3,58.1
1604464409,72.77777777777777,80.88888888888889,83.0,82.0,17.3,58.1
1604464410,73.0,81.0,83.0,82.0,17.3,58.1
1604464411,73.0,81.0,83.0,82.0,17.3,58.2
1604464412,73.0,81.0,82.0,82.0,17.3,58.2
1604464413,74.0,81.0,82.0,82.0,17.3,58.2
1604464414,74.0,81.0,82.0,81.0,17.3,58.2
1604464415,74.0,81.0,81.0,81.0,17.3,58.2
1604464416,74.0,81.0,81.0,81.0,17.3,58.3
1604464417,73.0,80.0,80.0,81.0,17.3,58.3
1604464418,73.0,80.0,80.0,81.0,17.3,58.3
1604464419,72.0,80.0,80.0,80.0,17.3,58.3
1604464420,71.0,80.0,79.0,81.0,17.3,58.3
1604464421,71.0,80.0,79.0,80.0,17.3,58.3
1604464422,71.0,80.0,79.0,80.0,17.3,58.3
1604464423,70.0,80.0,79.0,80.0,17.3,58.3
1604464424,70.0,80.0,79.0,80.0,17.3,58.3
1604464425,70.0,80.0,80.0,80.0,17.3,58.3
1604464426,70.0,80.0,81.0,80.0,17.3,58.4
1604464427,70.0,81.0,82.0,80.0,17.3,58.4
1604464428,70.0,81.0,82.0,79.0,17.3,58.4
1604464429,69.0,82.0,82.0,79.0,17.3,58.4
1604464430,69.0,82.0,83.0,79.0,17.3,58.4
1604464431,69.0,82.0,84.0,78.0,17.4,58.5
1604464432,69.0,83.0,84.0,77.0,17.4,58.5
1604464433,69.0,83.0,85.0,76.0,17.4,58.5
1604464434,69.0,83.0,84.0,76.0,17.4,58.5
1604464435,69.0,83.0,84.0,76.0,17.4,58.5
1604464436,69.0,83.0,83.0,75.0,17.3,58.4
1604464437,69.0,83.0,82.0,75.0,17.3,58.4
1604464438,70.0,83.0,82.0,75.0,17.3,58.4
1604464439,71.0,82.0,81.0,75.0,17.3,58.4
1604464440,71.0,81.0,80.0,75.0,17.3,58.4
1604464441,71.0,81.0,80.0,76.0,17.4,58.5
1604464442,71.0,81.0,79.0,76.0,17.4,58.5
1604464443,72.0,80.0,79.0,76.0,17.4,58.5
1604464444,72.0,80.0,79.0,77.0,17.4,58.5
1604464445,72.0,79.0,79.0,77.0,17.4,58.5
1604464446,72.0,79.0,79.0,77.0,17.4,58.5
1604464447,72.0,78.0,79.0,77.0,17.4,58.5
1604464448,72.0,78.0,79.0,77.0,17.4,58.5
1604464449,71.0,78.0,80.0,78.0,17.4,58.5
1604464450,71.0,77.0,80.0,78.0,17.4,58.5
1604464451,70.0,77.0,80.0,78.0,17.3,58.4
1604464452,70.0,77.0,80.0,78.0,17.3,58.4
1604464453,69.0,77.0,80.0,77.0,17.3,58.4
1604464454,68.0,78.0,80.0,77.0,17.3,58.4
1604464455,68.0,78.0,80.0,77.0,17.3,58.4
1604464456,67.0,78.0,80.0,78.0,17.3,58.4
1604464457,67.0,78.0,80.0,78.0,17.3,58.4
1604464458,66.0,79.0,81.0,78.0,17.3,58.4
1604464459,66.0,79.0,81.0,78.0,17.3,58.4
1604464460,66.0,79.0,81.0,79.0,17.3,58.4
1604464461,66.0,79.0,81.0,85.0,17.3,58.4
1604464462,66.0,79.0,81.0,85.0,17.3,58.4
1604464463,67.0,78.0,82.0,86.0,17.3,58.4
1604464464,67.0,78.0,81.0,86.0,17.3,58.4
1604464465,68.0,77.0,81.0,86.0,17.3,58.4
1604464466,68.0,77.0,81.0,86.0,17.3,58.4
1604464467,68.0,77.0,81.0,86.0,17.3,58.4
1604464468,69.0,76.0,81.0,85.0,17.3,58.4
1604464469,70.0,76.0,81.0,85.0,17.3,58.4
1604464470,70.0,76.0,80.0,84.0,17.3,58.4
1604464471,71.0,76.0,80.0,83.0,17.3,58.4
1604464472,71.0,76.0,80.0,83.0,17.3,58.4
1604464473,71.0,77.0,80.0,82.0,17.3,58.4
1604464474,71.0,77.0,80.0,82.0,17.3,58.4
1604464475,71.0,77.0,81.0,82.0,17.3,58.4
1604464476,71.0,78.0,81.0,81.0,17.3,58.4
1604464477,71.0,79.0,81.0,80.0,17.3,58.4
1604464478,71.0,79.0,81.0,80.0,17.3,58.4
1604464479,71.0,79.0,81.0,81.0,17.3,58.4
1604464480,71.0,79.0,82.0,81.0,17.3,58.4
1604464481,71.0,79.0,82.0,81.0,17.3,58.4
1604464482,71.0,79.0,82.0,81.0,17.3,58.4
1604464483,72.0,79.0,83.0,81.0,17.3,58.4
1604464484,72.0,79.0,83.0,81.0,17.3,58.4
1604464485,72.0,79.0,83.0,82.0,17.3,58.4
1604464486,72.0,78.0,84.0,82.0,17.3,58.5
1604464487,72.0,77.0,84.0,82.0,17.3,58.5
1604464488,72.0,77.0,84.0,81.0,17.3,58.5
1604464489,72.0,77.0,84.0,81.0,17.3,58.5
1604464490,72.0,77.0,84.0,81.0,17.3,58.5
1604464491,72.0,76.0,84.0,80.0,17.3,58.5
1604464492,71.0,76.0,84.0,80.0,17.3,58.5
1604464493,71.0,76.0,83.0,80.0,17.3,58.5
1604464494,71.0,76.0,83.0,80.0,17.3,58.5
1604464495,71.0,76.0,83.0,79.0,17.3,58.5
1604464496,72.0,75.0,82.0,79.0,17.3,58.5
1604464497,72.0,75.0,81.0,79.0,17.3,58.5
1604464498,72.0,75.0,81.0,79.0,17.3,58.5
1604464499,72.0,75.0,80.0,79.0,17.3,58.5
1604464500,72.0,75.0,80.0,79.0,17.3,58.5
1604464501,72.0,75.0,80.0,79.0,17.3,58.5
1604464502,72.0,75.0,80.0,80.0,17.3,58.5
1604464503,72.0,76.0,79.0,80.0,17.3,58.5
1604464504,72.0,76.0,79.0,80.0,17.3,58.5
1604464505,72.0,76.0,79.0,80.0,17.3,58.5
1604464506,71.0,76.0,79.0,80.0,17.3,58.5
1604464507,71.0,77.0,79.0,80.0,17.3,58.5
1604464508,71.0,77.0,78.0,80.0,17.3,58.5
1604464509,71.0,77.0,78.0,81.0,17.3,58.5
1604464510,71.0,77.0,78.0,81.0,17.3,58.5
1604464511,71.0,79.0,78.0,81.0,17.3,58.5
1604464512,71.0,79.0,78.0,81.0,17.3,58.5
1604464513,71.0,79.0,77.0,81.0,17.3,58.5
1604464514,71.0,79.0,77.0,81.0,17.3,58.5
1604464515,70.0,79.0,77.0,81.0,17.3,58.5
1604464516,70.0,79.0,77.0,81.0,17.3,58.5
1604464517,70.0,79.0,76.0,81.0,17.3,58.5
1604464518,70.0,79.0,75.0,81.0,17.3,58.5
1604464519,69.0,78.0,75.0,81.0,17.3,58.5
1604464520,68.0,78.0,75.0,81.0,17.3,58.5
1604464521,68.0,77.0,75.0,81.0,17.3,58.5
1604464522,67.0,77.0,74.0,81.0,17.3,58.5
1604464523,67.0,77.0,74.0,81.0,17.3,58.5
1604464524,66.0,77.0,74.0,80.0,17.3,58.5
1604464525,66.0,77.0,75.0,80.0,17.3,58.5
1604464526,66.0,77.0,75.0,80.0,17.3,58.6
1604464527,66.0,77.0,76.0,80.0,17.3,58.6
1604464528,66.0,77.0,76.0,80.0,17.3,58.6
1604464529,66.0,78.0,76.0,80.0,17.3,58.6
1604464530,66.0,78.0,77.0,80.0,17.3,58.6
1604464531,66.0,78.0,77.0,80.0,17.3,58.7
1604464532,66.0,78.0,78.0,80.0,17.3,58.7
1604464533,66.0,78.0,78.0,80.0,17.3,58.7
1604464534,66.0,78.0,79.0,80.0,17.3,58.7
1604464535,67.0,78.0,80.0,80.0,17.3,58.7
1604464536,67.0,78.0,80.0,79.0,17.3,58.7
1604464537,68.0,78.0,81.0,79.0,17.3,58.7
1604464538,68.0,78.0,81.0,79.0,17.3,58.7
1604464539,68.0,78.0,81.0,79.0,17.3,58.7
1604464540,69.0,78.0,79.0,78.0,17.3,58.7
1604464541,70.0,79.0,79.0,78.0,17.2,58.7
1604464542,70.0,79.0,79.0,78.0,17.2,58.7
1604464543,71.0,79.0,79.0,78.0,17.2,58.7
1604464544,71.0,80.0,80.0,78.0,17.2,58.7
1604464545,72.0,80.0,80.0,78.0,17.2,58.7
1604464546,71.0,81.0,80.0,78.0,17.2,58.7
1604464547,71.0,82.0,81.0,78.0,17.2,58.7
1604464548,71.0,82.0,81.0,79.0,17.2,58.7
1604464549,71.0,82.0,81.0,79.0,17.2,58.7
1604464550,71.0,82.0,81.0,79.0,17.2,58.7
1604464551,71.0,81.0,81.0,79.0,17.3,58.7
1604464552,71.0,81.0,81.0,79.0,17.3,58.7
1604464553,70.0,80.0,81.0,79.0,17.3,58.7
1604464554,70.0,80.0,81.0,80.0,17.3,58.7
1604464555,70.0,80.0,81.0,80.0,17.3,58.7
1604464556,70.0,79.0,80.0,80.0,17.2,58.7
1604464557,70.0,79.0,80.0,80.0,17.2,58.7
1604464558,70.0,79.0,79.0,81.0,17.2,58.7
1604464559,70.0,79.0,79.0,81.0,17.2,58.7
1604464560,70.0,79.0,78.0,82.0,17.2,58.7
1604464561,70.0,79.0,78.0,82.0,17.2,58.6
1604464562,70.0,79.0,78.0,82.0,17.2,58.6
1604464563,70.0,80.0,77.0,82.0,17.2,58.6
1604464564,70.0,80.0,77.0,82.0,17.2,58.6
1604464565,70.0,80.0,76.0,82.0,17.2,58.6
1604464566,70.0,80.0,76.0,82.0,17.2,58.7
1604464567,71.0,80.0,76.0,82.0,17.2,58.7
1604464568,71.0,80.0,76.0,82.0,17.2,58.7
1604464569,71.0,79.0,76.0,82.0,17.2,58.7
1604464570,71.0,79.0,75.0,81.0,17.2,58.7
1604464571,71.0,79.0,75.0,81.0,17.2,58.7
1604464572,71.0,79.0,75.0,81.0,17.2,58.7
1604464573,71.0,79.0,75.0,81.0,17.2,58.7
1604464574,71.0,79.0,75.0,82.0,17.2,58.7
1604464575,71.0,79.0,76.0,82.0,17.2,58.7
1604464576,71.0,79.0,76.0,81.0,17.2,58.7
1604464577,71.0,80.0,76.0,81.0,17.2,58.7
1604464578,70.0,80.0,76.0,81.0,17.2,58.7
1604464579,70.0,80.0,76.0,82.0,17.2,58.7
1604464580,70.0,80.0,77.0,81.0,17.2,58.7
1604464581,70.0,81.0,77.0,81.0,17.2,58.7
1604464582,70.0,81.0,77.0,81.0,17.2,58.7
1604464583,70.0,81.0,78.0,80.0,17.2,58.7
1604464584,70.0,81.0,78.0,80.0,17.2,58.7
1604464585,70.0,81.0,79.0,80.0,17.2,58.7
1604464586,69.0,81.0,80.0,80.0,17.2,58.7
1604464587,69.0,80.0,80.0,79.0,17.2,58.7
1604464588,69.0,80.0,82.0,79.0,17.2,58.7
1604464589,68.0,80.0,83.0,79.0,17.2,58.7
1604464590,68.0,80.0,83.0,79.0,17.2,58.7
1604464591,68.0,81.0,85.0,79.0,17.2,58.8
1604464592,66.0,81.0,86.0,79.0,17.2,58.8
1604464593,66.0,81.0,86.0,79.0,17.2,58.8
1604464594,66.0,81.0,86.0,80.0,17.2,58.8
1604464595,66.0,82.0,85.0,80.0,17.2,58.8
1604464596,65.0,83.0,84.0,80.0,17.2,58.7
1604464597,65.0,83.0,83.0,80.0,17.2,58.7
1604464598,64.0,83.0,82.0,80.0,17.2,58.7
1604464599,64.0,83.0,81.0,80.0,17.2,58.7
1604464600,65.0,83.0,80.0,80.0,17.2,58.7
1604464601,65.0,83.0,79.0,81.0,17.2,58.7
1604464602,65.0,83.0,78.0,81.0,17.2,58.7
1604464603,65.0,83.0,77.0,81.0,17.2,58.7
1604464604,66.0,83.0,77.0,81.0,17.2,58.7
1604464605,67.0,83.0,77.0,81.0,17.2,58.7
1604464606,67.11111111111111,83.0,77.0,81.0,17.2,58.71111111111112
1604464607,67.22222222222223,83.0,77.0,81.0,17.2,58.72222222222222
1604464608,67.33333333333333,83.0,77.0,81.0,17.2,58.73333333333333
1604464609,67.44444444444444,83.0,77.0,81.0,17.2,58.74444444444445
1604464610,67.55555555555556,83.0,77.0,81.0,17.2,58.75555555555555
1604464611,67.66666666666667,83.0,77.0,81.0,17.2,58.766666666666666
1604464612,67.77777777777777,83.0,77.0,81.0,17.2,58.77777777777778
1604464613,67.88888888888889,83.0,77.0,81.0,17.2,58.78888888888888
1604464614,68.0,83.0,77.0,81.0,17.2,58.8
1604464615,67.0,83.0,77.0,81.0,17.2,58.8
1604464616,67.0,83.0,77.0,81.0,17.2,58.8
1604464617,66.0,83.0,77.0,80.0,17.2,58.8
1604464618,66.0,83.0,77.0,80.0,17.2,58.8
1604464619,66.0,83.0,77.0,80.0,17.2,58.9
1604464620,66.0,82.0,78.0,79.0,17.2,58.9
1604464621,65.0,82.0,78.0,79.0,17.2,58.9
1604464622,65.0,81.0,78.0,79.0,17.2,58.9
1604464623,65.0,81.0,78.0,79.0,17.2,58.9
1604464624,65.0,80.0,78.0,79.0,17.1,58.9
1604464625,65.0,80.0,78.0,80.0,17.1,58.9
1604464626,65.0,80.0,78.0,81.0,17.1,58.9
1604464627,65.0,80.0,78.0,81.0,17.1,58.9
1604464628,65.0,80.0,78.0,82.0,17.1,58.9
1604464629,65.0,79.0,79.0,82.0,17.1,58.9
1604464630,65.0,80.0,78.0,83.0,17.1,58.9
1604464631,65.0,80.0,78.0,84.0,17.1,58.9
1604464632,65.0,80.0,78.0,84.0,17.1,58.9
1604464633,66.0,80.0,78.0,85.0,17.1,58.9
1604464634,66.0,81.0,78.0,85.0,17.1,59.1
1604464635,66.0,81.0,77.0,85.0,17.1,59.1
1604464636,66.0,81.0,77.0,85.0,17.1,59.1
1604464637,67.0,80.0,77.0,85.0,17.1,59.1
1604464638,68.0,80.0,76.0,85.0,17.1,59.1
1604464639,68.0,79.0,76.0,85.0,17.1,59.1
1604464640,69.0,79.0,76.0,85.0,17.1,59.1
1604464641,69.0,78.0,76.0,84.0,17.1,59.1
1604464642,70.0,77.0,76.0,84.0,17.1,59.1
1604464643,70.0,76.0,77.0,84.0,17.1,59.1
1604464644,70.0,76.0,77.0,84.0,17.1,59.1
1604464645,70.0,76.0,77.0,84.0,17.1,59.1
1604464646,70.0,77.0,78.0,84.0,17.1,59.1
1604464647,70.0,77.0,78.0,84.0,17.1,59.1
1604464648,69.0,78.0,78.0,84.0,17.1,59.1
1604464649,69.0,78.0,78.0,83.0,17.1,59.1
1604464650,69.0,78.0,79.0,83.0,17.1,59.1
1604464651,68.0,78.0,79.0,83.0,17.1,59.1
1604464652,67.0,78.0,79.0,83.0,17.1,59.1
1604464653,67.0,78.0,79.0,83.0,17.1,59.1
1604464654,66.0,79.0,79.0,82.0,17.1,59.1
1604464655,65.0,80.0,79.0,81.0,17.1,59.1
1604464656,65.0,80.0,79.0,81.0,17.1,59.1
1604464657,65.0,80.0,78.0,81.0,17.1,59.1
1604464658,64.0,81.0,78.0,81.0,17.1,59.1
1604464659,64.0,82.0,78.0,81.0,17.1,59.2
1604464660,64.0,83.0,78.0,80.0,17.1,59.2
1604464661,64.0,83.0,78.0,80.0,17.1,59.2
1604464662,64.0,83.0,78.0,80.0,17.1,59.2
1604464663,64.0,83.0,78.0,79.0,17.1,59.2
1604464664,64.0,83.0,78.0,79.0,17.1,59.3
1604464665,64.0,82.0,78.0,79.0,17.1,59.3
1604464666,64.0,82.0,78.0,79.0,17.1,59.3
1604464667,64.0,82.0,79.0,79.0,17.1,59.3
1604464668,64.0,81.0,79.0,79.0,17.1,59.3
1604464669,64.0,81.0,79.0,80.0,17.1,59.2
1604464670,65.0,81.0,80.0,80.0,17.1,59.2
1604464671,65.0,80.0,80.0,81.0,17.1,59.2
1604464672,65.0,80.0,80.0,82.0,17.1,59.2
1604464673,65.0,80.0,80.0,82.0,17.1,59.2
1604464674,66.0,80.0,80.0,83.0,17.1,59.3
1604464675,66.0,81.0,80.0,84.0,17.1,59.3
1604464676,67.0,81.0,80.0,84.0,17.1,59.3
1604464677,67.0,81.0,80.0,84.0,17.1,59.3
1604464678,67.0,81.0,80.0,86.0,17.1,59.3
1604464679,67.0,81.0,80.0,87.0,17.1,59.3
1604464680,67.0,81.0,80.0,87.0,17.1,59.3
1604464681,67.0,81.0,80.0,87.0,17.1,59.3
1604464682,67.0,81.0,80.0,87.0,17.1,59.3
1604464683,67.0,82.0,80.0,87.0,17.1,59.3
1604464684,68.0,82.0,80.0,87.0,17.1,59.3
1604464685,68.0,82.0,81.0,86.0,17.1,59.3
1604464686,68.0,82.0,81.0,86.0,17.1,59.3
1604464687,68.0,82.0,81.0,85.0,17.1,59.3
1604464688,68.0,82.0,81.0,84.0,17.1,59.3
1604464689,68.0,82.0,82.0,84.0,17.1,59.3
1604464690,68.0,82.0,82.0,83.0,17.1,59.3
1604464691,68.0,82.0,82.0,83.0,17.1,59.3
1604464692,68.0,82.0,83.0,82.0,17.1,59.3
1604464693,68.0,82.0,83.0,82.0,17.1,59.3
1604464694,68.0,81.0,83.0,82.0,17.1,59.3
1604464695,68.0,81.0,82.0,82.0,17.1,59.3
1604464696,67.0,81.0,82.0,82.0,17.1,59.3
1604464697,67.0,81.0,82.0,84.0,17.1,59.3
1604464698,67.0,81.0,82.0,83.0,17.1,59.3
1604464699,67.0,81.0,82.0,83.0,17.1,59.3
1604464700,67.0,81.0,81.0,83.0,17.1,59.3
1604464701,67.0,82.0,81.0,83.0,17.1,59.3
1604464702,67.0,82.0,81.0,83.0,17.1,59.3
1604464703,67.0,82.0,80.0,83.0,17.1,59.3
1604464704,67.0,82.0,81.0,83.0,17.1,59.3
1604464705,67.0,82.0,80.0,83.0,17.1,59.3
1604464706,68.0,82.0,80.0,83.0,17.1,59.3
1604464707,68.0,82.0,80.0,83.0,17.1,59.3
1604464708,68.0,81.0,80.0,83.0,17.1,59.3
1604464709,68.0,81.0,79.0,83.0,17.1,59.2
1604464710,68.0,81.0,79.0,83.0,17.1,59.2
1604464711,68.0,81.0,79.0,83.0,17.1,59.2
1604464712,68.0,80.0,78.0,82.0,17.1,59.2
1604464713,68.0,80.0,78.0,82.0,17.1,59.2
1604464714,68.0,80.0,77.0,81.0,17.1,59.2
1604464715,68.0,79.0,76.0,81.0,17.1,59.2
1604464716,68.0,79.0,76.0,80.0,17.1,59.2
1604464717,67.0,79.0,76.0,80.0,17.1,59.2
1604464718,67.0,79.0,75.0,80.0,17.1,59.2
1604464719,66.0,78.0,75.0,80.0,17.1,59.3
1604464720,66.0,78.0,75.0,81.0,17.1,59.3
1604464721,65.0,78.0,75.0,81.0,17.1,59.3
1604464722,65.0,78.0,75.0,82.0,17.1,59.3
1604464723,64.0,78.0,75.0,82.0,17.1,59.3
1604464724,64.0,78.0,75.0,83.0,17.1,59.2
1604464725,64.0,78.0,75.0,83.0,17.1,59.2
1604464726,64.0,79.0,76.0,83.0,17.1,59.2
1604464727,64.0,78.0,76.0,84.0,17.1,59.2
1604464728,64.0,79.0,76.0,84.0,17.1,59.2
1604464729,64.0,79.0,77.0,84.0,17.1,59.3
1604464730,65.0,79.0,77.0,83.0,17.1,59.3
1604464731,65.0,79.0,78.0,83.0,17.1,59.3
1604464732,66.0,79.0,78.0,83.0,17.1,59.3
1604464733,66.0,79.0,78.0,82.0,17.1,59.3
1604464734,66.0,79.0,79.0,82.0,17.1,59.3
1604464735,66.0,80.0,79.0,82.0,17.1,59.3
1604464736,67.0,80.0,80.0,82.0,17.1,59.3
1604464737,67.0,81.0,80.0,82.0,17.1,59.3
1604464738,67.0,81.0,80.0,81.0,17.1,59.3
1604464739,67.0,82.0,80.0,81.0,17.1,59.5
1604464740,67.0,82.0,80.0,82.0,17.1,59.5
1604464741,67.0,82.0,80.0,81.0,17.1,59.5
1604464742,67.0,83.0,81.0,81.0,17.1,59.5
1604464743,67.0,83.0,81.0,82.0,17.1,59.5
1604464744,67.0,83.0,81.0,82.0,17.1,59.6
1604464745,67.0,84.0,81.0,82.0,17.1,59.6
1604464746,67.0,84.0,81.0,83.0,17.1,59.6
1604464747,67.0,84.0,82.0,83.0,17.1,59.6
1604464748,67.0,84.0,82.0,84.0,17.1,59.6
1604464749,68.0,84.0,82.0,84.0,17.1,59.6
1604464750,68.0,84.0,82.0,84.0,17.1,59.6
1604464751,68.0,84.0,82.0,85.0,17.1,59.6
1604464752,68.0,85.0,81.0,85.0,17.1,59.6
1604464753,69.0,85.0,81.0,85.0,17.1,59.6
1604464754,69.0,84.0,81.0,86.0,17.1,59.7
1604464755,69.0,84.0,81.0,86.0,17.1,59.7
1604464756,69.0,84.0,81.0,86.0,17.1,59.7
1604464757,69.0,83.0,81.0,86.0,17.1,59.7
1604464758,69.0,83.0,81.0,86.0,17.1,59.7
1604464759,68.0,82.0,82.0,86.0,17.1,59.6
1604464760,68.0,81.0,82.0,87.0,17.1,59.6
1604464761,68.0,81.0,82.0,88.0,17.1,59.6
1604464762,68.0,80.0,82.0,88.0,17.1,59.6
1604464763,68.0,80.0,82.0,88.0,17.1,59.6
1604464764,68.0,80.0,82.0,89.0,17.1,59.5
1604464765,68.0,80.0,82.0,89.0,17.1,59.5
1604464766,68.0,80.0,82.0,89.0,17.1,59.5
1604464767,68.0,80.0,82.0,89.0,17.1,59.5
1604464768,68.0,80.0,82.0,89.0,17.1,59.5
1604464769,69.0,81.0,82.0,89.0,17.1,59.5
1604464770,69.0,81.0,82.0,88.0,17.1,59.5
1604464771,69.0,82.0,83.0,87.0,17.1,59.5
1604464772,69.0,82.0,83.0,87.0,17.1,59.5
1604464773,69.0,82.0,83.0,86.0,17.1,59.5
1604464774,69.0,82.0,83.0,86.0,17.1,59.5
1604464775,69.0,83.0,83.0,85.0,17.1,59.5
1604464776,69.0,83.0,83.0,85.0,17.1,59.5
1604464777,68.0,83.0,84.0,85.0,17.1,59.5
1604464778,68.0,83.0,84.0,85.0,17.1,59.5
1604464779,67.0,82.0,84.0,85.0,17.1,59.5
1604464780,67.0,82.0,83.0,85.0,17.1,59.5
1604464781,67.0,82.0,83.0,85.0,17.1,59.5
1604464782,66.0,81.0,82.0,85.0,17.1,59.5
1604464783,66.0,81.0,82.0,85.0,17.1,59.5
1604464784,66.0,81.0,81.0,85.0,17.1,59.6
1604464785,66.0,81.0,81.0,84.0,17.1,59.6
1604464786,65.0,81.0,80.0,84.0,17.1,59.6
1604464787,65.0,82.0,80.0,84.0,17.1,59.6
1604464788,65.0,82.0,80.0,83.0,17.1,59.6
1604464789,65.0,83.0,79.0,83.0,17.1,59.7
1604464790,65.0,84.0,79.0,83.0,17.1,59.7
1604464791,65.0,84.0,79.0,83.0,17.1,59.7
1604464792,64.0,85.0,79.0,83.0,17.1,59.7
1604464793,64.0,86.0,79.0,83.0,17.1,59.7
1604464794,64.0,86.0,80.0,83.0,17.1,59.6
1604464795,64.0,86.0,80.0,83.0,17.1,59.6
1604464796,64.0,87.0,80.0,84.0,17.1,59.6
1604464797,64.0,86.0,81.0,84.0,17.1,59.6
1604464798,64.0,86.0,81.0,84.0,17.1,59.6
1604464799,64.0,85.0,81.0,85.0,17.1,59.6
1604464800,65.0,84.0,82.0,85.0,17.1,59.6
1604464801,65.0,83.0,84.0,85.0,17.1,59.6
1604464802,66.0,82.0,83.0,86.0,17.1,59.6
1604464803,66.0,81.0,82.0,86.0,17.1,59.6
1604464804,67.0,81.0,82.0,86.0,17.2,59.7
1604464805,68.0,80.0,81.0,86.0,17.2,59.7
1604464806,68.0,80.0,81.0,86.0,17.2,59.7
1604464807,68.0,80.0,81.0,86.0,17.2,59.7
1604464808,69.0,80.0,80.0,86.0,17.2,59.7
1604464809,68.77777777777777,80.0,80.0,85.88888888888889,17.18888888888889,59.68888888888889
1604464810,68.55555555555556,80.0,80.0,85.77777777777777,17.177777777777777,59.67777777777778
1604464811,68.33333333333333,80.0,80.0,85.66666666666667,17.166666666666668,59.66666666666667
1604464812,68.11111111111111,80.0,80.0,85.55555555555556,17.155555555555555,59.65555555555556
1604464813,67.88888888888889,80.0,80.0,85.44444444444444,17.144444444444446,59.644444444444446
1604464814,67.66666666666667,80.0,80.0,85.33333333333333,17.133333333333333,59.63333333333333
1604464815,67.44444444444444,80.0,80.0,85.22222222222223,17.122222222222224,59.62222222222223
1604464816,67.22222222222223,80.0,80.0,85.11111111111111,17.11111111111111,59.61111111111112
1604464817,67.0,80.0,80.0,85.0,17.1,59.6
1604464818,67.0,80.0,80.0,85.0,17.1,59.6
1604464819,67.0,80.0,80.0,85.0,17.1,59.6
1604464820,67.0,80.0,80.0,85.0,17.1,59.6
1604464821,67.0,81.0,80.0,84.0,17.1,59.6
1604464822,67.0,81.0,80.0,84.0,17.1,59.6
1604464823,68.0,81.0,80.0,83.0,17.1,59.6
1604464824,69.0,81.0,81.0,83.0,17.1,59.6
1604464825,69.0,81.0,81.0,83.0,17.1,59.6
1604464826,70.0,82.0,82.0,82.0,17.1,59.6
1604464827,70.0,82.0,82.0,82.0,17.2,60.0
1604464828,69.0,82.0,83.0,81.0,17.2,60.0
1604464829,69.0,82.0,83.0,81.0,17.2,60.0
1604464830,68.0,82.0,84.0,81.0,17.2,60.0
1604464831,67.0,82.0,84.0,81.0,17.2,60.0
1604464832,67.0,82.0,85.0,81.0,17.2,59.8
1604464833,66.0,82.0,85.0,81.0,17.2,59.8
1604464834,66.0,82.0,85.0,82.0,17.2,59.8
1604464835,65.0,82.0,85.0,82.0,17.2,59.8
1604464836,65.0,82.0,85.0,82.0,17.2,59.8
1604464837,65.0,82.0,84.0,83.0,17.2,59.8
1604464838,65.0,82.0,84.0,84.0,17.2,59.8
1604464839,65.0,82.0,84.0,84.0,17.2,59.8
1604464840,66.0,81.0,84.0,85.0,17.2,59.8
1604464841,66.0,81.0,83.0,85.0,17.2,59.8
1604464842,67.0,80.0,83.0,85.0,17.2,59.7
1604464843,67.0,80.0,83.0,85.0,17.2,59.7
1604464844,67.0,80.0,83.0,85.0,17.2,59.7
1604464845,68.0,79.0,83.0,85.0,17.2,59.7
1604464846,68.0,79.0,83.0,85.0,17.2,59.7
1604464847,69.0,79.0,82.0,86.0,17.2,59.6
1604464848,69.0,79.0,82.0,86.0,17.2,59.6
1604464849,70.0,79.0,82.0,86.0,17.2,59.6
1604464850,70.0,78.0,82.0,86.0,17.2,59.6
1604464851,70.0,79.0,82.0,87.0,17.2,59.6
1604464852,71.0,79.0,82.0,87.0,17.2,59.6
1604464853,72.0,79.0,82.0,87.0,17.2,59.6
1604464854,72.0,79.0,82.0,87.0,17.2,59.6
1604464855,72.0,80.0,83.0,87.0,17.2,59.6
1604464856,72.0,80.0,83.0,87.0,17.2,59.6
1604464857,72.0,80.0,84.0,87.0,17.2,59.6
1604464858,72.0,80.0,84.0,86.0,17.2,59.6
1604464859,72.0,80.0,84.0,86.0,17.2,59.6
1604464860,72.0,80.0,84.0,85.0,17.2,59.6
1604464861,72.0,79.0,84.0,85.0,17.2,59.6
1604464862,71.0,79.0,84.0,85.0,17.2,59.5
1604464863,71.0,79.0,83.0,85.0,17.2,59.5
1604464864,70.0,79.0,83.0,85.0,17.2,59.5
1604464865,70.0,78.0,82.0,86.0,17.2,59.5
1604464866,69.0,78.0,82.0,86.0,17.2,59.5
1604464867,69.0,78.0,82.0,86.0,17.3,59.6
1604464868,68.0,77.0,81.0,87.0,17.3,59.6
1604464869,68.0,77.0,81.0,87.0,17.3,59.6
1604464870,67.0,77.0,80.0,87.0,17.3,59.6
1604464871,67.0,77.0,80.0,87.0,17.3,59.6
1604464872,66.0,78.0,81.0,87.0,17.2,59.5
1604464873,66.0,78.0,81.0,87.0,17.2,59.5
1604464874,66.0,78.0,81.0,87.0,17.2,59.5
1604464875,66.0,78.0,81.0,86.0,17.2,59.5
1604464876,66.0,78.0,81.0,86.0,17.2,59.5
1604464877,66.0,78.0,81.0,86.0,17.2,59.4
1604464878,67.0,77.0,82.0,86.0,17.2,59.4
1604464879,67.0,77.0,82.0,85.0,17.2,59.4
1604464880,67.0,77.0,82.0,85.0,17.2,59.4
1604464881,67.0,77.0,81.0,84.0,17.2,59.4
1604464882,68.0,77.0,81.0,84.0,17.2,59.4
1604464883,68.0,77.0,80.0,84.0,17.2,59.4
1604464884,68.0,77.0,80.0,84.0,17.2,59.4
1604464885,68.0,77.0,80.0,84.0,17.2,59.4
1604464886,69.0,77.0,80.0,84.0,17.2,59.4
1604464887,69.0,79.0,80.0,84.0,17.2,59.4
1604464888,69.0,79.0,81.0,85.0,17.2,59.4
1604464889,69.0,80.0,81.0,85.0,17.2,59.4
1604464890,69.0,81.0,81.0,86.0,17.2,59.4
1604464891,69.0,82.0,81.0,87.0,17.2,59.4
1604464892,69.0,82.0,81.0,87.0,17.2,59.4
1604464893,69.0,83.0,81.0,87.0,17.2,59.4
1604464894,69.0,83.0,81.0,88.0,17.2,59.4
1604464895,69.0,83.0,81.0,88.0,17.2,59.4
1604464896,69.0,83.0,81.0,88.0,17.2,59.4
1604464897,69.0,83.0,80.0,88.0,17.3,59.5
1604464898,69.0,83.0,80.0,88.0,17.3,59.5
1604464899,68.0,83.0,79.0,88.0,17.3,59.5
1604464900,68.0,82.0,79.0,87.0,17.3,59.5
1604464901,68.0,81.0,79.0,87.0,17.3,59.5
1604464902,68.0,81.0,79.0,87.0,17.2,59.4
1604464903,67.0,80.0,79.0,87.0,17.2,59.4
1604464904,67.0,80.0,79.0,87.0,17.2,59.4
1604464905,66.0,79.0,79.0,86.0,17.2,59.4
1604464906,66.0,79.0,78.0,86.0,17.2,59.4
1604464907,66.0,79.0,78.0,86.0,17.3,59.5
1604464908,66.0,79.0,78.0,86.0,17.3,59.5
1604464909,67.0,79.0,78.0,85.0,17.3,59.5
1604464910,67.0,79.0,78.0,85.0,17.3,59.5
1604464911,67.0,79.0,78.0,85.0,17.3,59.5
1604464912,68.0,80.0,78.0,85.0,17.2,59.5
1604464913,69.0,81.0,78.0,86.0,17.2,59.5
1604464914,69.0,81.0,79.0,86.0,17.2,59.5
1604464915,69.0,82.0,79.0,86.0,17.2,59.5
1604464916,70.0,82.0,79.0,86.0,17.2,59.5
1604464917,70.0,83.0,79.0,86.0,17.3,59.5
1604464918,70.0,83.0,79.0,86.0,17.3,59.5
1604464919,70.0,83.0,80.0,87.0,17.3,59.5
1604464920,70.0,83.0,80.0,87.0,17.3,59.5
1604464921,70.0,83.0,80.0,87.0,17.3,59.5
1604464922,69.0,83.0,81.0,87.0,17.3,59.4
1604464923,69.0,83.0,81.0,86.0,17.3,59.4
1604464924,69.0,82.0,81.0,86.0,17.3,59.4
1604464925,69.0,82.0,81.0,86.0,17.3,59.4
1604464926,69.0,82.0,82.0,85.0,17.3,59.4
1604464927,69.0,82.0,82.0,85.0,17.3,59.4
1604464928,68.0,82.0,83.0,85.0,17.3,59.4
1604464929,68.0,82.0,83.0,85.0,17.3,59.4
1604464930,68.0,81.0,83.0,85.0,17.3,59.4
1604464931,68.0,81.0,83.0,85.0,17.3,59.4
1604464932,68.0,81.0,83.0,85.0,17.3,59.4
1604464933,68.0,80.0,84.0,85.0,17.3,59.4
1604464934,68.0,80.0,84.0,85.0,17.3,59.4
1604464935,68.0,80.0,83.0,85.0,17.3,59.4
1604464936,68.0,80.0,83.0,85.0,17.3,59.4
1604464937,69.0,79.0,83.0,85.0,17.3,59.4
1604464938,69.0,79.0,83.0,85.0,17.3,59.4
1604464939,69.0,80.0,82.0,85.0,17.3,59.4
1604464940,70.0,81.0,82.0,84.0,17.3,59.4
1604464941,70.0,81.0,82.0,84.0,17.3,59.4
1604464942,71.0,82.0,82.0,84.0,17.2,59.3
1604464943,71.0,82.0,82.0,84.0,17.2,59.3
1604464944,72.0,82.0,82.0,84.0,17.2,59.3
1604464945,72.0,82.0,82.0,83.0,17.2,59.3
1604464946,72.0,82.0,82.0,83.0,17.2,59.3
1604464947,73.0,82.0,82.0,83.0,17.3,59.4
1604464948,72.0,82.0,82.0,84.0,17.3,59.4
1604464949,72.0,82.0,83.0,84.0,17.3,59.4
1604464950,72.0,81.0,84.0,84.0,17.3,59.4
1604464951,72.0,81.0,84.0,85.0,17.3,59.4
1604464952,71.0,81.0,84.0,85.0,17.3,59.4
1604464953,70.0,80.0,84.0,85.0,17.3,59.4
1604464954,70.0,80.0,85.0,85.0,17.3,59.4
1604464955,69.0,80.0,85.0,85.0,17.3,59.4
1604464956,68.0,79.0,85.0,85.0,17.3,59.4
1604464957,68.0,79.0,85.0,85.0,17.3,59.4
1604464958,67.0,79.0,84.0,85.0,17.3,59.4
1604464959,67.0,78.0,84.0,85.0,17.3,59.4
1604464960,66.0,78.0,84.0,86.0,17.3,59.4
1604464961,66.0,78.0,83.0,86.0,17.3,59.4
1604464962,66.0,78.0,83.0,86.0,17.3,59.4
1604464963,67.0,77.0,83.0,86.0,17.3,59.4
1604464964,67.0,77.0,83.0,86.0,17.3,59.4
1604464965,67.0,77.0,83.0,86.0,17.3,59.4
1604464966,67.0,76.0,83.0,86.0,17.3,59.4
1604464967,68.0,76.0,83.0,87.0,17.3,59.5
1604464968,68.0,77.0,83.0,87.0,17.3,59.5
1604464969,69.0,77.0,83.0,87.0,17.3,59.5
1604464970,69.0,77.0,83.0,87.0,17.3,59.5
1604464971,69.0,77.0,83.0,87.0,17.3,59.5
1604464972,69.0,77.0,83.0,87.0,17.3,59.4
1604464973,69.0,78.0,83.0,87.0,17.3,59.4
1604464974,69.0,78.0,83.0,87.0,17.3,59.4
1604464975,69.0,79.0,82.0,88.0,17.3,59.4
1604464976,69.0,79.0,82.0,88.0,17.3,59.4
1604464977,69.0,79.0,81.0,88.0,17.3,59.4
1604464978,69.0,79.0,81.0,88.0,17.3,59.4
1604464979,69.0,79.0,81.0,88.0,17.3,59.4
1604464980,69.0,80.0,80.0,88.0,17.3,59.4
1604464981,69.0,80.0,80.0,88.0,17.3,59.4
1604464982,69.0,80.0,80.0,87.0,17.3,59.4
1604464983,69.0,80.0,80.0,87.0,17.3,59.4
1604464984,69.0,80.0,80.0,87.0,17.3,59.4
1604464985,69.0,80.0,81.0,87.0,17.3,59.4
1604464986,69.0,79.0,81.0,88.0,17.3,59.4
1604464987,69.0,79.0,81.0,88.0,17.3,59.4
1604464988,69.0,79.0,83.0,88.0,17.3,59.4
1604464989,70.0,79.0,83.0,88.0,17.3,59.4
1604464990,70.0,80.0,83.0,88.0,17.3,59.4
1604464991,70.0,80.0,83.0,88.0,17.3,59.4
1604464992,70.0,80.0,83.0,89.0,17.3,59.4
1604464993,70.0,81.0,83.0,89.0,17.3,59.4
1604464994,70.0,81.0,83.0,89.0,17.3,59.4
1604464995,70.0,81.0,83.0,89.0,17.3,59.4
1604464996,70.0,82.0,82.0,89.0,17.3,59.4
1604464997,70.0,82.0,81.0,89.0,17.3,59.4
1604464998,70.0,83.0,81.0,89.0,17.3,59.4
1604464999,70.0,83.0,80.0,89.0,17.3,59.4
1604465000,70.0,83.0,80.0,89.0,17.3,59.4
1604465001,71.0,83.0,79.0,89.0,17.3,59.4
1604465002,71.0,83.0,79.0,89.0,17.3,59.4
1604465003,72.0,82.0,79.0,89.0,17.3,59.4
1604465004,72.0,82.0,79.0,88.0,17.3,59.4
1604465005,72.0,82.0,78.0,88.0,17.3,59.4
1604465006,72.0,82.0,78.0,88.0,17.3,59.4
1604465007,72.0,81.0,78.0,88.0,17.3,59.4
1604465008,72.0,81.0,78.0,88.0,17.3,59.5
1604465009,72.0,80.0,78.0,88.0,17.3,59.5
1604465010,72.0,80.0,78.0,88.0,17.3,59.5
1604465011,71.0,80.0,78.0,88.0,17.3,59.5
1604465012,71.0,80.0,78.0,88.0,17.3,59.5
1604465013,70.0,80.0,78.0,87.0,17.3,59.4
1604465014,69.77777777777777,80.0,78.0,87.0,17.3,59.4
1604465015,69.55555555555556,80.0,78.0,87.0,17.3,59.4
1604465016,69.33333333333333,80.0,78.0,87.0,17.3,59.4
1604465017,69.11111111111111,80.0,78.0,87.0,17.3,59.4
1604465018,68.88888888888889,80.0,78.0,87.0,17.3,59.4
1604465019,68.66666666666667,80.0,78.0,87.0,17.3,59.4
1604465020,68.44444444444444,80.0,78.0,87.0,17.3,59.4
1604465021,68.22222222222223,80.0,78.0,87.0,17.3,59.4
1604465022,68.0,80.0,78.0,87.0,17.3,59.4
1604465023,69.0,80.0,78.0,86.0,17.3,59.4
1604465024,69.0,80.0,79.0,85.0,17.3,59.4
1604465025,70.0,80.0,78.0,84.0,17.3,59.4
1604465026,70.0,80.0,79.0,84.0,17.3,59.4
1604465027,70.0,80.0,79.0,83.0,17.3,59.4
1604465028,70.0,80.0,79.0,83.0,17.3,59.4
1604465029,71.0,80.0,79.0,83.0,17.3,59.4
1604465030,71.0,79.0,79.0,83.0,17.3,59.4
1604465031,71.0,79.0,80.0,83.0,17.3,59.4
1604465032,71.0,79.0,81.0,83.0,17.3,59.4
1604465033,71.0,79.0,81.0,83.0,17.3,59.4
1604465034,70.0,78.0,81.0,83.0,17.3,59.4
1604465035,70.0,78.0,82.0,83.0,17.3,59.4
1604465036,70.0,78.0,82.0,83.0,17.3,59.4
1604465037,70.0,77.0,83.0,83.0,17.3,59.4
1604465038,70.0,77.0,83.0,83.0,17.3,59.4
1604465039,70.0,77.0,84.0,83.0,17.3,59.4
1604465040,70.0,77.0,84.0,82.0,17.3,59.4
1604465041,70.0,77.0,85.0,82.0,17.3,59.4
1604465042,70.0,77.0,85.0,82.0,17.3,59.4
1604465043,70.0,77.0,85.0,82.0,17.3,59.4
1604465044,71.0,77.0,86.0,82.0,17.3,59.4
1604465045,71.0,77.0,86.0,82.0,17.3,59.4
1604465046,71.0,77.0,87.0,82.0,17.3,59.4
1604465047,72.0,77.0,87.0,82.0,17.3,59.4
1604465048,72.0,77.0,87.0,83.0,17.3,59.4
1604465049,72.0,77.0,87.0,83.0,17.3,59.4
1604465050,73.0,77.0,87.0,83.0,17.3,59.4
1604465051,73.0,77.0,86.0,84.0,17.3,59.4
1604465052,73.0,76.0,86.0,85.0,17.3,59.4
1604465053,74.0,76.0,85.0,85.0,17.3,59.4
1604465054,73.0,76.0,85.0,85.0,17.3,59.4
1604465055,73.0,76.0,84.0,86.0,17.3,59.4
1604465056,73.0,75.0,84.0,86.0,17.3,59.4
1604465057,73.0,75.0,83.0,86.0,17.3,59.4
1604465058,73.0,75.0,83.0,86.0,17.3,59.4
1604465059,73.0,74.0,83.0,86.0,17.3,59.4
1604465060,73.0,74.0,83.0,86.0,17.3,59.4
1604465061,73.0,74.0,83.0,86.0,17.3,59.4
1604465062,73.0,74.0,82.0,87.0,17.3,59.4
1604465063,73.0,73.0,83.0,87.0,17.3,59.4
1604465064,73.0,73.0,83.0,87.0,17.3,59.4
1604465065,73.0,73.0,83.0,87.0,17.3,59.4
1604465066,73.0,74.0,82.0,88.0,17.3,59.4
1604465067,73.0,74.0,82.0,88.0,17.3,59.4
1604465068,73.0,75.0,82.0,88.0,17.3,59.4
1604465069,73.0,76.0,81.0,88.0,17.3,59.4
1604465070,73.0,76.0,81.0,87.0,17.3,59.4
1604465071,73.0,77.0,81.0,87.0,17.3,59.4
1604465072,73.0,77.0,80.0,87.0,17.3,59.4
1604465073,73.0,78.0,80.0,87.0,17.3,59.4
1604465074,72.0,78.0,80.0,87.0,17.3,59.4
1604465075,72.0,79.0,80.0,87.0,17.3,59.4
1604465076,72.0,79.0,80.0,86.0,17.3,59.4
1604465077,72.0,79.0,81.0,86.0,17.3,59.4
1604465078,72.0,78.0,81.0,86.0,17.3,59.4
1604465079,72.0,77.0,81.0,86.0,17.3,59.4
1604465080,72.0,77.0,81.0,86.0,17.3,59.4
1604465081,72.0,76.0,81.0,86.0,17.3,59.3
1604465082,72.0,76.0,81.0,86.0,17.3,59.3
1604465083,72.0,76.0,81.0,86.0,17.3,59.3
1604465084,72.0,75.0,80.0,86.0,17.3,59.3
1604465085,72.0,75.0,80.0,86.0,17.3,59.3
1604465086,72.0,75.0,80.0,86.0,17.3,59.3
1604465087,72.0,75.0,80.0,86.0,17.3,59.3
1604465088,72.0,75.0,81.0,86.0,17.3,59.3
1604465089,72.0,76.0,81.0,86.0,17.3,59.3
1604465090,72.0,77.0,81.0,87.0,17.3,59.3
1604465091,72.0,77.0,81.0,87.0,17.4,59.4
1604465092,72.0,77.0,81.0,87.0,17.4,59.4
1604465093,71.0,78.0,81.0,87.0,17.4,59.4
1604465094,71.0,78.0,81.0,87.0,17.4,59.4
1604465095,71.0,78.0,81.0,88.0,17.4,59.4
1604465096,70.0,79.0,82.0,88.0,17.3,59.3
1604465097,70.0,78.0,82.0,87.0,17.3,59.3
1604465098,70.0,78.0,82.0,87.0,17.3,59.3
1604465099,69.0,78.0,82.0,87.0,17.3,59.3
1604465100,69.0,78.0,82.0,87.0,17.3,59.3
1604465101,69.0,79.0,82.0,86.0,17.3,59.3
1604465102,69.0,79.0,82.0,86.0,17.3,59.3
1604465103,69.0,79.0,82.0,85.0,17.3,59.3
1604465104,69.0,79.0,82.0,85.0,17.3,59.3
1604465105,69.0,78.0,82.0,85.0,17.3,59.3
1604465106,69.0,78.0,83.0,84.0,17.3,59.2
1604465107,69.0,78.0,82.0,84.0,17.3,59.2
1604465108,69.0,78.0,82.0,84.0,17.3,59.2
1604465109,70.0,77.0,83.0,83.0,17.3,59.2
1604465110,70.0,77.0,83.0,83.0,17.3,59.2
1604465111,69.0,76.0,84.0,83.0,17.3,59.2
1604465112,70.0,76.0,84.0,83.0,17.3,59.2
1604465113,70.0,75.0,85.0,84.0,17.3,59.2
1604465114,70.0,75.0,85.0,84.0,17.3,59.2
1604465115,70.0,75.0,86.0,84.0,17.3,59.2
1604465116,70.0,75.0,86.0,84.0,17.4,59.3
1604465117,69.0,75.0,86.0,85.0,17.4,59.3
1604465118,69.0,75.0,86.0,86.0,17.4,59.3
1604465119,69.0,76.0,86.0,86.0,17.4,59.3
1604465120,69.0,76.0,85.0,87.0,17.4,59.3
1604465121,69.0,76.0,85.0,87.0,17.3,59.2
1604465122,69.0,77.0,84.0,88.0,17.3,59.2
1604465123,69.0,77.0,84.0,88.0,17.3,59.2
1604465124,68.0,76.0,82.0,88.0,17.3,59.2
1604465125,69.0,76.0,81.0,88.0,17.3,59.2
1604465126,69.0,76.0,81.0,88.0,17.3,59.2
1604465127,69.0,76.0,80.0,88.0,17.3,59.2
1604465128,69.0,77.0,80.0,88.0,17.3,59.2
1604465129,69.0,77.0,80.0,88.0,17.3,59.2
1604465130,70.0,77.0,80.0,87.0,17.3,59.2
1604465131,71.0,77.0,81.0,87.0,17.3,59.3
1604465132,71.0,77.0,81.0,86.0,17.3,59.3
1604465133,71.0,78.0,82.0,86.0,17.3,59.3
1604465134,72.0,78.0,83.0,86.0,17.3,59.3
1604465135,72.0,78.0,84.0,85.0,17.3,59.3
1604465136,72.0,78.0,85.0,84.0,17.4,59.5
1604465137,72.0,78.0,85.0,84.0,17.4,59.5
1604465138,71.0,79.0,85.0,84.0,17.4,59.5
1604465139,71.0,79.0,86.0,83.0,17.4,59.5
1604465140,70.0,79.0,86.0,83.0,17.4,59.5
1604465141,70.0,78.0,86.0,83.0,17.4,59.4
1604465142,70.0,78.0,85.0,83.0,17.4,59.4
1604465143,69.0,78.0,85.0,83.0,17.4,59.4
1604465144,69.0,79.0,84.0,83.0,17.4,59.4
1604465145,69.0,79.0,84.0,83.0,17.4,59.4
1604465146,68.0,79.0,83.0,84.0,17.4,59.5
1604465147,68.0,79.0,83.0,84.0,17.4,59.5
1604465148,68.0,79.0,83.0,84.0,17.4,59.5
1604465149,68.0,79.0,83.0,85.0,17.4,59.5
1604465150,69.0,80.0,83.0,85.0,17.4,59.5
1604465151,69.0,80.0,83.0,85.0,17.4,59.5
1604465152,69.0,80.0,83.0,85.0,17.4,59.5
1604465153,69.0,79.0,83.0,85.0,17.4,59.5
1604465154,69.0,79.0,84.0,85.0,17.4,59.5
1604465155,70.0,78.0,84.0,85.0,17.4,59.5
1604465156,71.0,77.0,84.0,85.0,17.4,59.5
1604465157,71.0,77.0,85.0,85.0,17.4,59.5
1604465158,71.0,76.0,85.0,85.0,17.4,59.5
1604465159,72.0,76.0,86.0,85.0,17.4,59.5
1604465160,72.0,76.0,86.0,85.0,17.4,59.5
1604465161,72.0,75.0,87.0,85.0,17.3,59.4
1604465162,72.0,75.0,87.0,85.0,17.3,59.4
1604465163,73.0,76.0,87.0,85.0,17.3,59.4
1604465164,72.0,76.0,88.0,85.0,17.3,59.4
1604465165,72.0,77.0,89.0,85.0,17.3,59.4
1604465166,72.0,78.0,89.0,85.0,17.4,59.6
1604465167,72.0,78.0,90.0,85.0,17.4,59.6
1604465168,72.0,79.0,89.0,84.0,17.4,59.6
1604465169,72.0,79.0,89.0,86.0,17.4,59.6
1604465170,71.0,80.0,89.0,87.0,17.4,59.6
1604465171,71.0,80.0,89.0,87.0,17.4,59.5
1604465172,71.0,80.0,89.0,88.0,17.4,59.5
1604465173,71.0,80.0,89.0,88.0,17.4,59.5
1604465174,71.0,79.0,88.0,88.0,17.4,59.5
1604465175,71.0,79.0,87.0,88.0,17.4,59.5
1604465176,71.0,79.0,87.0,88.0,17.3,59.4
1604465177,71.0,78.0,86.0,88.0,17.3,59.4
1604465178,72.0,78.0,86.0,87.0,17.3,59.4
1604465179,72.0,78.0,85.0,87.0,17.3,59.4
1604465180,73.0,78.0,85.0,86.0,17.3,59.4
1604465181,73.0,78.0,84.0,86.0,17.4,59.5
1604465182,73.0,78.0,84.0,86.0,17.4,59.5
1604465183,73.0,78.0,83.0,86.0,17.4,59.5
1604465184,73.0,78.0,83.0,87.0,17.4,59.5
1604465185,73.0,78.0,83.0,87.0,17.4,59.5
1604465186,73.0,78.0,83.0,87.0,17.4,59.5
1604465187,73.0,78.0,83.0,87.0,17.4,59.5
1604465188,72.0,79.0,84.0,87.0,17.4,59.5
1604465189,72.0,79.0,84.0,87.0,17.4,59.5
1604465190,72.0,79.0,84.0,87.0,17.4,59.5
1604465191,72.0,79.0,85.0,87.0,17.4,59.4
1604465192,71.0,79.0,86.0,86.0,17.4,59.4
1604465193,71.0,79.0,86.0,86.0,17.4,59.4
1604465194,70.0,79.0,86.0,86.0,17.4,59.4
1604465195,69.0,80.0,87.0,85.0,17.4,59.4
1604465196,69.0,80.0,87.0,85.0,17.4,59.3
1604465197,69.0,81.0,87.0,85.0,17.4,59.3
1604465198,69.0,81.0,87.0,85.0,17.4,59.3
1604465199,69.0,81.0,87.0,85.0,17.4,59.3
1604465200,69.0,82.0,87.0,86.0,17.4,59.3
1604465201,69.0,82.0,86.0,86.0,17.4,59.3
1604465202,69.0,82.0,86.0,86.0,17.4,59.3
1604465203,70.0,82.0,85.0,87.0,17.4,59.3
1604465204,70.0,82.0,85.0,87.0,17.4,59.3
1604465205,70.0,82.0,85.0,87.0,17.4,59.3
1604465206,71.0,81.0,85.0,87.0,17.4,59.2
1604465207,72.0,81.0,84.0,87.0,17.4,59.2
1604465208,72.0,80.0,85.0,87.0,17.4,59.2
1604465209,72.0,80.0,85.0,87.0,17.4,59.2
1604465210,72.0,79.0,85.0,87.0,17.4,59.2
1604465211,73.0,79.0,86.0,87.0,17.4,59.3
1604465212,73.0,78.0,86.0,86.0,17.4,59.3
1604465213,73.11111111111111,78.0,86.0,86.0,17.4,59.3
1604465214,73.22222222222223,78.0,86.0,86.0,17.4,59.3
1604465215,73.33333333333333,78.0,86.0,86.0,17.4,59.3
1604465216,73.44444444444444,78.0,86.0,86.0,17.4,59.3
1604465217,73.55555555555556,78.0,86.0,86.0,17.4,59.3
1604465218,73.66666666666667,78.0,86.0,86.0,17.4,59.3
1604465219,73.77777777777777,78.0,86.0,86.0,17.4,59.3
1604465220,73.88888888888889,78.0,86.0,86.0,17.4,59.3
1604465221,74.0,78.0,86.0,86.0,17.4,59.3
1604465222,73.0,78.0,86.0,85.0,17.4,59.3
1604465223,73.0,78.0,86.0,85.0,17.4,59.3
1604465224,73.0,78.0,86.0,85.0,17.4,59.2
1604465225,72.0,78.0,86.0,85.0,17.4,59.2
1604465226,72.0,77.0,86.0,84.0,17.4,59.2
1604465227,72.0,77.0,86.0,84.0,17.4,59.2
1604465228,72.0,77.0,86.0,84.0,17.4,59.2
1604465229,71.0,77.0,86.0,84.0,17.4,59.2
1604465230,72.0,77.0,86.0,84.0,17.4,59.2
1604465231,71.0,77.0,86.0,85.0,17.4,59.2
1604465232,72.0,77.0,86.0,85.0,17.4,59.2
1604465233,72.0,77.0,86.0,85.0,17.4,59.2
1604465234,72.0,78.0,86.0,86.0,17.4,59.2
1604465235,72.0,78.0,86.0,86.0,17.4,59.2
1604465236,71.0,78.0,86.0,86.0,17.4,59.2
1604465237,71.0,78.0,86.0,86.0,17.4,59.2
1604465238,71.0,78.0,86.0,87.0,17.4,59.2
1604465239,71.0,78.0,86.0,87.0,17.4,59.1
1604465240,71.0,78.0,85.0,87.0,17.4,59.1
1604465241,71.0,78.0,85.0,87.0,17.4,59.1
1604465242,70.0,78.0,85.0,87.0,17.4,59.1
1604465243,70.0,78.0,84.0,87.0,17.4,59.1
1604465244,70.0,78.0,83.0,87.0,17.4,59.1
1604465245,70.0,78.0,83.0,87.0,17.4,59.1
1604465246,71.0,78.0,83.0,87.0,17.4,59.1
1604465247,70.0,78.0,82.0,87.0,17.4,59.1
1604465248,71.0,78.0,82.0,87.0,17.4,59.1
1604465249,71.0,78.0,81.0,87.0,17.4,59.1
1604465250,71.0,78.0,81.0,87.0,17.4,59.1
1604465251,71.0,78.0,81.0,87.0,17.4,59.1
1604465252,71.0,78.0,81.0,87.0,17.4,59.1
1604465253,72.0,78.0,81.0,86.0,17.4,59.1
1604465254,72.0,77.0,81.0,86.0,17.4,59.2
1604465255,72.0,77.0,81.0,86.0,17.4,59.2
1604465256,72.0,77.0,81.0,86.0,17.4,59.2
1604465257,73.0,77.0,81.0,85.0,17.4,59.2
1604465258,73.0,77.0,83.0,85.0,17.4,59.2
1604465259,73.0,77.0,83.0,84.0,17.4,59.3
1604465260,73.0,77.0,84.0,84.0,17.4,59.3
1604465261,73.0,77.0,84.0,84.0,17.4,59.3
1604465262,72.0,77.0,85.0,84.0,17.4,59.3
1604465263,72.0,77.0,85.0,84.0,17.4,59.3
1604465264,72.0,77.0,86.0,84.0,17.4,59.1
1604465265,71.0,78.0,86.0,84.0,17.4,59.1
1604465266,71.0,78.0,86.0,85.0,17.4,59.1
1604465267,71.0,78.0,86.0,85.0,17.4,59.1
1604465268,70.0,79.0,85.0,85.0,17.4,59.1
1604465269,70.0,79.0,85.0,86.0,17.4,59.1
1604465270,70.0,79.0,84.0,86.0,17.4,59.1
1604465271,70.0,79.0,84.0,87.0,17.4,59.1
1604465272,71.0,79.0,84.0,87.0,17.4,59.1
1604465273,71.0,79.0,83.0,87.0,17.4,59.1
1604465274,71.0,79.0,83.0,87.0,17.5,59.1
1604465275,71.0,79.0,83.0,87.0,17.5,59.1
1604465276,71.0,79.0,83.0,87.0,17.5,59.1
1604465277,70.0,79.0,83.0,87.0,17.5,59.1
1604465278,70.0,79.0,83.0,87.0,17.5,59.1
1604465279,70.0,79.0,83.0,86.0,17.4,58.9
1604465280,70.0,79.0,83.0,86.0,17.4,58.9
1604465281,70.0,79.0,84.0,86.0,17.4,58.9
1604465282,70.0,78.0,84.0,86.0,17.4,58.9
1604465283,69.0,78.0,85.0,86.0,17.4,58.9
1604465284,70.0,78.0,85.0,87.0,17.4,58.8
1604465285,70.0,78.0,86.0,87.0,17.4,58.8
1604465286,70.0,78.0,86.0,88.0,17.4,58.8
1604465287,70.0,78.0,86.0,88.0,17.4,58.8
1604465288,70.0,79.0,86.0,88.0,17.4,58.8
1604465289,70.0,79.0,86.0,89.0,17.4,58.8
1604465290,70.0,79.0,86.0,89.0,17.4,58.8
1604465291,70.0,80.0,86.0,89.0,17.4,58.8
1604465292,70.0,80.0,85.0,90.0,17.4,58.8
1604465293,70.0,80.0,85.0,90.0,17.4,58.8
1604465294,70.0,80.0,84.0,89.0,17.4,58.8
1604465295,70.0,80.0,84.0,89.0,17.4,58.8
1604465296,70.0,80.0,83.0,89.0,17.4,58.8
1604465297,70.0,80.0,82.0,88.0,17.4,58.8
1604465298,69.0,80.0,81.0,88.0,17.4,58.8
1604465299,69.0,79.0,81.0,87.0,17.4,58.8
1604465300,70.0,79.0,80.0,86.0,17.4,58.8
1604465301,70.0,78.0,80.0,86.0,17.4,58.8
1604465302,69.0,78.0,80.0,86.0,17.4,58.8
1604465303,69.0,78.0,80.0,85.0,17.4,58.8
1604465304,69.0,78.0,80.0,85.0,17.4,58.8
1604465305,69.0,78.0,80.0,85.0,17.4,58.8
1604465306,70.0,79.0,81.0,85.0,17.4,58.8
1604465307,70.0,79.0,81.0,84.0,17.4,58.8
1604465308,70.0,79.0,82.0,84.0,17.4,58.8
1604465309,70.0,79.0,82.0,84.0,17.4,58.7
1604465310,70.0,79.0,83.0,85.0,17.4,58.7
1604465311,71.0,80.0,84.0,85.0,17.4,58.7
1604465312,71.0,80.0,84.0,85.0,17.4,58.7
1604465313,71.0,80.0,84.0,84.0,17.4,58.7
1604465314,71.0,80.0,84.0,84.0,17.5,58.8
1604465315,71.0,80.0,84.0,84.0,17.5,58.8
1604465316,71.0,80.0,84.0,84.0,17.5,58.8
1604465317,70.0,80.0,83.0,84.0,17.5,58.8
1604465318,70.0,80.0,83.0,83.0,17.5,58.8
1604465319,70.0,80.0,82.0,83.0,17.4,58.7
1604465320,70.0,80.0,82.0,83.0,17.4,58.7
1604465321,71.0,80.0,83.0,83.0,17.4,58.7
1604465322,71.0,80.0,83.0,83.0,17.4,58.7
1604465323,71.0,80.0,83.0,83.0,17.4,58.7
1604465324,72.0,79.0,83.0,83.0,17.4,58.7
1604465325,72.0,79.0,83.0,83.0,17.4,58.7
1604465326,72.0,79.0,83.0,83.0,17.4,58.7
1604465327,72.0,78.0,83.0,83.0,17.4,58.7
1604465328,72.0,78.0,83.0,83.0,17.4,58.7
1604465329,72.0,78.0,83.0,83.0,17.4,58.6
1604465330,72.0,80.0,83.0,83.0,17.4,58.6
1604465331,72.0,80.0,83.0,83.0,17.4,58.6
1604465332,71.0,80.0,83.0,83.0,17.4,58.6
1604465333,71.0,80.0,83.0,82.0,17.4,58.6
1604465334,71.0,80.0,83.0,82.0,17.5,58.6
1604465335,70.0,80.0,83.0,82.0,17.5,58.6
1604465336,70.0,79.0,83.0,82.0,17.5,58.6
1604465337,70.0,78.0,83.0,82.0,17.5,58.6
1604465338,70.0,78.0,83.0,82.0,17.5,58.6
1604465339,70.0,78.0,84.0,82.0,17.5,58.6
1604465340,70.0,78.0,84.0,82.0,17.5,58.6
1604465341,70.0,78.0,84.0,82.0,17.5,58.6
1604465342,70.0,78.0,84.0,82.0,17.5,58.6
1604465343,70.0,78.0,84.0,83.0,17.5,58.6
1604465344,70.0,78.0,83.0,83.0,17.4,58.5
1604465345,70.0,78.0,83.0,83.0,17.4,58.5
1604465346,70.0,79.0,83.0,83.0,17.4,58.5
1604465347,70.0,79.0,83.0,83.0,17.4,58.5
1604465348,70.0,79.0,83.0,83.0,17.4,58.5
1604465349,70.0,79.0,82.0,84.0,17.4,58.5
1604465350,71.0,79.0,82.0,84.0,17.4,58.5
1604465351,71.0,79.0,83.0,84.0,17.4,58.5
1604465352,71.0,79.0,83.0,84.0,17.4,58.5
1604465353,72.0,78.0,84.0,84.0,17.4,58.5
1604465354,72.0,78.0,85.0,84.0,17.5,58.5
1604465355,72.0,78.0,85.0,84.0,17.5,58.5
1604465356,73.0,77.0,85.0,83.0,17.5,58.5
1604465357,73.0,76.0,84.0,83.0,17.5,58.5
1604465358,73.0,76.0,84.0,83.0,17.5,58.5
1604465359,73.0,76.0,84.0,83.0,17.4,58.4
1604465360,73.0,76.0,84.0,83.0,17.4,58.4
1604465361,73.0,76.0,83.0,83.0,17.4,58.4
1604465362,73.0,76.0,82.0,83.0,17.4,58.4
1604465363,74.0,77.0,82.0,83.0,17.4,58.4
1604465364,74.0,77.0,81.0,84.0,17.4,58.4
1604465365,74.0,78.0,81.0,84.0,17.4,58.4
1604465366,74.0,79.0,81.0,84.0,17.4,58.4
1604465367,74.0,79.0,81.0,85.0,17.4,58.4
1604465368,74.0,80.0,81.0,85.0,17.4,58.4
1604465369,74.0,80.0,81.0,85.0,17.4,58.4
1604465370,74.0,80.0,81.0,86.0,17.4,58.4
1604465371,74.0,80.0,81.0,86.0,17.4,58.4
1604465372,74.0,80.0,81.0,86.0,17.4,58.4
1604465373,73.0,80.0,81.0,86.0,17.4,58.4
1604465374,73.0,80.0,81.0,85.0,17.4,58.3
1604465375,73.0,79.0,81.0,85.0,17.4,58.3
1604465376,73.0,79.0,81.0,85.0,17.4,58.3
1604465377,73.0,79.0,81.0,85.0,17.4,58.3
1604465378,73.0,78.0,81.0,85.0,17.4,58.3
1604465379,73.0,77.0,82.0,85.0,17.4,58.3
1604465380,73.0,77.0,82.0,85.0,17.4,58.3
1604465381,73.0,77.0,83.0,85.0,17.4,58.3
1604465382,73.0,77.0,83.0,85.0,17.4,58.3
1604465383,73.0,77.0,84.0,85.0,17.4,58.3
1604465384,73.0,78.0,84.0,85.0,17.4,58.4
1604465385,73.0,78.0,85.0,86.0,17.4,58.4
1604465386,73.0,78.0,86.0,86.0,17.4,58.4
1604465387,73.0,78.0,86.0,85.0,17.4,58.4
1604465388,73.0,78.0,86.0,85.0,17.4,58.4
1604465389,73.0,78.0,86.0,85.0,17.4,58.5
1604465390,74.0,78.0,86.0,85.0,17.4,58.5
1604465391,74.0,78.0,87.0,85.0,17.4,58.5
1604465392,74.0,78.0,87.0,85.0,17.4,58.5
1604465393,74.0,78.0,87.0,85.0,17.4,58.5
1604465394,74.0,78.0,86.0,85.0,17.4,58.5
1604465395,74.0,78.0,86.0,85.0,17.4,58.5
1604465396,74.0,78.0,86.0,85.0,17.4,58.5
1604465397,74.0,78.0,86.0,85.0,17.4,58.5
1604465398,74.0,79.0,85.0,86.0,17.4,58.5
1604465399,74.0,79.0,85.0,86.0,17.5,58.8
1604465400,74.0,79.0,85.0,86.0,17.5,58.8
1604465401,74.0,80.0,85.0,86.0,17.5,58.8
1604465402,74.0,80.0,85.0,86.0,17.5,58.8
1604465403,74.0,80.0,85.0,86.0,17.5,58.8
1604465404,74.0,80.0,85.0,86.0,17.4,58.7
1604465405,75.0,80.0,85.0,86.0,17.4,58.7
1604465406,75.0,80.0,85.0,86.0,17.4,58.7
1604465407,75.0,80.0,85.0,83.0,17.4,58.7
1604465408,75.0,80.0,85.0,83.0,17.4,58.7
1604465409,74.0,79.0,85.0,83.0,17.4,58.7
1604465410,73.0,78.0,85.0,83.0,17.4,58.7
1604465411,73.0,78.0,84.0,83.0,17.4,58.7
1604465412,72.0,78.0,84.0,83.0,17.4,58.7
1604465413,72.0,77.0,84.0,83.0,17.4,58.7
1604465414,71.77777777777777,77.0,83.88888888888889,83.0,17.4,58.7
1604465415,71.55555555555556,77.0,83.77777777777777,83.0,17.4,58.7
1604465416,71.33333333333333,77.0,83.66666666666667,83.0,17.4,58.7
1604465417,71.11111111111111,77.0,83.55555555555556,83.0,17.4,58.7
1604465418,70.88888888888889,77.0,83.44444444444444,83.0,17.4,58.7
1604465419,70.66666666666667,77.0,83.33333333333333,83.0,17.4,58.7
1604465420,70.44444444444444,77.0,83.22222222222223,83.0,17.4,58.7
1604465421,70.22222222222223,77.0,83.11111111111111,83.0,17.4,58.7
1604465422,70.0,77.0,83.0,83.0,17.4,58.7
1604465423,71.0,76.0,83.0,83.0,17.4,58.7
1604465424,71.0,76.0,83.0,83.0,17.4,58.7
1604465425,72.0,76.0,83.0,84.0,17.4,58.7
1604465426,73.0,76.0,84.0,85.0,17.4,58.7
1604465427,73.0,76.0,84.0,85.0,17.4,58.7
1604465428,74.0,76.0,84.0,86.0,17.4,58.7
1604465429,74.0,76.0,84.0,86.0,17.4,58.7
1604465430,74.0,76.0,85.0,87.0,17.4,58.7
1604465431,74.0,76.0,85.0,87.0,17.4,58.7
1604465432,74.0,76.0,85.0,87.0,17.4,58.7
1604465433,74.0,77.0,85.0,88.0,17.4,58.7
1604465434,73.0,76.0,85.0,88.0,17.4,58.7
1604465435,72.0,76.0,85.0,88.0,17.4,58.7
1604465436,72.0,76.0,85.0,88.0,17.4,58.7
1604465437,71.0,76.0,85.0,88.0,17.5,58.7
1604465438,70.0,76.0,85.0,88.0,17.5,58.7
1604465439,70.0,76.0,84.0,88.0,17.5,58.7
1604465440,69.0,75.0,84.0,88.0,17.5,58.7
1604465441,69.0,75.0,85.0,87.0,17.5,58.7
1604465442,69.0,75.0,86.0,87.0,17.4,58.7
1604465443,69.0,75.0,86.0,87.0,17.4,58.7
1604465444,69.0,75.0,87.0,87.0,17.4,58.7
1604465445,69.0,75.0,87.0,86.0,17.4,58.7
1604465446,69.0,75.0,88.0,86.0,17.4,58.7
1604465447,69.0,75.0,89.0,85.0,17.4,58.7
1604465448,69.0,75.0,89.0,85.0,17.4,58.7
1604465449,69.0,75.0,90.0,84.0,17.4,58.7
1604465450,70.0,75.0,90.0,84.0,17.4,58.7
1604465451,70.0,75.0,90.0,84.0,17.4,58.7
1604465452,70.0,74.0,90.0,84.0,17.4,58.6
1604465453,70.0,74.0,90.0,83.0,17.4,58.6
1604465454,71.0,74.0,90.0,83.0,17.4,58.6
1604465455,71.0,74.0,89.0,84.0,17.4,58.6
1604465456,71.0,74.0,89.0,84.0,17.4,58.6
1604465457,72.0,74.0,89.0,84.0,17.4,58.7
1604465458,72.0,74.0,88.0,84.0,17.4,58.7
1604465459,72.0,74.0,87.0,84.0,17.4,58.7
1604465460,73.0,74.0,86.0,85.0,17.4,58.7
1604465461,73.0,75.0,86.0,85.0,17.4,58.7
1604465462,73.0,75.0,85.0,85.0,17.4,58.7
1604465463,73.0,76.0,85.0,86.0,17.4,58.7
1604465464,73.0,76.0,85.0,86.0,17.4,58.7
1604465465,73.0,76.0,85.0,86.0,17.4,58.7
1604465466,73.0,76.0,85.0,86.0,17.4,58.7
1604465467,74.0,76.0,85.0,86.0,17.5,58.8
1604465468,74.0,75.0,85.0,85.0,17.5,58.8
1604465469,73.0,75.0,85.0,85.0,17.5,58.8
1604465470,73.0,75.0,84.0,85.0,17.5,58.8
1604465471,73.0,74.0,84.0,85.0,17.5,58.8
1604465472,73.0,74.0,84.0,85.0,17.4,58.8
1604465473,73.0,74.0,83.0,84.0,17.4,58.8
1604465474,73.0,73.0,83.0,84.0,17.4,58.8
1604465475,73.0,73.0,82.0,84.0,17.4,58.8
1604465476,73.0,74.0,81.0,84.0,17.4,58.8
1604465477,72.0,74.0,81.0,84.0,17.4,58.8
1604465478,72.0,74.0,81.0,84.0,17.4,58.8
1604465479,72.0,74.0,81.0,85.0,17.4,58.8
1604465480,71.0,74.0,81.0,85.0,17.4,58.8
1604465481,71.0,74.0,81.0,85.0,17.4,58.8
1604465482,71.0,74.0,81.0,85.0,17.5,58.8
1604465483,71.0,74.0,82.0,85.0,17.5,58.8
1604465484,71.0,74.0,83.0,85.0,17.5,58.8
1604465485,71.0,74.0,83.0,85.0,17.5,58.8
1604465486,71.0,73.0,84.0,86.0,17.5,58.8
1604465487,71.0,73.0,85.0,86.0,17.4,58.7
1604465488,71.0,73.0,86.0,86.0,17.4,58.7
1604465489,71.0,73.0,86.0,86.0,17.4,58.7
1604465490,71.0,74.0,86.0,86.0,17.4,58.7
1604465491,71.0,74.0,87.0,86.0,17.4,58.7
1604465492,72.0,74.0,87.0,86.0,17.5,58.7
1604465493,72.0,74.0,86.0,85.0,17.5,58.7
1604465494,71.0,74.0,86.0,85.0,17.5,58.7
1604465495,71.0,74.0,86.0,84.0,17.5,58.7
1604465496,71.0,74.0,87.0,84.0,17.5,58.7
1604465497,71.0,75.0,87.0,84.0,17.5,58.7
1604465498,71.0,75.0,87.0,84.0,17.5,58.7
1604465499,71.0,75.0,87.0,83.0,17.5,58.7
1604465500,71.0,76.0,87.0,83.0,17.5,58.7
1604465501,71.0,76.0,88.0,83.0,17.5,58.7
1604465502,70.0,76.0,88.0,84.0,17.5,58.6
1604465503,70.0,77.0,88.0,85.0,17.5,58.6
1604465504,71.0,77.0,88.0,85.0,17.5,58.6
1604465505,71.0,77.0,88.0,85.0,17.5,58.6
1604465506,71.0,77.0,88.0,85.0,17.5,58.6
1604465507,71.0,77.0,87.0,86.0,17.4,58.5
1604465508,71.0,78.0,87.0,86.0,17.4,58.5
1604465509,71.0,77.0,87.0,86.0,17.4,58.5
1604465510,71.0,77.0,87.0,85.0,17.4,58.5
1604465511,71.0,77.0,85.0,85.0,17.4,58.5
1604465512,71.0,77.0,85.0,85.0,17.5,58.6
1604465513,71.0,76.0,85.0,84.0,17.5,58.6
1604465514,71.0,76.0,84.0,84.0,17.5,58.6
1604465515,70.0,76.0,84.0,84.0,17.5,58.6
1604465516,70.0,75.0,84.0,84.0,17.5,58.6
1604465517,70.0,74.0,84.0,84.0,17.4,58.5
1604465518,70.0,74.0,85.0,84.0,17.4,58.5
1604465519,70.0,74.0,85.0,84.0,17.4,58.5
1604465520,70.0,74.0,85.0,84.0,17.4,58.5
1604465521,69.0,74.0,85.0,85.0,17.4,58.5
1604465522,69.0,74.0,86.0,85.0,17.5,58.5
1604465523,70.0,74.0,86.0,85.0,17.5,58.5
1604465524,70.0,74.0,86.0,84.0,17.5,58.5
1604465525,70.0,74.0,86.0,84.0,17.5,58.5
1604465526,70.0,75.0,86.0,84.0,17.5,58.5
1604465527,70.0,75.0,85.0,84.0,17.5,58.5
1604465528,70.0,76.0,85.0,84.0,17.5,58.5
1604465529,70.0,76.0,85.0,83.0,17.5,58.5
1604465530,70.0,76.0,85.0,83.0,17.5,58.5
1604465531,70.0,76.0,84.0,83.0,17.5,58.5
1604465532,71.0,75.0,84.0,83.0,17.5,58.5
1604465533,71.0,75.0,85.0,83.0,17.5,58.5
1604465534,71.0,75.0,85.0,82.0,17.5,58.5
1604465535,71.0,74.0,85.0,82.0,17.5,58.5
1604465536,71.0,74.0,85.0,82.0,17.5,58.5
1604465537,71.0,74.0,85.0,82.0,17.5,58.5
1604465538,71.0,73.0,85.0,83.0,17.5,58.5
1604465539,71.0,73.0,85.0,82.0,17.5,58.5
1604465540,72.0,72.0,85.0,82.0,17.5,58.5
1604465541,72.0,72.0,85.0,82.0,17.5,58.5
1604465542,72.0,73.0,85.0,81.0,17.5,58.5
1604465543,73.0,73.0,85.0,81.0,17.5,58.5
1604465544,73.0,73.0,85.0,81.0,17.5,58.5
1604465545,75.0,74.0,85.0,81.0,17.5,58.5
1604465546,75.0,74.0,85.0,80.0,17.5,58.5
1604465547,75.0,74.0,85.0,80.0,17.4,58.5
1604465548,76.0,75.0,85.0,80.0,17.4,58.5
1604465549,76.0,76.0,85.0,80.0,17.4,58.5
1604465550,76.0,76.0,85.0,80.0,17.4,58.5
1604465551,76.0,76.0,85.0,81.0,17.4,58.5
1604465552,76.0,77.0,84.0,81.0,17.4,58.5
1604465553,75.0,77.0,84.0,81.0,17.4,58.5
1604465554,75.0,78.0,84.0,82.0,17.4,58.5
1604465555,74.0,78.0,83.0,82.0,17.4,58.5
1604465556,74.0,79.0,83.0,83.0,17.4,58.5
1604465557,73.0,79.0,83.0,83.0,17.4,58.5
1604465558,73.0,79.0,82.0,83.0,17.4,58.5
1604465559,73.0,79.0,82.0,84.0,17.4,58.5
1604465560,73.0,79.0,82.0,84.0,17.4,58.5
1604465561,73.0,80.0,82.0,84.0,17.4,58.5
1604465562,73.0,80.0,82.0,85.0,17.5,58.6
1604465563,73.0,81.0,83.0,85.0,17.5,58.6
1604465564,73.0,81.0,83.0,84.0,17.5,58.6
1604465565,73.0,81.0,83.0,83.0,17.5,58.6
1604465566,73.0,81.0,84.0,83.0,17.5,58.6
1604465567,73.0,81.0,84.0,83.0,17.4,58.5
1604465568,73.0,81.0,84.0,83.0,17.4,58.5
1604465569,72.0,81.0,85.0,83.0,17.4,58.5
1604465570,72.0,81.0,85.0,83.0,17.4,58.5
1604465571,71.0,80.0,85.0,82.0,17.4,58.5
1604465572,71.0,80.0,85.0,82.0,17.4,58.6
1604465573,71.0,80.0,84.0,83.0,17.4,58.6
1604465574,70.0,80.0,84.0,83.0,17.4,58.6
1604465575,70.0,80.0,82.0,84.0,17.4,58.6
1604465576,70.0,80.0,81.0,84.0,17.4,58.6
1604465577,70.0,80.0,81.0,84.0,17.5,58.7
1604465578,70.0,80.0,80.0,84.0,17.5,58.7
1604465579,70.0,80.0,79.0,84.0,17.5,58.7
1604465580,70.0,80.0,79.0,84.0,17.5,58.7
1604465581,70.0,81.0,79.0,84.0,17.5,58.7
1604465582,70.0,81.0,78.0,84.0,17.4,58.6
1604465583,70.0,81.0,78.0,83.0,17.4,58.6
1604465584,70.0,81.0,79.0,83.0,17.4,58.6
1604465585,70.0,81.0,80.0,83.0,17.4,58.6
1604465586,70.0,81.0,81.0,83.0,17.4,58.6
1604465587,70.0,81.0,82.0,83.0,17.4,58.6
1604465588,70.0,81.0,83.0,83.0,17.4,58.6
1604465589,70.0,81.0,83.0,83.0,17.4,58.6
1604465590,70.0,81.0,84.0,83.0,17.4,58.6
1604465591,70.0,81.0,84.0,83.0,17.4,58.6
1604465592,70.0,81.0,84.0,83.0,17.4,58.7
1604465593,71.0,80.0,84.0,84.0,17.4,58.7
1604465594,71.0,80.0,84.0,84.0,17.4,58.7
1604465595,71.0,80.0,84.0,85.0,17.4,58.7
1604465596,71.0,80.0,83.0,85.0,17.4,58.7
1604465597,71.0,79.0,83.0,85.0,17.4,58.7
1604465598,72.0,79.0,82.0,85.0,17.4,58.7
1604465599,72.0,79.0,82.0,86.0,17.4,58.7
1604465600,72.0,79.0,82.0,86.0,17.4,58.7
1604465601,72.0,79.0,82.0,86.0,17.4,58.7
1604465602,72.0,79.0,82.0,86.0,17.4,58.7
1604465603,72.0,79.0,82.0,86.0,17.4,58.7
1604465604,72.0,79.0,83.0,86.0,17.4,58.7
1604465605,72.0,79.0,83.0,86.0,17.4,58.7
1604465606,72.0,79.0,83.0,86.0,17.4,58.7
1604465607,72.0,80.0,84.0,86.0,17.4,58.7
1604465608,71.0,80.0,84.0,85.0,17.4,58.7
1604465609,71.0,80.0,84.0,85.0,17.4,58.7
1604465610,71.0,80.0,84.0,85.0,17.4,58.7
1604465611,71.0,79.0,84.0,84.0,17.4,58.7
1604465612,71.0,79.0,84.0,84.0,17.4,58.7
1604465613,71.0,79.0,83.0,84.0,17.4,58.7
1604465614,71.0,78.0,83.0,83.0,17.4,58.7
1604465615,71.0,78.0,83.0,83.0,17.4,58.7
1604465616,71.0,77.0,84.0,83.0,17.4,58.7
1604465617,71.0,77.0,84.0,82.88888888888889,17.4,58.71111111111112
1604465618,71.0,77.0,84.0,82.77777777777777,17.4,58.72222222222222
1604465619,71.0,77.0,84.0,82.66666666666667,17.4,58.73333333333333
1604465620,71.0,77.0,84.0,82.55555555555556,17.4,58.74444444444445
1604465621,71.0,77.0,84.0,82.44444444444444,17.4,58.75555555555555
1604465622,71.0,77.0,84.0,82.33333333333333,17.4,58.766666666666666
1604465623,71.0,77.0,84.0,82.22222222222223,17.4,58.77777777777778
1604465624,71.0,77.0,84.0,82.11111111111111,17.4,58.78888888888888
1604465625,71.0,77.0,84.0,82.0,17.4,58.8
1604465626,71.0,77.0,84.0,82.0,17.4,58.8
1604465627,71.0,77.0,84.0,82.0,17.4,58.8
1604465628,71.0,77.0,84.0,81.0,17.4,58.8
1604465629,71.0,76.0,84.0,81.0,17.4,58.8
1604465630,71.0,76.0,84.0,81.0,17.3,58.7
1604465631,72.0,76.0,84.0,81.0,17.3,58.7
1604465632,73.0,77.0,84.0,81.0,17.3,58.7
1604465633,73.0,78.0,84.0,81.0,17.3,58.7
1604465634,74.0,78.0,84.0,81.0,17.3,58.7
1604465635,74.0,78.0,83.0,81.0,17.4,58.8
1604465636,73.0,78.0,84.0,81.0,17.4,58.8
1604465637,73.0,78.0,83.0,81.0,17.4,58.8
1604465638,73.0,79.0,83.0,81.0,17.4,58.8
1604465639,72.0,79.0,83.0,82.0,17.4,58.8
1604465640,72.0,79.0,83.0,82.0,17.3,58.8
1604465641,72.0,79.0,83.0,82.0,17.3,58.8
1604465642,71.0,78.0,83.0,82.0,17.3,58.8
1604465643,71.0,78.0,83.0,82.0,17.3,58.8
1604465644,71.0,78.0,83.0,82.0,17.3,58.8
1604465645,71.0,78.0,83.0,82.0,17.3,58.8
1604465646,70.0,77.0,83.0,83.0,17.3,58.8
1604465647,70.0,78.0,83.0,83.0,17.3,58.8
1604465648,71.0,78.0,83.0,83.0,17.3,58.8
1604465649,71.0,78.0,82.0,83.0,17.3,58.8
1604465650,71.0,78.0,82.0,83.0,17.3,58.9
1604465651,71.0,78.0,82.0,83.0,17.3,58.9
1604465652,71.0,78.0,82.0,83.0,17.3,58.9
1604465653,71.0,78.0,81.0,83.0,17.3,58.9
1604465654,71.0,78.0,81.0,82.0,17.3,58.9
1604465655,71.0,78.0,81.0,82.0,17.3,58.9
1604465656,71.0,78.0,81.0,82.0,17.3,58.9
1604465657,71.0,78.0,80.0,82.0,17.3,58.9
1604465658,71.0,77.0,80.0,81.0,17.3,58.9
1604465659,71.0,76.0,80.0,81.0,17.3,58.9
1604465660,71.0,76.0,80.0,81.0,17.3,58.9
1604465661,70.0,75.0,80.0,84.0,17.3,59.0
1604465662,70.0,75.0,80.0,84.0,17.3,59.0
1604465663,71.0,75.0,81.0,84.0,17.3,59.0
1604465664,71.0,75.0,82.0,84.0,17.3,59.0
1604465665,71.0,75.0,82.0,84.0,17.3,59.0
1604465666,71.0,75.0,83.0,85.0,17.3,59.1
1604465667,71.0,75.0,83.0,85.0,17.3,59.1
1604465668,72.0,75.0,83.0,85.0,17.3,59.1
1604465669,72.0,76.0,84.0,85.0,17.3,59.1
1604465670,72.0,76.0,84.0,85.0,17.3,59.1
1604465671,72.0,77.0,84.0,86.0,17.4,59.2
1604465672,72.0,77.0,84.0,86.0,17.4,59.2
1604465673,72.0,77.0,84.0,86.0,17.4,59.2
1604465674,73.0,77.0,84.0,86.0,17.4,59.2
1604465675,73.0,77.0,84.0,87.0,17.4,59.2
1604465676,72.0,77.0,84.0,87.0,17.3,59.1
1604465677,72.0,77.0,84.0,87.0,17.3,59.1
1604465678,72.0,77.0,84.0,87.0,17.3,59.1
1604465679,71.0,77.0,85.0,86.0,17.3,59.1
1604465680,71.0,77.0,85.0,86.0,17.3,59.1
1604465681,71.0,77.0,85.0,85.0,17.4,59.2
1604465682,71.0,77.0,85.0,84.0,17.4,59.2
1604465683,71.0,78.0,85.0,84.0,17.4,59.2
1604465684,71.0,78.0,85.0,84.0,17.4,59.2
1604465685,71.0,79.0,84.0,84.0,17.4,59.2
1604465686,71.0,79.0,84.0,84.0,17.3,59.2
1604465687,71.0,81.0,84.0,84.0,17.3,59.2
1604465688,71.0,82.0,84.0,84.0,17.3,59.2
1604465689,71.0,82.0,84.0,83.0,17.3,59.2
1604465690,71.0,82.0,84.0,83.0,17.3,59.2
1604465691,71.0,83.0,84.0,82.0,17.3,59.2
1604465692,71.0,82.0,84.0,82.0,17.3,59.2
1604465693,70.0,82.0,84.0,82.0,17.3,59.2
1604465694,70.0,82.0,83.0,81.0,17.3,59.2
1604465695,70.0,82.0,83.0,81.0,17.3,59.2
1604465696,69.0,82.0,83.0,80.0,17.3,59.2
1604465697,69.0,82.0,82.0,80.0,17.3,59.2
1604465698,69.0,82.0,82.0,80.0,17.3,59.2
1604465699,69.0,82.0,81.0,81.0,17.3,59.2
1604465700,70.0,82.0,81.0,81.0,17.3,59.2
1604465701,70.0,81.0,81.0,81.0,17.3,59.2
1604465702,70.0,81.0,81.0,81.0,17.3,59.2
1604465703,70.0,81.0,81.0,81.0,17.3,59.2
1604465704,71.0,81.0,81.0,82.0,17.3,59.2
1604465705,71.0,80.0,81.0,82.0,17.3,59.2
1604465706,71.0,80.0,81.0,82.0,17.3,59.2
1604465707,71.0,79.0,82.0,82.0,17.3,59.2
1604465708,71.0,79.0,82.0,82.0,17.3,59.2
1604465709,71.0,79.0,83.0,82.0,17.3,59.2
1604465710,70.0,79.0,83.0,83.0,17.3,59.2
1604465711,69.0,78.0,84.0,83.0,17.3,59.2
1604465712,69.0,78.0,85.0,83.0,17.3,59.2
1604465713,68.0,78.0,85.0,83.0,17.3,59.2
1604465714,68.0,78.0,85.0,83.0,17.3,59.2
1604465715,67.0,78.0,85.0,83.0,17.3,59.2
1604465716,67.0,78.0,85.0,83.0,17.3,58.9
1604465717,67.0,78.0,85.0,83.0,17.3,58.9
1604465718,67.0,78.0,85.0,83.0,17.3,58.9
1604465719,67.0,77.0,85.0,82.0,17.3,58.9
1604465720,67.0,77.0,85.0,82.0,17.3,58.9
1604465721,68.0,77.0,84.0,82.0,17.3,58.8
1604465722,68.0,77.0,84.0,82.0,17.3,58.8
1604465723,68.0,77.0,84.0,82.0,17.3,58.8
1604465724,68.0,77.0,84.0,83.0,17.3,58.8
1604465725,69.0,77.0,84.0,83.0,17.3,58.8
1604465726,69.0,77.0,84.0,83.0,17.3,58.8
1604465727,69.0,77.0,84.0,83.0,17.3,58.8
1604465728,69.0,77.0,84.0,83.0,17.3,58.8
1604465729,69.0,77.0,84.0,83.0,17.3,58.8
1604465730,69.0,77.0,83.0,83.0,17.3,58.8
1604465731,70.0,77.0,83.0,83.0,17.3,58.9
1604465732,70.0,77.0,83.0,83.0,17.3,58.9
1604465733,70.0,77.0,82.0,83.0,17.3,58.9
1604465734,70.0,77.0,82.0,83.0,17.3,58.9
1604465735,71.0,77.0,81.0,83.0,17.3,58.9
1604465736,71.0,77.0,81.0,83.0,17.3,58.8
1604465737,71.0,76.0,81.0,83.0,17.3,58.8
1604465738,71.0,76.0,81.0,83.0,17.3,58.8
1604465739,71.0,76.0,81.0,83.0,17.3,58.8
1604465740,71.0,76.0,81.0,83.0,17.3,58.8
1604465741,71.0,76.0,81.0,82.0,17.3,58.9
1604465742,71.0,77.0,82.0,82.0,17.3,58.9
1604465743,71.0,77.0,82.0,82.0,17.3,58.9
1604465744,71.0,76.0,82.0,82.0,17.3,58.9
1604465745,72.0,76.0,82.0,82.0,17.3,58.9
1604465746,72.0,76.0,82.0,82.0,17.3,58.9
1604465747,72.0,76.0,82.0,82.0,17.3,58.9
1604465748,72.0,76.0,81.0,82.0,17.3,58.9
1604465749,72.0,76.0,80.0,82.0,17.3,58.9
1604465750,72.0,76.0,79.0,83.0,17.3,58.9
1604465751,72.0,75.0,79.0,83.0,17.3,58.9
1604465752,72.0,75.0,79.0,83.0,17.3,58.9
1604465753,71.0,75.0,78.0,83.0,17.3,58.9
1604465754,71.0,75.0,78.0,83.0,17.3,58.9
1604465755,70.0,75.0,78.0,83.0,17.3,58.9
1604465756,70.0,75.0,78.0,83.0,17.3,58.9
1604465757,70.0,75.0,78.0,83.0,17.3,58.9
1604465758,70.0,75.0,78.0,83.0,17.3,58.9
1604465759,70.0,74.0,78.0,83.0,17.3,58.9
1604465760,70.0,74.0,78.0,83.0,17.3,58.9
1604465761,70.0,74.0,79.0,83.0,17.3,58.9
1604465762,70.0,74.0,79.0,84.0,17.3,58.9
1604465763,70.0,73.0,79.0,84.0,17.3,58.9
1604465764,71.0,73.0,78.0,85.0,17.3,58.9
1604465765,71.0,72.0,78.0,85.0,17.3,58.9
1604465766,72.0,72.0,78.0,86.0,17.3,58.9
1604465767,72.0,71.0,78.0,86.0,17.3,58.9
1604465768,72.0,71.0,78.0,86.0,17.3,58.9
1604465769,72.0,71.0,79.0,87.0,17.3,58.9
1604465770,72.0,70.0,79.0,87.0,17.3,58.9
1604465771,73.0,70.0,79.0,86.0,17.3,58.9
1604465772,73.0,70.0,79.0,86.0,17.3,58.9
1604465773,73.0,70.0,79.0,86.0,17.3,58.9
1604465774,72.0,70.0,80.0,86.0,17.3,58.9
1604465775,72.0,70.0,80.0,85.0,17.3,58.9
1604465776,72.0,71.0,80.0,85.0,17.3,58.9
1604465777,71.0,71.0,81.0,85.0,17.3,58.9
1604465778,71.0,71.0,81.0,84.0,17.3,58.9
1604465779,71.0,71.0,81.0,85.0,17.3,58.9
1604465780,71.0,72.0,81.0,85.0,17.3,58.9
1604465781,71.0,73.0,82.0,85.0,17.3,58.9
1604465782,70.0,73.0,82.0,85.0,17.3,58.9
1604465783,70.0,73.0,82.0,85.0,17.3,58.9
1604465784,70.0,73.0,82.0,85.0,17.3,58.9
1604465785,70.0,73.0,82.0,85.0,17.3,58.9
1604465786,70.0,74.0,82.0,85.0,17.3,58.9
1604465787,70.0,74.0,82.0,85.0,17.3,58.9
1604465788,70.0,76.0,81.0,86.0,17.3,58.9
1604465789,70.0,77.0,81.0,86.0,17.3,58.9
1604465790,70.0,77.0,81.0,86.0,17.3,58.9
1604465791,70.0,77.0,80.0,86.0,17.4,59.0
1604465792,70.0,77.0,80.0,86.0,17.4,59.0
1604465793,70.0,77.0,80.0,86.0,17.4,59.0
1604465794,70.0,77.0,80.0,87.0,17.4,59.0
1604465795,71.0,77.0,80.0,87.0,17.4,59.0
1604465796,71.0,77.0,80.0,87.0,17.4,59.0
1604465797,71.0,76.0,80.0,87.0,17.4,59.0
1604465798,71.0,77.0,80.0,87.0,17.4,59.0
1604465799,71.0,76.0,81.0,88.0,17.4,59.0
1604465800,70.0,76.0,81.0,88.0,17.4,59.0
1604465801,70.0,76.0,81.0,88.0,17.4,59.1
1604465802,70.0,76.0,81.0,88.0,17.4,59.1
1604465803,70.0,76.0,80.0,88.0,17.4,59.1
1604465804,69.0,76.0,80.0,87.0,17.4,59.1
1604465805,69.0,76.0,81.0,87.0,17.4,59.1
1604465806,69.0,76.0,81.0,87.0,17.4,59.1
1604465807,69.0,76.0,81.0,87.0,17.4,59.1
1604465808,69.0,76.0,81.0,87.0,17.4,59.1
1604465809,69.0,76.0,82.0,87.0,17.4,59.1
1604465810,69.0,77.0,82.0,87.0,17.4,59.1
1604465811,69.0,77.0,83.0,87.0,17.4,59.1
1604465812,69.0,77.0,83.0,87.0,17.4,59.1
1604465813,69.0,77.0,84.0,87.0,17.4,59.1
1604465814,69.0,77.0,84.0,87.0,17.4,59.1
1604465815,69.0,77.0,83.0,87.0,17.4,59.1
1604465816,69.0,77.0,82.0,87.0,17.4,59.2
1604465817,69.0,77.0,82.0,87.0,17.4,59.2
1604465818,69.0,77.0,81.0,87.0,17.4,59.2
1604465819,69.0,77.0,81.0,87.0,17.4,59.2
1604465820,69.0,76.0,81.0,86.0,17.4,59.2
1604465821,69.25,76.0,80.875,86.0,17.4,59.2
1604465822,69.5,76.0,80.75,86.0,17.4,59.2
1604465823,69.75,76.0,80.625,86.0,17.4,59.2
1604465824,70.0,76.0,80.5,86.0,17.4,59.2
1604465825,70.25,76.0,80.375,86.0,17.4,59.2
1604465826,70.5,76.0,80.25,86.0,17.4,59.2
1604465827,70.75,76.0,80.125,86.0,17.4,59.2
1604465828,71.0,76.0,80.0,86.0,17.4,59.2
1604465829,71.0,76.0,79.0,86.0,17.4,59.2
1604465830,71.0,76.0,79.0,86.0,17.4,59.2
1604465831,70.0,76.0,79.0,86.0,17.4,59.2
1604465832,70.0,75.0,78.0,86.0,17.4,59.2
1604465833,70.0,75.0,78.0,86.0,17.4,59.2
1604465834,70.0,75.0,78.0,86.0,17.4,59.2
1604465835,70.0,74.0,77.0,86.0,17.4,59.2
1604465836,70.0,74.0,74.0,86.0,17.4,59.2
1604465837,70.0,74.0,74.0,86.0,17.4,59.2
1604465838,70.0,74.0,74.0,86.0,17.4,59.3
1604465839,70.0,74.0,75.0,86.0,17.4,59.3
1604465840,70.0,74.0,75.0,87.0,17.4,59.3
1604465841,70.0,74.0,76.0,87.0,17.4,59.3
1604465842,70.0,75.0,76.0,87.0,17.4,59.3
1604465843,70.0,75.0,77.0,88.0,17.4,59.3
1604465844,70.0,76.0,77.0,88.0,17.4,59.3
1604465845,70.0,77.0,78.0,88.0,17.4,59.3
1604465846,70.0,77.0,78.0,88.0,17.4,59.3
1604465847,70.0,78.0,78.0,88.0,17.4,59.3
1604465848,70.0,78.0,78.0,88.0,17.4,59.3
1604465849,70.0,79.0,78.0,87.0,17.4,59.3
1604465850,70.0,79.0,78.0,87.0,17.4,59.3
1604465851,70.0,79.0,78.0,87.0,17.4,59.3
1604465852,70.0,79.0,78.0,87.0,17.4,59.3
1604465853,70.0,79.0,78.0,87.0,17.4,59.3
1604465854,71.0,79.0,78.0,87.0,17.4,59.3
1604465855,71.0,79.0,78.0,87.0,17.4,59.3
1604465856,71.0,79.0,77.0,87.0,17.4,59.3
1604465857,71.0,79.0,77.0,87.0,17.4,59.3
1604465858,71.0,79.0,77.0,87.0,17.4,59.2
1604465859,71.0,78.0,76.0,86.0,17.4,59.2
1604465860,71.0,78.0,76.0,86.0,17.4,59.2
1604465861,71.0,78.0,75.0,86.0,17.4,59.2
1604465862,71.0,78.0,75.0,86.0,17.4,59.2
1604465863,71.0,78.0,75.0,85.0,17.4,59.2
1604465864,70.0,79.0,75.0,85.0,17.4,59.2
1604465865,70.0,79.0,75.0,85.0,17.4,59.2
1604465866,69.0,79.0,77.0,85.0,17.4,59.2
1604465867,69.0,79.0,77.0,85.0,17.4,59.2
1604465868,69.0,79.0,77.0,85.0,17.4,59.2
1604465869,69.0,79.0,77.0,85.0,17.4,59.2
1604465870,69.0,79.0,78.0,85.0,17.4,59.2
1604465871,69.0,79.0,78.0,85.0,17.4,59.2
1604465872,69.0,79.0,78.0,85.0,17.4,59.2
1604465873,69.0,79.0,78.0,85.0,17.4,59.1
1604465874,70.0,79.0,79.0,86.0,17.4,59.1
1604465875,70.0,79.0,78.0,86.0,17.4,59.1
1604465876,70.0,79.0,78.0,86.0,17.4,59.1
1604465877,71.0,79.0,79.0,87.0,17.4,59.1
1604465878,71.0,79.0,79.0,87.0,17.4,59.1
1604465879,71.0,79.0,79.0,87.0,17.4,59.1
1604465880,71.0,79.0,80.0,87.0,17.4,59.1
1604465881,70.0,78.0,80.0,88.0,17.4,59.1
1604465882,70.0,78.0,81.0,88.0,17.4,59.1
1604465883,70.0,78.0,81.0,88.0,17.4,59.1
1604465884,69.0,78.0,81.0,88.0,17.4,59.1
1604465885,69.0,78.0,81.0,88.0,17.4,59.1
1604465886,69.0,77.0,82.0,87.0,17.4,59.1
1604465887,69.0,76.0,82.0,87.0,17.4,59.1
1604465888,69.0,76.0,82.0,87.0,17.4,59.0
1604465889,68.0,76.0,82.0,87.0,17.4,59.0
1604465890,69.0,75.0,82.0,87.0,17.4,59.0
1604465891,69.0,75.0,82.0,87.0,17.4,59.0
1604465892,69.0,74.0,82.0,87.0,17.4,59.0
1604465893,69.0,74.0,81.0,87.0,17.4,59.0
1604465894,70.0,74.0,82.0,87.0,17.4,59.0
1604465895,71.0,74.0,82.0,87.0,17.4,59.0
1604465896,71.0,74.0,80.0,87.0,17.4,59.0
1604465897,71.0,74.0,79.0,88.0,17.4,59.0
1604465898,72.0,74.0,79.0,88.0,17.4,59.0
1604465899,72.0,74.0,79.0,87.0,17.4,59.0
1604465900,73.0,74.0,78.0,87.0,17.4,59.0
1604465901,73.0,74.0,78.0,87.0,17.4,59.0
1604465902,73.0,74.0,78.0,87.0,17.4,59.0
1604465903,72.0,74.0,79.0,87.0,17.5,59.1
1604465904,72.0,74.0,79.0,86.0,17.5,59.1
1604465905,72.0,74.0,79.0,86.0,17.5,59.1
1604465906,72.0,74.0,79.0,86.0,17.5,59.1
1604465907,72.0,74.0,79.0,86.0,17.5,59.1
1604465908,71.0,74.0,79.0,86.0,17.4,58.9
1604465909,71.0,74.0,78.0,86.0,17.4,58.9
1604465910,70.0,74.0,78.0,86.0,17.4,58.9
1604465911,70.0,74.0,78.0,86.0,17.4,58.9
1604465912,70.0,74.0,78.0,86.0,17.4,58.9
1604465913,69.0,74.0,78.0,86.0,17.4,58.9
1604465914,68.0,74.0,78.0,87.0,17.4,58.9
1604465915,68.0,75.0,78.0,87.0,17.4,58.9
1604465916,68.0,75.0,78.0,87.0,17.4,58.9
1604465917,67.0,75.0,78.0,87.0,17.4,58.9
1604465918,67.0,75.0,78.0,87.0,17.5,58.7
1604465919,67.0,76.0,78.0,87.0,17.5,58.7
1604465920,66.0,76.0,78.0,87.0,17.5,58.7
1604465921,66.0,76.0,77.0,87.0,17.5,58.7
1604465922,66.0,76.0,77.0,87.0,17.5,58.7
1604465923,66.0,76.0,77.0,87.0,17.4,58.8
1604465924,66.0,76.0,77.0,87.0,17.4,58.8
1604465925,66.0,76.0,77.0,87.0,17.4,58.8
1604465926,66.0,75.0,78.0,87.0,17.4,58.8
1604465927,66.0,75.0,77.0,87.0,17.4,58.8
1604465928,66.0,75.0,77.0,87.0,17.4,58.8
1604465929,66.0,75.0,77.0,87.0,17.4,58.8
1604465930,66.0,74.0,79.0,88.0,17.4,58.8
1604465931,67.0,74.0,79.0,88.0,17.4,58.8
1604465932,67.0,74.0,80.0,88.0,17.4,58.8
1604465933,67.0,74.0,81.0,88.0,17.4,58.8
1604465934,68.0,74.0,82.0,88.0,17.4,58.8
1604465935,68.0,74.0,83.0,88.0,17.4,58.8
1604465936,69.0,75.0,84.0,88.0,17.4,58.8
1604465937,69.0,75.0,85.0,88.0,17.4,58.8
1604465938,70.0,76.0,86.0,88.0,17.5,58.8
1604465939,70.0,77.0,87.0,88.0,17.5,58.8
1604465940,70.0,78.0,87.0,88.0,17.5,58.8
1604465941,70.0,78.0,87.0,88.0,17.5,58.8
1604465942,70.0,79.0,87.0,88.0,17.5,58.8
1604465943,69.0,79.0,87.0,87.0,17.5,58.8
1604465944,69.0,79.0,86.0,87.0,17.5,58.8
1604465945,69.0,79.0,86.0,87.0,17.5,58.8
1604465946,69.0,79.0,86.0,87.0,17.5,58.8
1604465947,68.0,79.0,86.0,87.0,17.5,58.8
1604465948,67.0,78.0,85.0,87.0,17.4,58.7
1604465949,67.0,78.0,84.0,87.0,17.4,58.7
1604465950,67.0,78.0,84.0,86.0,17.4,58.7
1604465951,67.0,77.0,83.0,86.0,17.4,58.7
1604465952,68.0,77.0,83.0,86.0,17.4,58.7
1604465953,68.0,77.0,83.0,86.0,17.4,58.7
1604465954,68.0,77.0,82.0,86.0,17.4,58.7
1604465955,68.0,77.0,82.0,86.0,17.4,58.7
1604465956,68.0,77.0,81.0,86.0,17.4,58.7
1604465957,69.0,77.0,81.0,86.0,17.4,58.7
1604465958,70.0,77.0,81.0,86.0,17.4,58.7
1604465959,70.0,77.0,81.0,86.0,17.4,58.7
1604465960,71.0,77.0,80.0,87.0,17.4,58.7
1604465961,71.0,77.0,80.0,87.0,17.4,58.7
1604465962,71.0,77.0,80.0,87.0,17.4,58.7
1604465963,71.0,77.0,80.0,87.0,17.4,58.7
1604465964,72.0,77.0,80.0,87.0,17.4,58.7
1604465965,72.0,77.0,81.0,87.0,17.4,58.7
1604465966,72.0,77.0,81.0,87.0,17.4,58.7
1604465967,72.0,76.0,82.0,87.0,17.4,58.7
1604465968,72.0,76.0,82.0,87.0,17.4,58.7
1604465969,72.0,75.0,82.0,86.0,17.4,58.7
1604465970,71.0,75.0,83.0,86.0,17.4,58.7
1604465971,71.0,75.0,83.0,86.0,17.4,58.7
1604465972,70.0,75.0,83.0,86.0,17.4,58.7
1604465973,70.0,75.0,83.0,86.0,17.4,58.8
1604465974,70.0,75.0,83.0,86.0,17.4,58.8
1604465975,70.0,75.0,83.0,86.0,17.4,58.8
1604465976,70.0,75.0,82.0,86.0,17.4,58.8
1604465977,70.0,75.0,82.0,86.0,17.4,58.8
1604465978,70.0,75.0,82.0,87.0,17.4,58.7
1604465979,70.0,75.0,82.0,87.0,17.4,58.7
1604465980,71.0,75.0,82.0,88.0,17.4,58.7
1604465981,71.0,74.0,82.0,88.0,17.4,58.7
1604465982,71.0,74.0,82.0,88.0,17.4,58.7
1604465983,71.0,74.0,82.0,89.0,17.4,58.7
1604465984,71.0,74.0,83.0,89.0,17.4,58.7
1604465985,70.0,74.0,83.0,89.0,17.4,58.7
1604465986,71.0,74.0,83.0,89.0,17.4,58.7
1604465987,71.04545454545455,74.0,83.04545454545455,89.0,17.4,58.7
1604465988,71.0909090909091,74.0,83.0909090909091,89.0,17.4,58.7
1604465989,71.13636363636364,74.0,83.13636363636364,89.0,17.4,58.7
1604465990,71.18181818181819,74.0,83.18181818181819,89.0,17.4,58.7
1604465991,71.22727272727273,74.0,83.22727272727273,89.0,17.4,58.7
1604465992,71.27272727272727,74.0,83.27272727272727,89.0,17.4,58.7
1604465993,71.31818181818181,74.0,83.31818181818181,89.0,17.4,58.7
1604465994,71.36363636363636,74.0,83.36363636363636,89.0,17.4,58.7
1604465995,71.4090909090909,74.0,83.4090909090909,89.0,17.4,58.7
1604465996,71.45454545454545,74.0,83.45454545454545,89.0,17.4,58.7
1604465997,71.5,74.0,83.5,89.0,17.4,58.7
1604465998,71.54545454545455,74.0,83.54545454545455,89.0,17.4,58.7
1604465999,71.5909090909091,74.0,83.5909090909091,89.0,17.4,58.7
1604466000,71.63636363636364,74.0,83.63636363636364,89.0,17.4,58.7
1604466001,71.68181818181819,74.0,83.68181818181819,89.0,17.4,58.7
1604466002,71.72727272727273,74.0,83.72727272727273,89.0,17.4,58.7
1604466003,71.77272727272727,74.0,83.77272727272727,89.0,17.4,58.7
1604466004,71.81818181818181,74.0,83.81818181818181,89.0,17.4,58.7
1604466005,71.86363636363636,74.0,83.86363636363636,89.0,17.4,58.7
1604466006,71.9090909090909,74.0,83.9090909090909,89.0,17.4,58.7
1604466007,71.95454545454545,74.0,83.95454545454545,89.0,17.4,58.7
1604466008,72.0,74.0,84.0,89.0,17.4,58.7
1604466009,72.0,74.0,84.0,89.0,17.4,58.7
1604466010,72.0,74.0,84.0,88.0,17.4,58.7
1604466011,71.0,74.0,84.0,88.0,17.4,58.7
1604466012,71.0,73.0,85.0,88.0,17.4,58.7
1604466013,70.0,73.0,86.0,87.0,17.4,58.7
1604466014,70.0,74.0,86.0,87.0,17.5,58.7
1604466015,70.0,74.0,87.0,87.0,17.5,58.7
1604466016,68.0,74.0,87.0,88.0,17.5,58.7
1604466017,67.0,75.0,88.0,88.0,17.5,58.7
1604466018,67.0,75.0,88.0,88.0,17.5,58.7
1604466019,66.0,75.0,89.0,88.0,17.4,58.6
1604466020,66.0,75.0,89.0,88.0,17.4,58.6
1604466021,66.0,76.0,90.0,89.0,17.4,58.6
1604466022,66.0,76.0,90.0,89.0,17.4,58.6
1604466023,66.0,76.0,89.0,89.0,17.4,58.6
1604466024,66.0,76.0,89.0,89.0,17.4,58.7
1604466025,67.0,76.0,89.0,88.0,17.4,58.7
1604466026,67.0,76.0,89.0,88.0,17.4,58.7
1604466027,68.0,76.0,88.0,88.0,17.4,58.7
1604466028,69.0,76.0,88.0,88.0,17.4,58.7
1604466029,69.0,76.0,87.0,87.0,17.4,58.5
1604466030,70.0,76.0,87.0,87.0,17.4,58.5
1604466031,70.0,76.0,87.0,87.0,17.4,58.5
1604466032,71.0,76.0,87.0,87.0,17.4,58.5
1604466033,71.0,76.0,86.0,87.0,17.4,58.5
1604466034,72.0,76.0,85.0,87.0,17.4,58.5
1604466035,72.0,75.0,85.0,86.0,17.4,58.5
1604466036,73.0,75.0,85.0,86.0,17.4,58.5
1604466037,73.0,76.0,84.0,86.0,17.4,58.5
1604466038,73.0,76.0,84.0,86.0,17.4,58.5
1604466039,74.0,76.0,83.0,86.0,17.4,58.5
1604466040,74.0,76.0,83.0,86.0,17.4,58.5
1604466041,74.0,76.0,83.0,86.0,17.4,58.5
1604466042,74.0,76.0,82.0,86.0,17.4,58.5
1604466043,74.0,76.0,82.0,85.0,17.4,58.5
1604466044,74.0,76.0,82.0,85.0,17.4,58.5
1604466045,74.0,76.0,82.0,85.0,17.4,58.5
1604466046,74.0,76.0,82.0,86.0,17.4,58.5
1604466047,74.0,75.0,82.0,86.0,17.4,58.5
1604466048,74.0,76.0,82.0,86.0,17.4,58.5
1604466049,74.0,76.0,81.0,86.0,17.4,58.5
1604466050,74.0,76.0,81.0,86.0,17.4,58.5
1604466051,74.0,76.0,80.0,87.0,17.4,58.5
1604466052,74.0,76.0,80.0,87.0,17.4,58.5
1604466053,74.0,76.0,79.0,88.0,17.4,58.5
1604466054,74.0,76.0,79.0,88.0,17.4,58.5
1604466055,74.0,76.0,79.0,88.0,17.4,58.5
1604466056,74.0,76.0,79.0,88.0,17.4,58.5
1604466057,74.0,75.0,79.0,88.0,17.4,58.5
1604466058,74.0,75.0,79.0,88.0,17.4,58.5
1604466059,74.0,75.0,79.0,88.0,17.4,58.5
1604466060,74.0,74.0,80.0,88.0,17.4,58.5
1604466061,73.0,74.0,80.0,88.0,17.4,58.5
1604466062,73.0,74.0,80.0,88.0,17.4,58.5
1604466063,73.0,74.0,82.0,89.0,17.4,58.5
1604466064,72.0,74.0,83.0,89.0,17.4,58.5
1604466065,72.0,74.0,83.0,89.0,17.4,58.5
1604466066,72.0,74.0,83.0,89.0,17.4,58.5
1604466067,71.0,74.0,83.0,89.0,17.4,58.5
1604466068,71.0,74.0,83.0,89.0,17.4,58.5
1604466069,70.0,74.0,83.0,89.0,17.5,58.5
1604466070,70.0,74.0,83.0,89.0,17.5,58.5
1604466071,70.0,75.0,83.0,89.0,17.5,58.5
1604466072,70.0,75.0,83.0,89.0,17.5,58.5
1604466073,70.0,75.0,83.0,89.0,17.5,58.5
1604466074,70.0,76.0,83.0,89.0,17.4,58.5
1604466075,70.0,76.0,83.0,89.0,17.4,58.5
1604466076,70.0,76.0,84.0,90.0,17.4,58.5
1604466077,70.0,76.0,84.0,90.0,17.4,58.5
1604466078,71.0,76.0,84.0,90.0,17.4,58.5
1604466079,71.0,76.0,84.0,90.0,17.4,58.5
1604466080,72.0,77.0,85.0,90.0,17.4,58.5
1604466081,72.0,77.0,85.0,90.0,17.4,58.5
1604466082,72.0,77.0,85.0,90.0,17.4,58.5
1604466083,72.0,77.0,85.0,89.0,17.4,58.5
1604466084,72.0,78.0,85.0,89.0,17.4,58.5
1604466085,71.0,78.0,85.0,89.0,17.4,58.5
1604466086,71.0,78.0,85.0,89.0,17.4,58.5
1604466087,71.0,79.0,84.0,88.0,17.4,58.5
1604466088,71.0,79.0,84.0,88.0,17.4,58.5
1604466089,71.0,79.0,83.0,88.0,17.4,58.5
1604466090,71.0,79.0,83.0,87.0,17.4,58.5
1604466091,71.0,79.0,83.0,87.0,17.4,58.5
1604466092,71.0,79.0,82.0,87.0,17.4,58.5
1604466093,70.0,79.0,82.0,86.0,17.4,58.5
1604466094,70.0,79.0,82.0,86.0,17.4,58.5
1604466095,70.0,78.0,82.0,85.0,17.4,58.5
1604466096,70.0,78.0,81.0,85.0,17.4,58.5
1604466097,70.0,78.0,81.0,85.0,17.4,58.5
1604466098,69.0,77.0,81.0,85.0,17.4,58.5
1604466099,69.0,77.0,82.0,85.0,17.4,58.5
1604466100,69.0,77.0,82.0,85.0,17.4,58.5
1604466101,68.88888888888889,76.88888888888889,81.88888888888889,85.0,17.4,58.5
1604466102,68.77777777777777,76.77777777777777,81.77777777777777,85.0,17.4,58.5
1604466103,68.66666666666667,76.66666666666667,81.66666666666667,85.0,17.4,58.5
1604466104,68.55555555555556,76.55555555555556,81.55555555555556,85.0,17.4,58.5
1604466105,68.44444444444444,76.44444444444444,81.44444444444444,85.0,17.4,58.5
1604466106,68.33333333333333,76.33333333333333,81.33333333333333,85.0,17.4,58.5
1604466107,68.22222222222223,76.22222222222223,81.22222222222223,85.0,17.4,58.5
1604466108,68.11111111111111,76.11111111111111,81.11111111111111,85.0,17.4,58.5
1604466109,68.0,76.0,81.0,85.0,17.4,58.5
1604466110,69.0,76.0,81.0,86.0,17.4,58.5
1604466111,69.0,76.0,81.0,86.0,17.4,58.5
1604466112,70.0,76.0,81.0,86.0,17.4,58.5
1604466113,70.0,76.0,81.0,86.0,17.4,58.5
1604466114,70.0,76.0,81.0,86.0,17.4,58.5
1604466115,71.0,76.0,81.0,86.0,17.4,58.5
1604466116,71.0,76.0,81.0,86.0,17.4,58.5
1604466117,72.0,76.0,81.0,85.0,17.4,58.5
1604466118,72.0,76.0,81.0,85.0,17.4,58.5
1604466119,73.0,77.0,81.0,86.0,17.4,58.5
1604466120,73.0,77.0,81.0,86.0,17.4,58.5
1604466121,72.0,77.0,81.0,86.0,17.4,58.5
1604466122,72.0,78.0,81.0,86.0,17.4,58.5
1604466123,72.0,78.0,82.0,86.0,17.4,58.5
1604466124,72.0,78.0,82.0,87.0,17.4,58.5
1604466125,72.0,78.0,82.0,87.0,17.4,58.5
1604466126,72.0,78.0,81.0,87.0,17.4,58.5
1604466127,72.0,79.0,81.0,88.0,17.4,58.5
1604466128,72.0,79.0,81.0,88.0,17.4,58.5
1604466129,72.0,79.0,81.0,89.0,17.4,58.5
1604466130,72.0,79.0,81.0,89.0,17.4,58.5
1604466131,72.0,78.0,81.0,90.0,17.4,58.5
1604466132,72.0,78.0,81.0,90.0,17.4,58.5
1604466133,72.0,77.0,81.0,90.0,17.4,58.5
1604466134,73.0,77.0,81.0,90.0,17.4,58.5
1604466135,73.0,77.0,81.0,90.0,17.4,58.5
1604466136,73.0,77.0,82.0,90.0,17.4,58.5
1604466137,74.0,76.0,83.0,89.0,17.4,58.5
1604466138,74.0,76.0,84.0,89.0,17.4,58.5
1604466139,75.0,76.0,84.0,88.0,17.4,58.5
1604466140,75.0,76.0,84.0,88.0,17.4,58.5
1604466141,75.0,75.0,84.0,88.0,17.4,58.5
1604466142,75.0,76.0,84.0,88.0,17.4,58.7
1604466143,75.0,76.0,84.0,87.0,17.4,58.7
1604466144,75.0,76.0,84.0,87.0,17.4,58.7
1604466145,75.0,76.0,84.0,88.0,17.4,58.7
1604466146,74.0,76.0,84.0,88.0,17.4,58.7
1604466147,74.0,76.0,83.0,88.0,17.4,58.7
1604466148,73.0,76.0,83.0,89.0,17.4,58.7
1604466149,73.0,76.0,82.0,89.0,17.4,58.7
1604466150,73.0,77.0,82.0,90.0,17.4,58.7
1604466151,72.0,77.0,82.0,90.0,17.4,58.7
1604466152,72.0,76.0,82.0,90.0,17.4,58.8
1604466153,72.0,76.0,82.0,90.0,17.4,58.8
1604466154,72.0,75.0,83.0,90.0,17.4,58.8
1604466155,72.0,75.0,83.0,90.0,17.4,58.8
1604466156,72.0,75.0,83.0,90.0,17.4,58.8
1604466157,72.0,75.0,84.0,90.0,17.4,58.8
1604466158,73.0,75.0,84.0,90.0,17.4,58.8
1604466159,73.0,75.0,84.0,90.0,17.4,58.8
1604466160,73.0,75.0,84.0,90.0,17.4,58.8
1604466161,73.0,76.0,84.0,90.0,17.4,58.8
1604466162,73.0,76.0,85.0,90.0,17.4,58.8
1604466163,73.0,76.0,85.0,90.0,17.4,58.8
1604466164,73.0,78.0,85.0,89.0,17.4,58.8
1604466165,73.0,79.0,84.0,89.0,17.4,58.8
1604466166,73.0,80.0,84.0,89.0,17.4,58.8
1604466167,73.0,81.0,84.0,89.0,17.4,58.8
1604466168,73.0,82.0,84.0,88.0,17.4,58.8
1604466169,73.0,82.0,85.0,87.0,17.4,58.8
1604466170,73.0,83.0,85.0,87.0,17.4,58.8
1604466171,72.0,83.0,85.0,86.0,17.4,58.8
1604466172,72.0,83.0,86.0,86.0,17.4,58.8
1604466173,72.0,83.0,87.0,86.0,17.4,58.8
1604466174,72.0,83.0,87.0,86.0,17.4,58.8
1604466175,72.0,82.0,87.0,85.0,17.4,58.8
1604466176,72.0,82.0,83.0,85.0,17.4,58.8
1604466177,72.0,81.0,84.0,85.0,17.4,58.8
1604466178,71.0,81.0,84.0,85.0,17.4,58.8
1604466179,71.0,80.0,85.0,86.0,17.4,58.8
1604466180,70.0,80.0,85.0,86.0,17.4,58.8
1604466181,70.0,80.0,85.0,86.0,17.4,58.8
1604466182,69.0,79.0,86.0,87.0,17.4,58.8
1604466183,68.0,78.0,86.0,87.0,17.4,58.8
1604466184,68.0,78.0,86.0,87.0,17.4,58.8
1604466185,68.0,78.0,85.0,87.0,17.4,58.8
1604466186,68.0,78.0,85.0,87.0,17.4,58.8
1604466187,68.0,78.0,85.0,88.0,17.4,58.8
1604466188,68.0,78.0,84.0,88.0,17.4,58.8
1604466189,68.0,78.0,83.0,87.0,17.4,58.8
1604466190,68.0,78.0,83.0,87.0,17.4,58.8
1604466191,69.0,78.0,83.0,87.0,17.4,58.8
1604466192,69.0,78.0,83.0,87.0,17.4,58.8
1604466193,70.0,78.0,84.0,86.0,17.4,58.8
1604466194,70.0,79.0,84.0,86.0,17.4,58.8
1604466195,70.0,79.0,84.0,86.0,17.4,58.8
1604466196,71.0,79.0,85.0,86.0,17.4,58.8
1604466197,71.0,79.0,85.0,86.0,17.3,58.7
1604466198,71.0,79.0,85.0,86.0,17.3,58.7
1604466199,71.0,79.0,85.0,86.0,17.3,58.7
1604466200,71.0,79.0,85.0,86.0,17.3,58.7
1604466201,71.0,79.0,85.0,87.0,17.3,58.7
1604466202,71.0,79.0,85.0,87.0,17.3,58.7
1604466203,71.0,79.0,85.0,87.0,17.3,58.7
1604466204,71.0,78.0,84.0,87.0,17.3,58.7
1604466205,71.0,78.0,84.0,88.0,17.3,58.7
1604466206,71.0,78.0,84.0,88.0,17.3,58.7
1604466207,71.0,78.0,85.0,88.0,17.4,58.8
1604466208,71.0,79.0,85.0,88.0,17.4,58.8
1604466209,71.0,79.0,85.0,88.0,17.4,58.8
1604466210,71.0,79.0,85.0,88.0,17.4,58.8
1604466211,71.0,79.0,86.0,88.0,17.4,58.8
1604466212,71.0,79.0,87.0,87.0,17.3,58.7
1604466213,71.0,80.0,87.0,87.0,17.3,58.7
1604466214,70.0,80.0,87.0,87.0,17.3,58.7
1604466215,70.0,80.0,87.0,87.0,17.3,58.7
1604466216,71.0,80.0,88.0,87.0,17.3,58.7
1604466217,71.0,80.0,88.0,87.0,17.3,58.7
1604466218,71.0,79.0,87.0,87.0,17.3,58.7
1604466219,72.0,79.0,87.0,87.0,17.3,58.7
1604466220,72.0,77.0,86.0,87.0,17.3,58.7
1604466221,73.0,77.0,85.0,87.0,17.3,58.7
1604466222,73.0,76.0,85.0,85.0,17.3,59.0
1604466223,73.0,75.0,84.0,85.0,17.3,59.0
1604466224,74.0,75.0,83.0,85.0,17.3,59.0
1604466225,74.0,75.0,83.0,85.0,17.3,59.0
1604466226,74.0,74.0,83.0,85.0,17.3,59.0
1604466227,74.0,74.0,83.0,85.0,17.3,59.0
1604466228,73.0,74.0,83.0,85.0,17.3,59.0
1604466229,73.0,74.0,83.0,85.0,17.3,59.0
1604466230,73.0,75.0,84.0,84.0,17.3,59.0
1604466231,73.0,75.0,84.0,84.0,17.3,59.0
1604466232,72.0,76.0,85.0,84.0,17.3,59.0
1604466233,71.0,76.0,86.0,84.0,17.3,59.0
1604466234,71.0,76.0,87.0,84.0,17.3,59.0
1604466235,71.0,77.0,88.0,85.0,17.3,59.0
1604466236,71.0,78.0,88.0,85.0,17.3,59.0
1604466237,71.0,78.0,89.0,85.0,17.3,59.0
1604466238,71.0,79.0,90.0,85.0,17.3,59.0
1604466239,72.0,79.0,90.0,85.0,17.3,59.0
1604466240,72.0,79.0,90.0,86.0,17.3,59.0
1604466241,72.0,79.0,91.0,86.0,17.3,59.0
1604466242,72.0,79.0,91.0,86.0,17.3,59.0
1604466243,72.0,79.0,90.0,86.0,17.3,59.0
1604466244,71.0,80.0,89.0,86.0,17.3,59.0
1604466245,71.0,80.0,89.0,86.0,17.3,59.0
1604466246,71.0,80.0,88.0,86.0,17.3,59.0
1604466247,71.0,80.0,87.0,86.0,17.3,59.0
1604466248,71.0,79.0,87.0,86.0,17.3,59.0
1604466249,70.0,79.0,87.0,86.0,17.3,59.0
1604466250,70.0,79.0,86.0,86.0,17.3,59.0
1604466251,70.0,78.0,85.0,86.0,17.3,59.0
1604466252,71.0,78.0,85.0,86.0,17.2,58.9
1604466253,71.0,77.0,86.0,86.0,17.2,58.9
1604466254,71.0,77.0,86.0,86.0,17.2,58.9
1604466255,71.0,76.0,86.0,87.0,17.2,58.9
1604466256,71.0,76.0,87.0,87.0,17.2,58.9
1604466257,71.0,76.0,87.0,87.0,17.3,59.0
1604466258,71.0,76.0,87.0,87.0,17.3,59.0
1604466259,71.0,77.0,88.0,87.0,17.3,59.0
1604466260,72.0,75.0,88.0,87.0,17.3,59.0
1604466261,72.0,75.0,88.0,87.0,17.3,59.0
1604466262,72.0,75.0,88.0,87.0,17.3,59.1
1604466263,73.0,75.0,88.0,87.0,17.3,59.1
1604466264,73.0,75.0,88.0,87.0,17.3,59.1
1604466265,74.0,75.0,88.0,87.0,17.3,59.1
1604466266,74.0,75.0,89.0,86.0,17.3,59.1
1604466267,74.0,75.0,89.0,86.0,17.3,59.1
1604466268,74.0,76.0,89.0,86.0,17.3,59.1
1604466269,74.0,76.0,89.0,86.0,17.3,59.1
1604466270,74.0,77.0,90.0,86.0,17.3,59.1
1604466271,74.0,77.0,90.0,85.0,17.3,59.1
1604466272,74.0,78.0,90.0,85.0,17.3,59.2
1604466273,74.0,78.0,90.0,85.0,17.3,59.2
1604466274,74.0,78.0,90.0,85.0,17.3,59.2
1604466275,74.0,78.0,89.0,85.0,17.3,59.2
1604466276,74.0,78.0,88.0,85.0,17.3,59.2
1604466277,74.0,78.0,88.0,85.0,17.3,59.2
1604466278,74.0,77.0,87.0,85.0,17.3,59.2
1604466279,74.0,77.0,87.0,85.0,17.3,59.2
1604466280,74.0,77.0,86.0,85.0,17.3,59.2
1604466281,74.0,76.0,86.0,85.0,17.3,59.2
1604466282,75.0,76.0,85.0,85.0,17.3,59.1
1604466283,75.0,76.0,85.0,86.0,17.3,59.1
1604466284,75.0,75.0,85.0,86.0,17.3,59.1
1604466285,75.0,75.0,85.0,86.0,17.3,59.1
1604466286,74.0,75.0,85.0,86.0,17.3,59.1
1604466287,74.0,75.0,86.0,86.0,17.3,59.2
1604466288,74.0,76.0,86.0,86.0,17.3,59.2
1604466289,74.0,76.0,86.0,86.0,17.3,59.2
1604466290,74.0,77.0,86.0,86.0,17.3,59.2
1604466291,74.0,77.0,86.0,86.0,17.3,59.2
1604466292,73.0,77.0,87.0,86.0,17.2,59.2
1604466293,73.0,78.0,87.0,86.0,17.2,59.2
1604466294,73.0,78.0,88.0,86.0,17.2,59.2
1604466295,73.0,78.0,88.0,85.0,17.2,59.2
1604466296,73.0,78.0,88.0,85.0,17.2,59.2
1604466297,73.0,78.0,88.0,85.0,17.3,59.3
1604466298,73.0,78.0,88.0,85.0,17.3,59.3
1604466299,73.0,78.0,88.0,85.0,17.3,59.3
1604466300,73.0,78.0,88.0,84.0,17.3,59.3
1604466301,72.0,78.0,88.0,84.0,17.3,59.3
1604466302,72.0,78.0,88.0,84.0,17.3,59.3
1604466303,71.88888888888889,78.0,87.88888888888889,84.0,17.3,59.3
1604466304,71.77777777777777,78.0,87.77777777777777,84.0,17.3,59.3
1604466305,71.66666666666667,78.0,87.66666666666667,84.0,17.3,59.3
1604466306,71.55555555555556,78.0,87.55555555555556,84.0,17.3,59.3
1604466307,71.44444444444444,78.0,87.44444444444444,84.0,17.3,59.3
1604466308,71.33333333333333,78.0,87.33333333333333,84.0,17.3,59.3
1604466309,71.22222222222223,78.0,87.22222222222223,84.0,17.3,59.3
1604466310,71.11111111111111,78.0,87.11111111111111,84.0,17.3,59.3
1604466311,71.0,78.0,87.0,84.0,17.3,59.3
1604466312,72.0,78.0,87.0,84.0,17.3,59.3
1604466313,72.0,79.0,86.0,84.0,17.3,59.3
1604466314,72.0,79.0,86.0,85.0,17.3,59.3
1604466315,73.0,79.0,86.0,85.0,17.3,59.2
1604466316,73.0,79.0,85.0,85.0,17.3,59.2
1604466317,73.0,79.0,85.0,86.0,17.3,59.2
1604466318,73.0,79.0,85.0,86.0,17.3,59.2
1604466319,74.0,79.0,85.0,86.0,17.3,59.2
1604466320,74.0,79.0,85.0,86.0,17.3,59.3
1604466321,74.0,79.0,85.0,87.0,17.3,59.3
1604466322,73.0,79.0,85.0,87.0,17.3,59.3
1604466323,72.0,79.0,86.0,87.0,17.3,59.3
1604466324,72.0,79.0,86.0,88.0,17.3,59.3
1604466325,71.0,79.0,87.0,88.0,17.3,59.3
1604466326,71.0,79.0,87.0,88.0,17.3,59.3
1604466327,71.0,79.0,88.0,88.0,17.3,59.3
1604466328,71.0,79.0,88.0,88.0,17.3,59.3
1604466329,71.0,79.0,89.0,87.0,17.3,59.3
1604466330,71.0,79.0,90.0,87.0,17.3,59.3
1604466331,71.0,79.0,90.0,87.0,17.3,59.3
1604466332,71.0,79.0,90.0,87.0,17.3,59.3
1604466333,72.0,79.0,91.0,86.0,17.3,59.3
1604466334,73.0,80.0,91.0,86.0,17.3,59.3
1604466335,73.0,80.0,91.0,85.0,17.3,59.2
1604466336,73.0,80.0,90.0,85.0,17.3,59.2
1604466337,73.0,80.0,90.0,85.0,17.3,59.2
1604466338,73.0,79.0,88.0,85.0,17.3,59.2
1604466339,73.0,79.0,88.0,85.0,17.3,59.2
1604466340,73.0,80.0,86.0,85.0,17.3,59.2
1604466341,73.0,80.0,85.0,85.0,17.3,59.2
1604466342,73.0,79.0,84.0,85.0,17.3,59.2
1604466343,73.0,79.0,83.0,85.0,17.3,59.2
1604466344,73.0,79.0,83.0,85.0,17.3,59.2
1604466345,73.0,79.0,82.0,85.0,17.3,59.2
1604466346,73.0,79.0,82.0,85.0,17.3,59.2
1604466347,73.0,79.0,82.0,85.0,17.3,59.2
1604466348,73.0,79.0,83.0,85.0,17.3,59.2
1604466349,73.0,79.0,83.0,84.0,17.3,59.2
1604466350,73.0,79.0,83.0,84.0,17.3,59.1
1604466351,73.0,79.0,83.0,84.0,17.3,59.1
1604466352,73.0,79.0,84.0,84.0,17.3,59.1
1604466353,74.0,79.0,84.0,84.0,17.3,59.1
1604466354,74.0,79.0,84.0,84.0,17.3,59.1
1604466355,74.0,79.0,84.0,84.0,17.4,59.2
1604466356,74.0,78.0,84.0,84.0,17.4,59.2
1604466357,74.0,78.0,84.0,85.0,17.4,59.2
1604466358,74.0,78.0,83.0,85.0,17.4,59.2
1604466359,74.0,77.0,83.0,85.0,17.4,59.2
1604466360,74.0,77.0,83.0,85.0,17.3,59.1
1604466361,74.0,77.0,84.0,85.0,17.3,59.1
1604466362,75.0,77.0,84.0,86.0,17.3,59.1
1604466363,74.0,77.0,84.0,86.0,17.3,59.1
1604466364,74.0,76.0,86.0,86.0,17.3,59.1
1604466365,74.0,77.0,86.0,86.0,17.3,59.0
1604466366,74.0,77.0,87.0,86.0,17.3,59.0
1604466367,74.0,77.0,88.0,86.0,17.3,59.0
1604466368,73.0,77.0,88.0,85.0,17.3,59.0
1604466369,73.0,78.0,89.0,85.0,17.3,59.0
1604466370,73.0,78.0,90.0,85.0,17.3,59.0
1604466371,73.0,78.0,90.0,85.0,17.3,59.0
1604466372,73.0,78.0,90.0,85.0,17.3,59.0
1604466373,73.0,79.0,90.0,85.0,17.3,59.0
1604466374,73.0,79.0,90.0,86.0,17.3,59.0
1604466375,73.0,79.0,90.0,86.0,17.3,59.0
1604466376,73.0,79.0,90.0,86.0,17.3,59.0
1604466377,73.0,79.0,90.0,86.0,17.3,59.0
1604466378,73.0,79.0,89.0,86.0,17.3,59.0
1604466379,73.0,79.0,89.0,86.0,17.3,59.0
1604466380,73.0,79.0,88.0,86.0,17.3,58.9
1604466381,73.0,79.0,87.0,86.0,17.3,58.9
1604466382,73.0,80.0,87.0,86.0,17.3,58.9
1604466383,73.0,80.0,87.0,86.0,17.3,58.9
1604466384,73.0,80.0,87.0,86.0,17.3,58.9
1604466385,73.0,80.0,86.0,86.0,17.3,58.9
1604466386,73.0,80.0,86.0,86.0,17.3,58.9
1604466387,73.0,81.0,86.0,87.0,17.3,58.9
1604466388,73.0,81.0,86.0,87.0,17.3,58.9
1604466389,72.0,81.0,86.0,87.0,17.3,58.9
1604466390,72.0,80.0,86.0,88.0,17.4,59.0
1604466391,72.0,80.0,86.0,88.0,17.4,59.0
1604466392,72.0,80.0,87.0,89.0,17.4,59.0
1604466393,72.0,80.0,87.0,89.0,17.4,59.0
1604466394,72.0,79.0,87.0,89.0,17.4,59.0
1604466395,72.0,79.0,87.0,89.0,17.4,59.0
1604466396,72.0,79.0,87.0,89.0,17.4,59.0
1604466397,72.0,78.0,87.0,89.0,17.4,59.0
1604466398,72.0,77.0,87.0,89.0,17.4,59.0
1604466399,71.0,77.0,88.0,88.0,17.4,59.0
1604466400,71.0,76.0,88.0,88.0,17.4,58.9
1604466401,72.0,76.0,88.0,88.0,17.4,58.9
1604466402,72.0,75.0,88.0,87.0,17.4,58.9
1604466403,72.0,75.0,88.0,87.0,17.4,58.9
1604466404,72.0,75.0,88.0,88.0,17.4,58.9
1604466405,72.0,75.0,88.0,88.0,17.4,58.9
1604466406,73.0,75.0,87.0,88.0,17.4,58.9
1604466407,73.0,76.0,87.0,88.0,17.4,58.9
1604466408,73.0,77.0,86.0,88.0,17.4,58.9
1604466409,74.0,78.0,86.0,88.0,17.4,58.9
1604466410,74.0,78.0,86.0,89.0,17.4,58.9
1604466411,74.0,79.0,84.0,89.0,17.4,58.9
1604466412,74.0,79.0,84.0,89.0,17.4,58.9
1604466413,74.0,80.0,83.0,89.0,17.4,58.9
1604466414,74.0,81.0,82.0,89.0,17.4,58.9
1604466415,73.0,81.0,82.0,90.0,17.3,58.8
1604466416,73.0,81.0,81.0,90.0,17.3,58.8
1604466417,73.0,81.0,81.0,90.0,17.3,58.8
1604466418,73.0,81.0,81.0,90.0,17.3,58.8
1604466419,73.0,81.0,81.0,90.0,17.3,58.8
1604466420,73.0,81.0,81.0,90.0,17.4,58.9
1604466421,73.0,81.0,81.0,90.0,17.4,58.9
1604466422,73.0,81.0,81.0,90.0,17.4,58.9
1604466423,73.0,81.0,81.0,90.0,17.4,58.9
1604466424,73.0,81.0,82.0,90.0,17.4,58.9
1604466425,74.0,80.0,83.0,90.0,17.4,58.9
1604466426,74.0,80.0,83.0,90.0,17.4,58.9
1604466427,74.0,80.0,84.0,90.0,17.4,58.9
1604466428,74.0,80.0,84.0,90.0,17.4,58.9
1604466429,74.0,80.0,84.0,90.0,17.4,58.9
1604466430,73.0,80.0,82.0,89.0,17.4,58.9
1604466431,73.0,80.0,81.0,89.0,17.4,58.9
1604466432,73.0,80.0,82.0,89.0,17.4,58.9
1604466433,73.0,80.0,82.0,88.0,17.4,58.9
1604466434,73.0,81.0,83.0,88.0,17.4,58.9
1604466435,73.0,81.0,84.0,88.0,17.4,58.8
1604466436,73.0,82.0,85.0,88.0,17.4,58.8
1604466437,74.0,82.0,86.0,88.0,17.4,58.8
1604466438,74.0,82.0,86.0,88.0,17.4,58.8
1604466439,74.0,82.0,86.0,88.0,17.4,58.8
1604466440,74.0,82.0,87.0,88.0,17.4,58.8
1604466441,74.0,82.0,88.0,88.0,17.4,58.8
1604466442,74.0,82.0,88.0,89.0,17.4,58.8
1604466443,74.0,82.0,88.0,89.0,17.4,58.8
1604466444,75.0,82.0,88.0,89.0,17.4,58.8
1604466445,75.0,81.0,88.0,89.0,17.4,58.8
1604466446,75.0,81.0,88.0,89.0,17.4,58.8
1604466447,75.0,80.0,88.0,89.0,17.4,58.8
1604466448,75.0,80.0,87.0,89.0,17.4,58.8
1604466449,75.0,80.0,87.0,89.0,17.4,58.8
1604466450,75.0,80.0,87.0,89.0,17.4,58.8
1604466451,75.0,79.0,86.0,89.0,17.4,58.8
1604466452,75.0,79.0,86.0,89.0,17.4,58.8
1604466453,74.0,79.0,85.0,88.0,17.4,58.8
1604466454,74.0,79.0,84.0,88.0,17.4,58.8
1604466455,73.0,79.0,83.0,88.0,17.4,58.8
1604466456,73.0,79.0,83.0,88.0,17.4,58.8
1604466457,73.0,80.0,82.0,88.0,17.4,58.8
1604466458,72.0,80.0,82.0,88.0,17.4,58.8
1604466459,72.0,80.0,81.0,88.0,17.4,58.8
1604466460,71.0,81.0,81.0,88.0,17.4,58.7
1604466461,71.0,81.0,80.0,88.0,17.4,58.7
1604466462,71.0,81.0,80.0,88.0,17.4,58.7
1604466463,71.0,81.0,80.0,89.0,17.4,58.7
1604466464,71.0,81.0,79.0,89.0,17.4,58.7
1604466465,70.0,81.0,79.0,90.0,17.4,58.7
1604466466,71.0,81.0,79.0,90.0,17.4,58.7
1604466467,71.0,81.0,79.0,90.0,17.4,58.7
1604466468,71.0,81.0,79.0,91.0,17.4,58.7
1604466469,71.0,81.0,80.0,91.0,17.4,58.7
1604466470,71.0,80.0,80.0,86.0,17.4,58.7
1604466471,72.0,80.0,80.0,86.0,17.4,58.7
1604466472,72.0,80.0,81.0,87.0,17.4,58.7
1604466473,72.0,80.0,81.0,87.0,17.4,58.7
1604466474,72.0,80.0,82.0,87.0,17.4,58.7
1604466475,72.0,80.0,82.0,88.0,17.4,58.7
1604466476,72.0,79.0,83.0,88.0,17.4,58.7
1604466477,72.0,79.0,83.0,88.0,17.4,58.7
1604466478,72.0,79.0,83.0,88.0,17.4,58.7
1604466479,71.0,79.0,84.0,88.0,17.4,58.7
1604466480,71.0,79.0,84.0,89.0,17.4,58.7
1604466481,71.0,79.0,84.0,89.0,17.4,58.7
1604466482,72.0,79.0,84.0,89.0,17.4,58.7
1604466483,72.0,79.0,85.0,89.0,17.4,58.7
1604466484,73.0,80.0,85.0,89.0,17.4,58.7
1604466485,73.0,80.0,85.0,88.0,17.4,58.7
1604466486,73.0,80.0,85.0,88.0,17.4,58.7
1604466487,74.0,80.0,85.0,88.0,17.4,58.7
1604466488,75.0,80.0,86.0,88.0,17.4,58.7
1604466489,77.0,80.0,86.0,88.0,17.4,58.7
1604466490,77.0,80.0,86.0,88.0,17.4,58.7
1604466491,78.0,80.0,86.0,88.0,17.4,58.7
1604466492,78.0,80.0,87.0,88.0,17.4,58.7
1604466493,78.0,80.0,87.0,88.0,17.4,58.7
1604466494,78.0,80.0,87.0,88.0,17.4,58.7
1604466495,78.0,80.0,87.0,89.0,17.4,58.7
1604466496,78.0,80.0,86.0,89.0,17.4,58.7
1604466497,78.0,80.0,86.0,89.0,17.4,58.7
1604466498,77.0,80.0,86.0,89.0,17.4,58.7
1604466499,76.0,79.0,86.0,89.0,17.4,58.7
1604466500,76.0,80.0,86.0,89.0,17.4,58.6
1604466501,75.0,80.0,86.0,89.0,17.4,58.6
1604466502,75.0,80.0,85.0,88.0,17.4,58.6
1604466503,75.0,80.0,85.0,88.0,17.4,58.6
1604466504,74.0,80.0,85.0,87.0,17.4,58.6
1604466505,74.0,79.0,85.0,87.0,17.4,58.6
1604466506,73.0,79.0,85.0,86.0,17.4,58.6
1604466507,72.0,79.0,85.0,86.0,17.4,58.6
1604466508,72.0,79.0,86.0,86.0,17.4,58.6
1604466509,72.0,79.0,86.0,86.0,17.4,58.6
1604466510,72.0,79.0,86.0,86.0,17.4,58.6
1604466511,72.0,79.0,86.0,86.0,17.4,58.6
1604466512,72.0,79.0,86.0,86.0,17.4,58.6
1604466513,72.0,79.0,86.0,86.0,17.4,58.6
1604466514,72.0,79.0,86.0,86.0,17.4,58.6
1604466515,72.0,79.0,86.0,86.0,17.4,58.6
1604466516,72.0,79.0,86.0,86.0,17.4,58.6
1604466517,72.0,79.0,86.0,86.0,17.4,58.6
1604466518,72.0,79.0,86.0,86.0,17.4,58.6
1604466519,72.0,79.0,87.0,86.0,17.4,58.6
1604466520,72.0,79.0,87.0,86.0,17.4,58.6
1604466521,72.0,80.0,87.0,87.0,17.4,58.6
1604466522,72.0,81.0,86.0,87.0,17.4,58.6
1604466523,72.0,81.0,86.0,87.0,17.4,58.5
1604466524,71.0,82.0,86.0,88.0,17.4,58.5
1604466525,71.0,82.0,86.0,88.0,17.4,58.5
1604466526,71.0,82.0,86.0,88.0,17.4,58.5
1604466527,71.0,83.0,85.0,88.0,17.4,58.5
1604466528,71.0,83.0,85.0,88.0,17.4,58.5
1604466529,71.0,83.0,85.0,88.0,17.4,58.5
1604466530,71.0,83.0,85.0,88.0,17.4,58.5
1604466531,71.0,83.0,85.0,87.0,17.4,58.5
1604466532,72.0,83.0,85.0,87.0,17.4,58.5
1604466533,72.0,83.0,85.0,87.0,17.4,58.5
1604466534,72.0,82.0,85.0,87.0,17.4,58.5
1604466535,73.0,82.0,85.0,87.0,17.4,58.5
1604466536,73.0,82.0,86.0,86.0,17.4,58.5
1604466537,73.0,82.0,86.0,86.0,17.4,58.5
1604466538,73.0,82.0,86.0,86.0,17.4,58.5
1604466539,73.0,81.0,85.0,86.0,17.4,58.5
1604466540,73.0,81.0,85.0,86.0,17.4,58.5
1604466541,73.0,81.0,84.0,86.0,17.4,58.5
1604466542,73.0,80.0,84.0,86.0,17.4,58.5
1604466543,73.0,80.0,84.0,85.0,17.4,58.5
1604466544,73.0,80.0,84.0,86.0,17.4,58.5
1604466545,73.0,80.0,84.0,86.0,17.4,58.5
1604466546,73.0,79.0,84.0,86.0,17.4,58.5
1604466547,73.0,79.0,84.0,86.0,17.4,58.5
1604466548,73.0,79.0,84.0,85.0,17.4,58.5
1604466549,72.0,79.0,84.0,85.0,17.4,58.5
1604466550,72.0,79.0,85.0,85.0,17.4,58.5
1604466551,72.0,80.0,85.0,85.0,17.4,58.5
1604466552,72.0,80.0,85.0,85.0,17.4,58.5
1604466553,71.0,81.0,85.0,86.0,17.4,58.5
1604466554,71.0,81.0,85.0,86.0,17.4,58.5
1604466555,71.0,81.0,85.0,85.0,17.4,58.5
1604466556,71.0,82.0,85.0,85.0,17.4,58.5
1604466557,71.0,82.0,85.0,85.0,17.4,58.5
1604466558,72.0,82.0,85.0,86.0,17.4,58.5
1604466559,72.0,82.0,85.0,85.0,17.4,58.5
1604466560,72.0,82.0,86.0,85.0,17.4,58.5
1604466561,72.0,82.0,85.0,85.0,17.4,58.5
1604466562,73.0,81.0,85.0,85.0,17.4,58.5
1604466563,73.0,81.0,85.0,84.0,17.4,58.5
1604466564,74.0,81.0,85.0,84.0,17.4,58.5
1604466565,74.0,81.0,85.0,84.0,17.4,58.5
1604466566,74.0,81.0,85.0,84.0,17.4,58.5
1604466567,74.0,81.0,84.0,84.0,17.4,58.5
1604466568,73.0,81.0,84.0,84.0,17.4,58.5
1604466569,73.0,81.0,83.0,84.0,17.4,58.5
1604466570,73.0,81.0,83.0,84.0,17.4,58.5
1604466571,71.0,81.0,83.0,84.0,17.4,58.5
1604466572,71.0,81.0,82.0,84.0,17.4,58.5
1604466573,70.0,81.0,82.0,84.0,17.4,58.5
1604466574,70.0,81.0,82.0,84.0,17.4,58.5
1604466575,69.0,81.0,82.0,84.0,17.4,58.5
1604466576,69.0,80.0,82.0,84.0,17.4,58.5
1604466577,70.0,80.0,82.0,84.0,17.4,58.5
1604466578,70.0,79.0,83.0,85.0,17.4,58.5
1604466579,70.0,79.0,83.0,85.0,17.4,58.5
1604466580,71.0,79.0,83.0,85.0,17.4,58.5
1604466581,72.0,79.0,83.0,85.0,17.4,58.5
1604466582,72.0,79.0,84.0,86.0,17.4,58.5
1604466583,74.0,79.0,84.0,86.0,17.4,58.5
1604466584,74.0,79.0,84.0,86.0,17.4,58.5
1604466585,75.0,79.0,84.0,87.0,17.4,58.5
1604466586,75.0,80.0,84.0,88.0,17.4,58.5
1604466587,75.0,80.0,85.0,88.0,17.4,58.5
1604466588,75.0,80.0,85.0,88.0,17.4,58.5
1604466589,75.0,80.0,85.0,88.0,17.4,58.5
1604466590,74.0,80.0,85.0,88.0,17.4,58.5
1604466591,74.0,80.0,86.0,89.0,17.4,58.5
1604466592,73.0,80.0,86.0,89.0,17.4,58.5
1604466593,73.0,80.0,86.0,89.0,17.4,58.5
1604466594,72.0,79.5,86.5,89.0,17.4,58.5
1604466595,71.0,79.0,87.0,89.0,17.4,58.5
1604466596,71.0,79.0,87.0,89.0,17.4,58.5
1604466597,70.0,79.0,87.0,88.0,17.4,58.5
1604466598,70.0,78.0,88.0,88.0,17.4,58.5
1604466599,70.0,78.0,88.0,88.0,17.4,58.5
1604466600,70.0,78.0,88.0,87.0,17.4,58.5
1604466601,69.0,78.0,88.0,87.0,17.4,58.5
1604466602,70.0,78.0,87.0,86.0,17.4,58.5
1604466603,70.0,78.0,87.0,86.0,17.4,58.5
1604466604,70.0,78.0,87.0,86.0,17.4,58.6
1604466605,71.0,79.0,86.0,86.0,17.4,58.6
1604466606,71.0,79.0,86.0,86.0,17.4,58.6
1604466607,71.0,80.0,86.0,86.0,17.4,58.6
1604466608,72.0,80.0,86.0,86.0,17.4,58.6
1604466609,73.0,81.0,85.0,87.0,17.4,58.9
1604466610,73.0,81.0,85.0,88.0,17.4,58.9
1604466611,74.0,81.0,85.0,88.0,17.4,58.9
1604466612,75.0,83.0,85.0,88.0,17.4,58.9
1604466613,75.0,83.0,86.0,88.0,17.4,58.9
1604466614,75.0,83.0,86.0,88.0,17.4,58.8
1604466615,75.0,84.0,86.0,88.0,17.4,58.8
1604466616,75.0,84.0,86.0,88.0,17.4,58.8
1604466617,75.0,84.0,87.0,88.0,17.4,58.8
1604466618,75.0,84.0,87.0,87.0,17.4,58.8
1604466619,75.0,84.0,87.0,87.0,17.4,58.7
1604466620,75.0,83.0,88.0,87.0,17.4,58.7
1604466621,75.0,83.0,88.0,86.0,17.4,58.7
1604466622,74.0,82.0,88.0,87.0,17.4,58.7
1604466623,74.0,82.0,88.0,87.0,17.4,58.7
1604466624,74.0,82.0,88.0,87.0,17.4,58.7
1604466625,73.0,82.0,88.0,87.0,17.4,58.7
1604466626,73.0,81.0,87.0,87.0,17.4,58.7
1604466627,73.0,81.0,87.0,87.0,17.4,58.7
1604466628,73.0,81.0,87.0,87.0,17.4,58.7
1604466629,72.0,81.0,87.0,87.0,17.4,58.8
1604466630,72.0,81.0,87.0,87.0,17.4,58.8
1604466631,72.0,81.0,87.0,87.0,17.4,58.8
1604466632,72.0,81.0,87.0,87.0,17.4,58.8
1604466633,72.0,81.0,87.0,86.0,17.4,58.8
1604466634,72.0,81.0,87.0,86.0,17.4,58.8
1604466635,72.0,80.0,87.0,86.0,17.4,58.8
1604466636,72.0,80.0,88.0,86.0,17.4,58.8
1604466637,72.0,80.0,88.0,86.0,17.4,58.8
1604466638,72.0,80.0,88.0,86.0,17.4,58.8
1604466639,72.0,79.0,88.0,87.0,17.4,58.9
1604466640,72.0,79.0,87.0,87.0,17.4,58.9
1604466641,72.0,78.0,87.0,87.0,17.4,58.9
1604466642,72.0,78.0,87.0,88.0,17.4,58.9
1604466643,72.0,77.0,87.0,88.0,17.4,58.9
1604466644,72.0,77.0,87.0,88.0,17.4,58.9
1604466645,72.0,77.0,87.0,89.0,17.4,58.9
1604466646,73.0,77.0,87.0,90.0,17.4,58.9
1604466647,73.0,77.0,88.0,90.0,17.4,58.9
1604466648,74.0,77.0,88.0,91.0,17.4,58.9
1604466649,75.0,77.0,88.0,91.0,17.4,58.8
1604466650,75.0,78.0,89.0,91.0,17.4,58.8
1604466651,76.0,78.0,89.0,91.0,17.4,58.8
1604466652,76.0,78.0,88.0,92.0,17.4,58.8
1604466653,76.0,78.0,88.0,92.0,17.4,58.8
1604466654,76.0,78.0,88.0,92.0,17.4,58.9
1604466655,76.0,78.0,88.0,92.0,17.4,58.9
1604466656,75.0,78.0,87.0,92.0,17.4,58.9
1604466657,75.0,78.0,87.0,92.0,17.4,58.9
1604466658,74.0,78.0,85.0,92.0,17.4,58.9
1604466659,74.0,77.0,85.0,92.0,17.4,59.0
1604466660,74.0,77.0,84.0,92.0,17.4,59.0
1604466661,73.0,77.0,84.0,92.0,17.4,59.0
1604466662,72.0,77.0,84.0,92.0,17.4,59.0
1604466663,72.0,77.0,84.0,92.0,17.4,59.0
1604466664,72.0,76.0,85.0,92.0,17.4,59.0
1604466665,72.0,76.0,85.0,92.0,17.4,59.0
1604466666,72.0,76.0,85.0,92.0,17.4,59.0
1604466667,72.0,76.0,86.0,91.0,17.4,59.0
1604466668,72.0,76.0,87.0,91.0,17.4,59.0
1604466669,72.0,76.0,88.0,91.0,17.4,59.0
1604466670,72.0,76.0,88.0,90.0,17.4,59.0
1604466671,72.0,76.0,89.0,89.0,17.4,59.0
1604466672,73.0,75.0,89.0,89.0,17.4,59.0
1604466673,73.0,75.0,90.0,88.0,17.4,59.0
1604466674,74.0,76.0,90.0,87.0,17.5,59.2
1604466675,74.0,76.0,90.0,87.0,17.5,59.2
1604466676,75.0,77.0,91.0,86.0,17.5,59.2
1604466677,75.0,77.0,91.0,86.0,17.5,59.2
1604466678,75.0,78.0,91.0,85.0,17.5,59.2
1604466679,75.0,78.0,90.0,85.0,17.4,59.1
1604466680,76.0,79.0,90.0,86.0,17.4,59.1
1604466681,76.0,80.0,90.0,86.0,17.4,59.1
1604466682,76.0,81.0,90.0,86.0,17.4,59.1
1604466683,76.0,82.0,90.0,87.0,17.4,59.1
1604466684,76.0,82.0,89.0,87.0,17.5,59.1
1604466685,75.0,82.0,89.0,87.0,17.5,59.1
1604466686,75.0,82.0,89.0,88.0,17.5,59.1
1604466687,75.0,83.0,89.0,88.0,17.5,59.1
1604466688,75.0,83.0,88.0,88.0,17.5,59.1
1604466689,75.0,83.0,88.0,89.0,17.5,59.1
1604466690,75.0,82.0,89.0,89.0,17.5,59.1
1604466691,74.0,82.0,89.0,88.0,17.5,59.1
1604466692,74.0,82.0,89.0,88.0,17.5,59.1
1604466693,75.0,82.0,89.0,88.0,17.5,59.1
1604466694,75.0,81.0,89.0,88.0,17.5,59.1
1604466695,75.0,81.0,89.0,88.0,17.5,59.1
1604466696,75.0,81.0,89.0,87.0,17.5,59.1
1604466697,75.0,80.0,88.0,87.0,17.5,59.1
1604466698,75.0,80.0,88.0,87.0,17.5,59.1
1604466699,75.0,80.0,87.0,86.0,17.4,59.0
1604466700,75.0,80.0,87.0,86.0,17.4,59.0
1604466701,75.0,79.0,87.0,86.0,17.4,59.0
1604466702,75.0,79.0,87.0,86.0,17.4,59.0
1604466703,74.0,79.0,87.0,86.0,17.4,59.0
1604466704,74.0,79.0,87.0,85.0,17.5,59.0
1604466705,74.0,80.0,88.0,86.0,17.5,59.0
1604466706,74.0,80.0,88.0,86.0,17.5,59.0
1604466707,74.0,80.0,88.0,86.0,17.5,59.0
1604466708,74.0,80.0,87.0,86.0,17.5,59.0
1604466709,74.0,81.0,87.0,87.0,17.4,58.9
1604466710,75.0,84.0,87.0,87.0,17.4,58.9
1604466711,74.0,83.0,86.0,87.0,17.4,58.9
1604466712,74.0,83.0,86.0,88.0,17.4,58.9
1604466713,74.0,83.0,85.0,89.0,17.4,58.9
1604466714,74.0,83.0,84.0,90.0,17.5,58.9
1604466715,75.0,83.0,84.0,89.0,17.5,58.9
1604466716,75.0,83.0,83.0,89.0,17.5,58.9
1604466717,75.0,83.0,83.0,89.0,17.5,58.9
1604466718,75.0,83.0,83.0,89.0,17.5,58.9
1604466719,75.0,83.0,83.0,89.0,17.5,58.9
1604466720,75.0,83.0,83.0,89.0,17.5,58.9
1604466721,75.0,83.0,83.0,89.0,17.5,58.9
1604466722,75.0,83.0,83.0,89.0,17.5,58.9
1604466723,75.0,83.0,83.0,89.0,17.5,58.9
1604466724,75.0,83.0,83.0,89.0,17.5,58.9
1604466725,75.0,83.0,83.0,89.0,17.5,58.9
1604466726,75.0,83.0,83.0,89.0,17.5,58.9
1604466727,75.0,83.0,83.0,89.0,17.5,58.9
1604466728,75.0,83.0,83.0,89.0,17.5,58.9
1604466729,75.0,84.0,83.0,89.0,17.5,58.9
1604466730,74.0,84.0,83.0,90.0,17.5,58.9
1604466731,73.0,84.0,83.0,90.0,17.5,58.9
1604466732,73.0,84.0,83.0,91.0,17.5,58.9
1604466733,73.0,84.0,83.0,91.0,17.5,58.9
1604466734,73.0,83.0,84.0,91.0,17.5,58.9
1604466735,73.0,83.0,84.0,91.0,17.5,58.9
1604466736,73.0,82.0,84.0,91.0,17.5,58.9
1604466737,73.0,81.0,84.0,91.0,17.5,58.9
1604466738,73.0,81.0,84.0,91.0,17.5,58.9
1604466739,74.0,81.0,84.0,90.0,17.5,58.9
1604466740,75.0,80.0,84.0,90.0,17.5,58.9
1604466741,76.0,80.0,84.0,89.0,17.5,58.9
1604466742,76.0,80.0,84.0,89.0,17.5,58.9
1604466743,76.0,80.0,84.0,89.0,17.5,58.8
1604466744,76.0,80.0,85.0,88.0,17.5,58.8
1604466745,76.0,80.0,85.0,88.0,17.5,58.8
1604466746,76.0,81.0,85.0,87.0,17.5,58.8
1604466747,75.0,81.0,85.0,87.0,17.5,58.8
1604466748,75.0,81.0,85.0,87.0,17.5,58.8
1604466749,75.0,81.0,85.0,88.0,17.5,58.8
1604466750,75.0,81.0,85.0,88.0,17.5,58.8
1604466751,75.0,81.0,85.0,88.0,17.5,58.8
1604466752,75.0,82.0,85.0,89.0,17.5,58.8
1604466753,75.0,82.0,85.0,89.0,17.5,58.7
1604466754,76.0,82.0,84.0,89.0,17.5,58.7
1604466755,76.0,82.0,84.0,89.0,17.5,58.7
1604466756,76.0,82.0,84.0,90.0,17.5,58.7
1604466757,76.0,82.0,84.0,90.0,17.5,58.7
1604466758,76.0,82.0,84.0,90.0,17.5,58.7
1604466759,75.0,82.0,84.0,90.0,17.5,58.7
1604466760,75.0,82.0,84.0,90.0,17.5,58.7
1604466761,75.0,82.0,84.0,90.0,17.5,58.7
1604466762,74.0,82.0,83.0,90.0,17.5,58.7
1604466763,74.0,82.0,83.0,90.0,17.5,58.7
1604466764,73.0,82.0,82.0,90.0,17.5,58.7
1604466765,73.0,83.0,82.0,90.0,17.5,58.7
1604466766,73.0,83.0,82.0,90.0,17.5,58.7
1604466767,73.0,83.0,82.0,90.0,17.5,58.7
1604466768,73.0,83.0,82.0,90.0,17.5,58.7
1604466769,72.0,83.0,82.0,90.0,17.5,58.7
1604466770,72.0,83.0,81.0,89.0,17.5,58.7
1604466771,72.0,83.0,81.0,89.0,17.5,58.7
1604466772,72.0,83.0,82.0,89.0,17.5,58.7
1604466773,72.0,83.0,83.0,89.0,17.5,58.6
1604466774,72.0,83.0,83.0,89.0,17.5,58.6
1604466775,72.0,82.0,83.0,89.0,17.5,58.6
1604466776,72.0,82.0,83.0,89.0,17.5,58.6
1604466777,72.0,81.0,82.0,89.0,17.5,58.6
1604466778,72.0,81.0,82.0,89.0,17.5,58.5
1604466779,73.0,81.0,82.0,89.0,17.5,58.5
1604466780,73.0,80.0,82.0,89.0,17.5,58.5
1604466781,73.0,80.0,81.0,89.0,17.5,58.5
1604466782,74.0,80.0,80.0,89.0,17.5,58.5
1604466783,74.0,80.0,80.0,89.0,17.5,58.5
1604466784,75.0,79.0,80.0,89.0,17.5,58.5
1604466785,75.0,79.0,80.0,89.0,17.5,58.5
1604466786,75.0,79.0,80.0,89.0,17.5,58.5
1604466787,74.0,79.0,81.0,88.0,17.5,58.5
1604466788,74.0,79.0,82.0,88.0,17.5,58.5
1604466789,74.0,78.0,82.0,88.0,17.5,58.5
1604466790,74.0,78.0,83.0,88.0,17.5,58.5
1604466791,74.0,78.0,84.0,88.0,17.5,58.5
1604466792,74.0,78.0,85.0,88.0,17.5,58.5
1604466793,74.0,77.0,85.0,88.0,17.5,58.5
1604466794,74.0,77.0,86.0,89.0,17.5,58.5
1604466795,73.0,77.0,86.0,89.0,17.5,58.5
1604466796,74.0,77.0,87.0,89.0,17.5,58.5
1604466797,74.0,77.0,86.0,89.0,17.5,58.5
1604466798,74.0,77.0,86.0,89.0,17.5,58.5
1604466799,74.0,78.0,85.0,89.0,17.5,58.5
1604466800,74.0,78.0,85.0,90.0,17.5,58.5
1604466801,74.0,78.0,85.0,90.0,17.5,58.5
1604466802,74.0,79.0,85.0,90.0,17.5,58.5
1604466803,74.0,79.0,85.0,90.0,17.5,58.4
1604466804,74.0,79.0,85.0,90.0,17.5,58.4
1604466805,74.0,80.0,84.0,90.0,17.5,58.4
1604466806,75.0,80.0,83.0,90.0,17.5,58.4
1604466807,74.0,80.0,83.0,90.0,17.5,58.4
1604466808,74.0,80.0,83.0,90.0,17.5,58.3
1604466809,74.0,81.0,83.0,89.0,17.5,58.3
1604466810,73.0,81.0,83.0,89.0,17.5,58.3
1604466811,73.0,80.0,83.0,88.0,17.5,58.3
1604466812,73.0,80.0,82.0,88.0,17.5,58.3
1604466813,73.0,80.0,82.0,87.0,17.5,58.3
1604466814,72.0,80.0,82.0,87.0,17.5,58.3
1604466815,72.0,80.0,83.0,86.0,17.5,58.3
1604466816,72.0,80.0,83.0,85.0,17.5,58.3
1604466817,72.0,79.0,83.0,85.0,17.5,58.3
1604466818,72.0,79.0,83.0,85.0,17.5,58.3
1604466819,71.0,78.0,83.0,85.0,17.5,58.3
1604466820,71.0,78.0,84.0,84.0,17.5,58.3
1604466821,71.0,79.0,84.0,84.0,17.5,58.3
1604466822,71.0,79.0,85.0,83.0,17.5,58.3
1604466823,71.0,79.0,85.0,83.0,17.5,58.3
1604466824,71.0,78.0,85.0,83.0,17.5,58.3
1604466825,71.0,78.0,86.0,83.0,17.5,58.3
1604466826,71.0,79.0,86.0,83.0,17.5,58.3
1604466827,71.0,79.0,86.0,83.0,17.5,58.3
1604466828,71.0,79.0,87.0,84.0,17.5,58.2
1604466829,71.0,79.0,87.0,84.0,17.5,58.2
1604466830,71.0,79.0,87.0,84.0,17.5,58.2
1604466831,71.0,79.0,87.0,84.0,17.5,58.2
1604466832,71.0,78.0,87.0,85.0,17.5,58.2
1604466833,71.0,78.0,87.0,85.0,17.5,58.2
1604466834,72.0,78.0,86.0,85.0,17.5,58.2
1604466835,72.0,78.0,86.0,85.0,17.5,58.2
1604466836,72.0,78.0,86.0,85.0,17.5,58.2
1604466837,73.0,78.0,85.0,86.0,17.5,58.2
1604466838,73.0,78.0,85.0,86.0,17.5,58.3
1604466839,73.0,78.0,85.0,86.0,17.5,58.3
1604466840,74.0,77.0,85.0,86.0,17.5,58.3
1604466841,74.0,77.0,85.0,86.0,17.5,58.3
1604466842,74.0,77.0,85.0,86.0,17.5,58.3
1604466843,74.0,77.0,85.0,86.0,17.5,58.2
1604466844,74.0,77.0,85.0,86.0,17.5,58.2
1604466845,74.0,77.0,85.0,86.0,17.5,58.2
1604466846,74.0,77.0,86.0,86.0,17.5,58.2
1604466847,74.0,77.0,86.0,86.0,17.5,58.2
1604466848,73.0,77.0,86.0,86.0,17.5,58.1
1604466849,73.0,77.0,87.0,86.0,17.5,58.1
1604466850,73.0,77.0,87.0,85.0,17.5,58.1
1604466851,73.0,78.0,87.0,85.0,17.5,58.1
1604466852,73.0,78.0,87.0,85.0,17.5,58.1
1604466853,74.0,78.0,87.0,85.0,17.5,58.0
1604466854,74.0,79.0,88.0,85.0,17.5,58.0
1604466855,74.0,79.0,88.0,85.0,17.5,58.0
1604466856,74.0,79.0,88.0,85.0,17.5,58.0
1604466857,74.0,79.0,88.0,85.0,17.5,58.0
1604466858,75.0,80.0,88.0,86.0,17.5,58.1
1604466859,75.0,80.0,89.0,87.0,17.5,58.1
1604466860,74.0,80.0,89.0,87.0,17.5,58.1
1604466861,74.0,80.0,89.0,88.0,17.5,58.1
1604466862,74.0,80.0,89.0,88.0,17.5,58.1
1604466863,74.0,80.0,89.0,88.0,17.5,58.2
1604466864,74.0,80.0,89.0,88.0,17.5,58.2
1604466865,74.0,80.0,89.0,88.0,17.5,58.2
1604466866,74.0,79.0,89.0,88.0,17.5,58.2
1604466867,74.0,79.0,90.0,88.0,17.5,58.2
1604466868,74.0,79.0,90.0,88.0,17.5,58.3
1604466869,74.0,78.0,90.0,88.0,17.5,58.3
1604466870,74.0,78.0,90.0,88.0,17.5,58.3
1604466871,74.0,77.0,91.0,88.0,17.5,58.3
1604466872,74.0,77.0,91.0,88.0,17.5,58.3
1604466873,74.0,76.0,91.0,88.0,17.5,58.3
1604466874,74.0,76.0,92.0,88.0,17.5,58.3
1604466875,73.0,76.0,92.0,88.0,17.5,58.3
1604466876,73.0,76.0,92.0,88.0,17.5,58.3
1604466877,72.0,76.0,92.0,88.0,17.5,58.3
1604466878,72.0,76.0,92.0,88.0,17.5,58.3
1604466879,71.0,77.0,92.0,88.0,17.5,58.3
1604466880,71.0,77.0,91.0,88.0,17.5,58.3
1604466881,71.0,77.0,91.0,87.0,17.5,58.3
1604466882,71.0,77.0,90.0,87.0,17.5,58.3
1604466883,71.0,77.0,89.0,87.0,17.5,58.4
1604466884,71.0,78.0,89.0,87.0,17.5,58.4
1604466885,71.0,78.0,88.0,87.0,17.5,58.4
1604466886,71.0,78.0,87.0,87.0,17.5,58.4
1604466887,72.0,78.0,87.0,87.0,17.5,58.4
1604466888,72.0,78.0,87.0,87.0,17.5,58.3
1604466889,73.0,78.0,86.0,87.0,17.5,58.3
1604466890,73.0,78.0,85.0,88.0,17.5,58.3
1604466891,73.0,78.0,85.0,88.0,17.5,58.3
1604466892,73.0,79.0,85.0,89.0,17.5,58.3
1604466893,73.0,79.0,85.0,89.0,17.5,58.3
1604466894,73.0,78.0,85.0,89.0,17.5,58.3
1604466895,74.0,78.0,85.0,90.0,17.5,58.3
1604466896,73.0,78.0,85.0,90.0,17.5,58.3
1604466897,73.0,78.0,85.0,90.0,17.5,58.3
1604466898,74.0,78.0,85.0,90.0,17.5,58.3
1604466899,74.0,77.0,85.0,90.0,17.5,58.3
1604466900,74.0,77.0,86.0,90.0,17.5,58.3
1604466901,74.0,77.0,86.0,90.0,17.5,58.3
1604466902,74.0,76.0,86.0,90.0,17.5,58.3
1604466903,74.0,76.0,87.0,90.0,17.6,58.5
1604466904,74.0,76.0,87.0,90.0,17.6,58.5
1604466905,74.0,76.0,87.0,91.0,17.6,58.5
1604466906,75.0,76.0,87.0,91.0,17.6,58.5
1604466907,75.0,76.0,87.0,92.0,17.6,58.5
1604466908,74.0,76.0,87.0,92.0,17.5,58.4
1604466909,74.0,76.0,88.0,92.0,17.5,58.4
1604466910,74.0,76.0,88.0,92.0,17.5,58.4
1604466911,74.0,76.0,88.0,92.0,17.5,58.4
1604466912,74.0,76.0,88.0,92.0,17.5,58.4
1604466913,74.0,76.0,88.0,91.0,17.6,58.5
1604466914,74.0,76.0,88.0,91.0,17.6,58.5
1604466915,74.0,76.0,89.0,90.0,17.6,58.5
1604466916,74.0,76.0,89.0,89.0,17.6,58.5
1604466917,75.0,76.0,89.0,89.0,17.6,58.5
1604466918,75.0,76.0,89.0,88.0,17.6,58.6
1604466919,75.0,77.0,89.0,88.0,17.6,58.6
1604466920,76.0,76.0,89.0,88.0,17.6,58.6
1604466921,76.0,76.0,89.0,88.0,17.6,58.6
1604466922,77.0,76.0,89.0,88.0,17.6,58.6
1604466923,77.0,76.0,89.0,88.0,17.6,58.5
1604466924,77.0,76.0,89.0,88.0,17.6,58.5
1604466925,77.0,76.0,90.0,87.0,17.6,58.5
1604466926,76.0,76.0,90.0,87.0,17.6,58.5
1604466927,76.0,76.0,90.0,87.0,17.6,58.5
1604466928,76.0,76.0,90.0,88.0,17.6,58.5
1604466929,75.0,77.0,90.0,88.0,17.6,58.5
1604466930,74.75,77.0,90.0,87.875,17.6,58.5
1604466931,74.5,77.0,90.0,87.75,17.6,58.5
1604466932,74.25,77.0,90.0,87.625,17.6,58.5
1604466933,74.0,77.0,90.0,87.5,17.6,58.5
1604466934,73.75,77.0,90.0,87.375,17.6,58.5
1604466935,73.5,77.0,90.0,87.25,17.6,58.5
1604466936,73.25,77.0,90.0,87.125,17.6,58.5
1604466937,73.0,77.0,90.0,87.0,17.6,58.5
1604466938,73.0,77.0,90.0,87.0,17.6,58.5
1604466939,73.0,78.0,90.0,87.0,17.6,58.5
1604466940,73.0,78.0,90.0,87.0,17.6,58.5
1604466941,73.0,79.0,90.0,87.0,17.6,58.5
1604466942,74.0,80.0,90.0,87.0,17.6,58.5
1604466943,74.0,80.0,90.0,87.0,17.6,58.5
1604466944,75.0,80.0,89.0,87.0,17.6,58.5
1604466945,75.0,79.0,89.0,87.0,17.6,58.6
1604466946,76.0,79.0,89.0,87.0,17.6,58.6
1604466947,76.0,78.0,88.0,87.0,17.6,58.6
1604466948,76.0,78.0,88.0,87.0,17.6,58.6
1604466949,76.0,78.0,88.0,87.0,17.6,58.6
1604466950,76.0,78.0,89.0,88.0,17.6,58.6
1604466951,76.0,78.0,90.0,88.0,17.6,58.6
1604466952,76.0,78.0,90.0,88.0,17.6,58.6
1604466953,75.0,77.0,90.0,89.0,17.6,58.6
1604466954,75.0,77.0,90.0,89.0,17.6,58.6
1604466955,75.0,77.0,90.0,90.0,17.6,58.6
1604466956,75.0,77.0,90.0,90.0,17.6,58.6
1604466957,74.0,77.0,89.0,90.0,17.6,58.6
1604466958,74.0,77.0,88.0,90.0,17.6,58.6
1604466959,74.0,77.0,88.0,90.0,17.6,58.6
1604466960,74.0,78.0,87.0,90.0,17.6,58.6
1604466961,74.0,78.0,87.0,89.0,17.6,58.6
1604466962,74.0,77.0,87.0,89.0,17.6,58.6
1604466963,74.0,78.0,86.0,88.0,17.6,58.6
1604466964,74.0,78.0,86.0,87.0,17.6,58.6
1604466965,73.0,78.0,86.0,87.0,17.6,58.5
1604466966,74.0,79.0,86.0,86.0,17.6,58.5
1604466967,73.0,79.0,87.0,86.0,17.6,58.5
1604466968,73.0,79.0,87.0,88.0,17.6,58.5
1604466969,74.0,79.0,87.0,88.0,17.6,58.5
1604466970,73.0,80.0,87.0,89.0,17.6,58.4
1604466971,73.0,80.0,87.0,89.0,17.6,58.4
1604466972,74.0,80.0,87.0,90.0,17.6,58.4
1604466973,74.0,80.0,87.0,90.0,17.6,58.4
1604466974,74.0,80.0,87.0,91.0,17.6,58.4
1604466975,74.0,80.0,86.0,91.0,17.6,58.4
1604466976,74.0,80.0,85.0,91.0,17.6,58.4
1604466977,74.0,80.0,85.0,91.0,17.6,58.4
1604466978,74.0,79.0,85.0,91.0,17.6,58.4
1604466979,73.0,79.0,84.0,92.0,17.6,58.4
1604466980,73.0,79.0,83.0,91.0,17.6,58.4
1604466981,73.0,78.0,83.0,91.0,17.6,58.4
1604466982,73.0,78.0,83.0,91.0,17.6,58.4
1604466983,73.0,77.0,83.0,91.0,17.6,58.4
1604466984,73.0,77.0,83.0,91.0,17.6,58.4
1604466985,73.0,77.0,84.0,90.0,17.6,58.4
1604466986,73.0,77.0,85.0,90.0,17.6,58.4
1604466987,73.0,77.0,85.0,90.0,17.6,58.4
1604466988,73.0,77.0,86.0,90.0,17.6,58.4
1604466989,74.0,78.0,87.0,89.0,17.6,58.4
1604466990,74.0,78.0,87.0,89.0,17.6,58.3
1604466991,75.0,78.0,87.0,89.0,17.6,58.3
1604466992,75.0,78.0,88.0,88.0,17.6,58.3
1604466993,75.0,78.0,88.0,88.0,17.6,58.3
1604466994,75.0,78.0,87.0,88.0,17.6,58.3
1604466995,76.0,78.0,87.0,88.0,17.6,58.2
1604466996,76.0,78.0,87.0,88.0,17.6,58.2
1604466997,76.0,78.0,86.0,88.0,17.6,58.2
1604466998,76.0,77.0,86.0,88.0,17.6,58.2
1604466999,76.0,77.0,85.0,88.0,17.6,58.2
1604467000,76.0,77.0,85.0,88.0,17.7,58.3
1604467001,76.0,77.0,85.0,88.0,17.7,58.3
1604467002,76.0,77.0,85.0,88.0,17.7,58.3
1604467003,76.0,76.0,85.0,89.0,17.7,58.3
1604467004,76.0,76.0,85.0,89.0,17.7,58.3
1604467005,76.0,76.0,85.0,89.0,17.6,58.2
1604467006,76.0,76.0,85.0,89.0,17.6,58.2
1604467007,76.0,75.0,85.0,90.0,17.6,58.2
1604467008,75.0,75.0,85.0,90.0,17.6,58.2
1604467009,75.0,75.0,86.0,91.0,17.6,58.2
1604467010,75.0,75.0,86.0,91.0,17.6,58.2
1604467011,74.0,75.0,87.0,91.0,17.6,58.2
1604467012,74.0,75.0,87.0,91.0,17.6,58.2
1604467013,74.0,75.0,87.0,91.0,17.6,58.2
1604467014,73.0,76.0,88.0,92.0,17.6,58.2
1604467015,73.0,76.0,88.0,92.0,17.7,58.2
1604467016,73.0,76.0,88.0,92.0,17.7,58.2
1604467017,73.0,76.0,87.0,92.0,17.7,58.2
1604467018,72.0,76.0,87.0,92.0,17.7,58.2
1604467019,73.0,76.0,87.0,92.0,17.7,58.2
1604467020,73.0,76.0,87.0,92.0,17.7,58.1
1604467021,73.0,76.0,87.0,91.0,17.7,58.1
1604467022,73.0,76.0,86.0,91.0,17.7,58.1
1604467023,73.0,76.0,86.0,90.0,17.7,58.1
1604467024,74.0,76.0,85.0,90.0,17.7,58.1
1604467025,74.0,76.0,85.0,89.0,17.7,58.1
1604467026,74.0,76.0,84.0,89.0,17.7,58.1
1604467027,74.0,76.0,84.0,88.0,17.7,58.1
1604467028,74.0,75.0,84.0,88.0,17.7,58.1
1604467029,74.0,75.0,84.0,87.0,17.7,58.1
1604467030,75.0,75.0,84.0,87.0,17.7,58.0
1604467031,75.0,76.0,84.0,87.0,17.7,58.0
1604467032,75.0,76.0,84.0,87.0,17.7,58.0
1604467033,75.0,76.0,85.0,87.0,17.7,58.0
1604467034,76.0,76.0,85.0,87.0,17.7,58.0
1604467035,76.0,76.0,85.0,87.0,17.7,58.0
1604467036,76.0,76.0,85.0,87.0,17.7,58.0
1604467037,76.0,76.0,85.0,88.0,17.7,58.0
1604467038,76.0,76.0,85.0,88.0,17.7,58.0
1604467039,77.0,75.0,85.0,88.0,17.7,58.0
1604467040,77.0,75.0,84.0,87.0,17.7,58.0
1604467041,77.0,74.0,84.0,87.0,17.7,58.0
1604467042,77.0,74.0,84.0,87.0,17.7,58.0
1604467043,77.0,74.0,83.0,87.0,17.7,58.0
1604467044,77.0,74.0,83.0,87.0,17.7,58.0
1604467045,77.0,74.0,82.0,87.0,17.6,57.8
1604467046,77.0,74.0,82.0,87.0,17.6,57.8
1604467047,77.0,74.0,82.0,87.0,17.6,57.8
1604467048,77.0,74.0,82.0,87.0,17.6,57.8
1604467049,77.0,74.0,82.0,88.0,17.6,57.8
1604467050,77.0,75.0,82.0,88.0,17.7,57.9
1604467051,76.0,75.0,82.0,88.0,17.7,57.9
1604467052,76.0,75.0,82.0,88.0,17.7,57.9
1604467053,76.0,75.0,83.0,90.0,17.7,57.9
1604467054,76.0,75.0,83.0,90.0,17.7,57.9
1604467055,76.0,75.0,83.0,90.0,17.7,57.8
1604467056,75.0,75.0,83.0,90.0,17.7,57.8
1604467057,75.0,75.0,83.0,90.0,17.7,57.8
1604467058,75.0,75.0,82.0,91.0,17.7,57.8
1604467059,74.0,75.0,82.0,91.0,17.7,57.8
1604467060,74.0,75.0,83.0,91.0,17.7,57.8
1604467061,73.0,75.0,83.0,91.0,17.7,57.8
1604467062,73.0,75.0,83.0,91.0,17.7,57.8
1604467063,73.0,75.0,83.0,91.0,17.7,57.8
1604467064,73.0,76.0,83.0,91.0,17.7,57.8
1604467065,72.0,76.0,84.0,91.0,17.7,57.8
1604467066,72.0,76.0,84.0,91.0,17.7,57.8
1604467067,72.0,77.0,85.0,91.0,17.7,57.8
1604467068,73.0,77.0,86.0,91.0,17.7,57.8
1604467069,73.0,77.0,86.0,91.0,17.7,57.8
1604467070,73.0,77.0,87.0,91.0,17.7,57.8
1604467071,74.0,78.0,87.0,91.0,17.7,57.8
1604467072,74.0,78.0,87.0,91.0,17.7,57.8
1604467073,75.0,79.0,87.0,91.0,17.7,57.8
1604467074,75.0,79.0,87.0,90.0,17.7,57.8
1604467075,76.0,79.0,86.0,90.0,17.6,57.6
1604467076,76.0,79.0,86.0,90.0,17.6,57.6
1604467077,76.0,79.0,85.0,90.0,17.6,57.6
1604467078,77.0,79.0,85.0,90.0,17.6,57.6
1604467079,78.0,79.0,84.0,89.0,17.6,57.6
1604467080,78.0,78.0,84.0,89.0,17.6,57.7
1604467081,78.0,78.0,84.0,89.0,17.6,57.7
1604467082,78.0,77.0,83.0,89.0,17.6,57.7
1604467083,78.0,77.0,83.0,88.0,17.6,57.7
1604467084,78.0,76.0,83.0,88.0,17.6,57.7
1604467085,78.0,76.0,83.0,88.0,17.7,57.4
1604467086,78.0,75.0,83.0,88.0,17.7,57.4
1604467087,78.0,75.0,83.0,87.0,17.7,57.4
1604467088,78.0,75.0,83.0,86.0,17.7,57.4
1604467089,78.0,74.0,83.0,85.0,17.7,57.4
1604467090,77.0,74.0,83.0,85.0,17.6,57.7
1604467091,77.0,74.0,83.0,84.0,17.6,57.7
1604467092,77.0,74.0,83.0,84.0,17.6,57.7
1604467093,76.0,75.0,82.0,84.0,17.6,57.7
1604467094,75.0,75.0,82.0,83.0,17.6,57.7
1604467095,75.0,75.0,82.0,83.0,17.6,57.7
1604467096,74.0,75.0,82.0,83.0,17.6,57.7
1604467097,74.0,76.0,82.0,83.0,17.6,57.7
1604467098,73.0,76.0,82.0,84.0,17.6,57.7
1604467099,73.0,77.0,82.0,84.0,17.6,57.7
1604467100,73.0,78.0,83.0,84.0,17.6,57.7
1604467101,73.0,78.0,83.0,85.0,17.6,57.7
1604467102,72.0,79.0,84.0,85.0,17.6,57.7
1604467103,72.0,79.0,84.0,86.0,17.6,57.7
1604467104,72.0,80.0,85.0,86.0,17.6,57.7
1604467105,73.0,80.0,85.0,86.0,17.6,57.7
1604467106,74.0,80.0,85.0,86.0,17.6,57.7
1604467107,74.0,80.0,85.0,86.0,17.6,57.7
1604467108,74.0,80.0,85.0,86.0,17.6,57.7
1604467109,74.0,80.0,85.0,86.0,17.6,57.7
1604467110,75.0,80.0,85.0,86.0,17.6,57.6
1604467111,75.0,79.0,84.0,86.0,17.6,57.6
1604467112,75.0,79.0,84.0,86.0,17.6,57.6
1604467113,75.0,78.0,84.0,86.0,17.6,57.6
1604467114,75.0,77.0,83.0,85.0,17.6,57.6
1604467115,75.0,77.0,83.0,85.0,17.6,57.6
1604467116,74.0,76.0,83.0,86.0,17.6,57.6
1604467117,74.0,76.0,83.0,86.0,17.6,57.6
1604467118,73.0,75.0,83.0,86.0,17.6,57.6
1604467119,73.0,75.0,84.0,87.0,17.6,57.6
1604467120,72.0,74.0,84.0,87.0,17.6,57.6
1604467121,72.0,74.0,85.0,87.0,17.6,57.6
1604467122,72.0,74.0,85.0,87.0,17.6,57.6
1604467123,72.0,75.0,85.0,88.0,17.6,57.6
1604467124,72.0,75.0,85.0,88.0,17.6,57.6
1604467125,72.0,76.0,85.0,88.0,17.6,57.6
1604467126,72.0,76.0,84.0,88.0,17.6,57.6
1604467127,73.0,77.0,84.0,88.0,17.6,57.6
1604467128,73.0,77.0,84.0,88.0,17.6,57.6
1604467129,73.0,78.0,84.0,88.0,17.6,57.6
1604467130,74.0,78.0,83.0,88.0,17.6,57.6
1604467131,74.0,78.0,83.0,88.0,17.6,57.6
1604467132,75.0,78.0,83.0,88.0,17.6,57.6
1604467133,75.0,79.0,82.0,88.0,17.6,57.6
1604467134,76.0,79.0,82.0,88.0,17.6,57.6
1604467135,76.0,79.0,82.0,88.0,17.5,57.5
1604467136,76.0,78.0,82.0,88.0,17.5,57.5
1604467137,77.0,78.0,82.0,88.0,17.5,57.5
1604467138,77.0,78.0,82.0,88.0,17.5,57.5
1604467139,76.77777777777777,77.88888888888889,82.0,88.0,17.5,57.5
1604467140,76.55555555555556,77.77777777777777,82.0,88.0,17.5,57.5
1604467141,76.33333333333333,77.66666666666667,82.0,88.0,17.5,57.5
1604467142,76.11111111111111,77.55555555555556,82.0,88.0,17.5,57.5
1604467143,75.88888888888889,77.44444444444444,82.0,88.0,17.5,57.5
1604467144,75.66666666666667,77.33333333333333,82.0,88.0,17.5,57.5
1604467145,75.44444444444444,77.22222222222223,82.0,88.0,17.5,57.5
1604467146,75.22222222222223,77.11111111111111,82.0,88.0,17.5,57.5
1604467147,75.0,77.0,82.0,88.0,17.5,57.5
1604467148,74.0,77.0,82.0,88.0,17.6,57.6
1604467149,74.0,76.0,83.0,88.0,17.6,57.6
1604467150,74.0,76.0,83.0,87.0,17.6,57.6
1604467151,73.0,76.0,83.0,87.0,17.6,57.6
1604467152,73.0,75.0,84.0,87.0,17.6,57.6
1604467153,73.0,75.0,84.0,87.0,17.6,57.6
1604467154,72.0,76.0,84.0,87.0,17.6,57.6
1604467155,72.0,76.0,84.0,86.0,17.6,57.6
1604467156,73.0,77.0,84.0,86.0,17.6,57.6
1604467157,73.0,77.0,83.0,86.0,17.6,57.6
1604467158,73.0,78.0,83.0,86.0,17.5,57.5
1604467159,73.0,78.0,83.0,86.0,17.5,57.5
1604467160,74.0,79.0,84.0,86.0,17.5,57.5
1604467161,74.0,79.0,84.0,86.0,17.5,57.5
1604467162,74.0,80.0,84.0,85.0,17.5,57.5
1604467163,74.0,80.0,84.0,85.0,17.6,57.5
1604467164,74.0,80.0,85.0,85.0,17.6,57.5
1604467165,74.0,80.0,86.0,85.0,17.6,57.5
1604467166,74.0,79.0,86.0,85.0,17.6,57.5
1604467167,74.0,80.0,87.0,85.0,17.6,57.5
1604467168,73.0,80.0,88.0,86.0,17.5,57.4
1604467169,73.0,81.0,88.0,86.0,17.5,57.4
1604467170,73.0,81.0,88.0,87.0,17.5,57.4
1604467171,73.0,82.0,88.0,88.0,17.5,57.4
1604467172,73.0,81.0,88.0,88.0,17.5,57.4
1604467173,73.0,81.0,88.0,89.0,17.6,57.5
1604467174,74.0,81.0,88.0,89.0,17.6,57.5
1604467175,74.0,81.0,88.0,90.0,17.6,57.5
1604467176,75.0,78.0,88.0,90.0,17.6,57.5
1604467177,75.0,78.0,87.0,91.0,17.6,57.5
1604467178,76.0,78.0,87.0,91.0,17.5,57.4
1604467179,76.0,79.0,87.0,91.0,17.5,57.4
1604467180,76.0,79.0,87.0,91.0,17.5,57.4
1604467181,76.0,79.0,86.0,91.0,17.5,57.4
1604467182,77.0,79.0,86.0,91.0,17.5,57.4
1604467183,77.0,79.0,85.0,91.0,17.5,57.3
1604467184,76.0,79.0,85.0,90.0,17.5,57.3
1604467185,76.0,79.0,85.0,90.0,17.5,57.3
1604467186,76.0,78.0,84.0,90.0,17.5,57.3
1604467187,75.0,78.0,84.0,90.0,17.5,57.3
1604467188,75.0,78.0,84.0,90.0,17.5,57.3
1604467189,75.0,77.0,84.0,90.0,17.5,57.3
1604467190,75.0,77.0,84.0,90.0,17.5,57.3
1604467191,74.0,77.0,84.0,90.0,17.5,57.3
1604467192,74.0,77.0,84.0,90.0,17.5,57.3
1604467193,74.0,77.0,84.0,90.0,17.5,57.3
1604467194,73.0,77.0,85.0,91.0,17.5,57.3
1604467195,73.0,77.0,85.0,91.0,17.5,57.3
1604467196,73.0,77.0,84.0,91.0,17.5,57.3
1604467197,73.0,77.0,84.0,91.0,17.5,57.3
1604467198,73.0,77.0,83.0,91.0,17.5,57.3
1604467199,73.0,77.0,83.0,91.0,17.5,57.3
1604467200,72.0,77.0,84.0,91.0,17.5,57.3
1604467201,72.0,77.0,84.0,91.0,17.5,57.3
1604467202,72.0,77.0,84.0,89.0,17.5,57.3
1604467203,72.0,77.0,84.0,90.0,17.5,57.4
1604467204,72.0,77.0,84.0,90.0,17.5,57.4
1604467205,72.0,78.0,84.0,90.0,17.5,57.4
1604467206,72.0,78.0,85.0,90.0,17.5,57.4
1604467207,72.0,78.0,85.0,90.0,17.5,57.4
1604467208,72.0,78.0,86.0,90.0,17.6,57.5
1604467209,72.0,78.0,87.0,90.0,17.6,57.5
1604467210,73.0,78.0,87.0,90.0,17.6,57.5
1604467211,73.0,78.0,87.0,90.0,17.6,57.5
1604467212,73.0,78.0,88.0,90.0,17.6,57.5
1604467213,73.0,78.0,90.0,90.0,17.5,57.3
1604467214,73.0,78.0,88.0,89.0,17.5,57.3
1604467215,73.0,78.0,88.0,89.0,17.5,57.3
1604467216,73.0,78.0,87.0,89.0,17.5,57.3
1604467217,73.0,78.0,87.0,89.0,17.5,57.3
1604467218,74.0,78.0,86.0,89.0,17.5,57.4
1604467219,74.0,78.0,86.0,89.0,17.5,57.4
1604467220,74.0,76.0,85.0,89.0,17.5,57.4
1604467221,75.0,76.0,85.0,89.0,17.5,57.4
1604467222,75.0,76.0,85.0,89.0,17.5,57.4
1604467223,75.0,76.0,85.0,89.0,17.5,57.4
1604467224,75.0,76.0,85.0,90.0,17.5,57.4
1604467225,75.0,75.0,86.0,90.0,17.5,57.4
1604467226,75.0,75.0,86.0,90.0,17.5,57.4
1604467227,75.0,75.0,86.0,90.0,17.5,57.4
1604467228,74.0,75.0,86.0,91.0,17.6,57.5
1604467229,74.0,76.0,86.0,91.0,17.6,57.5
1604467230,73.0,76.0,86.0,91.0,17.6,57.5
1604467231,73.0,76.0,87.0,91.0,17.6,57.5
1604467232,73.0,76.0,87.0,91.0,17.6,57.5
1604467233,73.0,76.0,87.0,91.0,17.5,57.4
1604467234,74.0,76.0,87.0,91.0,17.5,57.4
1604467235,73.0,76.0,88.0,91.0,17.5,57.4
1604467236,74.0,77.0,88.0,91.0,17.5,57.4
1604467237,74.0,77.0,88.0,91.0,17.5,57.4
1604467238,74.0,77.0,88.0,91.0,17.5,57.4
1604467239,74.0,77.0,89.0,91.0,17.5,57.4
1604467240,74.0,78.0,89.0,91.0,17.5,57.4
1604467241,74.0,78.0,90.0,91.0,17.5,57.4
1604467242,74.0,78.0,90.0,91.0,17.5,57.4
1604467243,74.0,78.0,90.0,90.0,17.6,57.5
1604467244,74.0,78.0,90.0,90.0,17.6,57.5
1604467245,74.0,78.0,90.0,90.0,17.6,57.5
1604467246,74.0,78.0,89.0,90.0,17.6,57.5
1604467247,74.0,78.0,89.0,90.0,17.6,57.5
1604467248,74.0,78.0,89.0,90.0,17.5,57.4
1604467249,74.0,78.0,89.0,90.0,17.5,57.4
1604467250,74.0,78.0,89.0,90.0,17.5,57.4
1604467251,74.0,78.0,88.0,90.0,17.5,57.4
1604467252,74.0,79.0,88.0,90.0,17.5,57.4
1604467253,74.0,79.0,88.0,90.0,17.6,57.5
1604467254,74.0,79.0,88.0,90.0,17.6,57.5
1604467255,74.0,79.0,89.0,90.0,17.6,57.5
1604467256,74.0,79.0,89.0,90.0,17.6,57.5
1604467257,74.0,79.0,89.0,90.0,17.6,57.5
1604467258,74.0,79.0,90.0,90.0,17.5,57.4
1604467259,74.0,79.0,90.0,90.0,17.5,57.4
1604467260,74.0,79.0,90.0,90.0,17.5,57.4
1604467261,74.0,78.0,90.0,90.0,17.5,57.4
1604467262,74.0,78.0,90.0,90.0,17.5,57.4
1604467263,75.0,78.0,90.0,90.0,17.5,57.5
1604467264,75.0,77.0,90.0,90.0,17.5,57.5
1604467265,75.0,77.0,89.0,90.0,17.5,57.5
1604467266,76.0,77.0,89.0,91.0,17.5,57.5
1604467267,76.0,77.0,88.0,91.0,17.5,57.5
1604467268,76.0,77.0,87.0,91.0,17.6,57.6
1604467269,77.0,77.0,86.0,92.0,17.6,57.6
1604467270,77.0,77.0,85.0,92.0,17.6,57.6
1604467271,77.0,77.0,84.0,92.0,17.6,57.6
1604467272,76.0,77.0,83.0,92.0,17.6,57.6
1604467273,76.0,77.0,82.0,92.0,17.5,57.4
1604467274,76.0,77.0,82.0,92.0,17.5,57.4
1604467275,76.0,78.0,82.0,92.0,17.5,57.4
1604467276,75.0,78.0,81.0,92.0,17.5,57.4
1604467277,75.0,78.0,81.0,91.0,17.5,57.4
1604467278,75.0,78.0,81.0,91.0,17.6,57.5
1604467279,75.0,78.0,81.0,91.0,17.6,57.5
1604467280,75.0,78.0,82.0,91.0,17.6,57.5
1604467281,75.0,78.0,82.0,91.0,17.6,57.5
1604467282,75.0,79.0,83.0,91.0,17.6,57.5
1604467283,75.0,79.0,84.0,90.0,17.6,57.5
1604467284,76.0,79.0,85.0,90.0,17.6,57.5
1604467285,76.0,79.0,85.0,90.0,17.6,57.5
1604467286,76.0,79.0,86.0,90.0,17.6,57.5
1604467287,76.0,79.0,86.0,90.0,17.6,57.5
1604467288,76.0,79.0,87.0,90.0,17.6,57.6
1604467289,75.0,79.0,88.0,89.0,17.6,57.6
1604467290,75.0,79.0,88.0,89.0,17.6,57.6
1604467291,75.0,80.0,89.0,89.0,17.6,57.6
1604467292,74.0,80.0,89.0,89.0,17.6,57.6
1604467293,74.0,80.0,89.0,89.0,17.6,57.6
1604467294,73.5,80.0,89.0,89.0,17.6,57.6
1604467295,73.0,80.0,89.0,89.0,17.6,57.6
1604467296,73.0,80.0,89.0,89.0,17.6,57.6
1604467297,72.0,81.0,89.0,89.0,17.6,57.6
1604467298,72.0,81.0,88.0,89.0,17.6,57.6
1604467299,72.0,81.0,88.0,89.0,17.5,57.5
1604467300,72.0,82.0,87.0,90.0,17.5,57.5
1604467301,72.0,82.0,86.0,90.0,17.5,57.5
1604467302,72.0,82.0,86.0,90.0,17.5,57.5
1604467303,72.0,82.0,84.0,90.0,17.5,57.5
1604467304,72.0,82.0,84.0,90.0,17.5,57.5
1604467305,72.0,82.0,83.0,90.0,17.5,57.5
1604467306,73.0,82.0,83.0,91.0,17.5,57.5
1604467307,73.0,81.0,82.0,91.0,17.5,57.5
1604467308,73.0,81.0,82.0,91.0,17.5,57.5
1604467309,73.0,81.0,82.0,90.0,17.5,57.5
1604467310,73.0,80.0,82.0,90.0,17.5,57.5
1604467311,73.0,80.0,82.0,90.0,17.5,57.5
1604467312,73.0,80.0,82.0,90.0,17.5,57.5
1604467313,72.0,79.0,82.0,90.0,17.5,57.5
1604467314,72.0,79.0,83.0,90.0,17.5,57.5
1604467315,72.0,79.0,84.0,90.0,17.5,57.5
1604467316,72.0,79.0,84.0,90.0,17.5,57.5
1604467317,72.0,79.0,85.0,90.0,17.5,57.5
1604467318,71.0,79.0,85.0,90.0,17.5,57.5
1604467319,71.0,79.0,86.0,90.0,17.6,57.6
1604467320,71.0,79.0,86.0,91.0,17.6,57.6
1604467321,71.0,79.0,86.0,90.0,17.6,57.6
1604467322,71.0,79.0,86.0,90.0,17.6,57.6
1604467323,71.0,79.0,86.0,90.0,17.6,57.6
1604467324,72.0,79.0,86.0,90.0,17.5,57.5
1604467325,72.0,79.0,86.0,90.0,17.5,57.5
1604467326,72.0,79.0,85.0,90.0,17.5,57.5
1604467327,73.0,79.0,85.0,90.0,17.5,57.5
1604467328,73.0,79.0,85.0,89.0,17.5,57.5
1604467329,73.0,79.0,84.0,89.0,17.5,57.5
1604467330,74.0,79.0,84.0,89.0,17.5,57.5
1604467331,74.0,79.0,84.0,89.0,17.5,57.5
1604467332,74.0,79.0,84.0,89.0,17.5,57.5
1604467333,74.0,79.0,84.0,89.0,17.5,57.5
1604467334,74.0,79.0,84.0,89.0,17.5,57.5
1604467335,75.0,79.0,84.0,89.0,17.5,57.5
1604467336,75.0,79.0,84.0,89.0,17.5,57.5
1604467337,74.0,79.0,84.0,90.0,17.5,57.5
1604467338,74.0,79.0,84.0,90.0,17.5,57.5
1604467339,74.0,79.0,84.0,90.0,17.6,57.6
1604467340,74.0,79.0,84.0,90.0,17.6,57.6
1604467341,74.0,79.0,84.0,90.0,17.6,57.6
1604467342,74.0,78.0,84.0,90.0,17.6,57.6
1604467343,73.0,78.0,83.0,90.0,17.6,57.6
1604467344,73.0,77.0,83.0,90.0,17.6,57.6
1604467345,73.0,77.0,84.0,90.0,17.6,57.6
1604467346,72.0,77.0,84.0,90.0,17.6,57.6
1604467347,73.0,76.0,84.0,90.0,17.6,57.6
1604467348,73.0,76.0,84.0,90.0,17.6,57.6
1604467349,73.0,76.0,84.0,90.0,17.6,57.6
1604467350,73.11111111111111,76.11111111111111,84.0,90.0,17.6,57.6
1604467351,73.22222222222223,76.22222222222223,84.0,90.0,17.6,57.6
1604467352,73.33333333333333,76.33333333333333,84.0,90.0,17.6,57.6
1604467353,73.44444444444444,76.44444444444444,84.0,90.0,17.6,57.6
1604467354,73.55555555555556,76.55555555555556,84.0,90.0,17.6,57.6
1604467355,73.66666666666667,76.66666666666667,84.0,90.0,17.6,57.6
1604467356,73.77777777777777,76.77777777777777,84.0,90.0,17.6,57.6
1604467357,73.88888888888889,76.88888888888889,84.0,90.0,17.6,57.6
1604467358,74.0,77.0,84.0,90.0,17.6,57.6
1604467359,74.0,77.0,85.0,90.0,17.6,57.6
1604467360,74.0,77.0,85.0,90.0,17.6,57.6
1604467361,74.0,77.0,85.0,90.0,17.6,57.6
1604467362,73.0,78.0,85.0,90.0,17.6,57.6
1604467363,73.0,78.0,85.0,90.0,17.6,57.6
1604467364,73.0,78.0,85.0,91.0,17.6,57.6
1604467365,73.0,78.0,85.0,91.0,17.6,57.6
1604467366,73.0,79.0,85.0,91.0,17.6,57.6
1604467367,73.0,79.0,85.0,92.0,17.6,57.7
1604467368,73.0,79.0,85.0,92.0,17.6,57.7
1604467369,73.0,79.0,85.0,92.0,17.6,57.7
1604467370,73.0,79.0,85.0,92.0,17.6,57.7
1604467371,73.0,79.0,85.0,92.0,17.6,57.7
1604467372,73.0,79.0,85.0,92.0,17.6,57.7
1604467373,73.0,79.0,85.0,92.0,17.6,57.7
1604467374,73.0,80.0,85.0,91.0,17.6,57.7
1604467375,73.0,80.0,85.0,91.0,17.6,57.7
1604467376,74.0,80.0,85.0,91.0,17.6,57.7
1604467377,74.0,80.0,86.0,91.0,17.6,57.7
1604467378,75.0,80.0,86.0,92.0,17.6,57.7
1604467379,75.0,81.0,86.0,92.0,17.6,57.7
1604467380,75.0,81.0,87.0,92.0,17.6,57.7
1604467381,75.0,81.0,87.0,93.0,17.6,57.7
1604467382,75.0,82.0,87.0,93.0,17.6,57.8
1604467383,75.0,82.0,88.0,93.0,17.6,57.8
1604467384,75.0,82.0,88.0,94.0,17.6,57.8
1604467385,75.0,82.0,88.0,94.0,17.6,57.8
1604467386,75.0,82.0,88.0,94.0,17.6,57.8
1604467387,74.0,82.0,89.0,94.0,17.6,57.7
1604467388,74.0,82.0,89.0,93.0,17.6,57.7
1604467389,73.0,81.0,89.0,92.0,17.6,57.7
1604467390,73.0,81.0,90.0,92.0,17.6,57.7
1604467391,73.0,80.0,90.0,92.0,17.6,57.7
1604467392,73.0,80.0,90.0,91.0,17.6,57.7
1604467393,73.0,79.0,90.0,91.0,17.6,57.7
1604467394,73.0,79.0,90.0,90.0,17.6,57.7
1604467395,73.0,79.0,89.0,90.0,17.6,57.7
1604467396,73.0,79.0,89.0,90.0,17.6,57.7
1604467397,73.0,79.0,89.0,90.0,17.6,57.7
1604467398,73.0,80.0,89.0,89.0,17.6,57.7
1604467399,73.0,81.0,89.0,89.0,17.6,57.7
1604467400,74.0,81.0,89.0,89.0,17.6,57.7
1604467401,74.0,81.0,88.0,89.0,17.6,57.7
1604467402,74.0,82.0,88.0,89.0,17.6,57.7
1604467403,74.0,82.0,89.0,89.0,17.6,57.7
1604467404,74.0,82.0,89.0,89.0,17.6,57.7
1604467405,74.0,82.0,89.0,89.0,17.6,57.7
1604467406,74.0,82.0,89.0,89.0,17.6,57.7
1604467407,74.0,83.0,90.0,90.0,17.7,57.8
1604467408,74.0,83.0,90.0,90.0,17.7,57.8
1604467409,74.0,83.0,90.0,90.0,17.7,57.8
1604467410,74.0,83.0,90.0,91.0,17.7,57.8
1604467411,74.0,83.0,90.0,92.0,17.7,57.8
1604467412,74.0,83.0,90.0,92.0,17.7,57.7
1604467413,74.0,83.0,90.0,93.0,17.7,57.7
1604467414,74.0,83.0,90.0,94.0,17.7,57.7
1604467415,74.0,83.0,90.0,94.0,17.7,57.7
1604467416,74.0,83.0,90.0,94.0,17.7,57.7
1604467417,73.0,83.0,89.0,95.0,17.6,57.6
1604467418,73.0,83.0,89.0,94.0,17.6,57.6
1604467419,73.0,83.0,89.0,94.0,17.6,57.6
1604467420,73.0,83.0,89.0,94.0,17.6,57.6
1604467421,74.0,83.0,89.0,94.0,17.6,57.6
1604467422,74.0,83.0,88.0,94.0,17.6,57.5
1604467423,75.0,83.0,87.0,93.0,17.6,57.5
1604467424,75.0,83.0,86.0,93.0,17.6,57.5
1604467425,75.0,82.0,86.0,92.0,17.6,57.5
1604467426,75.0,82.0,85.0,92.0,17.6,57.5
1604467427,75.0,81.0,84.0,91.0,17.7,57.5
1604467428,75.0,81.0,84.0,91.0,17.7,57.5
1604467429,75.0,81.0,83.0,91.0,17.7,57.5
1604467430,75.0,81.0,83.0,91.0,17.7,57.5
1604467431,74.0,81.0,82.0,90.0,17.7,57.5
1604467432,74.0,80.0,83.0,90.0,17.7,57.5
1604467433,73.0,80.0,83.0,90.0,17.7,57.5
1604467434,73.0,80.0,84.0,90.0,17.7,57.5
1604467435,73.0,80.0,84.0,90.0,17.7,57.5
1604467436,73.0,81.0,84.0,90.0,17.7,57.5
1604467437,73.0,81.0,85.0,91.0,17.6,57.3
1604467438,73.0,81.0,85.0,91.0,17.6,57.3
1604467439,73.0,82.0,85.0,91.0,17.6,57.3
1604467440,73.0,82.0,85.0,92.0,17.6,57.3
1604467441,73.0,83.0,85.0,92.0,17.6,57.3
1604467442,73.0,83.0,86.0,92.0,17.7,57.4
1604467443,74.0,84.0,86.0,92.0,17.7,57.4
1604467444,74.0,84.0,86.0,92.0,17.7,57.4
1604467445,74.0,85.0,86.0,93.0,17.7,57.4
1604467446,75.0,85.0,87.0,93.0,17.7,57.4
1604467447,75.0,85.0,87.0,88.0,17.6,57.3
1604467448,76.0,85.0,88.0,88.0,17.6,57.3
1604467449,76.0,86.0,88.0,88.0,17.6,57.3
1604467450,76.0,86.0,89.0,88.0,17.6,57.3
1604467451,76.0,85.0,90.0,88.0,17.6,57.3
1604467452,77.0,85.0,90.0,88.0,17.7,57.4
1604467453,77.0,85.0,89.0,89.0,17.7,57.4
1604467454,77.0,85.0,89.0,89.0,17.7,57.4
1604467455,77.0,84.0,89.0,90.0,17.7,57.4
1604467456,77.0,84.0,89.0,90.0,17.7,57.4
1604467457,77.0,83.0,87.0,91.0,17.6,57.3
1604467458,76.0,83.0,87.0,91.0,17.6,57.3
1604467459,76.0,83.0,86.0,91.0,17.6,57.3
1604467460,76.0,83.0,86.0,91.0,17.6,57.3
1604467461,76.0,82.0,86.0,91.0,17.6,57.3
1604467462,76.0,82.0,86.0,91.0,17.6,57.3
1604467463,76.0,83.0,86.0,91.0,17.6,57.3
1604467464,76.0,82.0,87.0,91.0,17.6,57.3
1604467465,76.0,83.0,87.0,91.0,17.6,57.3
1604467466,76.0,83.0,88.0,91.0,17.6,57.3
1604467467,76.0,82.0,88.0,91.0,17.7,57.4
1604467468,76.0,82.0,89.0,91.0,17.7,57.4
1604467469,76.0,82.0,89.0,91.0,17.7,57.4
1604467470,76.0,82.0,89.0,91.0,17.7,57.4
1604467471,76.0,82.0,90.0,91.0,17.7,57.4
1604467472,76.0,83.0,90.0,90.0,17.7,57.4
1604467473,76.0,82.0,90.0,90.0,17.7,57.4
1604467474,76.0,82.0,90.0,90.0,17.7,57.4
1604467475,76.0,82.0,89.0,90.0,17.7,57.4
1604467476,76.0,82.0,88.0,90.0,17.7,57.4
1604467477,76.0,82.0,87.0,90.0,17.7,57.4
1604467478,76.0,82.0,87.0,90.0,17.7,57.4
1604467479,76.0,82.0,86.0,90.0,17.7,57.4
1604467480,75.0,82.0,86.0,91.0,17.7,57.4
1604467481,75.0,81.0,85.0,91.0,17.7,57.4
1604467482,75.0,81.0,86.0,91.0,17.7,57.4
1604467483,74.0,81.0,86.0,92.0,17.7,57.4
1604467484,74.0,81.0,87.0,92.0,17.7,57.4
1604467485,73.0,81.0,87.0,92.0,17.7,57.4
1604467486,73.0,81.0,87.0,93.0,17.7,57.4
1604467487,72.0,81.0,87.0,93.0,17.7,57.4
1604467488,72.0,81.0,86.0,93.0,17.7,57.4
1604467489,73.0,81.0,86.0,93.0,17.7,57.4
1604467490,73.0,81.0,87.0,92.0,17.7,57.4
1604467491,73.0,82.0,86.0,92.0,17.7,57.4
1604467492,73.0,81.0,86.0,92.0,17.6,57.5
1604467493,74.0,81.0,86.0,91.0,17.6,57.5
1604467494,74.0,80.0,86.0,91.0,17.6,57.5
1604467495,74.0,80.0,86.0,91.0,17.6,57.5
1604467496,75.0,80.0,86.0,91.0,17.6,57.5
1604467497,75.0,79.0,86.0,90.0,17.6,57.5
1604467498,75.0,79.0,86.0,90.0,17.6,57.5
1604467499,75.0,79.0,86.0,90.0,17.6,57.5
1604467500,75.0,79.0,86.0,90.0,17.6,57.5
1604467501,75.0,79.0,86.0,90.0,17.6,57.5
1604467502,75.0,79.0,86.0,90.0,17.7,57.6
1604467503,75.0,79.0,87.0,90.0,17.7,57.6
1604467504,75.0,80.0,87.0,90.0,17.7,57.6
1604467505,75.0,80.0,87.0,90.0,17.7,57.6
1604467506,76.0,80.0,88.0,91.0,17.7,57.6
1604467507,76.0,79.0,88.0,91.0,17.6,57.4
1604467508,76.0,79.0,88.0,91.0,17.6,57.4
1604467509,76.0,79.0,88.0,91.0,17.6,57.4
1604467510,77.0,79.0,88.0,91.0,17.6,57.4
1604467511,77.0,78.0,88.0,91.0,17.6,57.4
1604467512,77.0,78.0,87.0,90.0,17.6,57.5
1604467513,77.0,78.0,87.0,90.0,17.6,57.5
1604467514,77.0,77.0,87.0,90.0,17.6,57.5
1604467515,76.0,77.0,86.0,90.0,17.6,57.5
1604467516,76.0,78.0,86.0,89.0,17.6,57.5
1604467517,76.0,78.0,86.0,89.0,17.6,57.5
1604467518,76.0,78.0,86.0,89.0,17.6,57.5
1604467519,75.0,78.0,86.0,89.0,17.6,57.5
1604467520,75.0,78.0,86.0,89.0,17.6,57.5
1604467521,74.0,78.0,86.0,89.0,17.6,57.5
1604467522,74.0,79.0,86.0,89.0,17.6,57.6
1604467523,74.0,79.0,86.0,90.0,17.6,57.6
1604467524,74.0,79.0,86.0,90.0,17.6,57.6
1604467525,74.0,80.0,86.0,90.0,17.6,57.6
1604467526,74.0,80.0,86.0,90.0,17.6,57.6
1604467527,74.0,80.0,86.0,90.0,17.6,57.6
1604467528,74.0,80.0,86.0,90.0,17.6,57.6
1604467529,75.0,81.0,86.0,89.0,17.6,57.6
1604467530,75.0,81.0,86.0,89.0,17.6,57.6
1604467531,75.0,81.0,86.0,89.0,17.6,57.6
1604467532,75.0,80.0,87.0,89.0,17.6,57.6
1604467533,75.0,80.0,87.0,89.0,17.6,57.6
1604467534,75.0,80.0,88.0,89.0,17.6,57.6
1604467535,75.0,80.0,89.0,90.0,17.6,57.6
1604467536,75.0,80.0,89.0,90.0,17.6,57.6
1604467537,75.0,80.0,90.0,90.0,17.6,57.6
1604467538,76.0,80.0,90.0,90.0,17.6,57.6
1604467539,76.0,80.0,91.0,91.0,17.6,57.6
1604467540,75.0,80.0,91.0,91.0,17.6,57.6
1604467541,75.0,80.0,91.0,91.0,17.6,57.6
1604467542,75.0,81.0,91.0,91.0,17.6,57.6
1604467543,75.0,81.0,91.0,91.0,17.6,57.6
1604467544,74.0,82.0,90.0,91.0,17.6,57.6
1604467545,74.0,82.0,90.0,91.0,17.6,57.6
1604467546,74.0,82.0,89.0,91.0,17.6,57.6
1604467547,74.0,82.0,89.0,91.0,17.6,57.6
1604467548,73.0,83.0,88.0,91.0,17.6,57.6
1604467549,72.0,83.0,87.0,90.0,17.6,57.6
1604467550,72.0,84.0,87.0,90.0,17.6,57.6
1604467551,72.0,84.0,86.0,90.0,17.6,57.6
1604467552,72.0,84.0,86.0,89.0,17.6,57.6
1604467553,72.0,85.0,86.0,89.0,17.6,57.6
1604467554,72.22222222222223,85.0,86.0,89.0,17.6,57.6
1604467555,72.44444444444444,85.0,86.0,89.0,17.6,57.6
1604467556,72.66666666666667,85.0,86.0,89.0,17.6,57.6
1604467557,72.88888888888889,85.0,86.0,89.0,17.6,57.6
1604467558,73.11111111111111,85.0,86.0,89.0,17.6,57.6
1604467559,73.33333333333333,85.0,86.0,89.0,17.6,57.6
1604467560,73.55555555555556,85.0,86.0,89.0,17.6,57.6
1604467561,73.77777777777777,85.0,86.0,89.0,17.6,57.6
1604467562,74.0,85.0,86.0,89.0,17.6,57.6
1604467563,74.0,85.0,87.0,88.0,17.6,57.6
1604467564,74.0,85.0,88.0,88.0,17.6,57.6
1604467565,74.0,85.0,88.0,87.0,17.6,57.7
1604467566,75.0,85.0,89.0,87.0,17.6,57.7
1604467567,75.0,85.0,89.0,87.0,17.6,57.7
1604467568,75.0,84.0,89.0,87.0,17.6,57.7
1604467569,75.0,84.0,89.0,87.0,17.6,57.7
1604467570,75.0,84.0,89.0,87.0,17.6,57.7
1604467571,76.0,83.0,89.0,87.0,17.6,57.7
1604467572,76.0,83.0,88.0,87.0,17.6,57.7
1604467573,76.0,83.0,87.0,87.0,17.6,57.7
1604467574,76.0,82.0,86.0,87.0,17.6,57.7
1604467575,76.0,82.0,86.0,88.0,17.6,57.6
1604467576,76.0,82.0,86.0,88.0,17.6,57.6
1604467577,76.0,82.0,85.0,89.0,17.6,57.6
1604467578,76.0,82.0,85.0,89.0,17.6,57.6
1604467579,77.0,82.0,85.0,90.0,17.6,57.6
1604467580,76.0,82.0,85.0,90.0,17.6,57.7
1604467581,76.0,82.0,85.0,90.0,17.6,57.7
1604467582,76.0,81.0,85.0,90.0,17.6,57.7
1604467583,76.0,81.0,86.0,91.0,17.6,57.7
1604467584,75.0,81.0,86.0,91.0,17.6,57.7
1604467585,75.0,81.0,87.0,92.0,17.5,57.6
1604467586,75.0,81.0,87.0,92.0,17.5,57.6
1604467587,74.0,81.0,87.0,92.0,17.5,57.6
1604467588,74.0,81.0,87.0,93.0,17.5,57.6
1604467589,73.0,81.0,87.0,93.0,17.5,57.6
1604467590,73.0,82.0,87.0,93.0,17.6,57.7
1604467591,73.0,82.0,88.0,94.0,17.6,57.7
1604467592,73.0,82.0,88.0,93.0,17.6,57.7
1604467593,73.0,83.0,88.0,93.0,17.6,57.7
1604467594,74.0,83.0,87.0,93.0,17.6,57.7
1604467595,74.0,83.0,87.0,93.0,17.6,57.6
1604467596,74.0,83.0,87.0,93.0,17.6,57.6
1604467597,75.0,83.0,87.0,92.0,17.6,57.6
1604467598,75.0,83.0,86.0,91.0,17.6,57.6
1604467599,76.0,83.0,86.0,91.0,17.6,57.6
1604467600,76.0,83.0,86.0,90.0,17.6,57.7
1604467601,77.0,82.0,86.0,90.0,17.6,57.7
1604467602,77.0,82.0,87.0,89.0,17.6,57.7
1604467603,77.0,82.0,87.0,89.0,17.6,57.7
1604467604,77.0,82.0,87.0,89.0,17.6,57.7
1604467605,77.0,81.0,88.0,88.0,17.6,57.6
1604467606,76.0,81.0,89.0,88.0,17.6,57.6
1604467607,76.0,81.0,89.0,89.0,17.6,57.6
1604467608,76.0,81.0,90.0,89.0,17.6,57.6
1604467609,75.0,81.0,91.0,89.0,17.6,57.6
1604467610,75.0,81.0,91.0,90.0,17.6,57.6
1604467611,75.0,81.0,92.0,90.0,17.6,57.6
1604467612,74.0,81.0,92.0,90.0,17.6,57.6
1604467613,74.0,81.0,91.0,90.0,17.6,57.6
1604467614,74.0,81.0,91.0,90.0,17.6,57.6
1604467615,74.0,81.0,91.0,90.0,17.6,57.6
1604467616,74.0,82.0,91.0,90.0,17.6,57.6
1604467617,74.0,82.0,91.0,90.0,17.6,57.6
1604467618,74.0,82.0,91.0,89.0,17.6,57.6
1604467619,74.0,82.0,90.0,89.0,17.6,57.6
1604467620,74.0,81.0,90.0,88.0,17.6,57.7
1604467621,74.0,81.0,90.0,88.0,17.6,57.7
1604467622,75.0,81.0,91.0,88.0,17.6,57.7
1604467623,75.0,81.0,91.0,88.0,17.6,57.7
1604467624,75.0,81.0,91.0,87.0,17.6,57.7
1604467625,75.0,80.0,91.0,87.0,17.5,57.6
1604467626,75.0,80.0,92.0,87.0,17.5,57.6
1604467627,75.0,80.0,92.0,86.0,17.5,57.6
1604467628,75.0,79.0,92.0,86.0,17.5,57.6
1604467629,75.0,79.0,92.0,86.0,17.5,57.6
1604467630,75.0,80.0,92.0,85.0,17.6,57.8
1604467631,75.0,80.0,91.0,85.0,17.6,57.8
1604467632,75.0,80.0,91.0,85.0,17.6,57.8
1604467633,75.0,81.0,90.0,85.0,17.6,57.8
1604467634,75.0,82.0,90.0,85.0,17.6,57.8
1604467635,76.0,82.0,90.0,85.0,17.6,57.8
1604467636,76.0,83.0,89.0,86.0,17.6,57.8
1604467637,76.0,84.0,89.0,86.0,17.6,57.8
1604467638,76.0,84.0,89.0,87.0,17.6,57.8
1604467639,76.0,84.0,89.0,87.0,17.6,57.8
1604467640,76.0,84.0,89.0,87.0,17.6,57.8
1604467641,76.0,84.0,89.0,87.0,17.6,57.8
1604467642,76.0,84.0,89.0,87.0,17.6,57.8
1604467643,76.0,84.0,90.0,87.0,17.6,57.8
1604467644,76.0,83.0,90.0,86.0,17.6,57.8
1604467645,76.0,83.0,90.0,86.0,17.6,57.8
1604467646,76.0,83.0,90.0,85.0,17.6,57.8
1604467647,75.0,83.0,91.0,85.0,17.6,57.8
1604467648,75.0,82.0,90.0,84.0,17.6,57.8
1604467649,75.0,82.0,90.0,84.0,17.6,57.8
1604467650,75.0,82.0,89.0,84.0,17.6,57.8
1604467651,76.0,82.0,89.0,83.0,17.6,57.8
1604467652,76.0,82.0,89.0,83.0,17.6,57.8
1604467653,76.0,82.0,88.0,83.0,17.6,57.8
1604467654,76.0,82.0,88.0,83.0,17.6,57.8
1604467655,76.0,82.0,87.0,83.0,17.5,57.8
1604467656,76.0,81.0,87.0,84.0,17.5,57.8
1604467657,75.0,81.0,87.0,84.0,17.5,57.8
1604467658,75.0,80.0,87.0,85.0,17.5,57.8
1604467659,75.0,80.0,87.0,85.0,17.5,57.8
1604467660,75.0,79.0,87.0,86.0,17.5,57.7
1604467661,74.0,79.0,87.0,86.0,17.5,57.7
1604467662,74.0,79.0,88.0,87.0,17.5,57.7
1604467663,74.0,78.0,88.0,87.0,17.5,57.7
1604467664,75.0,78.0,88.0,88.0,17.5,57.7
1604467665,75.0,78.0,89.0,88.0,17.6,57.9
1604467666,75.0,78.0,89.0,88.0,17.6,57.9
1604467667,75.0,79.0,89.0,88.0,17.6,57.9
1604467668,76.0,79.0,89.0,89.0,17.6,57.9
1604467669,76.0,79.0,89.0,89.0,17.6,57.9
1604467670,75.0,81.0,89.0,89.0,17.6,57.9
1604467671,75.0,81.0,89.0,89.0,17.6,57.9
1604467672,75.0,82.0,90.0,89.0,17.6,57.9
1604467673,74.0,82.0,90.0,89.0,17.6,57.9
1604467674,74.0,82.0,89.0,89.0,17.6,57.9
1604467675,73.0,80.0,89.0,89.0,17.6,57.9
1604467676,73.0,80.0,88.0,89.0,17.6,57.9
1604467677,72.0,80.0,88.0,89.0,17.6,57.9
1604467678,72.0,80.0,88.0,89.0,17.6,57.9
1604467679,72.0,80.0,87.0,86.0,17.6,57.9
1604467680,73.0,80.0,87.0,86.0,17.6,58.0
1604467681,73.0,80.0,87.0,86.0,17.6,58.0
1604467682,73.0,80.0,87.0,86.0,17.6,58.0
1604467683,74.0,80.0,86.0,86.0,17.6,58.0
1604467684,74.0,81.0,86.0,86.0,17.6,58.0
1604467685,75.0,81.0,86.0,86.0,17.6,58.0
1604467686,75.0,81.0,86.0,87.0,17.6,58.0
1604467687,76.0,81.0,86.0,87.0,17.6,58.0
1604467688,76.0,81.0,86.0,86.0,17.6,58.0
1604467689,76.0,81.0,86.0,86.0,17.6,58.0
1604467690,76.0,81.0,86.0,86.0,17.6,58.0
1604467691,77.0,81.0,86.0,86.0,17.6,58.0
1604467692,77.0,81.0,86.0,86.0,17.6,58.0
1604467693,77.0,81.0,86.0,85.0,17.6,58.0
1604467694,77.0,80.0,86.0,85.0,17.6,58.0
1604467695,77.0,80.0,86.0,85.0,17.6,58.0
1604467696,77.0,80.0,86.0,84.0,17.6,58.0
1604467697,77.0,80.0,86.0,84.0,17.6,58.0
1604467698,77.0,80.0,86.0,84.0,17.6,58.0
1604467699,77.0,80.0,86.0,83.0,17.6,58.0
1604467700,77.0,80.0,87.0,83.0,17.6,58.0
1604467701,76.0,80.0,88.0,83.0,17.6,58.0
1604467702,76.0,79.0,88.0,82.0,17.6,58.0
1604467703,76.0,79.0,89.0,82.0,17.6,58.0
1604467704,76.0,79.0,89.0,82.0,17.6,58.0
1604467705,75.0,79.0,89.0,82.0,17.6,58.1
1604467706,75.0,79.0,89.0,82.0,17.6,58.1
1604467707,75.0,78.0,89.0,83.0,17.6,58.1
1604467708,75.0,78.0,89.0,83.0,17.6,58.1
1604467709,75.0,79.0,89.0,84.0,17.6,58.1
1604467710,76.0,79.0,89.0,85.0,17.6,58.1
1604467711,76.0,79.0,88.0,85.0,17.6,58.1
1604467712,77.0,79.0,88.0,86.0,17.6,58.1
1604467713,77.0,80.0,88.0,87.0,17.6,58.1
1604467714,77.0,80.0,87.0,87.0,17.6,58.1
1604467715,78.0,81.0,87.0,88.0,17.6,58.1
1604467716,78.0,81.0,87.0,88.0,17.6,58.1
1604467717,78.0,82.0,87.0,88.0,17.6,58.1
1604467718,79.0,82.0,87.0,88.0,17.6,58.1
1604467719,78.0,82.0,86.0,88.0,17.6,58.1
1604467720,78.0,82.0,86.0,88.0,17.6,58.2
1604467721,78.0,82.0,86.0,87.0,17.6,58.2
1604467722,78.0,82.0,86.0,87.0,17.6,58.2
1604467723,78.0,82.0,86.0,87.0,17.6,58.2
1604467724,78.0,81.0,86.0,87.0,17.6,58.2
1604467725,78.0,81.0,86.0,86.0,17.6,58.1
1604467726,77.0,81.0,87.0,87.0,17.6,58.1
1604467727,77.0,80.0,87.0,86.0,17.6,58.1
1604467728,77.0,80.0,88.0,86.0,17.6,58.1
1604467729,77.0,80.0,88.0,87.0,17.6,58.1
1604467730,77.0,80.0,89.0,87.0,17.6,58.2
1604467731,77.0,79.0,90.0,88.0,17.6,58.2
1604467732,77.0,79.0,90.0,88.0,17.6,58.2
1604467733,77.0,79.0,91.0,88.0,17.6,58.2
1604467734,77.0,79.0,91.0,88.0,17.6,58.2
1604467735,77.0,79.0,90.0,88.0,17.6,58.2
1604467736,76.0,79.0,90.0,88.0,17.6,58.2
1604467737,76.0,79.0,90.0,88.0,17.6,58.2
1604467738,76.0,79.0,89.0,88.0,17.6,58.2
1604467739,76.0,79.0,88.0,88.0,17.6,58.2
1604467740,76.0,79.0,87.0,88.0,17.6,58.2
1604467741,76.0,79.0,87.0,88.0,17.6,58.2
1604467742,76.0,79.0,86.0,88.0,17.6,58.2
1604467743,76.0,80.0,86.0,88.0,17.6,58.2
1604467744,76.0,80.0,86.0,88.0,17.6,58.2
1604467745,76.0,80.0,86.0,88.0,17.6,58.2
1604467746,75.0,80.0,86.0,88.0,17.6,58.2
1604467747,75.0,80.0,86.0,88.0,17.6,58.2
1604467748,75.0,81.0,87.0,87.0,17.6,58.2
1604467749,75.0,81.0,88.0,87.0,17.6,58.2
1604467750,75.0,81.0,88.0,87.0,17.6,58.2
1604467751,75.0,80.0,89.0,87.0,17.6,58.2
1604467752,75.0,80.0,90.0,87.0,17.6,58.2
1604467753,75.0,79.0,90.0,86.0,17.6,58.2
1604467754,75.0,79.0,90.0,86.0,17.6,58.2
1604467755,75.0,79.0,91.0,86.0,17.7,58.3
1604467756,75.0,78.0,91.0,86.0,17.7,58.3
1604467757,76.0,78.0,90.0,85.0,17.7,58.3
1604467758,76.0,78.0,90.0,85.0,17.7,58.3
1604467759,76.0,78.0,90.0,85.0,17.7,58.3
1604467760,76.0,78.0,90.0,84.0,17.7,58.3
1604467761,76.0,78.0,90.0,84.0,17.7,58.3
1604467762,76.0,78.0,89.0,84.0,17.7,58.3
1604467763,76.0,78.0,89.0,84.0,17.7,58.3
1604467764,75.88888888888889,78.11111111111111,88.88888888888889,83.88888888888889,17.7,58.3
1604467765,75.77777777777777,78.22222222222223,88.77777777777777,83.77777777777777,17.7,58.3
1604467766,75.66666666666667,78.33333333333333,88.66666666666667,83.66666666666667,17.7,58.3
1604467767,75.55555555555556,78.44444444444444,88.55555555555556,83.55555555555556,17.7,58.3
1604467768,75.44444444444444,78.55555555555556,88.44444444444444,83.44444444444444,17.7,58.3
1604467769,75.33333333333333,78.66666666666667,88.33333333333333,83.33333333333333,17.7,58.3
1604467770,75.22222222222223,78.77777777777777,88.22222222222223,83.22222222222223,17.7,58.3
1604467771,75.11111111111111,78.88888888888889,88.11111111111111,83.11111111111111,17.7,58.3
1604467772,75.0,79.0,88.0,83.0,17.7,58.3
1604467773,75.0,79.0,88.0,83.0,17.6,58.2
1604467774,75.0,79.0,88.0,83.0,17.6,58.2
1604467775,75.0,79.0,87.0,84.0,17.6,58.2
1604467776,76.0,80.0,87.0,84.0,17.6,58.2
1604467777,76.0,79.0,87.0,85.0,17.6,58.2
1604467778,76.0,79.0,87.0,85.0,17.7,58.2
1604467779,76.0,78.0,87.0,85.0,17.7,58.2
1604467780,76.0,78.0,86.0,86.0,17.7,58.2
1604467781,77.0,78.0,86.0,87.0,17.7,58.2
1604467782,77.0,77.0,86.0,87.0,17.7,58.2
1604467783,77.0,77.0,86.0,87.0,17.7,58.2
1604467784,76.0,78.0,86.0,87.0,17.7,58.2
1604467785,76.0,78.0,87.0,87.0,17.7,58.2
1604467786,76.0,78.0,87.0,86.0,17.7,58.2
1604467787,76.0,78.0,87.0,86.0,17.7,58.2
1604467788,76.0,78.0,87.0,86.0,17.7,58.1
1604467789,75.0,79.0,88.0,86.0,17.7,58.1
1604467790,75.0,79.0,88.0,85.0,17.7,58.1
1604467791,75.0,80.0,88.0,85.0,17.7,58.1
1604467792,75.0,80.0,88.0,85.0,17.7,58.1
1604467793,75.0,80.0,88.0,85.0,17.7,58.1
1604467794,75.0,81.0,88.0,85.0,17.7,58.1
1604467795,75.0,81.0,88.0,85.0,17.7,58.1
1604467796,75.0,81.0,88.0,86.0,17.7,58.1
1604467797,75.0,81.0,89.0,86.0,17.7,58.1
1604467798,76.0,81.0,89.0,86.0,17.7,58.0
1604467799,76.0,81.0,89.0,87.0,17.7,58.0
1604467800,77.0,81.0,89.0,88.0,17.7,58.0
1604467801,77.0,80.0,89.0,88.0,17.7,58.0
1604467802,77.0,80.0,88.0,88.0,17.7,58.0
1604467803,77.0,80.0,88.0,89.0,17.6,57.9
1604467804,78.0,80.0,88.0,89.0,17.6,57.9
1604467805,78.0,80.0,87.0,89.0,17.6,57.9
1604467806,78.0,80.0,87.0,89.0,17.6,57.9
1604467807,78.0,80.0,86.0,89.0,17.6,57.9
1604467808,78.0,79.0,86.0,89.0,17.7,58.0
1604467809,78.0,79.0,86.0,89.0,17.7,58.0
1604467810,78.0,80.0,86.0,88.0,17.7,58.0
1604467811,77.0,80.0,86.0,88.0,17.7,58.0
1604467812,77.0,80.0,87.0,87.0,17.7,58.0
1604467813,77.0,81.0,87.0,87.0,17.7,57.9
1604467814,77.0,81.0,88.0,86.0,17.7,57.9
1604467815,77.0,81.0,88.0,86.0,17.7,57.9
1604467816,77.0,81.0,88.0,85.0,17.7,57.9
1604467817,77.0,82.0,90.0,85.0,17.7,57.9
1604467818,77.0,82.0,91.0,84.0,17.6,57.9
1604467819,77.0,83.0,91.0,84.0,17.6,57.9
1604467820,77.0,83.0,91.0,83.0,17.6,57.9
1604467821,77.0,83.0,90.0,83.0,17.6,57.9
1604467822,77.0,83.0,90.0,83.0,17.6,57.9
1604467823,77.0,83.0,89.0,83.0,17.7,58.0
1604467824,77.0,83.0,89.0,82.0,17.7,58.0
1604467825,77.0,83.0,88.0,82.0,17.7,58.0
1604467826,77.0,82.0,88.0,82.0,17.7,58.0
1604467827,77.0,82.0,87.0,82.0,17.7,58.0
1604467828,77.0,82.0,87.0,82.0,17.7,57.9
1604467829,77.0,82.0,87.0,82.0,17.7,57.9
1604467830,77.0,81.0,87.0,82.0,17.7,57.9
1604467831,77.0,81.0,87.0,82.0,17.7,57.9
1604467832,77.0,81.0,87.0,83.0,17.7,57.9
1604467833,76.0,81.0,87.0,83.0,17.6,57.9
1604467834,76.0,81.0,87.0,84.0,17.6,57.9
1604467835,76.0,82.0,87.0,84.0,17.6,57.9
1604467836,76.0,82.0,86.0,85.0,17.6,57.9
1604467837,76.0,82.0,86.0,85.0,17.6,57.9
1604467838,76.0,82.0,86.0,86.0,17.7,58.0
1604467839,76.0,82.0,85.0,86.0,17.7,58.0
1604467840,76.0,82.0,85.0,86.0,17.7,58.0
1604467841,77.0,82.0,85.0,87.0,17.7,58.0
1604467842,77.0,82.0,85.0,86.0,17.7,58.0
1604467843,77.0,81.0,84.0,86.0,17.7,58.0
1604467844,77.0,81.0,85.0,86.0,17.7,58.0
1604467845,77.0,80.0,85.0,85.0,17.7,58.0
1604467846,77.0,80.0,85.0,85.0,17.7,58.0
1604467847,77.0,80.0,86.0,85.0,17.7,58.0
1604467848,77.0,79.0,86.0,84.0,17.7,58.0
1604467849,77.0,79.0,86.0,84.0,17.7,58.0
1604467850,77.0,79.0,86.0,84.0,17.7,58.0
1604467851,77.0,79.0,86.0,84.0,17.7,58.0
1604467852,77.0,79.0,86.0,84.0,17.7,58.0
1604467853,77.0,80.0,86.0,84.0,17.7,57.9
1604467854,77.0,80.0,86.0,85.0,17.7,57.9
1604467855,78.0,80.0,86.0,85.0,17.7,57.9
1604467856,78.0,80.0,86.0,86.0,17.7,57.9
1604467857,78.0,81.0,86.0,86.0,17.7,57.9
1604467858,78.0,81.0,86.0,87.0,17.7,57.8
1604467859,77.0,81.0,85.0,87.0,17.7,57.8
1604467860,76.0,81.0,84.0,88.0,17.7,57.8
1604467861,76.0,81.0,84.0,88.0,17.7,57.8
1604467862,75.0,81.0,83.0,88.0,17.7,57.8
1604467863,75.0,81.0,82.0,89.0,17.7,57.8
1604467864,74.0,81.0,81.0,88.0,17.7,57.8
1604467865,74.0,81.0,81.0,88.0,17.7,57.8
1604467866,74.0,82.0,80.0,88.0,17.7,57.8
1604467867,74.0,82.0,80.0,88.0,17.7,57.8
1604467868,74.0,82.0,80.0,88.0,17.7,57.8
1604467869,74.0,82.0,80.0,88.0,17.7,57.8
1604467870,74.0,82.0,80.0,88.0,17.7,57.8
1604467871,74.0,83.0,80.0,87.0,17.7,57.8
1604467872,75.0,82.0,80.0,87.0,17.7,57.8
1604467873,75.0,82.0,80.0,87.0,17.7,57.8
1604467874,75.0,82.0,80.0,87.0,17.7,57.8
1604467875,76.0,82.0,80.0,87.0,17.7,57.8
1604467876,76.0,82.0,81.0,87.0,17.7,57.8
1604467877,76.0,82.0,81.0,87.0,17.7,57.8
1604467878,76.0,82.0,81.0,87.0,17.7,57.8
1604467879,76.0,82.0,81.0,88.0,17.7,57.8
1604467880,75.0,82.0,82.0,88.0,17.7,57.8
1604467881,75.0,83.0,83.0,88.0,17.7,57.8
1604467882,74.0,83.0,83.0,87.0,17.7,57.8
1604467883,74.0,83.0,84.0,87.0,17.7,57.8
1604467884,73.0,83.0,84.0,87.0,17.7,57.8
1604467885,73.0,83.0,84.0,87.0,17.7,57.8
1604467886,72.0,83.0,85.0,87.0,17.7,57.8
1604467887,72.0,83.0,85.0,87.0,17.7,57.8
1604467888,72.0,83.0,85.0,87.0,17.7,57.8
1604467889,71.0,83.0,85.0,86.0,17.7,57.8
1604467890,72.0,83.0,85.0,87.0,17.7,57.8
1604467891,72.0,83.0,85.0,87.0,17.7,57.8
1604467892,72.0,83.0,85.0,87.0,17.7,57.8
1604467893,72.0,83.0,85.0,87.0,17.7,57.8
1604467894,73.0,83.0,84.0,87.0,17.7,57.8
1604467895,73.0,83.0,84.0,87.0,17.7,57.8
1604467896,73.0,83.0,84.0,88.0,17.7,57.8
1604467897,73.0,83.0,84.0,88.0,17.7,57.8
1604467898,73.0,84.0,84.0,89.0,17.7,57.8
1604467899,74.0,84.0,83.0,89.0,17.7,57.8
1604467900,74.0,84.0,83.0,90.0,17.7,57.8
1604467901,74.0,85.0,82.0,90.0,17.7,57.8
1604467902,74.0,85.0,82.0,90.0,17.7,57.8
1604467903,74.0,85.0,82.0,91.0,17.7,57.8
1604467904,74.0,86.0,83.0,91.0,17.7,57.8
1604467905,74.0,83.0,83.0,91.0,17.7,57.8
1604467906,74.0,83.0,83.0,91.0,17.7,57.8
1604467907,74.0,83.0,84.0,91.0,17.7,57.8
1604467908,74.0,82.0,84.0,91.0,17.7,57.8
1604467909,74.0,82.0,85.0,91.0,17.7,57.8
1604467910,74.0,82.0,85.0,91.0,17.7,57.8
1604467911,74.0,82.0,85.0,92.0,17.7,57.8
1604467912,74.0,81.0,86.0,92.0,17.7,57.8
1604467913,74.0,81.0,86.0,92.0,17.7,57.8
1604467914,74.0,81.0,85.0,92.0,17.7,57.8
1604467915,74.0,80.0,85.0,92.0,17.7,57.8
1604467916,74.0,80.0,84.0,91.0,17.7,57.8
1604467917,74.0,80.0,84.0,91.0,17.7,57.8
1604467918,74.0,80.0,83.0,91.0,17.7,57.8
1604467919,73.0,81.0,83.0,91.0,17.7,57.8
1604467920,73.0,81.0,82.0,90.0,17.7,57.8
1604467921,73.0,82.0,82.0,90.0,17.7,57.8
1604467922,73.0,83.0,81.0,90.0,17.7,57.8
1604467923,73.0,83.0,81.0,90.0,17.8,57.9
1604467924,73.0,83.0,81.0,90.0,17.8,57.9
1604467925,73.0,85.0,81.0,90.0,17.8,57.9
1604467926,73.0,86.0,81.0,90.0,17.8,57.9
1604467927,73.0,86.0,81.0,90.0,17.8,57.9
1604467928,74.0,87.0,81.0,89.0,17.7,57.8
1604467929,74.0,87.0,82.0,89.0,17.7,57.8
1604467930,75.0,87.0,82.0,89.0,17.7,57.8
1604467931,75.0,87.0,82.0,89.0,17.7,57.8
1604467932,75.0,88.0,83.0,89.0,17.7,57.8
1604467933,75.0,88.0,83.0,89.0,17.7,57.7
1604467934,75.0,88.0,84.0,89.0,17.7,57.7
1604467935,74.0,88.0,84.0,89.0,17.7,57.7
1604467936,74.0,88.0,84.0,88.0,17.7,57.7
1604467937,73.0,87.0,85.0,88.0,17.7,57.7
1604467938,73.0,87.0,86.0,88.0,17.7,57.8
1604467939,72.0,87.0,86.0,87.0,17.7,57.8
1604467940,72.0,87.0,86.0,86.0,17.7,57.8
1604467941,71.0,87.0,86.0,86.0,17.7,57.8
1604467942,71.0,86.0,86.0,86.0,17.7,57.8
1604467943,70.0,86.0,86.0,86.0,17.8,57.9
1604467944,69.0,85.0,86.0,86.0,17.8,57.9
1604467945,69.0,84.0,86.0,86.0,17.8,57.9
1604467946,69.0,84.0,86.0,86.0,17.8,57.9
1604467947,69.0,83.0,86.0,87.0,17.8,57.9
1604467948,69.0,82.0,86.0,87.0,17.8,57.9
1604467949,70.0,81.0,87.0,88.0,17.8,57.9
1604467950,70.0,81.0,87.0,88.0,17.8,57.9
1604467951,71.0,81.0,87.0,89.0,17.8,57.9
1604467952,71.0,81.0,87.0,90.0,17.8,57.9
1604467953,72.0,81.0,88.0,91.0,17.8,57.9
1604467954,72.0,81.0,88.0,91.0,17.8,57.9
1604467955,73.0,82.0,88.0,92.0,17.8,57.9
1604467956,74.0,82.0,88.0,92.0,17.8,57.9
1604467957,74.0,83.0,88.0,93.0,17.8,57.9
1604467958,74.0,83.0,88.0,93.0,17.7,57.8
1604467959,74.0,84.0,87.0,92.0,17.7,57.8
1604467960,75.0,84.0,87.0,92.0,17.7,57.8
1604467961,75.0,85.0,86.0,92.0,17.7,57.8
1604467962,75.0,85.0,86.0,91.0,17.7,57.8
1604467963,76.0,85.0,86.0,91.0,17.7,57.9
1604467964,76.0,85.0,85.0,90.0,17.7,57.9
1604467965,75.0,84.0,85.0,90.0,17.7,57.9
1604467966,75.0,84.0,85.0,89.0,17.7,57.9
1604467967,75.0,84.0,85.0,89.0,17.7,57.9
1604467968,75.0,84.0,84.5,89.5,17.75,57.95
1604467969,75.0,84.0,84.0,90.0,17.8,58.0
1604467970,75.0,84.0,84.0,90.0,17.8,58.0
1604467971,74.0,83.0,84.0,91.0,17.8,58.0
1604467972,74.0,82.0,84.0,91.0,17.8,58.0
1604467973,74.0,81.0,84.0,91.0,17.8,58.0
1604467974,74.0,81.0,84.0,92.0,17.8,58.0
1604467975,74.0,81.0,84.0,92.0,17.8,58.0
1604467976,74.0,81.0,84.0,92.0,17.8,58.0
1604467977,74.0,81.0,84.0,92.0,17.8,58.0
1604467978,74.0,81.0,84.0,92.0,17.8,58.0
1604467979,74.0,81.0,84.0,92.0,17.8,58.0
1604467980,74.0,81.0,84.0,92.0,17.8,58.0
1604467981,74.0,81.0,84.0,92.0,17.8,58.0
1604467982,74.0,81.0,84.0,92.0,17.8,58.0
1604467983,74.0,81.0,84.0,92.0,17.8,58.0
1604467984,74.0,80.0,84.0,92.0,17.8,58.0
1604467985,74.0,79.0,84.0,91.0,17.8,58.0
1604467986,74.0,79.0,84.0,91.0,17.8,58.0
1604467987,74.0,79.0,85.0,90.0,17.8,58.0
1604467988,74.0,79.0,85.0,90.0,17.8,58.0
1604467989,74.0,79.0,85.0,89.0,17.8,58.0
1604467990,74.0,80.0,85.0,88.0,17.8,58.0
1604467991,74.0,80.0,85.0,88.0,17.8,58.0
1604467992,74.0,81.0,85.0,87.0,17.8,58.1
1604467993,73.0,81.0,86.0,87.0,17.8,58.1
1604467994,73.0,82.0,86.0,87.0,17.8,58.1
1604467995,73.0,82.0,86.0,87.0,17.8,58.1
1604467996,73.0,83.0,86.0,87.0,17.8,58.1
1604467997,72.0,83.0,86.0,87.0,17.8,58.1
1604467998,72.0,83.0,87.0,88.0,17.8,58.1
1604467999,72.0,83.0,87.0,88.0,17.8,58.1
1604468000,72.0,83.0,87.0,88.0,17.8,58.1
1604468001,73.0,83.0,87.0,88.0,17.8,58.1
1604468002,73.0,83.0,87.0,88.0,17.8,58.1
1604468003,73.0,83.0,86.0,88.0,17.8,58.1
1604468004,73.0,83.0,86.0,88.0,17.8,58.1
1604468005,73.0,83.0,86.0,88.0,17.8,58.1
1604468006,74.0,83.0,86.0,88.0,17.8,58.1
1604468007,74.0,83.0,86.0,88.0,17.8,58.1
1604468008,74.0,83.0,86.0,88.0,17.8,58.1
1604468009,74.0,82.0,86.0,88.0,17.8,58.1
1604468010,74.0,82.0,86.0,88.0,17.8,58.1
1604468011,74.0,82.0,86.0,88.0,17.8,58.1
1604468012,74.0,81.0,87.0,88.0,17.8,58.0
1604468013,75.0,81.0,87.0,88.0,17.8,58.0
1604468014,75.0,81.0,87.0,87.0,17.8,58.0
1604468015,76.0,81.0,87.0,88.0,17.8,58.0
1604468016,77.0,81.0,87.0,87.0,17.8,58.0
1604468017,77.0,81.0,87.0,88.0,17.8,58.1
1604468018,77.0,81.0,86.0,88.0,17.8,58.1
1604468019,79.0,81.0,86.0,88.0,17.8,58.1
1604468020,79.0,82.0,86.0,88.0,17.8,58.1
1604468021,80.0,82.0,86.0,89.0,17.8,58.1
1604468022,80.0,82.0,86.0,89.0,17.8,58.0
1604468023,80.0,82.0,85.0,89.0,17.8,58.0
1604468024,80.0,81.0,85.0,89.0,17.8,58.0
1604468025,80.0,81.0,85.0,90.0,17.8,58.0
1604468026,80.0,81.0,84.0,90.0,17.8,58.0
1604468027,79.0,81.0,84.0,90.0,17.8,57.9
1604468028,79.0,80.0,84.0,89.0,17.8,57.9
1604468029,79.0,80.0,84.0,89.0,17.8,57.9
1604468030,78.0,81.0,84.0,89.0,17.8,57.9
1604468031,78.0,81.0,83.0,89.0,17.8,57.9
1604468032,78.0,81.0,83.0,89.0,17.9,58.0
1604468033,77.0,82.0,83.0,88.0,17.9,58.0
1604468034,77.0,82.0,83.0,88.0,17.9,58.0
1604468035,77.0,82.0,83.0,87.0,17.9,58.0
1604468036,77.0,83.0,83.0,87.0,17.9,58.0
1604468037,76.0,83.0,83.0,87.0,17.9,57.7
1604468038,76.0,84.0,82.0,86.0,17.9,57.7
1604468039,75.0,84.0,82.0,86.0,17.9,57.7
1604468040,75.0,83.0,82.0,86.0,17.9,57.7
1604468041,74.0,83.0,82.0,86.0,17.9,57.7
1604468042,74.0,82.0,82.0,86.0,17.9,57.7
1604468043,73.0,82.0,82.0,86.0,17.9,57.7
1604468044,73.0,81.0,82.0,86.0,17.9,57.7
1604468045,73.0,81.0,82.0,86.0,17.9,57.7
1604468046,73.0,81.0,83.0,86.0,17.9,57.7
1604468047,72.0,81.0,83.0,86.0,17.9,57.7
1604468048,72.0,81.0,83.0,86.0,17.9,57.7
1604468049,72.0,81.0,84.0,86.0,17.9,57.7
1604468050,72.0,80.0,85.0,86.0,17.9,57.7
1604468051,72.0,81.0,85.0,86.0,17.9,57.7
1604468052,72.0,80.0,87.0,86.0,17.9,57.6
1604468053,73.0,80.0,88.0,86.0,17.9,57.6
1604468054,73.0,80.0,89.0,86.0,17.9,57.6
1604468055,74.0,80.0,89.0,87.0,17.9,57.6
1604468056,74.0,79.0,89.0,87.0,17.9,57.6
1604468057,74.0,79.0,89.0,87.0,17.9,57.6
1604468058,74.0,79.0,89.0,87.0,17.9,57.6
1604468059,75.0,78.0,89.0,88.0,17.9,57.6
1604468060,75.0,78.0,89.0,88.0,17.9,57.6
1604468061,75.0,77.0,88.0,88.0,17.9,57.6
1604468062,75.0,77.0,87.0,88.0,17.9,57.6
1604468063,75.0,77.0,87.0,89.0,17.9,57.6
1604468064,75.0,77.0,85.0,89.0,17.9,57.6
1604468065,75.0,76.0,85.0,88.0,17.9,57.6
1604468066,74.0,76.0,84.0,88.0,17.9,57.6
1604468067,74.0,76.0,84.0,88.0,17.9,57.6
1604468068,74.0,76.0,84.0,89.0,17.9,57.6
1604468069,73.0,76.0,84.0,88.0,17.9,57.6
1604468070,73.0,76.0,83.0,88.0,17.9,57.6
1604468071,73.0,77.0,83.0,88.0,17.9,57.6
1604468072,72.0,77.0,83.0,88.0,17.9,57.7
1604468073,72.0,77.0,83.0,89.0,17.9,57.7
1604468074,71.0,78.0,83.0,89.0,17.9,57.7
1604468075,71.0,78.0,83.0,89.0,17.9,57.7
1604468076,71.0,79.0,83.0,89.0,17.9,57.7
1604468077,71.0,79.0,83.0,89.0,18.0,57.7
1604468078,70.0,80.0,83.0,89.0,18.0,57.7
1604468079,70.0,80.0,83.0,90.0,18.0,57.7
1604468080,70.0,80.0,83.0,90.0,18.0,57.7
1604468081,70.0,81.0,84.0,90.0,18.0,57.7
1604468082,70.0,81.0,84.0,89.0,17.9,57.6
1604468083,71.0,81.0,84.0,89.0,17.9,57.6
1604468084,71.0,81.0,85.0,89.0,17.9,57.6
1604468085,72.0,81.0,85.0,89.0,17.9,57.6
1604468086,72.0,82.0,85.0,89.0,17.9,57.6
1604468087,73.0,81.0,86.0,89.0,18.0,57.6
1604468088,73.0,81.0,86.0,89.0,18.0,57.6
1604468089,74.0,81.0,86.0,89.0,18.0,57.6
1604468090,74.0,80.0,86.0,89.0,18.0,57.6
1604468091,74.0,80.0,87.0,89.0,18.0,57.6
1604468092,74.0,79.0,87.0,89.0,18.0,57.6
1604468093,74.0,79.0,87.0,89.0,18.0,57.6
1604468094,73.0,78.0,86.0,89.0,18.0,57.6
1604468095,73.0,78.0,86.0,89.0,18.0,57.6
1604468096,72.0,78.0,85.0,89.0,18.0,57.6
1604468097,72.0,78.0,84.0,89.0,18.0,57.5
1604468098,72.0,78.0,84.0,89.0,18.0,57.5
1604468099,72.0,78.0,83.0,89.0,18.0,57.5
1604468100,71.0,79.0,83.0,89.0,18.0,57.5
1604468101,71.0,79.0,83.0,89.0,18.0,57.5
1604468102,71.0,80.0,82.0,89.0,18.0,57.5
1604468103,71.0,80.0,82.0,89.0,18.0,57.5
1604468104,72.0,81.0,82.0,89.0,18.0,57.5
1604468105,72.0,81.0,82.0,90.0,18.0,57.5
1604468106,73.0,81.0,82.0,90.0,18.0,57.5
1604468107,73.0,81.0,83.0,89.0,18.0,57.4
1604468108,73.0,80.0,83.0,90.0,18.0,57.4
1604468109,73.0,80.0,84.0,90.0,18.0,57.4
1604468110,73.0,80.0,84.0,91.0,18.0,57.4
1604468111,73.0,79.0,84.0,91.0,18.0,57.4
1604468112,73.0,79.0,85.0,91.0,18.0,57.4
1604468113,73.0,79.0,85.0,91.0,18.0,57.4
1604468114,73.0,79.0,85.0,91.0,18.0,57.4
1604468115,73.0,79.0,85.0,91.0,18.0,57.4
1604468116,72.0,80.0,85.0,91.0,18.0,57.4
1604468117,72.0,80.0,85.0,91.0,18.0,57.3
1604468118,72.0,80.0,86.0,91.0,18.0,57.3
1604468119,72.0,82.0,86.0,91.0,18.0,57.3
1604468120,72.0,83.0,86.0,90.0,18.0,57.3
1604468121,71.0,83.0,86.0,90.0,18.0,57.3
1604468122,71.0,84.0,85.0,90.0,18.0,57.3
1604468123,71.0,84.0,85.0,90.0,18.0,57.3
1604468124,71.0,84.0,85.0,90.0,18.0,57.3
1604468125,70.0,84.0,84.0,90.0,18.0,57.3
1604468126,70.0,84.0,84.0,90.0,18.0,57.3
1604468127,70.0,84.0,84.0,90.0,18.0,57.3
1604468128,70.0,83.0,84.0,90.0,18.0,57.3
1604468129,69.0,82.0,84.0,91.0,18.0,57.3
1604468130,69.0,81.0,84.0,91.0,18.0,57.3
1604468131,69.0,81.0,84.0,91.0,18.0,57.3
1604468132,70.0,81.0,85.0,91.0,18.0,57.3
1604468133,69.0,81.0,85.0,92.0,18.0,57.3
1604468134,70.0,81.0,86.0,92.0,18.0,57.3
1604468135,70.0,83.0,86.0,92.0,18.0,57.3
1604468136,70.0,84.0,86.0,92.0,18.0,57.3
1604468137,70.0,84.0,87.0,92.0,18.0,57.3
1604468138,70.0,84.0,87.0,92.0,18.0,57.3
1604468139,70.0,85.0,88.0,92.0,18.0,57.3
1604468140,70.0,85.0,89.0,91.0,18.0,57.3
1604468141,71.0,85.0,89.0,92.0,18.0,57.3
1604468142,71.0,86.0,89.0,92.0,18.0,57.3
1604468143,70.0,86.0,89.0,92.0,18.0,57.3
1604468144,70.0,86.0,90.0,92.0,18.0,57.3
1604468145,71.0,86.0,90.0,91.0,18.0,57.3
1604468146,71.0,86.0,90.0,91.0,18.0,57.3
1604468147,71.0,86.0,90.0,91.0,18.0,57.2
1604468148,71.0,86.0,90.0,91.0,18.0,57.2
1604468149,71.0,86.0,89.0,91.0,18.0,57.2
1604468150,72.0,86.0,89.0,91.0,18.0,57.2
1604468151,72.0,86.0,88.0,91.0,18.0,57.2
1604468152,72.0,85.0,88.0,91.0,18.0,57.2
1604468153,72.0,85.0,87.0,91.0,18.0,57.2
1604468154,72.0,85.0,87.0,92.0,18.0,57.2
1604468155,72.0,85.0,87.0,92.0,18.0,57.2
1604468156,72.0,84.0,86.0,93.0,18.0,57.2
1604468157,72.0,84.0,85.0,94.0,18.0,57.1
1604468158,72.0,83.0,84.0,94.0,18.0,57.1
1604468159,72.0,83.0,84.0,95.0,18.0,57.1
1604468160,72.0,82.0,84.0,95.0,18.0,57.1
1604468161,72.0,82.0,83.0,96.0,18.0,57.1
1604468162,73.0,82.0,83.0,96.0,18.0,57.1
1604468163,73.0,82.0,84.0,90.0,18.0,57.1
1604468164,73.0,82.0,84.0,90.0,18.0,57.1
1604468165,73.0,82.0,84.0,90.0,18.0,57.1
1604468166,73.0,82.0,85.0,90.0,18.0,57.1
1604468167,73.0,82.0,85.0,91.0,18.0,57.1
1604468168,73.0,83.0,86.0,91.0,18.0,57.1
1604468169,73.0,83.0,87.0,92.0,18.0,57.1
1604468170,72.0,83.0,88.0,92.0,18.0,57.1
1604468171,72.0,84.0,88.0,92.0,18.0,57.1
1604468172,72.0,84.0,89.0,93.0,18.0,57.1
1604468173,72.0,84.0,89.0,93.0,18.0,57.1
1604468174,72.0,84.0,88.0,93.0,18.0,57.1
1604468175,73.0,84.0,88.0,94.0,18.0,57.1
1604468176,73.0,84.0,88.0,94.0,18.0,57.1
1604468177,73.0,84.0,88.0,94.0,18.0,57.0
1604468178,74.0,84.0,88.0,94.0,18.0,57.0
1604468179,74.0,84.0,88.0,94.0,18.0,57.0
1604468180,75.0,84.0,87.0,94.0,18.0,57.0
1604468181,75.0,84.0,86.0,94.0,18.0,57.0
1604468182,75.0,83.0,86.0,94.0,18.0,57.0
1604468183,75.0,84.0,85.0,94.0,18.0,57.0
1604468184,75.0,84.0,85.0,95.0,18.0,57.0
1604468185,75.0,84.0,85.0,94.0,18.0,57.0
1604468186,76.0,85.0,84.0,94.0,18.0,57.0
1604468187,76.0,85.0,83.0,94.0,18.0,57.0
1604468188,76.0,85.0,83.0,93.0,18.0,57.0
1604468189,75.88888888888889,85.0,82.88888888888889,93.0,18.0,57.0
1604468190,75.77777777777777,85.0,82.77777777777777,93.0,18.0,57.0
1604468191,75.66666666666667,85.0,82.66666666666667,93.0,18.0,57.0
1604468192,75.55555555555556,85.0,82.55555555555556,93.0,18.0,57.0
1604468193,75.44444444444444,85.0,82.44444444444444,93.0,18.0,57.0
1604468194,75.33333333333333,85.0,82.33333333333333,93.0,18.0,57.0
1604468195,75.22222222222223,85.0,82.22222222222223,93.0,18.0,57.0
1604468196,75.11111111111111,85.0,82.11111111111111,93.0,18.0,57.0
1604468197,75.0,85.0,82.0,93.0,18.0,57.0
1604468198,74.0,85.0,81.0,92.0,18.0,57.0
1604468199,74.0,84.0,81.0,92.0,18.0,57.0
1604468200,74.0,84.0,81.0,91.0,18.0,57.1
1604468201,73.0,83.0,82.0,91.0,18.0,57.1
1604468202,72.0,83.0,82.0,90.0,18.0,57.1
1604468203,72.0,82.0,83.0,90.0,18.0,57.1
1604468204,72.0,81.0,84.0,90.0,18.0,57.1
1604468205,71.0,81.0,85.0,90.0,18.0,57.3
1604468206,71.0,81.0,86.0,90.0,18.0,57.3
1604468207,71.0,80.0,86.0,90.0,18.0,57.3
1604468208,70.0,80.0,86.0,90.0,18.0,57.3
1604468209,70.0,80.0,88.0,90.0,18.0,57.3
1604468210,71.0,80.0,88.0,90.0,18.0,57.3
1604468211,71.0,80.0,88.0,91.0,18.0,57.3
1604468212,72.0,81.0,88.0,91.0,18.0,57.3
1604468213,72.0,81.0,88.0,91.0,18.0,57.3
1604468214,72.0,81.0,87.0,91.0,18.0,57.3
1604468215,72.0,81.0,86.0,91.0,18.0,57.3
1604468216,73.0,81.0,85.0,90.0,18.0,57.3
1604468217,73.0,81.0,84.0,90.0,18.0,57.3
1604468218,74.0,83.0,84.0,90.0,18.0,57.3
1604468219,74.0,83.0,83.0,89.0,18.0,57.3
1604468220,74.0,83.0,83.0,89.0,18.0,57.3
1604468221,74.0,84.0,82.0,88.0,18.0,57.3
1604468222,74.0,85.0,82.0,88.0,18.0,57.3
1604468223,74.0,85.0,82.0,88.0,18.0,57.3
1604468224,74.0,86.0,82.0,88.0,18.0,57.3
1604468225,73.0,86.0,83.0,88.0,18.0,57.3
1604468226,73.0,86.0,83.0,88.0,18.0,57.3
1604468227,72.0,86.0,84.0,88.0,18.0,57.3
1604468228,72.0,86.0,85.0,88.0,18.0,57.3
1604468229,72.0,85.0,85.0,89.0,18.0,57.3
1604468230,72.0,85.0,85.0,89.0,18.0,57.3
1604468231,72.0,84.0,86.0,90.0,18.0,57.3
1604468232,72.0,84.0,86.0,90.0,18.0,57.3
1604468233,72.0,84.0,86.0,90.0,18.0,57.3
1604468234,72.0,83.0,86.0,90.0,18.0,57.3
1604468235,72.0,83.0,86.0,90.0,18.0,57.3
1604468236,73.0,83.0,86.0,90.0,18.0,57.3
1604468237,74.0,82.0,86.0,91.0,18.0,57.3
1604468238,74.0,82.0,86.0,91.0,18.0,57.3
1604468239,75.0,82.0,85.0,91.0,18.0,57.3
1604468240,75.0,83.0,85.0,91.0,18.1,57.3
1604468241,75.0,83.0,85.0,91.0,18.1,57.3
1604468242,76.0,83.0,85.0,91.0,18.1,57.3
1604468243,77.0,83.0,85.0,91.0,18.1,57.3
1604468244,77.0,83.0,85.0,91.0,18.1,57.3
1604468245,77.0,83.0,85.0,92.0,18.0,57.1
1604468246,77.0,83.0,84.0,91.0,18.0,57.1
1604468247,77.0,84.0,84.0,91.0,18.0,57.1
1604468248,78.0,84.0,84.0,91.0,18.0,57.1
1604468249,78.0,85.0,84.0,91.0,18.0,57.1
1604468250,78.0,85.0,84.0,91.0,18.1,57.2
1604468251,78.0,85.0,84.0,91.0,18.1,57.2
1604468252,78.0,86.0,84.0,91.0,18.1,57.2
1604468253,77.0,86.0,83.0,91.0,18.1,57.2
1604468254,77.0,86.0,84.0,90.0,18.1,57.2
1604468255,77.0,86.0,84.0,90.0,18.0,57.1
1604468256,77.0,86.0,84.0,90.0,18.0,57.1
1604468257,77.0,86.0,84.0,90.0,18.0,57.1
1604468258,76.0,86.0,84.0,90.0,18.0,57.1
1604468259,76.0,86.0,84.0,90.0,18.0,57.1
1604468260,75.0,85.0,84.0,90.0,18.1,57.2
1604468261,75.0,85.0,84.0,90.0,18.1,57.2
1604468262,75.0,85.0,84.0,89.0,18.1,57.2
1604468263,75.0,84.0,84.0,89.0,18.1,57.2
1604468264,75.0,84.0,84.0,89.0,18.1,57.2
1604468265,75.0,84.0,83.0,89.0,18.1,57.1
1604468266,74.0,83.0,83.0,89.0,18.1,57.1
1604468267,74.0,83.0,82.0,88.0,18.1,57.1
1604468268,74.0,82.0,82.0,88.0,18.1,57.1
1604468269,74.0,82.0,83.0,88.0,18.1,57.1
1604468270,73.0,81.0,83.0,88.0,18.0,57.0
1604468271,73.0,81.0,84.0,88.0,18.0,57.0
1604468272,73.0,81.0,84.0,88.0,18.0,57.0
1604468273,74.0,81.0,84.0,88.0,18.0,57.0
1604468274,74.0,81.0,85.0,88.0,18.0,57.0
1604468275,74.0,80.0,85.0,89.0,18.1,57.2
1604468276,75.0,81.0,86.0,89.0,18.1,57.2
1604468277,75.0,81.0,86.0,90.0,18.1,57.2
1604468278,75.0,81.0,86.0,90.0,18.1,57.2
1604468279,76.0,81.0,87.0,90.0,18.1,57.2
1604468280,76.0,81.0,87.0,90.0,18.1,57.1
1604468281,77.0,81.0,87.0,90.0,18.1,57.1
1604468282,77.0,81.0,87.0,90.0,18.1,57.1
1604468283,77.0,82.0,86.0,90.0,18.1,57.1
1604468284,76.0,82.0,86.0,90.0,18.1,57.1
1604468285,76.0,82.0,86.0,89.0,18.1,57.1
1604468286,76.0,82.0,87.0,89.0,18.1,57.1
1604468287,75.0,83.0,87.0,89.0,18.1,57.1
1604468288,75.0,83.0,87.0,89.0,18.1,57.1
1604468289,74.0,83.0,86.0,89.0,18.1,57.1
1604468290,74.0,83.0,86.0,89.0,18.1,57.1
1604468291,74.0,83.0,86.0,88.0,18.1,57.1
1604468292,73.0,83.0,86.0,89.0,18.1,57.1
1604468293,73.0,83.0,86.0,88.0,18.1,57.1
1604468294,73.0,83.0,87.0,88.0,18.1,57.1
1604468295,73.0,83.0,86.0,88.0,18.1,57.0
1604468296,73.0,82.0,86.0,88.0,18.1,57.0
1604468297,73.0,82.0,86.0,88.0,18.1,57.0
1604468298,73.0,81.0,86.0,89.0,18.1,57.0
1604468299,73.0,80.0,87.0,89.0,18.1,57.0
1604468300,73.0,80.0,87.0,89.0,18.1,57.1
1604468301,73.0,79.0,87.0,89.0,18.1,57.1
1604468302,74.0,79.0,87.0,89.0,18.1,57.1
1604468303,74.0,79.0,88.0,89.0,18.1,57.1
1604468304,74.0,78.0,88.0,90.0,18.1,57.1
1604468305,75.0,78.0,89.0,90.0,18.1,57.1
1604468306,74.0,78.0,89.0,91.0,18.1,57.1
1604468307,74.0,77.0,89.0,91.0,18.1,57.1
1604468308,74.0,77.0,89.0,91.0,18.1,57.1
1604468309,74.0,77.0,90.0,92.0,18.1,57.1
1604468310,73.0,77.0,90.0,92.0,18.1,57.1
1604468311,73.0,77.0,90.0,93.0,18.1,57.1
1604468312,73.0,77.0,90.0,93.0,18.1,57.1
1604468313,72.0,77.0,90.0,93.0,18.1,57.1
1604468314,72.0,77.0,90.0,93.0,18.1,57.1
1604468315,72.0,77.0,90.0,94.0,18.1,57.0
1604468316,72.0,77.0,90.0,94.0,18.1,57.0
1604468317,71.0,77.0,90.0,94.0,18.1,57.0
1604468318,71.0,77.0,90.0,94.0,18.1,57.0
1604468319,71.0,78.0,90.0,94.0,18.1,57.0
1604468320,72.0,78.0,90.0,94.0,18.1,57.0
1604468321,72.0,78.0,89.0,94.0,18.1,57.0
1604468322,72.0,78.0,89.0,95.0,18.1,57.0
1604468323,72.0,78.0,89.0,95.0,18.1,57.0
1604468324,72.0,79.0,88.0,95.0,18.1,57.0
1604468325,72.0,80.0,88.0,94.0,18.1,57.0
1604468326,72.0,80.0,88.0,94.0,18.1,57.0
1604468327,73.0,81.0,88.0,93.0,18.1,57.0
1604468328,73.0,82.0,87.0,93.0,18.1,57.0
1604468329,73.0,83.0,87.0,93.0,18.1,57.0
1604468330,73.0,83.0,87.0,92.0,18.1,57.0
1604468331,74.0,83.0,87.0,92.0,18.1,57.0
1604468332,74.0,84.0,87.0,91.0,18.1,57.0
1604468333,74.0,84.0,86.0,91.0,18.1,57.0
1604468334,74.0,85.0,86.0,91.0,18.1,57.0
1604468335,75.0,85.0,86.0,90.0,18.1,57.0
1604468336,75.0,85.0,86.0,90.0,18.1,57.0
1604468337,75.0,84.0,86.0,91.0,18.1,57.0
1604468338,75.0,83.0,85.0,90.0,18.1,57.0
1604468339,75.0,82.0,85.0,90.0,18.1,57.0
1604468340,75.0,82.0,85.0,90.0,18.1,57.1
1604468341,75.0,82.0,85.0,90.0,18.1,57.1
1604468342,74.0,82.0,85.0,91.0,18.1,57.1
1604468343,74.0,82.0,86.0,91.0,18.1,57.1
1604468344,74.0,83.0,85.0,91.0,18.1,57.1
1604468345,74.0,83.0,86.0,91.0,18.1,57.0
1604468346,73.0,84.0,86.0,91.0,18.1,57.0
1604468347,73.0,84.0,86.0,91.0,18.1,57.0
1604468348,73.0,85.0,86.0,91.0,18.1,57.0
1604468349,73.0,85.0,87.0,91.0,18.1,57.0
1604468350,73.0,86.0,87.0,90.0,18.1,57.0
1604468351,72.0,86.0,88.0,90.0,18.1,57.0
1604468352,72.0,86.0,89.0,90.0,18.1,57.0
1604468353,72.0,85.0,89.0,89.0,18.1,57.0
1604468354,71.0,85.0,90.0,89.0,18.1,57.0
1604468355,71.0,84.0,90.0,89.0,18.1,57.0
1604468356,70.0,84.0,90.0,89.0,18.1,57.0
1604468357,69.0,84.0,90.0,89.0,18.1,57.0
1604468358,69.0,83.0,90.0,89.0,18.1,57.0
1604468359,69.0,82.0,89.0,90.0,18.1,57.0
1604468360,68.0,82.0,89.0,90.0,18.1,57.0
1604468361,68.0,80.0,88.0,90.0,18.1,57.0
1604468362,68.0,80.0,87.0,90.0,18.1,57.0
1604468363,68.0,80.0,87.0,91.0,18.1,57.0
1604468364,69.0,80.0,86.0,91.0,18.1,57.0
1604468365,69.0,79.0,85.0,91.0,18.1,57.0
1604468366,70.0,79.0,85.0,91.0,18.1,57.0
1604468367,71.0,79.0,85.0,91.0,18.1,57.0
1604468368,71.0,79.0,84.0,90.0,18.1,57.0
1604468369,71.0,78.0,84.0,90.0,18.1,57.0
1604468370,72.0,78.0,84.0,90.0,18.1,56.9
1604468371,73.0,78.0,85.0,90.0,18.1,56.9
1604468372,73.0,79.0,85.0,91.0,18.1,56.9
1604468373,74.0,78.0,85.0,90.0,18.1,56.9
1604468374,74.0,79.0,86.0,90.0,18.1,56.9
1604468375,74.0,79.0,86.0,90.0,18.1,57.0
1604468376,75.0,79.0,86.0,90.0,18.1,57.0
1604468377,75.0,79.0,87.0,90.0,18.1,57.0
1604468378,75.0,79.0,87.0,90.0,18.1,57.0
1604468379,75.0,80.0,87.0,90.0,18.1,57.0
1604468380,76.0,80.0,87.0,89.0,18.1,57.0
1604468381,76.0,80.0,87.0,89.0,18.1,57.0
1604468382,76.0,79.0,87.0,88.0,18.1,57.0
1604468383,76.0,79.0,87.0,88.0,18.1,57.0
1604468384,76.0,79.0,87.0,88.0,18.1,57.0
1604468385,76.0,79.0,87.0,87.0,18.1,56.9
1604468386,76.0,79.0,87.0,87.0,18.1,56.9
1604468387,76.0,79.0,87.0,87.0,18.1,56.9
1604468388,76.0,79.0,87.0,88.0,18.1,56.9
1604468389,76.0,79.0,87.0,88.0,18.1,56.9
1604468390,75.0,79.0,88.0,88.0,18.2,57.0
1604468391,75.0,79.0,88.0,88.0,18.2,57.0
1604468392,75.0,80.0,88.0,89.0,18.2,57.0
1604468393,75.0,80.0,89.0,89.0,18.2,57.0
1604468394,74.0,81.0,89.0,89.0,18.2,57.0
1604468395,74.0,81.0,89.0,89.0,18.1,56.9
1604468396,74.0,82.0,89.0,89.0,18.1,56.9
1604468397,74.0,83.0,89.0,89.0,18.1,56.9
1604468398,74.25,83.125,89.0,89.0,18.1,56.9
1604468399,74.5,83.25,89.0,89.0,18.1,56.9
1604468400,74.75,83.375,89.0,89.0,18.1,56.9
1604468401,75.0,83.5,89.0,89.0,18.1,56.9
1604468402,75.25,83.625,89.0,89.0,18.1,56.9
1604468403,75.5,83.75,89.0,89.0,18.1,56.9
1604468404,75.75,83.875,89.0,89.0,18.1,56.9
1604468405,76.0,84.0,89.0,89.0,18.1,56.9
1604468406,77.0,84.0,89.0,88.0,18.1,56.9
1604468407,77.0,84.0,88.0,88.0,18.1,56.9
1604468408,78.0,84.0,88.0,87.0,18.1,56.9
1604468409,78.0,85.0,88.0,87.0,18.1,56.9
1604468410,78.0,85.0,87.0,87.0,18.1,56.9
1604468411,78.0,84.0,87.0,87.0,18.1,56.9
1604468412,78.0,84.0,87.0,87.0,18.1,56.9
1604468413,78.0,84.0,87.0,87.0,18.1,56.9
1604468414,78.0,82.0,87.0,88.0,18.1,56.9
1604468415,78.0,82.0,87.0,88.0,18.1,56.9
1604468416,77.0,81.0,88.0,88.0,18.1,56.9
1604468417,77.0,81.0,88.0,88.0,18.1,56.4
1604468418,77.0,80.0,89.0,88.0,18.1,56.4
1604468419,77.0,80.0,89.0,88.0,18.1,56.4
1604468420,77.0,80.0,89.0,88.0,18.1,56.4
1604468421,76.0,80.0,89.0,88.0,18.1,56.4
1604468422,75.0,80.0,89.0,88.0,18.2,57.0
1604468423,75.0,81.0,89.0,89.0,18.2,57.0
1604468424,75.0,81.0,89.0,89.0,18.2,57.0
1604468425,75.0,81.0,89.0,89.0,18.2,57.0
1604468426,74.0,81.0,89.0,89.0,18.2,57.0
1604468427,74.0,81.0,89.0,89.0,18.2,57.0
1604468428,74.0,81.0,88.0,89.0,18.2,57.0
1604468429,75.0,80.0,88.0,89.0,18.2,57.0
1604468430,75.0,80.0,88.0,89.0,18.2,57.0
1604468431,76.0,80.0,88.0,90.0,18.2,57.0
1604468432,76.0,80.0,88.0,90.0,18.2,57.1
1604468433,77.0,80.0,88.0,90.0,18.2,57.1
1604468434,78.0,80.0,87.0,90.0,18.2,57.1
1604468435,78.0,80.0,87.0,90.0,18.2,57.1
1604468436,79.0,81.0,87.0,90.0,18.2,57.1
1604468437,80.0,82.0,88.0,89.0,18.2,57.1
1604468438,81.0,82.0,88.0,89.0,18.2,57.1
1604468439,81.0,82.0,89.0,89.0,18.2,57.1
1604468440,82.0,82.0,89.0,89.0,18.2,57.1
1604468441,82.0,82.0,90.0,89.0,18.2,57.1
1604468442,82.0,81.0,90.0,88.0,18.2,57.3
1604468443,82.0,81.0,91.0,88.0,18.2,57.3
1604468444,82.0,81.0,92.0,88.0,18.2,57.3
1604468445,82.0,80.0,93.0,88.0,18.2,57.3
1604468446,82.0,80.0,93.0,88.0,18.2,57.3
1604468447,82.0,79.0,93.0,88.0,18.2,57.3
1604468448,82.0,79.0,92.0,88.0,18.2,57.3
1604468449,81.0,79.0,92.0,88.0,18.2,57.3
1604468450,81.0,79.0,92.0,88.0,18.2,57.3
1604468451,81.0,79.0,90.0,89.0,18.2,57.3
1604468452,80.0,80.0,90.0,89.0,18.2,57.3
1604468453,79.0,80.0,89.0,89.0,18.2,57.3
1604468454,79.0,80.0,89.0,89.0,18.2,57.3
1604468455,78.0,81.0,89.0,89.0,18.2,57.3
1604468456,77.0,81.0,88.0,89.0,18.2,57.3
1604468457,76.0,82.0,88.0,89.0,18.2,57.1
1604468458,76.0,82.0,88.0,89.0,18.2,57.1
1604468459,75.0,82.0,89.0,89.0,18.2,57.1
1604468460,75.0,83.0,89.0,89.0,18.2,57.1
1604468461,75.0,83.0,90.0,89.0,18.2,57.1
1604468462,75.0,83.0,90.0,90.0,18.2,57.1
1604468463,75.0,83.0,90.0,90.0,18.2,57.1
1604468464,75.0,83.0,90.0,90.0,18.2,57.1
1604468465,75.0,83.0,90.0,90.0,18.2,57.1
1604468466,75.0,83.0,90.0,90.0,18.2,57.1
1604468467,76.0,83.0,89.0,90.0,18.2,57.3
1604468468,76.0,83.0,89.0,90.0,18.2,57.3
1604468469,76.0,83.0,89.0,90.0,18.2,57.3
1604468470,76.0,83.0,89.0,90.0,18.2,57.3
1604468471,76.0,83.0,89.0,90.0,18.2,57.3
1604468472,77.0,84.0,89.0,90.0,18.2,57.3
1604468473,77.0,84.0,89.0,90.0,18.2,57.3
1604468474,77.0,84.0,89.0,90.0,18.2,57.3
1604468475,77.0,84.0,89.0,90.0,18.2,57.3
1604468476,77.0,84.0,89.0,89.0,18.2,57.3
1604468477,77.0,84.0,89.0,89.0,18.2,57.4
1604468478,76.0,84.0,89.0,89.0,18.2,57.4
1604468479,76.0,84.0,88.0,90.0,18.2,57.4
1604468480,76.0,84.0,88.0,90.0,18.2,57.4
1604468481,76.0,84.0,88.0,90.0,18.2,57.4
1604468482,76.0,83.0,88.0,90.0,18.2,57.4
1604468483,76.0,83.0,88.0,90.0,18.2,57.4
1604468484,76.0,83.0,88.0,90.0,18.2,57.4
1604468485,76.0,83.0,88.0,90.0,18.2,57.4
1604468486,76.0,83.0,89.0,90.0,18.2,57.4
1604468487,76.0,83.0,89.0,90.0,18.2,57.2
1604468488,77.0,83.0,89.0,90.0,18.2,57.2
1604468489,77.0,83.0,91.0,90.0,18.2,57.2
1604468490,78.0,84.0,92.0,89.0,18.2,57.2
1604468491,78.0,84.0,92.0,88.0,18.2,57.2
1604468492,79.0,85.0,93.0,88.0,18.2,57.2
1604468493,80.0,85.0,93.0,87.0,18.2,57.2
1604468494,80.0,85.0,93.0,87.0,18.2,57.2
1604468495,81.0,85.0,93.0,87.0,18.2,57.2
1604468496,81.0,85.0,93.0,87.0,18.2,57.2
1604468497,81.0,85.0,92.0,88.0,18.2,57.1
1604468498,81.0,85.0,92.0,88.0,18.2,57.1
1604468499,80.0,84.0,91.0,88.0,18.2,57.1
1604468500,80.0,84.0,91.0,88.0,18.2,57.1
1604468501,80.0,84.0,90.0,89.0,18.2,57.1
1604468502,79.0,83.0,90.0,89.0,18.2,57.1
1604468503,78.0,83.0,90.0,89.0,18.2,57.1
1604468504,78.0,82.0,90.0,89.0,18.2,57.1
1604468505,77.0,82.0,90.0,89.0,18.2,57.1
1604468506,76.0,81.0,90.0,88.0,18.2,57.1
1604468507,76.0,80.0,90.0,88.0,18.2,57.1
1604468508,76.0,79.0,90.0,87.0,18.2,57.1
1604468509,76.0,78.0,90.0,87.0,18.2,57.1
1604468510,76.0,78.0,90.0,87.0,18.2,57.1
1604468511,76.0,78.0,90.0,86.0,18.2,57.1
1604468512,76.0,77.0,89.0,85.0,18.2,57.1
1604468513,76.0,77.0,89.0,85.0,18.2,57.1
1604468514,76.0,77.0,88.0,85.0,18.2,57.1
1604468515,77.0,77.0,87.0,84.0,18.2,57.1
1604468516,77.0,78.0,87.0,84.0,18.2,57.1
1604468517,76.0,78.0,86.0,84.0,18.2,57.1
1604468518,77.0,79.0,85.0,84.0,18.2,57.1
1604468519,77.0,79.0,84.0,84.0,18.2,57.1
1604468520,76.0,80.0,84.0,84.0,18.2,57.1
1604468521,76.0,80.0,84.0,85.0,18.2,57.1
1604468522,76.0,81.0,83.0,85.0,18.2,57.1
1604468523,76.0,82.0,83.0,85.0,18.2,57.1
1604468524,76.0,82.0,83.0,85.0,18.2,57.1
1604468525,76.0,83.0,84.0,85.0,18.2,57.1
1604468526,76.0,83.0,84.0,86.0,18.2,57.1
1604468527,76.0,84.0,85.0,86.0,18.2,57.0
1604468528,76.0,85.0,86.0,86.0,18.2,57.0
1604468529,76.0,85.0,86.0,86.0,18.2,57.0
1604468530,75.0,85.0,86.0,87.0,18.2,57.0
1604468531,75.0,85.0,88.0,87.0,18.2,57.0
1604468532,74.0,85.0,89.0,87.0,18.2,57.0
1604468533,74.0,86.0,89.0,87.0,18.2,57.0
1604468534,74.0,86.0,90.0,87.0,18.2,57.0
1604468535,73.0,86.0,91.0,87.0,18.2,57.0
1604468536,73.0,86.0,91.0,87.0,18.2,57.0
1604468537,73.0,85.0,91.0,86.0,18.2,57.1
1604468538,72.0,85.0,91.0,86.0,18.2,57.1
1604468539,72.0,85.0,92.0,86.0,18.2,57.1
1604468540,73.0,84.0,92.0,86.0,18.2,57.1
1604468541,73.0,84.0,92.0,86.0,18.2,57.1
1604468542,74.0,84.0,92.0,86.0,18.2,57.1
1604468543,74.0,83.0,92.0,86.0,18.2,57.1
1604468544,75.0,83.0,92.0,86.0,18.2,57.1
1604468545,75.0,82.0,91.0,87.0,18.2,57.1
1604468546,76.0,82.0,91.0,87.0,18.2,57.1
1604468547,76.0,82.0,90.0,87.0,18.2,57.0
1604468548,77.0,82.0,90.0,88.0,18.2,57.0
1604468549,77.0,82.0,89.0,88.0,18.2,57.0
1604468550,77.0,82.0,89.0,89.0,18.2,57.0
1604468551,77.0,82.0,88.0,89.0,18.2,57.0
1604468552,77.0,82.0,88.0,89.0,18.2,56.9
1604468553,76.0,82.0,88.0,90.0,18.2,56.9
1604468554,76.0,83.0,88.0,90.0,18.2,56.9
1604468555,76.0,83.0,88.0,90.0,18.2,56.9
1604468556,76.0,83.0,88.0,90.0,18.2,56.9
1604468557,76.0,83.0,88.0,90.0,18.2,56.8
1604468558,76.0,83.0,88.0,90.0,18.2,56.8
1604468559,75.0,83.0,88.0,90.0,18.2,56.8
1604468560,75.0,83.0,88.0,89.0,18.2,56.8
1604468561,75.0,83.0,87.0,89.0,18.2,56.8
1604468562,75.0,83.0,87.0,88.0,18.3,56.8
1604468563,75.0,83.0,88.0,87.0,18.3,56.8
1604468564,75.0,82.0,89.0,87.0,18.3,56.8
1604468565,74.0,82.0,89.0,86.0,18.3,56.8
1604468566,74.0,82.0,89.0,86.0,18.3,56.8
1604468567,74.0,82.0,89.0,84.0,18.3,56.8
1604468568,73.0,81.0,89.0,84.0,18.3,56.8
1604468569,73.0,82.0,89.0,84.0,18.3,56.8
1604468570,73.0,82.0,89.0,84.0,18.3,56.8
1604468571,73.0,82.0,89.0,83.0,18.3,56.8
1604468572,73.0,82.0,89.0,83.0,18.3,56.7
1604468573,73.0,83.0,89.0,83.0,18.3,56.7
1604468574,73.0,83.0,89.0,84.0,18.3,56.7
1604468575,73.0,83.0,89.0,84.0,18.3,56.7
1604468576,73.0,83.0,89.0,84.0,18.3,56.7
1604468577,73.0,82.0,89.0,85.0,18.3,56.4
1604468578,73.0,82.0,89.0,86.0,18.3,56.4
1604468579,73.0,81.0,90.0,86.0,18.3,56.4
1604468580,74.0,81.0,89.0,87.0,18.3,56.4
1604468581,74.0,82.0,89.0,87.0,18.3,56.4
1604468582,74.0,83.0,89.0,88.0,18.3,56.4
1604468583,75.0,83.0,89.0,88.0,18.3,56.4
1604468584,75.0,84.0,88.0,89.0,18.3,56.4
1604468585,75.0,84.0,88.0,89.0,18.3,56.4
1604468586,76.0,84.0,87.0,90.0,18.3,56.4
1604468587,77.0,84.0,87.0,90.0,18.3,56.1
1604468588,77.0,84.0,87.0,90.0,18.3,56.1
1604468589,78.0,83.0,86.0,90.0,18.3,56.1
1604468590,78.0,83.0,86.0,90.0,18.3,56.1
1604468591,78.0,83.0,86.0,90.0,18.3,56.1
1604468592,78.0,83.0,86.0,90.0,18.3,56.1
1604468593,77.0,83.0,86.0,90.0,18.3,56.1
1604468594,77.0,83.0,87.0,90.0,18.3,56.1
1604468595,77.0,83.0,87.0,90.0,18.3,56.1
1604468596,76.0,83.0,87.0,90.0,18.3,56.1
1604468597,75.0,84.0,87.0,90.0,18.3,56.0
1604468598,75.0,84.0,87.0,90.0,18.3,56.0
1604468599,74.0,85.0,87.0,90.0,18.3,56.0
1604468600,74.0,85.0,87.0,90.0,18.3,56.0
1604468601,74.0,85.0,87.0,90.0,18.3,56.0
1604468602,74.0,85.0,87.0,90.0,18.3,55.9
1604468603,74.0,85.0,86.0,90.0,18.3,55.9
1604468604,74.0,85.0,86.0,90.0,18.3,55.9
1604468605,74.0,84.0,86.0,90.0,18.3,55.9
1604468606,74.11111111111111,84.0,86.0,89.88888888888889,18.3,55.9
1604468607,74.22222222222223,84.0,86.0,89.77777777777777,18.3,55.9
1604468608,74.33333333333333,84.0,86.0,89.66666666666667,18.3,55.9
1604468609,74.44444444444444,84.0,86.0,89.55555555555556,18.3,55.9
1604468610,74.55555555555556,84.0,86.0,89.44444444444444,18.3,55.9
1604468611,74.66666666666667,84.0,86.0,89.33333333333333,18.3,55.9
1604468612,74.77777777777777,84.0,86.0,89.22222222222223,18.3,55.9
1604468613,74.88888888888889,84.0,86.0,89.11111111111111,18.3,55.9
1604468614,75.0,84.0,86.0,89.0,18.3,55.9
1604468615,75.0,84.0,86.0,89.0,18.3,55.9
1604468616,76.0,83.0,86.0,89.0,18.3,55.9
1604468617,76.0,83.0,86.0,88.0,18.3,55.9
1604468618,76.0,83.0,86.0,88.0,18.3,55.9
1604468619,76.0,82.0,86.0,88.0,18.3,55.9
1604468620,76.0,82.0,86.0,88.0,18.3,55.9
1604468621,76.0,81.0,86.0,88.0,18.3,55.9
1604468622,76.0,81.0,86.0,87.0,18.3,55.9
1604468623,76.0,82.0,86.0,87.0,18.3,55.9
1604468624,77.0,82.0,85.0,86.0,18.3,55.9
1604468625,77.0,82.0,85.0,86.0,18.3,55.8
1604468626,77.0,82.0,84.0,86.0,18.3,55.8
1604468627,77.0,82.0,84.0,86.0,18.3,55.8
1604468628,77.0,83.0,83.0,86.0,18.3,55.8
1604468629,77.0,83.0,83.0,86.0,18.3,55.8
1604468630,77.0,83.0,83.0,85.0,18.3,55.8
1604468631,77.0,83.0,82.0,85.0,18.3,55.8
1604468632,77.0,83.0,81.0,85.0,18.3,55.8
1604468633,76.0,83.0,81.0,86.0,18.3,55.8
1604468634,76.0,82.0,81.0,86.0,18.3,55.8
1604468635,75.0,82.0,82.0,87.0,18.3,55.7
1604468636,74.0,82.0,82.0,87.0,18.3,55.7
1604468637,74.0,81.0,83.0,88.0,18.3,55.7
1604468638,73.0,81.0,84.0,89.0,18.3,55.7
1604468639,73.0,81.0,84.0,89.0,18.3,55.7
1604468640,72.0,80.0,85.0,89.0,18.4,55.8
1604468641,72.0,80.0,86.0,90.0,18.4,55.8
1604468642,72.0,80.0,86.0,90.0,18.4,55.8
1604468643,72.0,81.0,87.0,90.0,18.4,55.8
1604468644,72.0,81.0,88.0,88.0,18.4,55.8
1604468645,73.0,81.0,88.0,88.0,18.3,55.6
1604468646,73.0,82.0,88.0,87.0,18.3,55.6
1604468647,73.0,82.0,88.0,87.0,18.3,55.6
1604468648,75.0,82.0,88.0,86.0,18.3,55.6
1604468649,75.0,82.0,88.0,86.0,18.3,55.6
1604468650,76.0,83.0,88.0,86.0,18.4,55.6
1604468651,77.0,83.0,88.0,85.0,18.4,55.6
1604468652,78.0,83.0,88.0,85.0,18.4,55.6
1604468653,78.0,83.0,88.0,85.0,18.4,55.6
1604468654,79.0,83.0,87.0,85.0,18.4,55.6
1604468655,79.0,82.0,87.0,86.0,18.4,55.6
1604468656,79.0,82.0,87.0,87.0,18.4,55.6
1604468657,78.0,82.0,87.0,87.0,18.4,55.6
1604468658,78.0,82.0,87.0,87.0,18.4,55.6
1604468659,78.0,82.0,87.0,87.0,18.4,55.6
1604468660,78.0,81.0,87.0,88.0,18.4,55.6
1604468661,78.0,81.0,86.0,88.0,18.4,55.6
1604468662,78.0,81.0,86.0,88.0,18.4,55.6
1604468663,77.0,81.0,86.0,89.0,18.4,55.6
1604468664,77.0,81.0,87.0,89.0,18.4,55.6
1604468665,77.0,81.0,87.0,89.0,18.4,55.6
1604468666,76.0,81.0,87.0,89.0,18.4,55.5
1604468667,76.0,82.0,87.0,89.0,18.4,55.5
1604468668,75.0,83.0,88.0,89.0,18.4,55.5
1604468669,75.0,83.0,88.0,90.0,18.4,55.5
1604468670,74.0,83.0,89.0,90.0,18.4,55.5
1604468671,74.0,84.0,89.0,90.0,18.4,55.5
1604468672,73.0,85.0,90.0,90.0,18.4,55.5
1604468673,73.0,85.0,90.0,91.0,18.4,55.5
1604468674,73.0,85.0,91.0,91.0,18.4,55.5
1604468675,73.0,85.0,91.0,91.0,18.4,55.5
1604468676,73.0,85.0,91.0,92.0,18.4,55.5
1604468677,73.0,85.0,92.0,91.0,18.4,55.5
1604468678,73.0,85.0,92.0,91.0,18.4,55.5
1604468679,74.0,85.0,92.0,91.0,18.4,55.5
1604468680,74.0,85.0,92.0,91.0,18.4,55.5
1604468681,75.0,85.0,92.0,90.0,18.4,55.4
1604468682,75.0,85.0,91.0,90.0,18.4,55.4
1604468683,75.0,85.0,91.0,90.0,18.4,55.4
1604468684,76.0,84.0,91.0,90.0,18.4,55.4
1604468685,76.0,84.0,90.0,89.0,18.4,55.4
1604468686,76.0,84.0,90.0,89.0,18.4,55.4
1604468687,76.0,84.0,89.0,89.0,18.4,55.4
1604468688,77.0,85.0,89.0,89.0,18.4,55.4
1604468689,77.0,85.0,89.0,89.0,18.4,55.4
1604468690,77.0,85.0,88.0,88.0,18.4,55.4
1604468691,77.0,85.0,87.0,88.0,18.4,55.5
1604468692,77.0,85.0,87.0,89.0,18.4,55.5
1604468693,77.0,85.0,87.0,88.0,18.4,55.5
1604468694,76.0,85.0,87.0,88.0,18.4,55.5
1604468695,76.0,85.0,87.0,88.0,18.4,55.5
1604468696,76.0,85.0,87.0,88.0,18.3,55.3
1604468697,76.0,85.0,88.0,88.0,18.3,55.3
1604468698,76.0,85.0,88.0,88.0,18.3,55.3
1604468699,75.0,84.0,88.0,89.0,18.3,55.3
1604468700,75.0,84.0,88.0,89.0,18.3,55.3
1604468701,75.0,83.0,88.0,89.0,18.4,55.4
1604468702,74.0,83.0,88.0,89.0,18.4,55.4
1604468703,74.0,83.0,88.0,89.0,18.4,55.4
1604468704,73.0,83.0,88.0,89.0,18.4,55.4
1604468705,73.0,83.0,87.0,89.0,18.4,55.4
1604468706,73.0,83.0,86.0,89.0,18.4,55.3
1604468707,73.0,83.0,86.0,89.0,18.4,55.3
1604468708,73.0,83.0,85.0,89.0,18.4,55.3
1604468709,73.0,83.0,84.0,88.0,18.4,55.3
1604468710,73.0,83.0,84.0,88.0,18.4,55.3
1604468711,73.0,82.0,83.0,88.0,18.4,55.4
1604468712,73.0,82.0,83.0,87.0,18.4,55.4
1604468713,73.0,82.0,83.0,87.0,18.4,55.4
1604468714,73.0,82.0,83.0,87.0,18.4,55.4
1604468715,73.0,82.0,83.0,87.0,18.4,55.4
1604468716,73.0,82.0,83.0,87.0,18.4,55.4
1604468717,73.0,82.0,83.0,87.0,18.4,55.4
1604468718,72.0,82.0,84.0,87.0,18.4,55.4
1604468719,72.0,82.0,84.0,88.0,18.4,55.4
1604468720,72.0,82.0,85.0,88.0,18.4,55.4
1604468721,72.0,82.0,85.0,89.0,18.3,55.3
1604468722,71.0,82.0,85.0,89.0,18.3,55.3
1604468723,71.0,82.0,85.0,89.0,18.3,55.3
1604468724,71.0,83.0,84.0,89.0,18.3,55.3
1604468725,72.0,83.0,84.0,89.0,18.3,55.3
1604468726,72.0,83.0,83.0,89.0,18.3,55.3
1604468727,72.0,83.0,83.0,89.0,18.3,55.3
1604468728,72.0,84.0,82.0,88.0,18.3,55.3
1604468729,72.0,84.0,82.0,88.0,18.3,55.3
1604468730,72.0,84.0,82.0,87.0,18.3,55.3
1604468731,72.0,84.0,82.0,87.0,18.4,55.5
1604468732,73.0,84.0,82.0,87.0,18.4,55.5
1604468733,73.0,84.0,83.0,87.0,18.4,55.5
1604468734,73.0,85.0,83.0,87.0,18.4,55.5
1604468735,73.0,85.0,84.0,86.0,18.4,55.5
1604468736,73.0,85.0,85.0,86.0,18.4,55.5
1604468737,74.0,85.0,85.0,85.0,18.4,55.5
1604468738,74.0,84.0,85.0,85.0,18.4,55.5
1604468739,74.0,84.0,86.0,85.0,18.4,55.5
1604468740,74.0,84.0,86.0,84.0,18.4,55.5
1604468741,74.0,84.0,86.0,84.0,18.3,55.5
1604468742,73.0,84.0,86.0,84.0,18.3,55.5
1604468743,73.0,84.0,85.0,84.0,18.3,55.5
1604468744,73.0,84.0,85.0,84.0,18.3,55.5
1604468745,73.0,84.0,85.0,84.0,18.3,55.5
1604468746,73.0,83.0,84.0,85.0,18.4,55.6
1604468747,73.0,83.0,84.0,85.0,18.4,55.6
1604468748,73.0,83.0,84.0,86.0,18.4,55.6
1604468749,73.0,83.0,83.0,87.0,18.4,55.6
1604468750,74.0,82.0,83.0,88.0,18.4,55.6
1604468751,74.0,82.0,83.0,88.0,18.3,55.6
1604468752,75.0,82.0,83.0,89.0,18.3,55.6
1604468753,75.0,81.0,83.0,89.0,18.3,55.6
1604468754,75.0,82.0,83.0,89.0,18.3,55.6
1604468755,75.0,82.0,82.0,89.0,18.3,55.6
1604468756,76.0,82.0,82.0,89.0,18.4,55.8
1604468757,76.0,82.0,82.0,89.0,18.4,55.8
1604468758,76.0,82.0,82.0,89.0,18.4,55.8
1604468759,76.0,82.0,82.0,89.0,18.4,55.8
1604468760,76.0,82.0,82.0,89.0,18.4,55.8
1604468761,76.0,82.0,82.0,89.0,18.3,55.7
1604468762,75.0,82.0,82.0,89.0,18.3,55.7
1604468763,75.0,82.0,82.0,89.0,18.3,55.7
1604468764,75.0,81.0,82.0,90.0,18.3,55.7
1604468765,75.0,81.0,82.0,91.0,18.3,55.7
1604468766,75.0,81.0,82.0,91.0,18.3,55.7
1604468767,75.0,80.0,83.0,92.0,18.3,55.7
1604468768,75.0,81.0,83.0,92.0,18.3,55.7
1604468769,75.0,81.0,83.0,92.0,18.3,55.7
1604468770,75.0,81.0,84.0,92.0,18.3,55.7
1604468771,74.0,82.0,84.0,92.0,18.4,55.9
1604468772,74.0,82.0,85.0,92.0,18.4,55.9
1604468773,74.0,83.0,85.0,92.0,18.4,55.9
1604468774,74.0,83.0,85.0,91.0,18.4,55.9
1604468775,74.0,84.0,86.0,91.0,18.4,55.9
1604468776,74.0,84.0,85.0,90.0,18.3,55.8
1604468777,74.0,84.0,85.0,90.0,18.3,55.8
1604468778,74.0,84.0,85.0,90.0,18.3,55.8
1604468779,74.0,84.0,85.0,89.0,18.3,55.8
1604468780,74.0,84.0,84.0,89.0,18.3,55.8
1604468781,74.0,84.0,84.0,89.0,18.4,55.9
1604468782,74.0,83.0,84.0,89.0,18.4,55.9
1604468783,74.0,83.0,84.0,89.0,18.4,55.9
1604468784,74.0,83.0,84.0,89.0,18.4,55.9
1604468785,74.0,83.0,84.0,89.0,18.4,55.9
1604468786,73.0,82.0,85.0,89.0,18.4,55.9
1604468787,73.0,82.0,86.0,89.0,18.4,55.9
1604468788,73.0,83.0,86.0,89.0,18.4,55.9
1604468789,73.0,83.0,87.0,89.0,18.4,55.9
1604468790,73.0,83.0,88.0,89.0,18.4,55.9
1604468791,73.0,83.0,88.0,88.0,18.3,55.9
1604468792,73.0,83.0,88.0,88.0,18.3,55.9
1604468793,73.0,83.0,88.0,88.0,18.3,55.9
1604468794,74.0,83.0,88.0,88.0,18.3,55.9
1604468795,74.0,83.0,88.0,88.0,18.3,55.9
1604468796,74.0,83.0,88.0,88.0,18.3,55.8
1604468797,74.0,83.0,87.0,88.0,18.3,55.8
1604468798,74.0,83.0,87.0,88.0,18.3,55.8
1604468799,74.0,84.0,87.0,88.0,18.3,55.8
1604468800,74.0,84.0,87.0,88.0,18.3,55.8
1604468801,74.0,84.0,87.0,88.0,18.3,55.9
1604468802,74.0,84.0,87.0,88.0,18.3,55.9
1604468803,74.0,84.0,87.0,89.0,18.3,55.9
1604468804,74.0,84.0,87.0,89.0,18.3,55.9
1604468805,74.0,84.0,87.0,90.0,18.3,55.9
1604468806,74.0,85.0,87.0,90.0,18.4,55.9
1604468807,74.0,85.0,88.0,91.0,18.4,55.9
1604468808,74.0,85.0,87.0,91.0,18.4,55.9
1604468809,74.0,85.0,87.0,92.0,18.4,55.9
1604468810,74.0,85.0,87.0,93.0,18.4,55.9
1604468811,74.0,84.0,87.0,93.0,18.3,55.8
1604468812,74.0,84.0,87.0,93.0,18.3,55.8
1604468813,74.0,84.0,88.0,93.0,18.3,55.8
1604468814,74.0,84.0,88.0,94.0,18.3,55.8
1604468815,74.0,84.0,88.0,94.0,18.3,55.8
1604468816,74.0,84.0,87.0,94.0,18.3,55.8
1604468817,74.0,83.0,87.0,94.0,18.3,55.8
1604468818,74.0,83.0,87.0,94.0,18.3,55.8
1604468819,74.0,83.0,87.0,94.0,18.3,55.8
1604468820,74.0,83.0,87.0,94.0,18.3,55.8
1604468821,74.0,83.0,87.0,94.0,18.3,55.8
1604468822,74.0,83.0,87.0,94.0,18.3,55.8
1604468823,74.0,83.0,87.0,94.0,18.3,55.8
1604468824,74.0,83.0,87.0,94.0,18.3,55.8
1604468825,74.0,83.0,87.0,94.0,18.3,55.8
1604468826,74.0,83.0,89.0,94.0,18.3,55.8
1604468827,73.0,82.0,89.0,93.0,18.3,55.8
1604468828,73.0,82.0,89.0,93.0,18.4,55.9
1604468829,72.0,82.0,89.0,93.0,18.4,55.9
1604468830,72.0,82.0,89.0,92.0,18.4,55.9
1604468831,72.0,82.0,89.0,92.0,18.4,55.9
1604468832,72.0,81.0,88.0,91.0,18.4,55.9
1604468833,71.0,81.0,88.0,91.0,18.4,55.9
1604468834,71.0,82.0,88.0,90.0,18.4,55.9
1604468835,71.0,82.0,88.0,90.0,18.4,55.9
1604468836,71.0,82.0,88.0,90.0,18.4,55.9
1604468837,71.0,82.0,88.0,91.0,18.4,55.9
1604468838,71.0,82.0,87.0,91.0,18.3,55.9
1604468839,71.0,82.0,87.0,92.0,18.3,55.9
1604468840,71.0,82.0,86.0,92.0,18.3,55.9
1604468841,71.0,83.0,86.0,93.0,18.3,55.9
1604468842,72.0,83.0,86.0,93.0,18.3,55.9
1604468843,72.0,83.0,85.0,93.0,18.3,55.9
1604468844,73.0,83.0,85.0,93.0,18.3,55.9
1604468845,73.0,83.0,84.0,94.0,18.3,55.9
1604468846,73.0,83.0,84.0,93.0,18.3,55.9
1604468847,73.0,84.0,84.0,93.0,18.3,55.9
1604468848,73.0,84.0,84.0,92.0,18.4,56.0
1604468849,73.0,84.0,84.0,92.0,18.4,56.0
1604468850,73.0,84.0,84.0,91.0,18.4,56.0
1604468851,73.0,84.0,84.0,91.0,18.4,56.0
1604468852,73.0,84.0,84.0,91.0,18.4,56.0
1604468853,73.0,84.0,84.0,91.0,18.4,56.0
1604468854,72.0,84.0,84.0,91.0,18.4,56.0
1604468855,72.0,83.0,84.0,91.0,18.4,56.0
1604468856,71.0,83.0,84.0,91.0,18.4,56.0
1604468857,71.0,82.0,84.0,92.0,18.4,56.0
1604468858,71.0,82.0,83.0,92.0,18.3,55.9
1604468859,71.0,82.0,83.0,92.0,18.3,55.9
1604468860,72.0,81.0,83.0,93.0,18.3,55.9
1604468861,72.0,81.0,83.0,93.0,18.3,55.9
1604468862,72.0,81.0,83.0,93.0,18.3,55.9
1604468863,72.0,81.0,83.0,94.0,18.3,55.9
1604468864,73.0,81.0,83.0,94.0,18.3,55.9
1604468865,75.0,82.0,83.0,94.0,18.3,55.9
1604468866,76.0,83.0,83.0,94.0,18.3,55.9
1604468867,76.0,84.0,84.0,94.0,18.3,55.9
1604468868,77.0,84.0,85.0,94.0,18.3,55.9
1604468869,77.0,85.0,86.0,94.0,18.3,55.9
1604468870,77.0,85.0,86.0,94.0,18.3,55.9
1604468871,77.0,86.0,86.0,94.0,18.3,55.9
1604468872,77.0,86.0,86.0,94.0,18.3,55.9
1604468873,76.0,86.0,86.0,94.0,18.4,56.0
1604468874,76.0,86.0,87.0,94.0,18.4,56.0
1604468875,75.0,87.0,87.0,94.0,18.4,56.0
1604468876,74.0,86.0,87.0,94.0,18.4,56.0
1604468877,73.0,86.0,87.0,95.0,18.4,56.0
1604468878,73.0,86.0,86.0,95.0,18.3,56.0
1604468879,72.0,85.0,85.0,95.0,18.3,56.0
1604468880,72.0,84.0,85.0,96.0,18.3,56.0
1604468881,72.0,84.0,85.0,95.0,18.3,56.0
1604468882,72.0,84.0,85.0,95.0,18.3,56.0
1604468883,73.0,83.0,85.0,95.0,18.3,55.9
1604468884,73.0,83.0,85.0,95.0,18.3,55.9
1604468885,73.0,83.0,84.0,95.0,18.3,55.9
1604468886,75.0,83.0,84.0,95.0,18.3,55.9
1604468887,75.0,83.0,84.0,94.0,18.3,55.9
1604468888,76.0,83.0,83.0,94.0,18.3,55.9
1604468889,77.0,83.0,83.0,94.0,18.3,55.9
1604468890,78.0,83.0,83.0,94.0,18.3,55.9
1604468891,78.0,83.0,83.0,95.0,18.3,55.9
1604468892,78.0,84.0,83.0,95.0,18.3,55.9
1604468893,78.0,84.0,82.0,95.0,18.4,56.0
1604468894,78.0,84.0,82.0,95.0,18.4,56.0
1604468895,77.0,84.0,82.0,95.0,18.4,56.0
1604468896,76.0,85.0,82.0,95.0,18.4,56.0
1604468897,76.0,85.0,83.0,95.0,18.4,56.0
1604468898,75.0,85.0,83.0,95.0,18.4,56.0
1604468899,74.0,85.0,83.0,94.0,18.4,56.0
1604468900,74.0,85.0,84.0,94.0,18.4,56.0
1604468901,74.0,84.0,84.0,93.0,18.4,56.0
1604468902,73.0,84.0,85.0,93.0,18.4,56.0
1604468903,73.0,83.0,85.0,92.0,18.3,56.0
1604468904,73.0,83.0,85.0,92.0,18.3,56.0
1604468905,73.0,82.0,85.0,91.0,18.3,56.0
1604468906,73.0,81.0,86.0,91.0,18.3,56.0
1604468907,73.0,80.0,86.0,90.0,18.3,56.0
1604468908,73.0,80.0,85.0,90.0,18.4,56.1
1604468909,73.0,79.0,85.0,89.0,18.4,56.1
1604468910,74.0,79.0,85.0,89.0,18.4,56.1
1604468911,74.0,79.0,85.0,89.0,18.4,56.1
1604468912,75.0,79.0,85.0,89.0,18.4,56.1
1604468913,75.0,80.0,85.0,89.0,18.4,56.1
1604468914,75.0,80.0,85.0,90.0,18.4,56.1
1604468915,76.0,80.0,85.0,90.0,18.4,56.1
1604468916,76.0,80.0,85.0,90.0,18.4,56.1
1604468917,76.0,81.0,85.0,91.0,18.4,56.1
1604468918,76.0,82.0,85.0,92.0,18.4,56.1
1604468919,75.0,82.0,85.0,92.0,18.4,56.1
1604468920,75.0,82.0,86.0,93.0,18.4,56.1
1604468921,75.0,83.0,86.0,93.0,18.4,56.1
1604468922,74.0,83.0,86.0,92.0,18.4,56.1
1604468923,74.0,84.0,86.0,92.0,18.4,56.1
1604468924,74.0,84.0,86.0,91.0,18.4,56.1
1604468925,73.0,84.0,86.0,91.0,18.4,56.1
1604468926,72.0,85.0,86.0,90.0,18.4,56.1
1604468927,72.0,85.0,86.0,90.0,18.4,56.1
1604468928,72.0,86.0,86.0,90.0,18.4,56.1
1604468929,72.0,86.0,86.0,89.0,18.4,56.1
1604468930,72.0,87.0,86.0,88.0,18.4,56.1
1604468931,72.0,87.0,86.0,88.0,18.4,56.1
1604468932,72.0,87.0,86.0,88.0,18.4,56.1
1604468933,72.0,88.0,86.0,88.0,18.4,56.2
1604468934,73.0,88.0,87.0,89.0,18.4,56.2
1604468935,73.0,88.0,87.0,90.0,18.4,56.2
1604468936,73.0,88.0,87.0,90.0,18.4,56.2
1604468937,74.0,88.0,87.0,91.0,18.4,56.2
1604468938,74.0,88.0,87.0,91.0,18.4,56.2
1604468939,74.0,88.0,87.0,91.0,18.4,56.2
1604468940,75.0,88.0,87.0,92.0,18.4,56.2
1604468941,75.0,87.0,87.0,92.0,18.4,56.2
1604468942,75.0,87.0,87.0,93.0,18.4,56.2
1604468943,75.0,86.0,87.0,94.0,18.4,56.3
1604468944,76.0,86.0,87.0,94.0,18.4,56.3
1604468945,76.0,86.0,87.0,94.0,18.4,56.3
1604468946,76.0,86.0,86.0,94.0,18.4,56.3
1604468947,76.0,85.0,86.0,94.0,18.4,56.3
1604468948,76.0,85.0,86.0,94.0,18.4,56.3
1604468949,75.0,84.0,86.0,94.0,18.4,56.3
1604468950,75.0,83.0,86.0,94.0,18.4,56.3
1604468951,75.0,83.0,85.0,93.0,18.4,56.3
1604468952,74.0,83.0,85.0,93.0,18.4,56.3
1604468953,74.0,83.0,85.0,92.0,18.4,56.3
1604468954,73.0,83.0,85.0,92.0,18.4,56.3
1604468955,73.0,83.0,85.0,92.0,18.4,56.3
1604468956,73.0,83.0,85.0,91.0,18.4,56.3
1604468957,72.0,83.0,85.0,91.0,18.4,56.3
1604468958,72.0,84.0,85.0,91.0,18.4,56.2
1604468959,72.0,84.0,84.0,90.0,18.4,56.2
1604468960,72.0,84.0,84.0,90.0,18.4,56.2
1604468961,73.0,84.0,85.0,90.0,18.4,56.2
1604468962,73.0,85.0,85.0,90.0,18.4,56.2
1604468963,73.0,85.0,85.0,89.0,18.4,56.2
1604468964,73.0,85.0,85.0,89.0,18.4,56.2
1604468965,72.0,85.0,85.0,88.0,18.4,56.2
1604468966,72.0,85.0,85.0,88.0,18.4,56.2
1604468967,72.0,84.0,85.0,88.0,18.4,56.2
1604468968,72.0,84.0,86.0,88.0,18.4,56.2
1604468969,72.0,84.0,86.0,88.0,18.4,56.2
1604468970,72.0,84.0,86.0,88.0,18.4,56.2
1604468971,72.0,83.0,86.0,87.0,18.4,56.2
1604468972,72.0,83.0,86.0,88.0,18.4,56.2
1604468973,73.0,83.0,86.0,88.0,18.4,56.2
1604468974,73.0,83.0,86.0,88.0,18.4,56.2
1604468975,73.0,83.0,86.0,89.0,18.4,56.2
1604468976,73.0,82.0,86.0,89.0,18.4,56.2
1604468977,73.0,82.0,85.0,90.0,18.4,56.2
1604468978,73.0,82.0,85.0,90.0,18.4,56.1
1604468979,73.0,82.0,84.0,90.0,18.4,56.1
1604468980,73.0,82.0,84.0,90.0,18.4,56.1
1604468981,73.0,82.0,84.0,91.0,18.4,56.1
1604468982,73.0,82.0,83.0,91.0,18.4,56.1
1604468983,73.0,83.0,83.0,91.0,18.4,56.1
1604468984,73.0,83.0,83.0,91.0,18.4,56.1
1604468985,73.0,83.0,83.0,90.0,18.4,56.1
1604468986,74.0,84.0,84.0,90.0,18.4,56.1
1604468987,74.0,84.0,84.0,90.0,18.4,56.1
1604468988,75.0,85.0,84.0,89.0,18.4,56.1
1604468989,75.0,85.0,86.0,89.0,18.4,56.1
1604468990,76.0,86.0,86.0,89.0,18.4,56.1
1604468991,76.0,87.0,87.0,89.0,18.4,56.1
1604468992,77.0,87.0,87.0,88.0,18.4,56.1
1604468993,77.0,88.0,88.0,88.0,18.5,56.1
1604468994,77.0,88.0,88.0,88.0,18.5,56.1
1604468995,76.0,88.0,88.0,88.0,18.5,56.1
1604468996,76.0,88.0,88.0,87.0,18.5,56.1
1604468997,76.0,88.0,88.0,87.0,18.5,56.1
1604468998,75.0,88.0,87.0,87.0,18.4,55.9
1604468999,75.0,88.0,87.0,87.0,18.4,55.9
1604469000,74.0,88.0,87.0,87.0,18.4,55.9
1604469001,73.0,87.0,87.0,87.0,18.4,55.9
1604469002,73.0,87.0,87.0,87.0,18.4,55.9
1604469003,72.0,86.0,88.0,86.0,18.4,55.9
1604469004,72.0,85.0,88.0,85.0,18.4,55.9
1604469005,72.0,85.0,89.0,85.0,18.4,55.9
1604469006,72.0,85.0,90.0,85.0,18.4,55.9
1604469007,73.0,84.0,91.0,85.0,18.4,55.9
1604469008,73.0,83.0,91.0,85.0,18.4,55.9
1604469009,73.0,83.0,92.0,85.0,18.4,55.9
1604469010,73.0,83.0,92.0,85.0,18.4,55.9
1604469011,73.0,82.0,92.0,85.0,18.4,55.9
1604469012,74.0,82.0,93.0,85.0,18.4,55.9
1604469013,74.0,82.0,93.0,86.0,18.4,55.9
1604469014,74.0,82.0,93.0,86.0,18.4,55.9
1604469015,74.0,82.0,93.0,86.0,18.4,55.9
1604469016,74.0,82.0,93.0,86.0,18.4,55.9
1604469017,74.0,82.0,93.0,86.0,18.4,55.9
1604469018,74.0,83.0,94.0,86.0,18.4,55.9
1604469019,74.0,83.0,94.0,86.0,18.4,55.9
1604469020,74.0,84.0,95.0,86.0,18.4,55.9
1604469021,74.0,84.0,95.0,87.0,18.4,55.9
1604469022,73.0,83.0,95.0,87.0,18.4,55.9
1604469023,73.0,83.0,95.0,87.0,18.4,55.9
1604469024,73.2,83.0,94.9,87.0,18.4,55.9
1604469025,73.4,83.0,94.8,87.0,18.4,55.9
1604469026,73.6,83.0,94.7,87.0,18.4,55.9
1604469027,73.8,83.0,94.6,87.0,18.4,55.9
1604469028,74.0,83.0,94.5,87.0,18.4,55.9
1604469029,74.2,83.0,94.4,87.0,18.4,55.9
1604469030,74.4,83.0,94.3,87.0,18.4,55.9
1604469031,74.6,83.0,94.2,87.0,18.4,55.9
1604469032,74.8,83.0,94.1,87.0,18.4,55.9
1604469033,75.0,83.0,94.0,87.0,18.4,55.9
1604469034,75.0,83.0,94.0,87.0,18.4,55.9
1604469035,76.0,82.0,94.0,87.0,18.4,55.9
1604469036,76.0,82.0,94.0,87.0,18.4,55.9
1604469037,77.0,81.0,94.0,87.0,18.4,55.9
1604469038,77.0,81.0,93.0,86.0,18.4,55.9
1604469039,77.0,81.0,93.0,86.0,18.4,55.9
1604469040,77.0,80.0,93.0,86.0,18.4,55.9
1604469041,77.0,80.0,94.0,85.0,18.4,55.9
1604469042,77.0,80.0,94.0,85.0,18.4,55.9
1604469043,76.0,80.0,95.0,85.0,18.4,55.9
1604469044,76.0,80.0,95.0,85.0,18.4,55.9
1604469045,75.0,85.0,96.0,85.0,18.4,55.9
1604469046,75.0,85.0,97.0,86.0,18.4,55.9
1604469047,74.0,85.0,97.0,86.0,18.4,55.9
1604469048,74.0,85.0,97.0,86.0,18.4,55.9
1604469049,74.0,85.0,97.0,86.0,18.4,55.9
1604469050,74.0,85.0,97.0,87.0,18.4,55.9
1604469051,74.0,84.0,96.0,87.0,18.4,55.9
1604469052,73.0,84.0,96.0,87.0,18.3,55.8
1604469053,73.0,83.0,95.0,87.0,18.3,55.8
1604469054,73.0,83.0,93.0,87.0,18.3,55.8
1604469055,73.0,82.0,92.0,87.0,18.3,55.8
1604469056,73.0,81.0,92.0,87.0,18.3,55.8
1604469057,73.0,81.0,90.0,87.0,18.3,55.8
1604469058,73.0,80.0,89.0,86.0,18.3,55.8
1604469059,73.0,80.0,88.0,86.0,18.3,55.8
1604469060,72.0,80.0,88.0,86.0,18.3,55.8
1604469061,72.0,80.0,87.0,86.0,18.3,55.8
1604469062,72.0,80.0,87.0,86.0,18.3,55.9
1604469063,72.0,80.0,87.0,85.0,18.3,55.9
1604469064,71.0,80.0,87.0,85.0,18.3,55.9
1604469065,71.0,80.0,87.0,86.0,18.3,55.9
1604469066,72.0,80.0,88.0,86.0,18.3,55.9
1604469067,72.0,80.0,88.0,85.0,18.3,55.8
1604469068,72.0,80.0,89.0,85.0,18.3,55.8
1604469069,72.0,80.0,89.0,85.0,18.3,55.8
1604469070,72.0,80.0,90.0,85.0,18.3,55.8
1604469071,73.0,80.0,90.0,85.0,18.3,55.8
1604469072,73.0,81.0,91.0,85.0,18.3,55.8
1604469073,73.0,81.0,91.0,86.0,18.3,55.8
1604469074,74.0,81.0,92.0,85.0,18.3,55.8
1604469075,74.0,81.0,92.0,85.0,18.3,55.8
1604469076,74.0,82.0,92.0,85.0,18.3,55.8
1604469077,73.0,82.0,93.0,86.0,18.3,55.9
1604469078,73.0,82.0,93.0,86.0,18.3,55.9
1604469079,73.0,82.0,93.0,85.0,18.3,55.9
1604469080,73.0,82.0,93.0,85.0,18.3,55.9
1604469081,72.0,82.0,94.0,85.0,18.3,55.9
1604469082,72.0,82.0,93.0,85.0,18.3,55.9
1604469083,71.0,82.0,93.0,85.0,18.3,55.9
1604469084,71.0,82.0,93.0,84.0,18.3,55.9
1604469085,71.0,83.0,93.0,84.0,18.3,55.9
1604469086,71.0,83.0,87.0,84.0,18.3,55.9
1604469087,71.0,83.0,87.0,84.0,18.3,55.6
1604469088,72.0,84.0,87.0,84.0,18.3,55.6
1604469089,73.0,84.0,86.0,84.0,18.3,55.6
1604469090,73.0,85.0,87.0,84.0,18.3,55.6
1604469091,74.0,85.0,87.0,84.0,18.3,55.6
1604469092,75.0,85.0,87.0,84.0,18.3,55.9
1604469093,75.0,85.0,88.0,85.0,18.3,55.9
1604469094,76.0,85.0,88.0,85.0,18.3,55.9
1604469095,76.0,84.0,88.0,85.0,18.3,55.9
1604469096,77.0,84.0,89.0,85.0,18.3,55.9
1604469097,77.0,84.0,89.0,85.0,18.3,55.9
1604469098,77.0,83.0,91.0,86.0,18.3,55.9
1604469099,77.0,83.0,91.0,86.0,18.3,55.9
1604469100,77.0,82.0,91.0,86.0,18.3,55.9
1604469101,77.0,82.0,90.0,86.0,18.3,55.9
1604469102,77.0,81.0,90.0,86.0,18.3,55.9
1604469103,77.0,81.0,90.0,86.0,18.3,55.9
1604469104,77.0,81.0,89.0,86.0,18.3,55.9
1604469105,77.0,81.0,89.0,86.0,18.3,55.9
1604469106,77.0,81.0,88.0,86.0,18.3,55.9
1604469107,77.0,81.0,88.0,87.0,18.3,55.9
1604469108,77.0,80.0,88.0,87.0,18.3,55.9
1604469109,77.0,80.0,87.0,87.0,18.3,55.9
1604469110,78.0,81.0,87.0,86.0,18.3,55.9
1604469111,78.0,81.0,88.0,86.0,18.3,55.9
1604469112,78.0,81.0,89.0,87.0,18.3,55.9
1604469113,78.0,81.0,89.0,87.0,18.3,55.9
1604469114,78.0,81.0,90.0,87.0,18.3,55.9
1604469115,79.0,82.0,90.0,86.0,18.3,55.9
1604469116,78.0,82.0,90.0,86.0,18.3,55.9
1604469117,78.0,83.0,91.0,86.0,18.3,55.9
1604469118,78.0,83.0,91.0,85.0,18.3,55.9
1604469119,77.0,83.0,91.0,85.0,18.3,55.9
1604469120,77.0,84.0,91.0,85.0,18.3,55.9
1604469121,77.0,84.0,90.0,85.0,18.3,55.9
1604469122,77.0,84.0,90.0,85.0,18.3,56.0
1604469123,76.0,85.0,89.0,85.0,18.3,56.0
1604469124,76.0,85.0,88.0,85.0,18.3,56.0
1604469125,76.0,85.0,88.0,85.0,18.3,56.0
1604469126,76.0,85.0,87.0,85.0,18.3,56.0
1604469127,77.0,84.0,87.0,86.0,18.3,56.0
1604469128,77.0,84.0,86.0,86.0,18.3,56.0
1604469129,77.0,83.0,85.0,86.0,18.3,56.0
1604469130,78.0,83.0,85.0,87.0,18.3,56.0
1604469131,78.0,83.0,85.0,92.0,18.3,56.0
1604469132,78.0,83.0,84.0,92.0,18.3,56.0
1604469133,79.0,83.0,84.0,93.0,18.3,56.0
1604469134,79.0,82.0,85.0,93.0,18.3,56.0
1604469135,79.0,82.0,85.0,93.0,18.3,56.0
1604469136,79.0,82.0,85.0,93.0,18.3,56.0
1604469137,79.0,82.0,86.0,94.0,18.3,56.1
1604469138,79.0,82.0,86.0,94.0,18.3,56.1
1604469139,79.0,82.0,86.0,94.0,18.3,56.1
1604469140,79.0,82.0,86.0,94.0,18.3,56.1
1604469141,79.0,82.0,87.0,94.0,18.3,56.1
1604469142,79.0,82.0,87.0,93.0,18.3,56.1
1604469143,79.0,83.0,87.0,93.0,18.3,56.1
1604469144,79.0,83.0,87.0,91.0,18.3,56.1
1604469145,79.0,83.0,86.0,90.0,18.3,56.1
1604469146,79.0,83.0,86.0,89.0,18.3,56.1
1604469147,79.0,82.0,86.0,88.0,18.3,56.1
1604469148,79.0,82.0,86.0,87.0,18.3,56.1
1604469149,79.0,82.0,86.0,86.0,18.3,56.1
1604469150,79.0,82.0,86.0,85.0,18.3,56.1
1604469151,79.0,82.0,86.0,85.0,18.3,56.1
1604469152,79.0,82.0,86.0,84.0,18.3,56.1
1604469153,79.0,83.0,86.0,84.0,18.3,56.1
1604469154,78.0,83.0,87.0,85.0,18.3,56.1
1604469155,78.0,84.0,87.0,85.0,18.3,56.1
1604469156,78.0,84.0,87.0,85.0,18.3,56.1
1604469157,78.0,85.0,87.0,85.0,18.3,56.1
1604469158,78.0,85.0,87.0,86.0,18.3,56.1
1604469159,78.0,85.0,86.0,86.0,18.3,56.1
1604469160,79.0,85.0,86.0,86.0,18.3,56.1
1604469161,79.0,85.0,86.0,86.0,18.3,56.1
1604469162,79.0,85.0,85.0,86.0,18.3,56.0
1604469163,79.0,84.0,85.0,86.0,18.3,56.0
1604469164,79.0,84.0,84.0,85.0,18.3,56.0
1604469165,80.0,83.0,84.0,85.0,18.3,56.0
1604469166,80.0,82.0,83.0,85.0,18.3,56.0
1604469167,80.0,81.0,84.0,84.0,18.3,56.0
1604469168,80.0,81.0,83.0,84.0,18.3,56.0
1604469169,80.0,80.0,83.0,84.0,18.3,56.0
1604469170,80.0,80.0,83.0,84.0,18.3,56.0
1604469171,80.0,80.0,83.0,84.0,18.3,56.0
1604469172,81.0,79.0,83.0,84.0,18.3,56.0
1604469173,81.0,79.0,83.0,85.0,18.3,56.0
1604469174,80.0,78.0,83.0,85.0,18.3,56.0
1604469175,80.0,78.0,83.0,86.0,18.3,56.0
1604469176,80.0,78.0,83.0,87.0,18.3,56.0
1604469177,80.0,78.0,83.0,87.0,18.3,56.0
1604469178,80.0,77.0,84.0,87.0,18.3,56.0
1604469179,80.0,77.0,84.0,89.0,18.3,56.0
1604469180,79.0,77.0,84.0,89.0,18.3,56.0
1604469181,79.0,77.0,84.0,89.0,18.3,56.0
1604469182,79.0,78.0,85.0,89.0,18.3,56.1
1604469183,78.0,78.0,86.0,89.0,18.3,56.1
1604469184,78.0,78.0,86.0,89.0,18.3,56.1
1604469185,78.0,79.0,87.0,89.0,18.3,56.1
1604469186,77.0,79.0,87.0,89.0,18.3,56.1
1604469187,76.0,79.0,87.0,88.0,18.3,56.1
1604469188,76.0,80.0,87.0,88.0,18.3,56.1
1604469189,76.0,80.0,86.0,87.0,18.3,56.1
1604469190,75.0,80.0,86.0,87.0,18.3,56.1
1604469191,75.0,80.0,86.0,86.0,18.3,56.1
1604469192,75.0,80.0,86.0,86.0,18.3,56.2
1604469193,75.0,80.0,86.0,86.0,18.3,56.2
1604469194,75.0,80.0,86.0,86.0,18.3,56.2
1604469195,75.0,80.0,86.0,86.0,18.3,56.2
1604469196,75.0,80.0,86.0,86.0,18.3,56.2
1604469197,75.0,81.0,86.0,86.0,18.3,56.2
1604469198,75.0,81.0,86.0,86.0,18.3,56.2
1604469199,75.0,81.0,87.0,86.0,18.3,56.2
1604469200,75.0,81.0,87.0,86.0,18.3,56.2
1604469201,75.0,81.0,86.0,86.0,18.3,56.2
1604469202,75.0,81.0,86.0,86.0,18.3,56.2
1604469203,75.0,81.0,86.0,86.0,18.3,56.2
1604469204,75.0,81.0,86.0,86.0,18.3,56.2
1604469205,76.0,82.0,85.0,86.0,18.3,56.2
1604469206,76.0,82.0,85.0,86.0,18.3,56.2
1604469207,76.0,82.0,85.0,85.0,18.3,56.2
1604469208,76.0,82.0,84.0,85.0,18.3,56.2
1604469209,76.0,82.0,84.0,85.0,18.3,56.2
1604469210,76.0,83.0,84.0,85.0,18.3,56.2
1604469211,76.0,83.0,83.0,84.0,18.3,56.2
1604469212,75.0,83.0,83.0,84.0,18.3,56.2
1604469213,75.0,83.0,83.0,84.0,18.3,56.2
1604469214,75.0,83.0,83.0,84.0,18.3,56.2
1604469215,75.0,83.0,83.0,84.0,18.3,56.2
1604469216,75.0,82.0,83.0,84.0,18.3,56.2
1604469217,75.0,81.0,83.0,84.0,18.3,56.2
1604469218,75.0,81.0,83.0,84.0,18.3,56.2
1604469219,75.0,80.0,83.0,85.0,18.3,56.2
1604469220,75.0,80.0,83.0,85.0,18.3,56.2
1604469221,76.0,80.0,83.0,86.0,18.3,56.2
1604469222,76.0,79.0,83.0,86.0,18.3,56.2
1604469223,76.0,79.0,83.0,86.0,18.3,56.2
1604469224,76.0,79.0,83.0,86.0,18.3,56.2
1604469225,76.0,79.0,83.0,86.0,18.3,56.2
1604469226,76.0,79.0,83.0,86.0,18.3,56.2
1604469227,76.0,80.0,83.0,86.0,18.3,56.2
1604469228,76.0,80.0,82.0,86.0,18.3,56.2
1604469229,76.0,80.0,83.0,86.0,18.3,56.2
1604469230,76.0,80.0,83.0,86.0,18.3,56.2
1604469231,75.77777777777777,80.11111111111111,83.0,86.0,18.3,56.2
1604469232,75.55555555555556,80.22222222222223,83.0,86.0,18.3,56.2
1604469233,75.33333333333333,80.33333333333333,83.0,86.0,18.3,56.2
1604469234,75.11111111111111,80.44444444444444,83.0,86.0,18.3,56.2
1604469235,74.88888888888889,80.55555555555556,83.0,86.0,18.3,56.2
1604469236,74.66666666666667,80.66666666666667,83.0,86.0,18.3,56.2
1604469237,74.44444444444444,80.77777777777777,83.0,86.0,18.3,56.2
1604469238,74.22222222222223,80.88888888888889,83.0,86.0,18.3,56.2
1604469239,74.0,81.0,83.0,86.0,18.3,56.2
1604469240,74.0,81.0,83.0,86.0,18.3,56.2
1604469241,74.0,81.0,84.0,86.0,18.3,56.2
1604469242,74.0,80.0,84.0,87.0,18.3,56.2
1604469243,74.0,80.0,85.0,87.0,18.3,56.2
1604469244,74.0,80.0,86.0,87.0,18.3,56.2
1604469245,74.0,80.0,86.0,88.0,18.3,56.2
1604469246,74.0,79.0,87.0,88.0,18.3,56.2
1604469247,74.0,79.0,87.0,88.0,18.3,56.2
1604469248,75.0,79.0,87.0,88.0,18.3,56.2
1604469249,75.0,79.0,87.0,87.0,18.3,56.2
1604469250,75.0,79.0,87.0,87.0,18.3,56.2
1604469251,75.0,79.0,87.0,87.0,18.3,56.2
1604469252,75.0,79.0,86.0,87.0,18.3,56.2
1604469253,76.0,79.0,86.0,87.0,18.3,56.2
1604469254,76.0,80.0,85.0,87.0,18.3,56.2
1604469255,75.0,81.0,85.0,87.0,18.3,56.2
1604469256,76.0,81.0,85.0,87.0,18.3,56.2
1604469257,76.0,81.0,85.0,88.0,18.3,56.2
1604469258,76.0,82.0,84.0,88.0,18.3,56.2
1604469259,76.0,82.0,84.0,88.0,18.3,56.2
1604469260,76.0,83.0,84.0,88.0,18.3,56.2
1604469261,76.0,83.0,84.0,88.0,18.3,56.2
1604469262,76.0,83.0,84.0,88.0,18.3,56.2
1604469263,76.0,84.0,85.0,88.0,18.3,56.2
1604469264,76.0,83.0,85.0,88.0,18.3,56.2
1604469265,77.0,83.0,84.0,88.0,18.3,56.2
1604469266,77.0,83.0,84.0,88.0,18.3,56.2
1604469267,77.0,83.0,84.0,88.0,18.3,56.2
1604469268,77.0,83.0,84.0,89.0,18.3,56.2
1604469269,77.0,84.0,84.0,90.0,18.3,56.2
1604469270,77.0,83.0,84.0,90.0,18.3,56.2
1604469271,77.0,83.0,84.0,90.0,18.3,56.2
1604469272,77.0,83.0,84.0,90.0,18.3,56.2
1604469273,77.0,83.0,83.0,90.0,18.3,56.2
1604469274,77.0,83.0,82.0,90.0,18.3,56.2
1604469275,76.0,83.0,82.0,90.0,18.3,56.2
1604469276,76.0,82.0,83.0,91.0,18.3,56.2
1604469277,76.0,82.0,83.0,91.0,18.3,56.2
1604469278,75.0,81.0,83.0,91.0,18.3,56.2
1604469279,75.0,81.0,83.0,91.0,18.3,56.2
1604469280,75.0,81.0,82.0,92.0,18.3,56.2
1604469281,75.0,81.0,82.0,92.0,18.3,56.2
1604469282,75.0,81.0,82.0,92.0,18.3,56.2
1604469283,75.0,81.0,83.0,92.0,18.3,56.2
1604469284,75.0,81.0,83.0,92.0,18.3,56.2
1604469285,75.0,81.0,83.0,92.0,18.3,56.1
1604469286,76.0,81.0,83.0,92.0,18.3,56.1
1604469287,77.0,81.0,82.0,92.0,18.3,56.1
1604469288,78.0,80.0,82.0,92.0,18.3,56.1
1604469289,79.0,80.0,82.0,92.0,18.3,56.1
1604469290,79.0,80.0,82.0,92.0,18.3,56.1
1604469291,79.0,80.0,82.0,92.0,18.3,56.1
1604469292,80.0,80.0,82.0,92.0,18.3,56.1
1604469293,80.0,80.0,81.0,92.0,18.3,56.1
1604469294,79.0,79.0,81.0,92.0,18.3,56.1
1604469295,79.0,79.0,81.0,92.0,18.3,56.1
1604469296,79.0,79.0,80.0,92.0,18.3,56.1
1604469297,78.0,79.0,80.0,92.0,18.3,56.1
1604469298,77.0,79.0,80.0,92.0,18.3,56.1
1604469299,77.0,78.0,80.0,93.0,18.3,56.1
1604469300,77.0,78.0,80.0,93.0,18.3,56.1
1604469301,76.0,78.0,80.0,93.0,18.3,56.1
1604469302,75.0,78.0,80.0,93.0,18.3,56.1
1604469303,75.0,78.0,79.0,93.0,18.3,56.1
1604469304,75.0,77.0,79.0,93.0,18.3,56.1
1604469305,74.0,77.0,79.0,92.0,18.3,56.1
1604469306,74.0,77.0,79.0,93.0,18.3,56.1
1604469307,74.0,77.0,79.0,93.0,18.3,56.1
1604469308,73.0,77.0,79.0,93.0,18.3,56.1
1604469309,73.0,77.0,79.0,93.0,18.3,56.1
1604469310,73.0,77.0,79.0,93.0,18.3,56.1
1604469311,72.0,78.0,79.0,94.0,18.3,56.1
1604469312,72.0,78.0,79.0,94.0,18.3,56.1
1604469313,72.0,79.0,79.0,95.0,18.3,56.1
1604469314,71.0,80.0,79.0,95.0,18.3,56.1
1604469315,70.0,80.0,79.0,95.0,18.3,56.1
1604469316,70.0,81.0,79.0,94.0,18.3,56.1
1604469317,70.0,81.0,79.0,94.0,18.3,56.1
1604469318,70.0,82.0,79.0,93.0,18.3,56.1
1604469319,70.0,82.0,80.0,93.0,18.3,56.1
1604469320,70.0,82.0,80.0,93.0,18.3,56.1
1604469321,70.0,83.0,80.0,92.0,18.3,56.1
1604469322,71.0,83.0,81.0,92.0,18.3,56.1
1604469323,71.0,82.0,82.0,93.0,18.3,56.1
1604469324,71.0,82.0,82.0,93.0,18.3,56.1
1604469325,72.0,82.0,83.0,93.0,18.3,56.0
1604469326,73.0,81.0,83.0,93.0,18.3,56.0
1604469327,73.0,81.0,83.5,93.0,18.3,56.0
1604469328,73.0,81.0,84.0,93.0,18.3,56.0
1604469329,73.0,81.0,84.0,93.0,18.3,56.0
1604469330,74.0,81.0,85.0,93.0,18.3,56.0
1604469331,74.0,80.0,86.0,93.0,18.3,56.1
1604469332,74.0,80.0,86.0,93.0,18.3,56.1
1604469333,74.0,80.0,87.0,92.0,18.3,56.1
1604469334,74.0,80.0,87.0,91.0,18.3,56.1
1604469335,74.0,80.0,88.0,91.0,18.3,56.1
1604469336,74.0,80.0,88.0,90.0,18.3,56.1
1604469337,74.0,81.0,88.0,89.0,18.3,56.1
1604469338,74.0,81.0,88.0,88.0,18.3,56.1
1604469339,73.0,81.0,88.0,88.0,18.3,56.1
1604469340,73.0,81.0,88.0,88.0,18.3,56.1
1604469341,73.0,81.0,87.0,87.0,18.3,56.1
1604469342,73.0,82.0,87.0,87.0,18.3,56.1
1604469343,73.0,82.0,88.0,87.0,18.3,56.1
1604469344,73.0,81.0,88.0,86.0,18.3,56.1
1604469345,73.0,81.0,87.0,86.0,18.3,56.1
1604469346,73.0,81.0,87.0,86.0,18.4,56.0
1604469347,73.0,81.0,87.0,87.0,18.4,56.0
1604469348,73.0,80.0,86.0,87.0,18.4,56.0
1604469349,72.0,80.0,85.0,87.0,18.4,56.0
1604469350,72.0,80.0,85.0,88.0,18.4,56.0
1604469351,71.0,80.0,84.0,88.0,18.3,55.9
1604469352,70.0,80.0,84.0,88.0,18.3,55.9
1604469353,70.0,80.0,84.0,89.0,18.3,55.9
1604469354,69.0,80.0,84.0,90.0,18.3,55.9
1604469355,69.0,80.0,84.0,90.0,18.3,55.9
1604469356,69.0,80.0,84.0,90.0,18.4,56.0
1604469357,69.0,81.0,84.0,90.0,18.4,56.0
1604469358,69.0,81.0,85.0,90.0,18.4,56.0
1604469359,69.0,81.0,85.0,90.0,18.4,56.0
1604469360,69.0,81.0,85.0,90.0,18.4,56.0
1604469361,70.0,81.0,85.0,90.0,18.4,55.9
1604469362,70.0,81.0,85.0,90.0,18.4,55.9
1604469363,70.0,81.0,85.0,89.0,18.4,55.9
1604469364,70.0,82.0,85.0,90.0,18.4,55.9
1604469365,70.0,82.0,85.0,90.0,18.4,55.9
1604469366,70.0,82.0,84.0,90.0,18.4,55.9
1604469367,70.0,83.0,84.0,90.0,18.4,55.9
1604469368,70.0,84.0,84.0,91.0,18.4,55.9
1604469369,69.0,84.0,84.0,91.0,18.4,55.9
1604469370,69.0,85.0,84.0,92.0,18.4,55.9
1604469371,69.0,85.0,85.0,92.0,18.4,55.9
1604469372,69.0,86.0,85.0,93.0,18.4,55.9
1604469373,69.0,86.0,85.0,93.0,18.4,55.9
1604469374,69.0,86.0,85.0,94.0,18.4,55.9
1604469375,69.0,86.0,85.0,94.0,18.4,55.9
1604469376,69.0,86.0,85.0,94.0,18.4,56.0
1604469377,69.0,86.0,85.0,94.0,18.4,56.0
1604469378,69.0,86.0,85.0,94.0,18.4,56.0
1604469379,69.0,86.0,85.0,94.0,18.4,56.0
1604469380,69.0,85.0,85.0,94.0,18.4,56.0
1604469381,69.0,85.0,85.0,93.0,18.4,55.9
1604469382,69.0,86.0,85.0,93.0,18.4,55.9
1604469383,69.0,86.0,85.0,93.0,18.4,55.9
1604469384,69.0,85.0,85.0,93.0,18.4,55.9
1604469385,69.0,85.0,85.0,93.0,18.4,55.9
1604469386,69.0,85.0,85.0,92.0,18.4,56.0
1604469387,69.0,85.0,85.0,92.0,18.4,56.0
1604469388,69.0,84.0,85.0,92.0,18.4,56.0
1604469389,69.0,84.0,85.0,92.0,18.4,56.0
1604469390,69.0,84.0,84.0,93.0,18.4,56.0
1604469391,69.0,83.0,84.0,93.0,18.4,56.0
1604469392,70.0,83.0,83.0,93.0,18.4,56.0
1604469393,70.0,83.0,82.0,93.0,18.4,56.0
1604469394,71.0,83.0,82.0,92.0,18.4,56.0
1604469395,71.0,82.0,81.0,92.0,18.4,56.0
1604469396,71.0,82.0,81.0,92.0,18.4,56.0
1604469397,72.0,82.0,80.0,91.0,18.4,56.0
1604469398,72.0,81.0,80.0,91.0,18.4,56.0
1604469399,72.0,81.0,80.0,90.0,18.4,56.0
1604469400,72.0,81.0,80.0,90.0,18.4,56.0
1604469401,72.0,81.0,80.0,89.0,18.4,56.0
1604469402,72.0,81.0,80.0,89.0,18.4,56.0
1604469403,72.0,81.0,81.0,89.0,18.4,56.0
1604469404,72.0,81.0,81.0,89.0,18.4,56.0
1604469405,72.0,81.0,81.0,89.0,18.4,56.0
1604469406,71.0,81.0,82.0,89.0,18.4,56.1
1604469407,71.0,81.0,82.0,89.0,18.4,56.1
1604469408,71.0,81.0,82.0,89.0,18.4,56.1
1604469409,71.0,81.0,82.0,89.0,18.4,56.1
1604469410,71.0,82.0,82.0,89.0,18.4,56.1
1604469411,71.0,81.0,82.0,89.0,18.4,56.1
1604469412,71.0,82.0,81.0,90.0,18.4,56.1
1604469413,72.0,81.0,81.0,90.0,18.4,56.1
1604469414,72.0,81.0,81.0,90.0,18.4,56.1
1604469415,73.0,81.0,81.0,90.0,18.4,56.1
1604469416,73.0,80.0,81.0,90.0,18.4,56.1
1604469417,73.0,79.0,82.0,90.0,18.4,56.1
1604469418,73.0,79.0,82.0,90.0,18.4,56.1
1604469419,74.0,78.0,82.0,91.0,18.4,56.1
1604469420,74.0,77.0,83.0,91.0,18.4,56.1
1604469421,74.0,77.0,83.0,91.0,18.4,56.1
1604469422,74.0,77.0,84.0,91.0,18.4,56.1
1604469423,74.0,76.0,84.0,91.0,18.4,56.1
1604469424,74.0,77.0,84.0,91.0,18.4,56.1
1604469425,73.0,77.0,84.0,90.0,18.4,56.1
1604469426,73.0,77.0,83.0,90.0,18.4,56.1
1604469427,73.0,78.0,83.0,90.0,18.4,56.1
1604469428,73.0,79.0,83.0,91.0,18.4,56.1
1604469429,73.0,79.0,82.0,91.0,18.4,56.1
1604469430,73.0,80.0,82.0,92.0,18.4,56.1
1604469431,73.0,81.0,82.0,93.0,18.5,56.2
1604469432,73.0,82.0,81.0,94.0,18.5,56.2
1604469433,74.0,82.0,81.0,94.0,18.5,56.2
1604469434,74.0,83.0,82.0,95.0,18.5,56.2
1604469435,74.0,83.0,82.0,95.0,18.5,56.2
1604469436,74.0,83.0,83.0,95.0,18.5,56.2
1604469437,74.0,83.0,83.0,94.0,18.5,56.2
1604469438,74.0,83.0,83.0,94.0,18.5,56.2
1604469439,73.75,83.0,83.0,94.0,18.5,56.2
1604469440,73.5,83.0,83.0,94.0,18.5,56.2
1604469441,73.25,83.0,83.0,94.0,18.5,56.2
1604469442,73.0,83.0,83.0,94.0,18.5,56.2
1604469443,72.75,83.0,83.0,94.0,18.5,56.2
1604469444,72.5,83.0,83.0,94.0,18.5,56.2
1604469445,72.25,83.0,83.0,94.0,18.5,56.2
1604469446,72.0,83.0,83.0,94.0,18.5,56.2
1604469447,72.0,83.0,84.0,93.0,18.5,56.2
1604469448,72.0,83.0,84.0,93.0,18.5,56.2
1604469449,73.0,83.0,85.0,92.0,18.5,56.2
1604469450,74.0,83.0,85.0,92.0,18.5,56.2
1604469451,74.0,83.0,85.0,91.0,18.5,56.2
1604469452,75.0,83.0,85.0,91.0,18.5,56.2
1604469453,75.0,83.0,85.0,91.0,18.5,56.3
1604469454,75.0,83.0,84.0,91.0,18.5,56.3
1604469455,75.0,83.0,84.0,91.0,18.5,56.3
1604469456,75.0,83.0,84.0,91.0,18.5,56.3
1604469457,75.0,83.0,84.0,91.0,18.5,56.3
1604469458,74.0,82.0,84.0,91.0,18.5,56.3
1604469459,74.0,81.0,84.0,91.0,18.5,56.3
1604469460,74.0,81.0,84.0,92.0,18.5,56.3
1604469461,73.0,81.0,83.0,92.0,18.5,56.3
1604469462,73.0,81.0,84.0,92.0,18.5,56.3
1604469463,72.0,80.0,84.0,92.0,18.5,56.2
1604469464,72.0,80.0,84.0,92.0,18.5,56.2
1604469465,72.0,80.0,84.0,92.0,18.5,56.2
1604469466,72.0,80.0,85.0,92.0,18.5,56.2
1604469467,72.0,81.0,85.0,92.0,18.5,56.2
1604469468,72.0,81.0,85.0,92.0,18.5,56.2
1604469469,72.0,81.0,85.0,92.0,18.5,56.2
1604469470,72.0,81.0,85.0,92.0,18.5,56.2
1604469471,73.0,81.0,85.0,91.0,18.5,56.2
1604469472,73.0,81.0,85.0,91.0,18.5,56.2
1604469473,73.0,81.0,85.0,91.0,18.5,56.1
1604469474,73.0,82.0,85.0,90.0,18.5,56.1
1604469475,73.0,82.0,84.0,90.0,18.5,56.1
1604469476,73.0,82.0,84.0,90.0,18.5,56.1
1604469477,73.0,82.0,84.0,90.0,18.5,56.1
1604469478,74.0,82.0,84.0,89.0,18.5,56.0
1604469479,74.0,82.0,84.0,88.0,18.5,56.0
1604469480,74.0,83.0,84.0,88.0,18.5,56.0
1604469481,74.0,83.0,83.0,87.0,18.5,56.0
1604469482,74.0,83.0,83.0,87.0,18.5,56.0
1604469483,74.0,82.0,83.0,87.0,18.5,56.0
1604469484,74.0,82.0,83.0,88.0,18.5,56.0
1604469485,74.0,82.0,87.0,88.0,18.5,56.0
1604469486,74.0,82.0,88.0,88.0,18.5,56.0
1604469487,74.0,82.0,88.0,88.0,18.5,56.0
1604469488,74.0,81.0,88.0,88.0,18.5,56.0
1604469489,73.0,81.0,88.0,88.0,18.5,56.0
1604469490,73.0,81.0,88.0,89.0,18.5,56.0
1604469491,72.0,81.0,88.0,89.0,18.5,56.0
1604469492,72.0,81.0,88.0,90.0,18.5,56.0
1604469493,72.0,81.0,87.0,90.0,18.5,55.9
1604469494,71.0,81.0,87.0,89.0,18.5,55.9
1604469495,71.0,81.0,87.0,89.0,18.5,55.9
1604469496,71.0,82.0,87.0,90.0,18.5,55.9
1604469497,70.0,82.0,87.0,90.0,18.5,55.9
1604469498,70.0,82.0,87.0,90.0,18.5,55.9
1604469499,70.0,83.0,88.0,90.0,18.5,55.9
1604469500,70.0,83.0,88.0,90.0,18.5,55.9
1604469501,71.0,83.0,89.0,90.0,18.5,55.9
1604469502,71.0,84.0,89.0,90.0,18.5,55.9
1604469503,71.0,84.0,90.0,90.0,18.6,55.9
1604469504,71.0,84.0,91.0,90.0,18.6,55.9
1604469505,72.0,84.0,91.0,90.0,18.6,55.9
1604469506,73.0,83.0,92.0,90.0,18.6,55.9
1604469507,73.0,83.0,92.0,90.0,18.6,55.9
1604469508,74.0,83.0,93.0,90.0,18.6,55.9
1604469509,74.0,82.0,93.0,90.0,18.6,55.9
1604469510,74.0,82.0,93.0,91.0,18.6,55.9
1604469511,74.0,81.0,93.0,91.0,18.6,55.9
1604469512,74.0,81.0,92.0,91.0,18.6,55.9
1604469513,74.0,81.0,92.0,91.0,18.5,55.6
1604469514,73.0,79.0,91.0,92.0,18.5,55.6
1604469515,72.0,79.0,91.0,92.0,18.5,55.6
1604469516,71.0,79.0,89.0,92.0,18.5,55.6
1604469517,70.0,79.0,89.0,92.0,18.5,55.6
1604469518,70.0,80.0,88.0,92.0,18.6,55.3
1604469519,69.0,80.0,88.0,92.0,18.6,55.3
1604469520,69.0,80.0,88.0,92.0,18.6,55.3
1604469521,69.0,80.0,88.0,92.0,18.6,55.3
1604469522,69.0,81.0,88.0,92.0,18.6,55.3
1604469523,69.0,80.0,88.0,91.0,18.6,55.3
1604469524,69.0,80.0,89.0,91.0,18.6,55.3
1604469525,69.0,80.0,89.0,91.0,18.6,55.3
1604469526,70.0,80.0,90.0,91.0,18.6,55.3
1604469527,70.0,80.0,90.0,91.0,18.6,55.3
1604469528,71.0,80.0,89.0,91.0,18.6,55.3
1604469529,71.0,80.0,89.0,91.0,18.6,55.3
1604469530,71.0,80.0,89.0,91.0,18.6,55.3
1604469531,71.0,80.0,89.0,91.0,18.6,55.3
1604469532,71.0,81.0,88.0,90.0,18.6,55.3
1604469533,70.0,81.0,88.0,90.0,18.6,55.4
1604469534,70.0,82.0,87.0,90.0,18.6,55.4
1604469535,70.0,83.0,86.0,91.0,18.6,55.4
1604469536,69.0,83.0,86.0,91.0,18.6,55.4
1604469537,69.0,84.0,86.0,92.0,18.6,55.4
1604469538,68.0,84.0,86.0,92.0,18.6,55.6
1604469539,68.0,85.0,86.0,93.0,18.6,55.6
1604469540,68.0,85.0,85.0,93.0,18.6,55.6
1604469541,68.0,86.0,86.0,93.0,18.6,55.6
1604469542,68.0,86.0,85.0,94.0,18.6,55.6
1604469543,68.0,86.0,85.0,95.0,18.6,55.6
1604469544,68.0,86.0,86.0,95.0,18.6,55.6
1604469545,68.0,86.0,86.0,95.0,18.6,55.6
1604469546,68.0,86.0,86.0,95.0,18.6,55.6
1604469547,69.0,86.0,86.0,95.0,18.6,55.6
1604469548,69.0,86.0,86.0,94.0,18.6,55.5
1604469549,69.0,86.0,86.0,94.0,18.6,55.5
1604469550,70.0,86.0,86.0,93.0,18.6,55.5
1604469551,70.0,86.0,86.0,92.0,18.6,55.5
1604469552,71.0,85.0,85.0,92.0,18.6,55.5
1604469553,72.0,85.0,85.0,91.0,18.6,55.5
1604469554,73.0,85.0,85.0,91.0,18.6,55.5
1604469555,73.0,84.0,85.0,90.0,18.6,55.5
1604469556,74.0,84.0,85.0,90.0,18.6,55.5
1604469557,74.0,84.0,85.0,90.0,18.6,55.5
1604469558,74.0,83.0,85.0,89.0,18.6,55.6
1604469559,74.0,83.0,85.0,89.0,18.6,55.6
1604469560,74.0,83.0,85.0,88.0,18.6,55.6
1604469561,74.0,82.0,86.0,88.0,18.6,55.6
1604469562,74.0,82.0,86.0,87.0,18.6,55.6
1604469563,74.0,82.0,86.0,87.0,18.6,55.6
1604469564,73.0,82.0,86.0,86.0,18.6,55.6
1604469565,73.0,82.0,86.0,86.0,18.6,55.6
1604469566,73.0,83.0,86.0,86.0,18.6,55.6
1604469567,73.0,83.0,86.0,86.0,18.6,55.6
1604469568,73.0,83.0,86.0,86.0,18.6,55.6
1604469569,74.0,83.0,85.0,86.0,18.6,55.6
1604469570,74.0,84.0,85.0,87.0,18.6,55.6
1604469571,74.0,84.0,85.0,87.0,18.6,55.6
1604469572,74.0,84.0,85.0,88.0,18.6,55.6
1604469573,74.0,85.0,85.0,88.0,18.6,55.4
1604469574,75.0,84.0,85.0,89.0,18.6,55.4
1604469575,75.0,84.0,86.0,90.0,18.6,55.4
1604469576,75.0,84.0,86.0,90.0,18.6,55.4
1604469577,75.0,84.0,87.0,91.0,18.6,55.4
1604469578,75.0,84.0,88.0,91.0,18.6,55.2
1604469579,75.0,83.0,88.0,91.0,18.6,55.2
1604469580,74.0,83.0,89.0,91.0,18.6,55.2
1604469581,74.0,83.0,89.0,91.0,18.6,55.2
1604469582,74.0,83.0,88.0,91.0,18.6,55.2
1604469583,73.0,82.0,88.0,91.0,18.6,55.1
1604469584,73.0,82.0,88.0,90.0,18.6,55.1
1604469585,73.0,82.0,87.0,90.0,18.6,55.1
1604469586,73.21739130434783,82.0,87.0,90.0,18.6,55.1
1604469587,73.43478260869566,82.0,87.0,90.0,18.6,55.1
1604469588,73.65217391304348,82.0,87.0,90.0,18.6,55.1
1604469589,73.8695652173913,82.0,87.0,90.0,18.6,55.1
1604469590,74.08695652173913,82.0,87.0,90.0,18.6,55.1
1604469591,74.30434782608695,82.0,87.0,90.0,18.6,55.1
1604469592,74.52173913043478,82.0,87.0,90.0,18.6,55.1
1604469593,74.73913043478261,82.0,87.0,90.0,18.6,55.1
1604469594,74.95652173913044,82.0,87.0,90.0,18.6,55.1
1604469595,75.17391304347827,82.0,87.0,90.0,18.6,55.1
1604469596,75.3913043478261,82.0,87.0,90.0,18.6,55.1
1604469597,75.6086956521739,82.0,87.0,90.0,18.6,55.1
1604469598,75.82608695652173,82.0,87.0,90.0,18.6,55.1
1604469599,76.04347826086956,82.0,87.0,90.0,18.6,55.1
1604469600,76.26086956521739,82.0,87.0,90.0,18.6,55.1
1604469601,76.47826086956522,82.0,87.0,90.0,18.6,55.1
1604469602,76.69565217391305,82.0,87.0,90.0,18.6,55.1
1604469603,76.91304347826087,82.0,87.0,90.0,18.6,55.1
1604469604,77.13043478260869,82.0,87.0,90.0,18.6,55.1
1604469605,77.34782608695652,82.0,87.0,90.0,18.6,55.1
1604469606,77.56521739130434,82.0,87.0,90.0,18.6,55.1
1604469607,77.78260869565217,82.0,87.0,90.0,18.6,55.1
1604469608,78.0,82.0,87.0,90.0,18.6,55.1
1604469609,78.0,82.0,86.0,90.0,18.6,55.1
1604469610,77.0,82.0,86.0,90.0,18.6,54.9
1604469611,77.0,82.0,85.0,90.0,18.6,54.9
1604469612,76.0,82.0,85.0,90.0,18.6,54.9
1604469613,76.0,82.0,85.0,90.0,18.6,54.9
1604469614,76.0,82.0,86.0,90.0,18.6,54.9
1604469615,76.0,83.0,86.0,90.0,18.7,54.9
1604469616,76.0,83.0,87.0,90.0,18.7,54.9
1604469617,76.0,83.0,88.0,90.0,18.7,54.9
1604469618,76.0,84.0,88.0,90.0,18.7,54.9
1604469619,75.0,84.0,88.0,90.0,18.7,54.9
1604469620,75.0,84.0,89.0,90.0,18.7,54.9
1604469621,75.0,85.0,89.0,90.0,18.7,54.9
1604469622,75.0,85.0,89.0,90.0,18.7,54.9
1604469623,75.0,84.0,89.0,91.0,18.7,54.9
1604469624,75.0,84.0,88.0,91.0,18.7,54.9
1604469625,75.0,84.0,88.0,91.0,18.6,54.7
1604469626,76.0,85.0,87.0,91.0,18.6,54.7
1604469627,76.0,85.0,87.0,91.0,18.6,54.7
1604469628,76.0,85.0,86.0,91.0,18.6,54.7
1604469629,76.0,85.0,86.0,91.0,18.6,54.7
1604469630,77.0,85.0,85.0,91.0,18.6,54.8
1604469631,77.0,85.0,85.0,91.0,18.6,54.8
1604469632,77.0,85.0,85.0,90.0,18.6,54.8
1604469633,78.0,86.0,85.0,89.0,18.6,54.8
1604469634,78.0,86.0,85.0,89.0,18.6,54.8
1604469635,79.0,85.0,86.0,88.0,18.6,54.8
1604469636,79.0,85.0,86.0,88.0,18.6,54.8
1604469637,79.0,85.0,87.0,87.0,18.6,54.8
1604469638,79.0,85.0,87.0,87.0,18.6,54.8
1604469639,79.0,85.0,88.0,87.0,18.6,54.8
1604469640,79.0,85.0,89.0,87.0,18.6,54.3
1604469641,79.0,85.0,89.0,87.0,18.6,54.3
1604469642,79.0,85.0,89.0,86.0,18.6,54.3
1604469643,79.0,86.0,89.0,86.0,18.6,54.3
1604469644,79.0,86.0,89.0,86.0,18.6,54.3
1604469645,79.0,86.0,89.0,86.0,18.7,54.3
1604469646,80.0,86.0,89.0,86.0,18.7,54.3
1604469647,80.0,86.0,89.0,86.0,18.7,54.3
1604469648,80.0,87.0,88.0,86.0,18.7,54.3
1604469649,80.0,87.0,88.0,86.0,18.7,54.3
1604469650,80.0,87.0,88.0,86.0,18.7,54.3
1604469651,80.0,86.0,87.0,86.0,18.7,54.3
1604469652,80.0,86.0,87.0,86.0,18.7,54.3
1604469653,78.0,86.0,87.0,86.0,18.7,54.3
1604469654,78.0,86.0,86.0,86.0,18.7,54.3
1604469655,77.0,86.0,85.0,85.0,18.6,54.2
1604469656,77.0,86.0,85.0,86.0,18.6,54.2
1604469657,76.0,87.0,85.0,86.0,18.6,54.2
1604469658,76.0,87.0,84.0,86.0,18.6,54.2
1604469659,76.0,86.0,84.0,85.0,18.6,54.2
1604469660,75.0,86.0,83.0,85.0,18.7,54.3
1604469661,75.0,86.0,83.0,86.0,18.7,54.3
1604469662,75.0,86.0,84.0,86.0,18.7,54.3
1604469663,75.0,86.0,84.0,87.0,18.7,54.3
1604469664,75.0,85.0,85.0,87.0,18.7,54.3
1604469665,76.0,85.0,86.0,88.0,18.7,54.3
1604469666,76.0,84.0,87.0,88.0,18.7,54.3
1604469667,76.0,84.0,88.0,88.0,18.7,54.3
1604469668,76.0,83.0,89.0,88.0,18.7,54.3
1604469669,76.0,83.0,90.0,88.0,18.7,54.3
1604469670,76.0,83.0,91.0,89.0,18.7,54.3
1604469671,75.0,83.0,91.0,89.0,18.7,54.3
1604469672,75.0,82.0,92.0,88.0,18.7,54.3
1604469673,74.0,82.0,92.0,88.0,18.7,54.3
1604469674,74.0,82.0,92.0,87.0,18.7,54.3
1604469675,73.0,82.0,88.0,86.0,18.6,54.2
1604469676,73.0,82.0,88.0,86.0,18.6,54.2
1604469677,72.0,83.0,88.0,86.0,18.6,54.2
1604469678,72.0,83.0,87.0,86.0,18.6,54.2
1604469679,72.0,83.0,87.0,86.0,18.6,54.2
1604469680,72.0,84.0,87.0,87.0,18.7,54.3
1604469681,72.0,84.0,87.0,87.0,18.7,54.3
1604469682,72.0,84.0,87.0,88.0,18.7,54.3
1604469683,73.0,85.0,87.0,88.0,18.7,54.3
1604469684,73.0,85.0,87.0,89.0,18.7,54.3
1604469685,73.0,85.0,87.0,90.0,18.7,53.8
1604469686,74.0,85.0,87.0,91.0,18.7,53.8
1604469687,74.0,86.0,87.0,91.0,18.7,53.8
1604469688,74.0,85.0,87.0,92.0,18.7,53.8
1604469689,74.0,85.0,87.0,92.0,18.7,53.8
1604469690,74.0,84.0,87.0,92.0,18.7,54.3
1604469691,75.0,84.0,87.0,92.0,18.7,54.3
1604469692,75.0,84.0,87.0,92.0,18.7,54.3
1604469693,75.0,83.0,87.0,89.0,18.7,54.3
1604469694,75.0,83.0,87.0,88.0,18.7,54.3
1604469695,75.0,83.0,87.0,88.0,18.7,54.3
1604469696,75.0,83.0,87.0,88.0,18.7,54.3
1604469697,75.0,83.0,87.0,87.0,18.7,54.3
1604469698,75.0,83.0,87.0,87.0,18.7,54.3
1604469699,74.0,83.0,86.0,87.0,18.7,54.3
1604469700,74.0,84.0,86.0,87.0,18.7,54.3
1604469701,74.0,84.0,86.0,87.0,18.7,54.3
1604469702,74.0,85.0,85.0,87.0,18.7,54.3
1604469703,73.0,85.0,85.0,87.0,18.7,54.3
1604469704,73.0,85.0,85.0,87.0,18.7,54.3
1604469705,72.0,85.0,85.0,87.0,18.7,54.3
1604469706,72.0,86.0,84.0,87.0,18.7,54.3
1604469707,72.22222222222223,86.0,84.0,87.0,18.7,54.3
1604469708,72.44444444444444,86.0,84.0,87.0,18.7,54.3
1604469709,72.66666666666667,86.0,84.0,87.0,18.7,54.3
1604469710,72.88888888888889,86.0,84.0,87.0,18.7,54.3
1604469711,73.11111111111111,86.0,84.0,87.0,18.7,54.3
1604469712,73.33333333333333,86.0,84.0,87.0,18.7,54.3
1604469713,73.55555555555556,86.0,84.0,87.0,18.7,54.3
1604469714,73.77777777777777,86.0,84.0,87.0,18.7,54.3
1604469715,74.0,86.0,84.0,87.0,18.7,54.3
1604469716,76.0,86.0,84.0,87.0,18.7,54.3
1604469717,76.0,86.0,84.0,88.0,18.7,54.3
1604469718,76.0,86.0,83.0,88.0,18.8,54.4
1604469719,76.0,86.0,83.0,88.0,18.8,54.4
1604469720,76.0,85.0,83.0,89.0,18.8,54.4
1604469721,76.0,85.0,83.0,89.0,18.8,54.4
1604469722,76.0,85.0,84.0,89.0,18.8,54.4
1604469723,76.0,85.0,84.0,89.0,18.8,54.4
1604469724,76.0,84.0,85.0,89.0,18.8,54.4
1604469725,75.0,84.0,85.0,89.0,18.8,54.4
1604469726,75.0,84.0,86.0,89.0,18.8,54.4
1604469727,75.0,84.0,87.0,89.0,18.8,54.4
1604469728,75.0,84.0,87.0,88.0,18.7,54.3
1604469729,75.0,84.0,88.0,88.0,18.7,54.3
1604469730,75.0,84.0,88.0,88.0,18.7,54.3
1604469731,75.0,84.0,88.0,87.0,18.7,54.3
1604469732,75.0,84.0,88.0,87.0,18.7,54.3
1604469733,75.0,84.0,88.0,87.0,18.7,54.4
1604469734,75.0,84.0,88.0,87.0,18.7,54.4
1604469735,75.0,85.0,88.0,87.0,18.7,54.4
1604469736,76.0,85.0,88.0,86.0,18.7,54.4
1604469737,76.0,85.0,86.0,86.0,18.7,54.4
1604469738,77.0,86.0,86.0,86.0,18.8,54.5
1604469739,78.0,86.0,86.0,86.0,18.8,54.5
1604469740,78.0,87.0,87.0,86.0,18.8,54.5
1604469741,78.0,87.0,87.0,86.0,18.8,54.5
1604469742,79.0,87.0,87.0,86.0,18.8,54.5
1604469743,79.0,87.0,87.0,86.0,18.8,54.5
1604469744,79.0,87.0,88.0,86.0,18.8,54.5
1604469745,79.0,87.0,88.0,86.0,18.8,54.5
1604469746,78.0,87.0,88.0,86.0,18.8,54.5
1604469747,78.0,86.0,88.0,86.0,18.8,54.5
1604469748,77.0,86.0,88.0,87.0,18.8,54.7
1604469749,77.0,85.0,88.0,87.0,18.8,54.7
1604469750,76.0,85.0,87.0,88.0,18.8,54.7
1604469751,76.0,84.0,86.0,88.0,18.8,54.7
1604469752,75.0,84.0,86.0,88.0,18.8,54.7
1604469753,75.0,84.0,85.0,88.0,18.8,54.7
1604469754,75.0,84.0,85.0,88.0,18.8,54.7
1604469755,75.0,84.0,85.0,89.0,18.8,54.7
1604469756,75.0,84.0,85.0,89.0,18.8,54.7
1604469757,76.0,85.0,85.0,89.0,18.8,54.7
1604469758,76.0,85.0,85.0,88.0,18.8,54.8
1604469759,76.0,85.0,85.0,88.0,18.8,54.8
1604469760,76.0,85.0,86.0,88.0,18.8,54.8
1604469761,76.0,85.0,86.0,88.0,18.8,54.8
1604469762,76.0,85.0,86.0,88.0,18.8,54.8
1604469763,76.0,86.0,87.0,88.0,18.8,54.8
1604469764,75.0,84.0,87.0,89.0,18.8,54.8
1604469765,75.0,84.0,87.0,89.0,18.8,54.8
1604469766,75.0,83.0,87.0,89.0,18.8,54.8
1604469767,75.0,83.0,88.0,90.0,18.8,54.8
1604469768,75.0,82.0,88.0,90.0,18.8,54.9
1604469769,75.0,82.0,88.0,90.0,18.8,54.9
1604469770,75.0,82.0,88.0,91.0,18.8,54.9
1604469771,75.0,82.0,88.0,91.0,18.8,54.9
1604469772,75.0,82.0,88.0,91.0,18.8,54.9
1604469773,76.0,82.0,88.0,91.0,18.7,54.8
1604469774,76.0,82.0,89.0,91.0,18.7,54.8
1604469775,77.0,82.0,89.0,91.0,18.7,54.8
1604469776,77.0,82.0,89.0,90.0,18.7,54.8
1604469777,78.0,82.0,89.0,90.0,18.7,54.8
1604469778,78.0,81.0,89.0,90.0,18.8,54.9
1604469779,79.0,81.0,88.0,90.0,18.8,54.9
1604469780,79.0,81.0,88.0,90.0,18.8,54.9
1604469781,79.0,81.0,88.0,90.0,18.8,54.9
1604469782,79.0,81.0,88.0,91.0,18.8,54.9
1604469783,79.0,81.0,88.0,91.0,18.8,55.0
1604469784,79.0,82.0,87.0,91.0,18.8,55.0
1604469785,79.0,82.0,87.0,91.0,18.8,55.0
1604469786,79.0,83.0,87.0,91.0,18.8,55.0
1604469787,79.0,83.0,85.0,91.0,18.8,55.0
1604469788,79.0,84.0,85.0,91.0,18.7,54.7
1604469789,79.0,85.0,84.0,91.0,18.7,54.7
1604469790,79.0,86.0,84.0,91.0,18.7,54.7
1604469791,79.0,86.0,84.0,90.0,18.7,54.7
1604469792,79.0,86.0,84.0,90.0,18.7,54.7
1604469793,79.0,86.0,84.0,90.0,18.8,54.8
1604469794,79.0,86.0,84.0,89.0,18.8,54.8
1604469795,79.0,86.0,83.0,89.0,18.8,54.8
1604469796,79.0,85.0,83.0,89.0,18.8,54.8
1604469797,78.0,85.0,83.0,89.0,18.8,54.8
1604469798,78.0,85.0,83.0,89.0,18.8,54.6
1604469799,78.0,85.0,83.0,89.0,18.8,54.6
1604469800,78.0,84.0,83.0,89.0,18.8,54.6
1604469801,78.0,84.0,83.0,89.0,18.8,54.6
1604469802,78.0,84.0,82.0,89.0,18.8,54.6
1604469803,78.0,84.0,82.0,89.0,18.7,54.4
1604469804,78.0,84.0,82.0,89.0,18.7,54.4
1604469805,78.0,84.0,82.0,89.0,18.7,54.4
1604469806,79.0,84.0,82.0,90.0,18.7,54.4
1604469807,79.0,84.0,82.0,90.0,18.7,54.4
1604469808,79.0,84.0,82.0,90.0,18.8,54.4
1604469809,79.0,84.0,82.0,91.0,18.8,54.4
1604469810,79.0,83.0,83.0,91.0,18.8,54.4
1604469811,79.0,83.0,84.0,91.0,18.8,54.4
1604469812,79.0,83.0,85.0,91.0,18.8,54.4
1604469813,79.0,83.0,85.0,91.0,18.8,54.4
1604469814,79.0,83.0,86.0,91.0,18.8,54.4
1604469815,79.0,83.0,87.0,91.0,18.8,54.4
1604469816,79.0,83.0,87.0,91.0,18.8,54.4
1604469817,79.0,83.0,88.0,91.0,18.8,54.4
1604469818,79.0,83.0,88.0,90.0,18.8,54.4
1604469819,78.0,84.0,88.0,90.0,18.8,54.4
1604469820,78.0,85.0,88.0,90.0,18.8,54.4
1604469821,78.0,85.0,88.0,90.0,18.8,54.4
1604469822,78.0,85.0,88.0,89.0,18.8,54.4
1604469823,78.0,85.0,88.0,89.0,18.8,54.4
1604469824,78.0,85.0,88.0,89.0,18.8,54.4
1604469825,78.0,86.0,88.0,89.0,18.8,54.4
1604469826,78.0,86.0,88.0,89.0,18.8,54.4
1604469827,78.0,86.0,87.0,89.0,18.8,54.4
1604469828,78.0,86.0,87.0,89.0,18.8,54.4
1604469829,78.0,86.0,87.0,88.0,18.8,54.4
1604469830,78.0,86.0,88.0,88.0,18.8,54.4
1604469831,77.0,86.0,88.0,88.0,18.8,54.4
1604469832,77.0,87.0,88.0,88.0,18.8,54.4
1604469833,77.0,87.0,88.0,88.0,18.8,54.4
1604469834,77.0,88.0,88.0,88.0,18.8,54.4
1604469835,76.0,88.0,88.0,88.0,18.8,54.4
1604469836,76.0,88.0,88.0,87.0,18.8,54.4
1604469837,76.0,88.0,89.0,87.0,18.8,54.4
1604469838,76.0,88.0,89.0,87.0,18.8,54.4
1604469839,76.0,88.0,89.0,87.0,18.8,54.4
1604469840,76.0,88.0,89.0,87.0,18.8,54.4
1604469841,77.0,87.0,89.0,88.0,18.8,54.4
1604469842,77.0,87.0,89.0,88.0,18.8,54.4
1604469843,77.0,87.0,90.0,88.0,18.8,54.3
1604469844,77.0,86.0,90.0,88.0,18.8,54.3
1604469845,78.0,86.0,89.0,89.0,18.8,54.3
1604469846,78.0,86.0,89.0,89.0,18.8,54.3
1604469847,78.0,86.0,88.0,90.0,18.8,54.3
1604469848,78.0,85.0,88.0,90.0,18.8,54.2
1604469849,78.0,86.0,87.0,91.0,18.8,54.2
1604469850,78.0,86.0,86.0,91.0,18.8,54.2
1604469851,78.0,86.0,86.0,92.0,18.8,54.2
1604469852,78.0,86.0,85.0,92.0,18.8,54.2
1604469853,77.0,86.0,84.0,93.0,18.8,54.0
1604469854,77.0,86.0,84.0,94.0,18.8,54.0
1604469855,76.0,87.0,83.0,94.0,18.8,54.0
1604469856,76.0,87.0,83.0,94.0,18.8,54.0
1604469857,75.0,87.0,84.0,94.0,18.8,54.0
1604469858,75.0,87.0,84.0,94.0,18.8,54.0
1604469859,75.0,86.0,84.0,94.0,18.8,54.0
1604469860,74.0,86.0,84.0,94.0,18.8,54.0
1604469861,74.0,86.0,84.0,94.0,18.8,54.0
1604469862,74.0,85.0,85.0,93.0,18.8,54.0
1604469863,74.0,85.0,85.0,93.0,18.8,53.8
1604469864,74.0,85.0,85.0,92.0,18.8,53.8
1604469865,74.0,84.0,86.0,92.0,18.8,53.8
1604469866,74.0,83.0,86.0,92.0,18.8,53.8
1604469867,74.0,83.0,86.0,91.0,18.8,53.8
1604469868,75.0,82.0,86.0,91.0,18.8,53.6
1604469869,75.0,82.0,86.0,91.0,18.8,53.6
1604469870,75.0,82.0,86.0,91.0,18.8,53.6
1604469871,76.0,82.0,86.0,91.0,18.8,53.6
1604469872,76.0,81.0,86.0,91.0,18.8,53.6
1604469873,77.0,81.0,86.0,91.0,18.7,53.3
1604469874,77.0,81.0,86.0,91.0,18.7,53.3
1604469875,77.0,81.0,86.0,91.0,18.7,53.3
1604469876,78.0,81.0,86.0,91.0,18.7,53.3
1604469877,79.0,82.0,86.0,91.0,18.7,53.3
1604469878,79.0,82.0,86.0,91.0,18.7,53.1
1604469879,79.0,82.0,87.0,91.0,18.7,53.1
1604469880,79.0,83.0,87.0,92.0,18.7,53.1
1604469881,78.0,83.0,88.0,92.0,18.7,53.1
1604469882,77.0,83.0,88.0,92.0,18.7,53.1
1604469883,77.0,83.0,88.0,92.0,18.7,53.0
1604469884,76.0,83.0,89.0,93.0,18.7,53.0
1604469885,75.0,83.0,89.0,93.0,18.7,53.0
1604469886,75.0,83.0,89.0,94.0,18.7,53.0
1604469887,74.0,83.0,90.0,94.0,18.7,53.0
1604469888,74.0,83.0,89.0,95.0,18.7,52.9
1604469889,74.0,83.0,89.0,95.0,18.7,52.9
1604469890,74.0,83.0,88.0,95.0,18.7,52.9
1604469891,74.0,83.0,88.0,95.0,18.7,52.9
1604469892,75.0,83.0,87.0,95.0,18.7,52.9
1604469893,75.0,82.0,87.0,95.0,18.7,53.0
1604469894,76.0,82.0,86.0,95.0,18.7,53.0
1604469895,76.0,81.0,86.0,94.0,18.7,53.0
1604469896,76.0,81.0,86.0,94.0,18.7,53.0
1604469897,76.0,81.0,86.0,94.0,18.7,53.0
1604469898,77.0,81.0,87.0,94.0,18.7,53.1
1604469899,76.0,80.0,87.0,93.0,18.7,53.1
1604469900,76.0,80.0,87.0,92.0,18.7,53.1
1604469901,76.0,81.0,87.0,91.0,18.7,53.1
1604469902,76.0,81.0,88.0,91.0,18.7,53.1
1604469903,76.0,81.0,88.0,91.0,18.7,53.1
1604469904,75.0,81.0,88.0,91.0,18.7,53.1
1604469905,75.0,81.0,88.0,91.0,18.7,53.1
1604469906,75.0,81.0,88.0,91.0,18.7,53.1
1604469907,75.0,81.0,88.0,91.0,18.7,53.1
1604469908,75.0,81.0,88.0,91.0,18.7,53.2
1604469909,75.0,82.0,88.0,91.0,18.7,53.2
1604469910,76.0,81.0,87.0,91.0,18.7,53.2
1604469911,76.0,82.0,87.0,91.0,18.7,53.2
1604469912,76.0,82.0,87.0,91.0,18.7,53.2
1604469913,76.0,82.0,87.0,91.0,18.7,53.2
1604469914,76.0,82.0,87.0,91.0,18.7,53.2
1604469915,76.0,82.0,87.0,91.0,18.7,53.2
1604469916,76.0,82.0,87.0,91.0,18.7,53.2
1604469917,76.0,82.0,87.0,91.0,18.7,53.2
1604469918,76.0,82.0,87.0,91.0,18.7,53.2
1604469919,76.0,82.0,87.0,91.0,18.7,53.2
1604469920,76.0,82.0,87.0,91.0,18.7,53.2
1604469921,76.0,82.0,87.0,91.0,18.7,53.3
1604469922,76.0,82.0,86.0,91.0,18.7,53.3
1604469923,76.0,82.0,86.0,91.0,18.7,53.3
1604469924,76.0,82.0,86.0,91.0,18.7,53.3
1604469925,75.0,82.0,86.0,91.0,18.7,53.3
1604469926,75.0,82.0,86.0,92.0,18.6,53.3
1604469927,75.0,82.0,87.0,92.0,18.6,53.3
1604469928,75.0,82.0,87.0,92.0,18.6,53.3
1604469929,74.0,81.0,87.0,92.0,18.6,53.3
1604469930,74.0,81.0,87.0,92.0,18.6,53.3
1604469931,74.0,81.0,87.0,92.0,18.6,53.3
1604469932,74.0,81.0,87.0,92.0,18.6,53.3
1604469933,74.0,81.0,87.0,92.0,18.6,53.3
1604469934,75.0,81.0,87.0,93.0,18.6,53.3
1604469935,75.0,81.0,87.0,93.0,18.6,53.3
1604469936,75.0,81.0,87.0,93.0,18.7,53.5
1604469937,75.0,81.0,87.0,93.0,18.7,53.5
1604469938,75.0,81.0,87.0,93.0,18.7,53.5
1604469939,75.0,81.0,85.0,94.0,18.7,53.5
1604469940,75.0,82.0,85.0,94.0,18.7,53.5
1604469941,75.0,82.0,84.0,94.0,18.6,53.4
1604469942,74.0,83.0,84.0,95.0,18.6,53.4
1604469943,74.0,83.0,84.0,95.0,18.6,53.4
1604469944,74.0,83.0,84.0,95.0,18.6,53.4
1604469945,74.0,84.0,84.0,95.0,18.6,53.4
1604469946,74.0,84.0,83.0,91.0,18.7,53.5
1604469947,74.0,85.0,83.0,91.0,18.7,53.5
1604469948,74.0,85.0,83.0,91.0,18.7,53.5
1604469949,74.0,85.0,83.0,91.0,18.7,53.5
1604469950,74.0,85.0,83.0,91.0,18.7,53.5
1604469951,74.0,84.0,83.0,91.0,18.6,53.5
1604469952,73.0,84.0,82.0,91.0,18.6,53.5
1604469953,72.0,85.0,82.0,91.0,18.6,53.5
1604469954,72.0,85.0,82.0,91.0,18.6,53.5
1604469955,71.0,85.0,82.0,91.0,18.6,53.5
1604469956,71.0,85.0,82.0,91.0,18.7,53.6
1604469957,71.0,85.0,82.0,91.0,18.7,53.6
1604469958,70.0,85.0,82.0,91.0,18.7,53.6
1604469959,70.0,85.0,82.0,91.0,18.7,53.6
1604469960,71.0,85.0,82.0,91.0,18.7,53.6
1604469961,71.0,85.0,83.0,91.0,18.7,53.6
1604469962,71.0,85.0,83.0,91.0,18.7,53.6
1604469963,72.0,85.0,84.0,91.0,18.7,53.6
1604469964,72.0,85.0,84.0,92.0,18.7,53.6
1604469965,73.0,85.0,84.0,92.0,18.7,53.6
1604469966,73.0,85.0,84.0,92.0,18.7,53.6
1604469967,74.0,85.0,85.0,93.0,18.7,53.6
1604469968,75.0,85.0,85.0,93.0,18.7,53.6
1604469969,76.0,84.0,85.0,93.0,18.7,53.6
1604469970,76.0,83.0,85.0,94.0,18.7,53.6
1604469971,76.0,83.0,85.0,94.0,18.7,53.6
1604469972,78.0,82.0,85.0,94.0,18.7,53.6
1604469973,78.0,82.0,85.0,94.0,18.7,53.6
1604469974,79.0,82.0,85.0,93.0,18.7,53.6
1604469975,80.0,81.0,85.0,93.0,18.7,53.6
1604469976,80.0,81.0,85.0,93.0,18.7,53.6
1604469977,81.0,81.0,85.0,92.0,18.7,53.6
1604469978,80.0,80.0,85.0,92.0,18.7,53.6
1604469979,80.0,80.0,85.0,91.0,18.7,53.6
1604469980,80.0,80.0,85.0,91.0,18.7,53.6
1604469981,80.0,80.0,85.0,91.0,18.7,53.5
1604469982,80.0,80.0,84.0,91.0,18.7,53.5
1604469983,79.0,80.0,84.0,91.0,18.7,53.5
1604469984,78.0,80.0,84.0,91.0,18.7,53.5
1604469985,78.0,80.0,85.0,91.0,18.7,53.5
1604469986,77.0,80.0,85.0,91.0,18.7,53.3
1604469987,77.0,81.0,85.0,91.0,18.7,53.3
1604469988,76.0,81.0,85.0,92.0,18.7,53.3
1604469989,76.0,82.0,85.0,92.0,18.7,53.3
1604469990,76.0,82.0,85.0,92.0,18.7,53.3
1604469991,76.0,82.0,85.0,92.0,18.7,53.4
1604469992,75.0,82.0,86.0,93.0,18.7,53.4
1604469993,75.0,82.0,86.0,93.0,18.7,53.4
1604469994,75.0,82.0,86.0,93.0,18.7,53.4
1604469995,75.0,83.0,86.0,93.0,18.7,53.4
1604469996,75.0,83.0,86.0,94.0,18.7,53.4
1604469997,75.0,83.0,86.0,94.0,18.7,53.4
1604469998,74.0,83.0,86.0,94.0,18.7,53.4
1604469999,74.0,83.0,86.0,94.0,18.7,53.4
1604470000,74.0,83.0,86.0,94.0,18.7,53.4
1604470001,75.0,83.0,86.0,94.0,18.7,53.6
1604470002,75.0,83.0,86.0,94.0,18.7,53.6
1604470003,75.0,82.0,86.0,94.0,18.7,53.6
1604470004,75.0,82.0,86.0,94.0,18.7,53.6
1604470005,76.0,82.0,86.0,94.0,18.7,53.6
1604470006,76.0,81.0,86.0,94.0,18.7,53.7
1604470007,76.0,81.0,86.0,94.0,18.7,53.7
1604470008,76.0,81.0,86.0,93.0,18.7,53.7
1604470009,77.0,81.0,86.0,93.0,18.7,53.7
1604470010,77.0,80.0,86.0,93.0,18.7,53.7
1604470011,77.0,80.0,86.0,93.0,18.7,53.7
1604470012,77.0,80.0,85.0,93.0,18.7,53.7
1604470013,78.0,80.0,85.0,93.0,18.7,53.7
1604470014,78.0,80.0,85.0,93.0,18.7,53.7
1604470015,78.0,80.0,84.0,92.0,18.7,53.7
1604470016,78.0,80.0,84.0,92.0,18.7,53.8
1604470017,79.0,80.0,84.0,92.0,18.7,53.8
1604470018,79.0,80.0,84.0,92.0,18.7,53.8
1604470019,78.0,80.0,85.0,93.0,18.7,53.8
1604470020,78.0,80.0,85.0,93.0,18.7,53.8
1604470021,78.0,79.0,85.0,93.0,18.7,53.8
1604470022,78.0,79.0,85.0,93.0,18.7,53.8
1604470023,77.0,80.0,86.0,93.0,18.7,53.8
1604470024,77.0,80.0,86.0,93.0,18.7,53.8
1604470025,77.0,80.0,87.0,93.0,18.7,53.8
1604470026,77.0,80.0,88.0,93.0,18.8,53.9
1604470027,77.0,80.0,88.0,93.0,18.8,53.9
1604470028,76.0,81.0,88.0,93.0,18.8,53.9
1604470029,76.0,81.0,89.0,93.0,18.8,53.9
1604470030,76.0,82.0,89.0,93.0,18.8,53.9
1604470031,76.0,82.0,89.0,92.0,18.8,53.8
1604470032,76.0,82.0,90.0,92.0,18.8,53.8
1604470033,77.0,83.0,90.0,92.0,18.8,53.8
1604470034,77.0,82.0,89.0,92.0,18.8,53.8
1604470035,77.0,82.0,89.0,91.0,18.8,53.8
1604470036,76.0,82.0,89.0,91.0,18.8,53.7
1604470037,77.0,82.0,89.0,91.0,18.8,53.7
1604470038,77.0,81.0,88.0,91.0,18.8,53.7
1604470039,77.0,81.0,88.0,91.0,18.8,53.7
1604470040,77.0,79.0,88.0,91.0,18.8,53.7
1604470041,77.0,78.0,88.0,90.0,18.8,53.7
1604470042,77.0,78.0,87.0,90.0,18.8,53.7
1604470043,76.0,78.0,86.0,90.0,18.8,53.7
1604470044,76.0,76.0,86.0,90.0,18.8,53.7
1604470045,76.0,76.0,86.0,89.0,18.8,53.7
1604470046,75.0,75.0,86.0,89.0,18.7,53.5
1604470047,75.0,75.0,85.0,89.0,18.7,53.5
1604470048,74.0,75.0,85.0,89.0,18.7,53.5
1604470049,74.0,75.0,85.0,88.0,18.7,53.5
1604470050,74.0,75.0,85.0,88.0,18.7,53.5
1604470051,73.0,76.0,85.0,88.0,18.7,53.5
1604470052,73.0,76.0,85.0,88.0,18.7,53.5
1604470053,73.0,77.0,85.0,88.0,18.7,53.5
1604470054,72.0,77.0,85.0,88.0,18.7,53.5
1604470055,72.0,78.0,85.0,88.0,18.7,53.5
1604470056,72.0,79.0,85.0,88.0,18.8,53.4
1604470057,72.0,79.0,85.0,89.0,18.8,53.4
1604470058,72.0,79.0,85.0,89.0,18.8,53.4
1604470059,72.0,81.0,85.0,89.0,18.8,53.4
1604470060,72.0,81.0,85.0,89.0,18.8,53.4
1604470061,72.0,81.0,85.0,89.0,18.8,53.4
1604470062,71.0,81.0,85.0,89.0,18.8,53.4
1604470063,71.0,81.0,85.0,89.0,18.8,53.4
1604470064,71.0,81.0,84.0,89.0,18.8,53.4
1604470065,71.0,81.0,84.0,89.0,18.8,53.4
1604470066,71.0,81.0,84.0,89.0,18.8,53.4
1604470067,71.0,81.0,85.0,89.0,18.8,53.4
1604470068,71.0,81.0,85.0,89.0,18.8,53.4
1604470069,71.0,81.0,86.0,89.0,18.8,53.4
1604470070,71.0,81.0,86.0,89.0,18.8,53.4
1604470071,71.0,81.0,87.0,89.0,18.8,53.4
1604470072,71.0,81.0,87.0,89.0,18.8,53.4
1604470073,71.0,81.0,88.0,89.0,18.8,53.4
1604470074,71.0,81.0,88.0,90.0,18.8,53.4
1604470075,72.0,82.0,89.0,90.0,18.8,53.4
1604470076,72.0,82.0,89.0,91.0,18.8,53.4
1604470077,72.0,83.0,90.0,91.0,18.8,53.4
1604470078,72.0,83.0,90.0,92.0,18.8,53.4
1604470079,72.0,83.0,90.0,92.0,18.8,53.4
1604470080,72.0,84.0,89.0,92.0,18.8,53.4
1604470081,72.0,84.0,89.0,93.0,18.8,53.4
1604470082,72.0,84.0,88.0,93.0,18.8,53.4
1604470083,72.0,84.0,88.0,94.0,18.8,53.4
1604470084,72.0,83.0,88.0,94.0,18.8,53.4
1604470085,72.0,83.0,87.0,94.0,18.8,53.4
1604470086,72.0,82.0,87.0,94.0,18.8,53.4
1604470087,72.0,82.0,86.0,95.0,18.8,53.4
1604470088,73.0,82.0,85.0,95.0,18.8,53.4
1604470089,73.0,82.0,85.0,95.0,18.8,53.4
1604470090,74.0,82.0,85.0,95.0,18.8,53.4
1604470091,74.0,82.0,85.0,95.0,18.8,53.4
1604470092,74.0,83.0,85.0,95.0,18.8,53.4
1604470093,74.0,84.0,85.0,95.0,18.8,53.4
1604470094,73.0,85.0,85.0,95.0,18.8,53.4
1604470095,73.0,86.0,86.0,95.0,18.8,53.4
1604470096,73.0,86.0,86.0,95.0,18.8,53.4
1604470097,72.0,87.0,87.0,95.0,18.8,53.4
1604470098,71.0,87.0,87.0,95.0,18.8,53.4
1604470099,71.0,86.0,88.0,95.0,18.8,53.4
1604470100,71.0,86.0,88.0,95.0,18.8,53.4
1604470101,70.0,86.0,89.0,95.0,18.8,53.3
1604470102,70.0,86.0,89.0,95.0,18.8,53.3
1604470103,70.0,85.0,90.0,95.0,18.8,53.3
1604470104,71.0,85.0,90.0,95.0,18.8,53.3
1604470105,71.0,84.0,90.0,95.0,18.8,53.3
1604470106,72.0,84.0,91.0,95.0,18.8,53.3
1604470107,73.0,83.0,91.0,94.0,18.8,53.3
1604470108,73.0,83.0,91.0,94.0,18.8,53.3
1604470109,74.0,83.0,91.0,93.0,18.8,53.3
1604470110,74.0,83.0,91.0,93.0,18.8,53.3
1604470111,75.0,83.0,92.0,92.0,18.8,53.3
1604470112,76.0,83.0,92.0,92.0,18.8,53.3
1604470113,76.0,82.0,92.0,92.0,18.8,53.3
1604470114,76.0,82.0,91.0,92.0,18.8,53.3
1604470115,77.0,82.0,91.0,92.0,18.8,53.3
1604470116,77.0,81.0,91.0,92.0,18.9,53.4
1604470117,77.0,81.0,90.0,92.0,18.9,53.4
1604470118,77.0,81.0,89.0,92.0,18.9,53.4
1604470119,76.0,81.0,89.0,92.0,18.9,53.4
1604470120,75.88888888888889,81.0,88.88888888888889,92.11111111111111,18.9,53.4
1604470121,75.77777777777777,81.0,88.77777777777777,92.22222222222224,18.9,53.4
1604470122,75.66666666666667,81.0,88.66666666666667,92.33333333333331,18.9,53.4
1604470123,75.55555555555556,81.0,88.55555555555556,92.44444444444444,18.9,53.4
1604470124,75.44444444444444,81.0,88.44444444444444,92.55555555555556,18.9,53.4
1604470125,75.33333333333333,81.0,88.33333333333333,92.66666666666669,18.9,53.4
1604470126,75.22222222222223,81.0,88.22222222222223,92.77777777777776,18.9,53.4
1604470127,75.11111111111111,81.0,88.11111111111111,92.88888888888889,18.9,53.4
1604470128,75.0,81.0,88.0,93.0,18.9,53.4
1604470129,75.0,81.0,87.0,93.0,18.8,53.3
1604470130,75.0,82.0,87.0,93.0,18.8,53.3
1604470131,75.0,82.0,86.0,94.0,18.8,53.3
1604470132,76.0,82.0,86.0,94.0,18.8,53.3
1604470133,76.0,83.0,86.0,94.0,18.8,53.3
1604470134,76.0,83.0,86.0,94.0,18.8,53.1
1604470135,76.0,83.0,86.0,94.0,18.8,53.1
1604470136,76.0,83.0,87.0,94.0,18.8,53.1
1604470137,76.0,83.0,87.0,95.0,18.8,53.1
1604470138,76.0,83.0,87.0,95.0,18.8,53.1
1604470139,76.0,84.0,88.0,95.0,18.8,53.1
1604470140,76.0,84.0,88.0,95.0,18.8,53.1
1604470141,77.0,84.0,89.0,95.0,18.8,53.1
1604470142,77.0,84.0,89.0,95.0,18.8,53.1
1604470143,77.0,84.0,89.0,95.0,18.8,53.1
1604470144,77.0,84.0,89.0,95.0,18.9,52.9
1604470145,77.0,84.0,90.0,94.0,18.9,52.9
1604470146,77.0,84.0,90.0,93.0,18.9,52.9
1604470147,78.0,84.0,90.0,93.0,18.9,52.9
1604470148,78.0,85.0,90.0,92.0,18.9,52.9
1604470149,78.0,84.0,90.0,92.0,18.9,52.9
1604470150,78.0,84.0,90.0,91.0,18.9,52.9
1604470151,78.0,84.0,90.0,91.0,18.9,52.9
1604470152,78.0,84.0,90.0,91.0,18.9,52.9
1604470153,78.0,84.0,90.0,92.0,18.9,52.9
1604470154,78.0,83.0,90.0,92.0,18.9,52.8
1604470155,78.0,83.0,90.0,92.0,18.9,52.8
1604470156,77.0,83.0,90.0,92.0,18.9,52.8
1604470157,77.0,82.0,91.0,92.0,18.9,52.8
1604470158,77.0,82.0,91.0,92.0,18.9,52.8
1604470159,76.0,82.0,91.0,92.0,18.9,52.8
1604470160,76.0,82.0,90.0,93.0,18.9,52.8
1604470161,75.0,82.0,90.0,93.0,18.9,52.8
1604470162,75.0,82.0,90.0,93.0,18.9,52.8
1604470163,75.0,83.0,91.0,93.0,18.9,52.8
1604470164,74.0,83.0,91.0,94.0,18.9,52.7
1604470165,74.0,83.0,90.0,94.0,18.9,52.7
1604470166,74.0,83.0,91.0,93.0,18.9,52.7
1604470167,74.0,83.0,90.0,93.0,18.9,52.7
1604470168,74.0,83.0,90.0,93.0,18.9,52.7
1604470169,74.0,83.0,90.0,93.0,18.9,52.6
1604470170,74.0,84.0,89.0,92.0,18.9,52.6
1604470171,75.0,84.0,89.0,92.0,18.9,52.6
1604470172,76.0,83.0,90.0,92.0,18.9,52.6
1604470173,76.0,83.0,90.0,92.0,18.9,52.6
1604470174,76.0,83.0,89.0,92.0,18.9,52.6
1604470175,77.0,84.0,89.0,92.0,18.9,52.6
1604470176,77.0,84.0,89.0,92.0,18.9,52.6
1604470177,77.0,84.0,89.0,93.0,18.9,52.6
1604470178,76.0,84.0,89.0,93.0,18.9,52.6
1604470179,76.0,84.0,90.0,93.0,18.9,52.6
1604470180,76.0,84.0,90.0,93.0,18.9,52.6
1604470181,76.0,84.0,90.0,93.0,18.9,52.6
1604470182,75.0,84.0,90.0,93.0,18.9,52.6
1604470183,75.0,84.0,89.0,93.0,18.9,52.6
1604470184,76.0,83.0,89.0,93.0,18.9,52.6
1604470185,76.0,83.0,90.0,93.0,18.9,52.6
1604470186,76.0,83.0,90.0,93.0,18.9,52.6
1604470187,77.0,83.0,90.0,93.0,18.9,52.6
1604470188,77.0,83.0,90.0,93.0,18.9,52.6
1604470189,78.0,83.0,90.0,93.0,18.9,52.5
1604470190,78.0,83.0,90.0,91.0,18.9,52.5
1604470191,79.0,83.0,91.0,91.0,18.9,52.5
1604470192,79.0,83.0,91.0,91.0,18.9,52.5
1604470193,79.0,84.0,92.0,91.0,18.9,52.5
1604470194,79.0,85.0,92.0,92.0,18.9,52.5
1604470195,79.0,86.0,92.0,92.0,18.9,52.5
1604470196,79.0,86.0,92.0,92.0,18.9,52.5
1604470197,78.0,86.0,88.0,93.0,18.9,52.5
1604470198,78.0,87.0,88.0,93.0,18.9,52.5
1604470199,78.0,87.0,88.0,93.0,18.9,52.5
1604470200,77.0,88.0,87.0,93.0,18.9,52.5
1604470201,77.0,88.0,87.0,93.0,18.9,52.5
1604470202,76.0,88.0,87.0,94.0,18.9,52.5
1604470203,76.0,88.0,87.0,94.0,18.9,52.5
1604470204,76.0,88.0,87.0,94.0,18.9,52.5
1604470205,76.0,87.0,87.0,94.0,18.9,52.5
1604470206,76.0,87.0,87.0,94.0,18.9,52.5
1604470207,77.0,87.0,87.0,94.0,18.9,52.5
1604470208,77.0,87.0,87.0,95.0,18.9,52.5
1604470209,78.0,87.0,86.0,95.0,18.9,52.5
1604470210,78.0,86.0,86.0,94.0,18.9,52.5
1604470211,79.0,85.0,86.0,94.0,18.9,52.5
1604470212,79.0,85.0,86.0,94.0,18.9,52.5
1604470213,79.0,85.0,86.0,93.0,18.9,52.5
1604470214,79.0,84.0,86.0,93.0,18.9,52.5
1604470215,80.0,84.0,87.0,92.0,18.9,52.5
1604470216,80.0,83.0,87.0,92.0,18.9,52.5
1604470217,81.0,83.0,87.0,91.0,18.9,52.5
1604470218,81.0,83.0,87.5,91.0,18.9,52.5
1604470219,81.0,83.0,88.0,91.0,18.9,52.5
1604470220,81.0,83.0,88.0,91.0,18.9,52.5
1604470221,80.0,83.0,88.0,91.0,18.9,52.5
1604470222,80.0,84.0,89.0,91.0,18.9,52.5
1604470223,80.0,85.0,89.0,91.0,18.9,52.5
1604470224,79.0,85.0,89.0,91.0,18.9,52.5
1604470225,79.0,85.0,89.0,91.0,18.8,52.4
1604470226,79.0,84.0,89.0,91.0,18.8,52.4
1604470227,79.0,84.0,89.0,91.0,18.8,52.4
1604470228,79.0,84.0,89.0,91.0,18.8,52.4
1604470229,79.0,84.0,89.0,91.0,18.8,52.4
1604470230,79.0,82.0,89.0,91.0,18.9,52.5
1604470231,79.0,82.0,89.0,91.0,18.9,52.5
1604470232,80.0,80.0,89.0,90.0,18.9,52.5
1604470233,80.0,79.0,89.0,90.0,18.9,52.5
1604470234,80.0,78.0,89.0,90.0,18.9,52.5
1604470235,80.0,77.0,89.0,90.0,18.8,52.5
1604470236,80.0,77.0,90.0,90.0,18.8,52.5
1604470237,80.0,77.0,90.0,90.0,18.8,52.5
1604470238,80.0,77.0,91.0,90.0,18.8,52.5
1604470239,79.0,77.0,92.0,90.0,18.8,52.5
1604470240,79.0,77.0,92.0,91.0,18.9,52.5
1604470241,79.0,78.0,93.0,91.0,18.9,52.5
1604470242,80.0,78.0,94.0,91.0,18.9,52.5
1604470243,80.0,79.0,94.0,91.0,18.9,52.5
1604470244,80.0,81.0,94.0,91.0,18.9,52.5
1604470245,81.0,81.0,95.0,91.0,18.9,52.6
1604470246,81.0,82.0,95.0,91.0,18.9,52.6
1604470247,81.0,83.0,95.0,91.0,18.9,52.6
1604470248,82.0,83.0,94.0,92.0,18.9,52.6
1604470249,82.0,83.0,93.0,92.0,18.9,52.6
1604470250,82.0,84.0,93.0,92.0,18.8,52.5
1604470251,82.0,84.0,92.0,92.0,18.8,52.5
1604470252,83.0,84.0,92.0,92.0,18.8,52.5
1604470253,82.0,84.0,91.0,92.0,18.8,52.5
1604470254,82.0,84.0,91.0,92.0,18.8,52.5
1604470255,82.0,83.0,91.0,92.0,18.9,52.7
1604470256,82.0,83.0,90.0,92.0,18.9,52.7
1604470257,82.0,83.0,89.0,92.0,18.9,52.7
1604470258,82.0,83.0,89.0,92.0,18.9,52.7
1604470259,82.0,83.0,89.0,92.0,18.9,52.7
1604470260,82.0,83.0,89.0,92.0,18.9,52.7
1604470261,82.0,82.0,89.0,92.0,18.9,52.7
1604470262,81.0,82.0,88.0,92.0,18.9,52.7
1604470263,81.0,82.0,88.0,91.0,18.9,52.7
1604470264,81.0,82.0,88.0,91.0,18.9,52.7
1604470265,80.0,81.0,87.0,91.0,18.8,52.6
1604470266,80.0,81.0,87.0,91.0,18.8,52.6
1604470267,78.0,80.0,86.0,91.0,18.8,52.6
1604470268,78.0,80.0,86.0,91.0,18.8,52.6
1604470269,77.0,80.0,86.0,91.0,18.8,52.6
1604470270,77.0,80.0,84.0,91.0,18.8,52.6
1604470271,77.0,80.0,84.0,92.0,18.8,52.6
1604470272,77.0,80.0,83.0,92.0,18.8,52.6
1604470273,77.0,80.0,83.0,92.0,18.8,52.6
1604470274,77.0,80.0,83.0,93.0,18.8,52.6
1604470275,77.0,81.0,83.0,93.0,18.8,52.8
1604470276,77.0,81.0,84.0,93.0,18.8,52.8
1604470277,78.0,82.0,85.0,93.0,18.8,52.8
1604470278,78.0,82.0,85.0,93.0,18.8,52.8
1604470279,79.0,83.0,86.0,93.0,18.8,52.8
1604470280,79.0,83.0,87.0,93.0,18.8,52.8
1604470281,79.0,83.0,88.0,93.0,18.8,52.8
1604470282,79.0,83.0,88.0,92.0,18.8,52.8
1604470283,79.0,83.0,89.0,92.0,18.8,52.8
1604470284,79.0,83.0,89.0,91.0,18.8,52.8
1604470285,79.0,82.0,89.0,91.0,18.8,52.8
1604470286,79.0,82.0,89.0,90.0,18.8,52.8
1604470287,79.0,81.0,90.0,90.0,18.8,52.8
1604470288,79.0,81.0,90.0,90.0,18.8,52.8
1604470289,79.0,81.0,90.0,90.0,18.8,52.8
1604470290,79.0,81.0,89.0,90.0,18.8,52.9
1604470291,78.0,80.0,89.0,90.0,18.8,52.9
1604470292,78.0,80.0,89.0,90.0,18.8,52.9
1604470293,78.0,80.0,89.0,90.0,18.8,52.9
1604470294,78.0,80.0,89.0,91.0,18.8,52.9
1604470295,78.0,81.0,89.0,91.0,18.8,53.0
1604470296,78.0,81.0,89.0,91.0,18.8,53.0
1604470297,78.0,81.0,88.0,92.0,18.8,53.0
1604470298,78.0,81.0,88.0,92.0,18.8,53.0
1604470299,77.0,81.0,88.0,92.0,18.8,53.0
1604470300,77.0,81.0,88.0,92.0,18.8,53.1
1604470301,77.0,81.0,88.0,93.0,18.8,53.1
1604470302,76.0,81.0,88.0,93.0,18.8,53.1
1604470303,76.0,81.0,88.0,93.0,18.8,53.1
1604470304,76.0,81.0,88.0,93.0,18.8,53.1
1604470305,76.0,82.0,88.0,94.0,18.8,53.1
1604470306,75.0,83.0,88.0,94.0,18.8,53.1
1604470307,75.0,83.0,89.0,95.0,18.8,53.1
1604470308,75.0,84.0,90.0,95.0,18.8,53.1
1604470309,75.0,84.0,90.0,95.0,18.8,53.1
1604470310,75.0,85.0,91.0,95.0,18.8,53.1
1604470311,75.0,85.0,91.0,95.0,18.8,53.1
1604470312,75.0,86.0,92.0,95.0,18.8,53.1
1604470313,76.0,86.0,92.0,95.0,18.8,53.1
1604470314,76.0,86.0,93.0,94.0,18.8,53.1
1604470315,76.0,86.0,93.0,94.0,18.8,53.1
1604470316,77.0,86.0,94.0,93.0,18.8,53.1
1604470317,77.0,85.0,94.0,93.0,18.8,53.1
1604470318,77.0,85.0,94.0,92.0,18.8,53.1
1604470319,78.0,85.0,93.0,92.0,18.8,53.1
1604470320,78.0,84.0,93.0,92.0,18.8,53.1
1604470321,78.0,84.0,93.0,92.0,18.8,53.1
1604470322,78.0,84.0,93.0,92.0,18.8,53.1
1604470323,77.0,84.0,93.0,92.0,18.8,53.1
1604470324,77.0,84.0,92.0,92.0,18.8,53.1
1604470325,77.0,85.0,92.0,92.0,18.8,53.2
1604470326,77.0,85.0,92.0,93.0,18.8,53.2
1604470327,77.0,85.0,92.0,93.0,18.8,53.2
1604470328,77.0,85.0,92.0,93.0,18.8,53.2
1604470329,77.0,85.0,92.0,93.0,18.8,53.2
1604470330,77.0,85.0,92.0,93.0,18.8,53.2
1604470331,77.0,85.0,92.0,93.0,18.8,53.2
1604470332,77.0,85.0,92.0,93.0,18.8,53.2
1604470333,77.0,85.0,92.0,93.0,18.8,53.2
1604470334,77.0,85.0,92.0,93.0,18.8,53.2
1604470335,77.0,85.0,92.0,93.0,18.8,53.2
1604470336,77.0,86.0,92.0,93.0,18.8,53.2
1604470337,78.0,86.0,93.0,93.0,18.8,53.2
1604470338,78.0,86.0,93.0,93.0,18.8,53.3
1604470339,78.0,86.0,93.0,93.0,18.8,53.3
1604470340,79.0,86.0,93.0,93.0,18.8,53.3
1604470341,79.0,86.0,94.0,93.0,18.8,53.3
1604470342,79.0,86.0,94.0,92.0,18.8,53.3
1604470343,80.0,85.0,94.0,92.0,18.8,53.1
1604470344,80.0,85.0,93.0,92.0,18.8,53.1
1604470345,80.0,84.0,93.0,92.0,18.8,53.1
1604470346,80.0,84.0,92.0,92.0,18.8,53.1
1604470347,80.0,84.0,92.0,92.0,18.8,53.1
1604470348,80.0,83.0,91.0,92.0,18.8,53.0
1604470349,80.0,83.0,91.0,92.0,18.8,53.0
1604470350,80.0,83.0,91.0,92.0,18.8,53.0
1604470351,80.0,83.0,91.0,92.0,18.8,53.0
1604470352,80.0,83.0,91.0,92.0,18.8,53.0
1604470353,80.0,83.0,91.0,92.0,18.8,53.0
1604470354,80.0,83.0,91.0,92.0,18.8,53.0
1604470355,80.0,83.0,91.0,92.0,18.8,53.0
1604470356,81.0,83.0,92.0,92.0,18.8,53.0
1604470357,81.0,83.0,92.0,92.0,18.8,53.0
1604470358,80.0,84.0,92.0,92.0,18.8,52.9
1604470359,80.0,84.0,92.0,92.0,18.8,52.9
1604470360,80.0,84.0,92.0,93.0,18.8,52.9
1604470361,79.0,84.0,92.0,93.0,18.8,52.9
1604470362,79.0,84.0,93.0,93.0,18.8,52.9
1604470363,78.0,84.0,93.0,93.0,18.8,52.9
1604470364,77.0,84.0,93.0,93.0,18.8,52.9
1604470365,76.0,85.0,92.0,94.0,18.8,52.9
1604470366,76.0,85.0,93.0,94.0,18.8,52.9
1604470367,75.0,85.0,93.0,94.0,18.8,52.9
1604470368,74.0,85.0,93.0,94.0,18.8,52.9
1604470369,74.0,85.0,93.0,94.0,18.8,52.9
1604470370,73.0,85.0,94.0,94.0,18.8,52.9
1604470371,73.0,85.0,94.0,94.0,18.8,52.9
1604470372,72.0,85.0,94.0,94.0,18.8,52.9
1604470373,72.0,85.0,94.0,94.0,18.8,53.0
1604470374,72.0,85.0,94.0,94.0,18.8,53.0
1604470375,72.0,85.0,95.0,94.0,18.8,53.0
1604470376,72.0,86.0,95.0,94.0,18.8,53.0
1604470377,72.0,86.0,95.0,94.0,18.8,53.0
1604470378,72.0,86.0,95.0,94.0,18.8,53.1
1604470379,72.0,86.0,95.0,94.0,18.8,53.1
1604470380,72.0,86.0,94.0,94.0,18.8,53.1
1604470381,72.0,87.0,94.0,93.0,18.8,53.1
1604470382,72.0,87.0,94.0,94.0,18.8,53.1
1604470383,72.0,87.0,94.0,93.0,18.8,53.1
1604470384,72.0,87.0,94.0,93.0,18.8,53.1
1604470385,71.0,87.0,94.0,93.0,18.8,53.1
1604470386,70.0,87.0,94.0,94.0,18.8,53.1
1604470387,70.0,87.0,94.0,93.0,18.8,53.1
1604470388,70.0,87.0,94.0,93.0,18.8,53.2
1604470389,70.0,87.0,94.0,93.0,18.8,53.2
1604470390,70.0,86.0,94.0,93.0,18.8,53.2
1604470391,70.0,86.0,94.0,93.0,18.8,53.2
1604470392,70.0,86.0,93.0,93.0,18.8,53.2
1604470393,71.0,85.0,94.0,92.0,18.8,53.3
1604470394,71.0,85.0,93.0,92.0,18.8,53.3
1604470395,71.0,85.0,93.0,92.0,18.8,53.3
1604470396,73.0,85.0,93.0,92.0,18.8,53.3
1604470397,73.0,85.0,92.0,92.0,18.8,53.3
1604470398,74.0,85.0,92.0,92.0,18.8,53.3
1604470399,74.0,84.0,91.0,92.0,18.8,53.3
1604470400,74.0,84.0,91.0,92.0,18.8,53.3
1604470401,75.0,84.0,91.0,92.0,18.8,53.3
1604470402,76.0,84.0,90.0,92.0,18.8,53.3
1604470403,76.0,84.0,90.0,93.0,18.8,53.3
1604470404,76.0,84.0,89.0,93.0,18.8,53.3
1604470405,76.0,83.0,89.0,93.0,18.8,53.3
1604470406,77.0,83.0,89.0,93.0,18.8,53.3
1604470407,77.0,83.0,89.0,94.0,18.8,53.3
1604470408,77.0,83.0,89.0,94.0,18.8,53.3
1604470409,77.0,83.0,89.0,94.0,18.8,53.3
1604470410,77.0,83.0,89.0,93.0,18.8,53.3
1604470411,77.0,83.0,89.0,93.0,18.8,53.3
1604470412,77.0,83.0,89.0,93.0,18.8,53.3
1604470413,77.0,83.0,89.0,92.0,18.8,53.3
1604470414,77.0,83.0,89.0,92.0,18.8,53.3
1604470415,77.0,83.0,89.0,92.0,18.8,53.3
1604470416,77.0,83.0,89.0,91.0,18.8,53.3
1604470417,77.0,83.0,89.0,91.0,18.8,53.3
1604470418,78.0,83.0,89.0,91.0,18.8,53.3
1604470419,78.0,83.0,89.0,91.0,18.8,53.3
1604470420,78.0,82.0,89.0,91.0,18.8,53.3
1604470421,79.0,82.0,89.0,91.0,18.8,53.3
1604470422,79.0,82.0,90.0,92.0,18.8,53.3
1604470423,79.0,82.0,90.0,92.0,18.8,53.3
1604470424,79.0,81.0,90.0,92.0,18.8,53.3
1604470425,79.0,80.0,91.0,93.0,18.8,53.3
1604470426,79.0,80.0,91.0,93.0,18.8,53.3
1604470427,79.0,80.0,92.0,93.0,18.8,53.3
1604470428,79.0,80.0,92.0,93.0,18.8,53.1
1604470429,79.0,81.0,93.0,93.0,18.8,53.1
1604470430,79.0,81.0,93.0,92.0,18.8,53.1
1604470431,78.0,81.0,93.0,92.0,18.8,53.1
1604470432,78.0,83.0,93.0,91.0,18.8,53.1
1604470433,78.0,83.0,93.0,91.0,18.8,53.0
1604470434,77.0,84.0,93.0,90.0,18.8,53.0
1604470435,77.0,85.0,93.0,89.0,18.8,53.0
1604470436,77.0,85.0,92.0,90.0,18.8,53.0
1604470437,77.0,86.0,91.0,90.0,18.8,53.0
1604470438,76.0,86.0,91.0,90.0,18.8,52.9
1604470439,76.0,87.0,89.0,90.0,18.8,52.9
1604470440,76.0,87.0,89.0,90.0,18.8,52.9
1604470441,76.0,87.0,88.0,90.0,18.8,52.9
1604470442,77.0,87.0,88.0,89.0,18.8,52.9
1604470443,77.0,88.0,87.0,89.0,18.8,52.9
1604470444,77.0,88.0,87.0,89.0,18.8,52.9
1604470445,77.0,88.0,87.0,89.0,18.8,52.9
1604470446,77.0,88.0,86.0,89.0,18.8,52.9
1604470447,77.0,89.0,87.0,89.0,18.8,52.9
1604470448,77.0,89.0,87.0,89.0,18.8,52.9
1604470449,78.0,89.0,87.0,89.0,18.8,52.9
1604470450,78.0,89.0,87.0,90.0,18.8,52.9
1604470451,78.0,89.0,87.0,90.0,18.8,52.9
1604470452,77.0,89.0,87.0,91.0,18.8,52.9
1604470453,78.0,89.0,87.0,91.0,18.8,52.7
1604470454,78.0,89.0,88.0,91.0,18.8,52.7
1604470455,78.0,89.0,88.0,91.0,18.8,52.7
1604470456,78.0,89.0,88.0,92.0,18.8,52.7
1604470457,78.0,89.0,88.0,92.0,18.8,52.7
1604470458,78.0,89.0,88.0,92.0,18.8,52.6
1604470459,78.0,88.0,85.0,92.0,18.8,52.6
1604470460,78.0,88.0,85.0,92.0,18.8,52.6
1604470461,79.0,88.0,85.0,92.0,18.8,52.6
1604470462,79.0,88.0,85.0,91.0,18.8,52.6
1604470463,79.0,87.0,85.0,91.0,18.8,52.7
1604470464,79.0,87.0,86.0,91.0,18.8,52.7
1604470465,79.0,86.0,86.0,91.0,18.8,52.7
1604470466,79.0,86.0,87.0,90.0,18.8,52.7
1604470467,78.0,86.0,89.0,90.0,18.8,52.7
1604470468,78.0,84.0,89.0,90.0,18.7,52.5
1604470469,78.0,84.0,90.0,90.0,18.7,52.5
1604470470,78.0,82.0,91.0,90.0,18.7,52.5
1604470471,78.0,81.0,91.0,90.0,18.7,52.5
1604470472,78.0,81.0,91.0,90.0,18.7,52.5
1604470473,77.0,80.0,92.0,90.0,18.7,52.5
1604470474,77.0,79.0,92.0,90.0,18.7,52.5
1604470475,77.0,79.0,92.0,90.0,18.7,52.5
1604470476,77.0,79.0,91.0,90.0,18.7,52.5
1604470477,77.0,79.0,91.0,90.0,18.7,52.5
1604470478,77.0,80.0,91.0,91.0,18.8,52.7
1604470479,77.0,80.0,90.0,91.0,18.8,52.7
1604470480,77.0,80.0,90.0,91.0,18.8,52.7
1604470481,77.0,82.0,90.0,91.0,18.8,52.7
1604470482,77.0,83.0,90.0,92.0,18.8,52.7
1604470483,77.0,84.0,90.0,92.0,18.8,52.9
1604470484,77.0,84.0,90.0,92.0,18.8,52.9
1604470485,77.0,85.0,90.0,92.0,18.8,52.9
1604470486,77.0,85.0,90.0,93.0,18.8,52.9
1604470487,77.0,85.0,90.0,92.0,18.8,52.9
1604470488,78.0,85.0,90.0,92.0,18.8,52.9
1604470489,78.0,85.0,90.0,92.0,18.8,52.9
1604470490,79.0,84.0,90.0,91.0,18.8,52.9
1604470491,79.0,84.0,91.0,91.0,18.8,52.9
1604470492,79.0,84.0,90.0,91.0,18.8,52.9
1604470493,79.0,83.0,91.0,91.0,18.8,53.0
1604470494,80.0,82.0,91.0,91.0,18.8,53.0
1604470495,80.0,82.0,91.0,91.0,18.8,53.0
1604470496,80.0,82.0,91.0,92.0,18.8,53.0
1604470497,80.0,82.0,91.0,92.0,18.8,53.0
1604470498,80.0,82.0,91.0,92.0,18.8,53.1
1604470499,80.0,81.0,91.0,93.0,18.8,53.1
1604470500,80.0,82.0,91.0,93.0,18.8,53.1
1604470501,80.0,81.0,91.0,93.0,18.8,53.1
1604470502,80.0,81.0,91.0,94.0,18.8,53.1
1604470503,80.0,81.0,91.0,94.0,18.8,53.2
1604470504,79.0,81.0,91.0,94.0,18.8,53.2
1604470505,79.0,81.0,91.0,93.0,18.8,53.2
1604470506,79.0,81.0,91.0,93.0,18.8,53.2
1604470507,78.0,81.0,91.0,92.0,18.8,53.2
1604470508,78.0,81.0,91.0,92.0,18.8,53.4
1604470509,78.0,81.0,91.0,92.0,18.8,53.4
1604470510,77.0,81.0,91.0,92.0,18.8,53.4
1604470511,77.0,80.0,90.0,91.0,18.8,53.4
1604470512,77.0,80.0,90.0,91.0,18.8,53.4
1604470513,77.0,80.0,90.0,91.0,18.8,53.4
1604470514,78.0,80.0,89.0,91.0,18.8,53.4
1604470515,78.0,80.0,88.0,91.0,18.8,53.4
1604470516,78.0,80.0,88.0,92.0,18.8,53.4
1604470517,78.0,80.0,87.0,92.0,18.8,53.4
1604470518,78.0,80.0,87.0,92.0,18.7,53.3
1604470519,78.0,80.0,86.0,93.0,18.7,53.3
1604470520,78.0,79.0,86.0,93.0,18.7,53.3
1604470521,78.0,79.0,86.0,93.0,18.7,53.3
1604470522,78.0,78.0,86.0,93.0,18.7,53.3
1604470523,77.0,78.0,85.0,94.0,18.8,53.4
1604470524,77.0,77.0,86.0,94.0,18.8,53.4
1604470525,77.0,76.0,86.0,94.0,18.8,53.4
1604470526,77.0,75.0,86.0,94.0,18.8,53.4
1604470527,77.0,75.0,87.0,94.0,18.8,53.4
1604470528,76.0,75.0,87.0,94.0,18.8,53.4
1604470529,76.0,75.0,88.0,94.0,18.8,53.4
1604470530,76.0,75.0,89.0,94.0,18.8,53.4
1604470531,77.0,75.0,89.0,94.0,18.8,53.4
1604470532,77.0,76.0,90.0,94.0,18.8,53.4
1604470533,77.0,76.0,91.0,94.0,18.8,53.5
1604470534,78.0,77.0,91.0,94.0,18.8,53.5
1604470535,78.0,78.0,91.0,94.0,18.8,53.5
1604470536,78.0,78.0,92.0,94.0,18.8,53.5
1604470537,78.0,79.0,93.0,93.0,18.8,53.5
1604470538,78.0,79.0,93.0,92.88888888888889,18.8,53.5
1604470539,78.0,79.0,93.0,92.77777777777776,18.8,53.5
1604470540,78.0,79.0,93.0,92.66666666666669,18.8,53.5
1604470541,78.0,79.0,93.0,92.55555555555556,18.8,53.5
1604470542,78.0,79.0,93.0,92.44444444444444,18.8,53.5
1604470543,78.0,79.0,93.0,92.33333333333331,18.8,53.5
1604470544,78.0,79.0,93.0,92.22222222222224,18.8,53.5
1604470545,78.0,79.0,93.0,92.11111111111111,18.8,53.5
1604470546,78.0,79.0,93.0,92.0,18.8,53.5
1604470547,78.0,79.0,94.0,92.0,18.8,53.5
1604470548,77.0,79.0,94.0,91.0,18.8,53.5
1604470549,76.0,79.0,94.0,91.0,18.8,53.5
1604470550,76.0,78.0,94.0,90.0,18.8,53.5
1604470551,76.0,78.0,94.0,90.0,18.8,53.5
1604470552,76.0,78.0,95.0,90.0,18.8,53.5
1604470553,76.0,79.0,95.0,90.0,18.8,53.5
1604470554,76.0,79.0,95.0,90.0,18.8,53.5
1604470555,76.0,79.0,95.0,90.0,18.8,53.5
1604470556,76.0,80.0,95.0,90.0,18.8,53.5
1604470557,76.0,81.0,95.0,90.0,18.8,53.5
1604470558,76.0,81.0,95.0,90.0,18.8,53.5
1604470559,76.0,82.0,96.0,90.0,18.8,53.5
1604470560,76.0,82.0,97.0,90.0,18.8,53.5
1604470561,77.0,82.0,97.0,90.0,18.8,53.5
1604470562,77.0,82.0,97.0,90.0,18.8,53.5
1604470563,77.0,82.0,97.0,91.0,18.8,53.5
1604470564,77.0,81.0,97.0,91.0,18.8,53.5
1604470565,77.0,81.0,97.0,91.0,18.8,53.5
1604470566,77.0,80.0,96.0,92.0,18.8,53.5
1604470567,77.0,79.0,95.0,92.0,18.8,53.5
1604470568,76.0,78.0,95.0,92.0,18.8,53.5
1604470569,76.0,78.0,94.0,93.0,18.8,53.5
1604470570,76.0,77.0,94.0,94.0,18.8,53.5
1604470571,76.0,76.0,93.0,94.0,18.8,53.6
1604470572,76.0,76.0,92.0,94.0,18.8,53.6
1604470573,76.0,76.0,92.0,94.0,18.8,53.6
1604470574,75.0,76.0,91.0,94.0,18.8,53.6
1604470575,75.0,75.0,91.0,94.0,18.8,53.6
1604470576,75.0,75.0,91.0,94.0,18.8,53.7
1604470577,75.0,76.0,91.0,94.0,18.8,53.7
1604470578,75.0,76.0,91.0,93.0,18.8,53.7
1604470579,75.0,76.0,92.0,93.0,18.8,53.7
1604470580,75.0,76.0,92.0,92.0,18.8,53.7
1604470581,75.0,77.0,91.0,91.0,18.8,53.7
1604470582,75.0,77.0,91.0,91.0,18.8,53.7
1604470583,75.0,77.0,91.0,90.0,18.8,53.7
1604470584,75.0,78.0,91.0,90.0,18.8,53.7
1604470585,75.0,78.0,91.0,89.0,18.8,53.7
1604470586,75.0,78.0,90.0,88.0,18.8,53.8
1604470587,74.0,78.0,90.0,88.0,18.8,53.8
1604470588,74.0,77.0,89.0,88.0,18.8,53.8
1604470589,74.0,77.0,89.0,88.0,18.8,53.8
1604470590,75.0,77.0,89.0,88.0,18.8,53.8
1604470591,74.0,77.0,89.0,88.0,18.8,53.7
1604470592,74.0,77.0,88.0,88.0,18.8,53.7
1604470593,74.0,77.0,88.0,88.0,18.8,53.7
1604470594,75.0,77.0,88.0,88.0,18.8,53.7
1604470595,75.0,77.0,88.0,89.0,18.8,53.7
1604470596,75.0,77.0,87.0,89.0,18.8,53.7
1604470597,76.0,78.0,87.0,89.0,18.8,53.7
1604470598,76.0,79.0,87.0,89.0,18.8,53.7
1604470599,77.0,80.0,87.0,89.0,18.8,53.7
1604470600,78.0,81.0,87.0,89.0,18.8,53.7
1604470601,78.0,81.0,87.0,90.0,18.8,53.7
1604470602,79.0,82.0,86.0,90.0,18.8,53.7
1604470603,79.0,83.0,86.0,90.0,18.8,53.7
1604470604,79.0,83.0,87.0,91.0,18.8,53.7
1604470605,79.0,84.0,87.0,91.0,18.8,53.7
1604470606,80.0,84.0,87.0,91.0,18.8,53.7
1604470607,79.0,83.0,87.0,91.0,18.8,53.7
1604470608,79.0,83.0,88.0,91.0,18.8,53.7
1604470609,78.0,82.0,88.0,91.0,18.8,53.7
1604470610,77.0,82.0,88.0,91.0,18.8,53.7
1604470611,77.0,81.0,88.0,90.0,18.8,53.6
1604470612,76.0,81.0,88.0,89.0,18.8,53.6
1604470613,76.0,80.0,89.0,89.0,18.8,53.6
1604470614,75.0,80.0,89.0,88.0,18.8,53.6
1604470615,75.0,80.0,89.0,88.0,18.8,53.6
1604470616,75.0,79.0,89.0,87.0,18.8,53.6
1604470617,75.0,79.0,89.0,87.0,18.8,53.6
1604470618,76.0,80.0,90.0,87.0,18.8,53.6
1604470619,76.0,81.0,90.0,87.0,18.8,53.6
1604470620,77.0,81.0,91.0,88.0,18.8,53.6
1604470621,77.0,82.0,92.0,88.0,18.8,53.6
1604470622,78.0,83.0,92.0,89.0,18.8,53.6
1604470623,78.0,83.0,92.0,89.0,18.8,53.6
1604470624,78.0,84.0,91.0,90.0,18.8,53.6
1604470625,78.0,85.0,91.0,90.0,18.8,53.6
1604470626,78.0,85.0,91.0,90.0,18.8,53.6
1604470627,78.0,86.0,90.0,90.0,18.8,53.6
1604470628,78.0,85.0,90.0,91.0,18.8,53.6
1604470629,78.0,85.0,89.0,91.0,18.8,53.6
1604470630,77.0,85.0,89.0,91.0,18.8,53.6
1604470631,77.0,85.0,89.0,91.0,18.8,53.6
1604470632,77.0,85.0,89.0,90.0,18.8,53.6
1604470633,77.0,85.0,89.0,90.0,18.8,53.6
1604470634,76.0,84.0,89.0,90.0,18.8,53.6
1604470635,76.0,84.0,89.0,90.0,18.8,53.6
1604470636,76.0,84.0,89.0,90.0,18.8,53.6
1604470637,76.0,84.0,90.0,90.0,18.8,53.6
1604470638,76.0,84.0,90.0,90.0,18.8,53.6
1604470639,76.0,84.0,90.0,90.0,18.8,53.6
1604470640,76.0,83.0,90.0,89.0,18.8,53.6
1604470641,76.0,83.0,89.0,89.0,18.8,53.7
1604470642,76.0,83.0,89.0,89.0,18.8,53.7
1604470643,76.0,83.0,88.0,89.0,18.8,53.7
1604470644,76.0,83.0,88.0,89.0,18.8,53.7
1604470645,76.0,83.0,87.0,88.0,18.8,53.7
1604470646,76.0,83.0,87.0,88.0,18.8,53.7
1604470647,76.0,83.0,86.0,88.0,18.8,53.7
1604470648,77.0,83.0,86.0,88.0,18.8,53.7
1604470649,77.0,82.0,86.0,88.0,18.8,53.7
1604470650,77.0,82.0,86.0,88.0,18.8,53.7
1604470651,77.0,82.0,86.0,88.0,18.8,53.7
1604470652,78.0,82.0,86.0,88.0,18.8,53.7
1604470653,78.0,82.0,86.0,89.0,18.8,53.7
1604470654,78.0,82.0,86.0,90.0,18.8,53.7
1604470655,78.0,81.0,86.0,90.0,18.8,53.7
1604470656,78.0,81.0,86.0,91.0,18.8,53.7
1604470657,78.0,81.0,86.0,92.0,18.8,53.7
1604470658,77.0,81.0,86.0,92.0,18.8,53.7
1604470659,77.0,82.0,86.0,92.0,18.8,53.7
1604470660,77.0,82.0,86.0,92.0,18.8,53.7
1604470661,76.0,82.0,86.0,92.0,18.8,53.7
1604470662,76.0,82.0,86.0,92.0,18.8,53.7
1604470663,75.0,82.0,86.0,92.0,18.8,53.7
1604470664,75.0,82.0,86.0,92.0,18.8,53.7
1604470665,75.0,82.0,86.0,92.0,18.8,53.7
1604470666,75.0,82.0,86.0,91.0,18.8,53.7
1604470667,76.0,82.0,87.0,91.0,18.8,53.7
1604470668,76.0,82.0,87.0,91.0,18.8,53.7
1604470669,76.0,81.0,87.0,91.0,18.8,53.7
1604470670,76.0,81.0,88.0,91.0,18.8,53.7
1604470671,76.0,82.0,88.0,91.0,18.8,53.7
1604470672,76.0,82.0,88.0,91.0,18.8,53.7
1604470673,76.0,82.0,88.0,92.0,18.8,53.7
1604470674,77.0,82.0,88.0,92.0,18.8,53.7
1604470675,77.0,82.0,88.0,92.0,18.8,53.7
1604470676,78.0,82.0,89.0,92.0,18.8,53.7
1604470677,78.0,82.0,89.0,92.0,18.8,53.7
1604470678,78.0,81.0,89.0,93.0,18.8,53.7
1604470679,78.0,80.0,90.0,94.0,18.8,53.7
1604470680,79.0,79.0,91.0,94.0,18.8,53.7
1604470681,79.0,79.0,91.0,94.0,18.8,53.7
1604470682,79.0,78.0,91.0,93.0,18.8,53.7
1604470683,79.0,78.0,92.0,93.0,18.8,53.7
1604470684,79.0,78.0,92.0,94.0,18.8,53.7
1604470685,79.0,78.0,92.0,94.0,18.8,53.7
1604470686,79.0,78.0,92.0,95.0,18.8,53.7
1604470687,78.0,78.0,92.0,95.0,18.8,53.7
1604470688,78.0,78.0,92.0,95.0,18.8,53.7
1604470689,78.0,79.0,92.0,96.0,18.8,53.7
1604470690,78.0,79.0,91.0,96.0,18.8,53.7
1604470691,78.0,80.0,91.0,96.0,18.8,53.7
1604470692,78.0,80.0,90.0,96.0,18.8,53.7
1604470693,78.0,81.0,90.0,96.0,18.8,53.7
1604470694,79.0,81.0,89.0,95.0,18.8,53.7
1604470695,79.0,81.0,89.0,94.0,18.8,53.7
1604470696,79.0,81.0,89.0,93.0,18.8,53.7
1604470697,79.0,81.0,87.0,93.0,18.8,53.7
1604470698,80.0,81.0,86.0,93.0,18.8,53.7
1604470699,80.0,81.0,86.0,92.0,18.8,53.7
1604470700,80.0,81.0,86.0,93.0,18.8,53.7
1604470701,80.0,81.0,86.0,93.0,18.8,53.7
1604470702,80.0,81.0,86.0,93.0,18.8,53.7
1604470703,79.0,81.0,86.0,93.0,18.8,53.7
1604470704,79.0,81.0,87.0,93.0,18.8,53.7
1604470705,79.0,81.0,87.0,94.0,18.8,53.7
1604470706,79.0,81.0,88.0,94.0,18.8,53.7
1604470707,79.0,81.0,88.0,94.0,18.8,53.7
1604470708,79.0,81.0,89.0,94.0,18.8,53.7
1604470709,79.0,81.0,89.0,94.0,18.8,53.7
1604470710,79.0,81.0,89.0,94.0,18.8,53.7
1604470711,79.0,81.0,89.0,94.0,18.8,53.7
1604470712,79.0,81.0,89.0,94.0,18.8,53.7
1604470713,79.0,80.0,89.0,94.0,18.8,53.7
1604470714,79.0,80.0,89.0,94.0,18.8,53.7
1604470715,79.0,79.0,89.0,94.0,18.8,53.7
1604470716,79.0,79.0,89.0,94.0,18.8,53.7
1604470717,79.0,79.0,88.0,94.0,18.8,53.7
1604470718,79.0,79.0,90.0,94.0,18.8,53.7
1604470719,78.0,78.0,90.0,94.0,18.8,53.7
1604470720,78.0,78.0,89.0,94.0,18.8,53.7
1604470721,78.0,79.0,89.0,94.0,18.8,53.6
1604470722,78.0,79.0,89.0,94.0,18.8,53.6
1604470723,78.0,79.0,89.0,94.0,18.8,53.6
1604470724,78.0,79.0,88.0,93.0,18.8,53.6
1604470725,78.0,80.0,88.0,93.0,18.8,53.6
1604470726,78.0,80.0,88.0,93.0,18.8,53.6
1604470727,77.0,80.0,88.0,93.0,18.8,53.6
1604470728,77.0,80.0,88.0,93.0,18.8,53.6
1604470729,76.0,80.0,88.0,92.0,18.8,53.6
1604470730,76.0,80.0,88.0,92.0,18.8,53.6
1604470731,76.0,80.0,88.0,92.0,18.8,53.5
1604470732,75.0,80.0,88.0,92.0,18.8,53.5
1604470733,75.0,80.0,89.0,92.0,18.8,53.5
1604470734,74.0,79.0,89.0,91.0,18.8,53.5
1604470735,74.0,79.0,89.0,91.0,18.8,53.5
1604470736,74.0,79.0,90.0,91.0,18.9,53.6
1604470737,74.0,79.0,90.0,90.0,18.9,53.6
1604470738,75.0,79.0,90.0,91.0,18.9,53.6
1604470739,75.0,79.0,90.0,91.0,18.9,53.6
1604470740,75.0,79.0,90.0,91.0,18.9,53.6
1604470741,76.0,79.0,90.0,91.0,18.8,53.5
1604470742,76.0,79.0,90.0,92.0,18.8,53.5
1604470743,76.0,79.0,90.0,92.0,18.8,53.5
1604470744,76.0,79.0,90.0,92.0,18.8,53.5
1604470745,75.875,78.875,90.0,92.0,18.8,53.5
1604470746,75.75,78.75,90.0,92.0,18.8,53.5
1604470747,75.625,78.625,90.0,92.0,18.8,53.5
1604470748,75.5,78.5,90.0,92.0,18.8,53.5
1604470749,75.375,78.375,90.0,92.0,18.8,53.5
1604470750,75.25,78.25,90.0,92.0,18.8,53.5
1604470751,75.125,78.125,90.0,92.0,18.8,53.5
1604470752,75.0,78.0,90.0,92.0,18.8,53.5
1604470753,74.0,78.0,90.0,92.0,18.8,53.4
1604470754,75.0,78.0,91.0,92.0,18.8,53.4
1604470755,75.0,78.0,90.0,92.0,18.8,53.4
1604470756,75.0,78.0,90.0,92.0,18.8,53.4
1604470757,75.0,78.0,91.0,93.0,18.8,53.4
1604470758,75.0,78.0,91.0,92.0,18.8,53.4
1604470759,75.0,78.0,91.0,92.0,18.8,53.4
1604470760,75.0,79.0,91.0,92.0,18.8,53.4
1604470761,75.0,79.0,91.0,92.0,18.8,53.4
1604470762,75.0,80.0,91.0,92.0,18.8,53.4
1604470763,75.0,80.0,91.0,92.0,18.8,53.3
1604470764,74.0,80.0,91.0,92.0,18.8,53.3
1604470765,74.0,80.0,91.0,93.0,18.8,53.3
1604470766,74.0,81.0,91.0,93.0,18.8,53.3
1604470767,74.0,81.0,91.0,93.0,18.8,53.3
1604470768,73.0,81.0,91.0,93.0,18.8,53.3
1604470769,73.0,81.0,91.0,93.0,18.8,53.3
1604470770,73.0,82.0,91.0,93.0,18.8,53.3
1604470771,72.0,82.0,91.0,92.0,18.8,53.3
1604470772,72.0,82.0,91.0,92.0,18.8,53.3
1604470773,72.0,86.0,91.0,91.0,18.8,53.3
1604470774,72.0,86.0,91.0,91.0,18.8,53.3
1604470775,73.0,86.0,91.0,91.0,18.8,53.3
1604470776,73.0,86.0,91.0,90.0,18.8,53.3
1604470777,73.0,86.0,90.0,90.0,18.8,53.3
1604470778,73.0,86.0,90.0,91.0,18.8,53.3
1604470779,74.0,86.0,89.0,91.0,18.8,53.3
1604470780,75.0,87.0,89.0,91.0,18.8,53.3
1604470781,75.0,87.0,89.0,92.0,18.8,53.3
1604470782,76.0,87.0,89.0,92.0,18.8,53.3
1604470783,76.0,87.0,89.0,93.0,18.8,53.3
1604470784,76.0,86.0,89.0,93.0,18.8,53.3
1604470785,77.0,86.0,89.0,94.0,18.8,53.3
1604470786,77.0,86.0,89.0,94.0,18.8,53.3
1604470787,77.0,86.0,89.0,94.0,18.8,53.3
1604470788,77.0,85.0,89.0,94.0,18.8,53.2
1604470789,77.0,85.0,89.0,95.0,18.8,53.2
1604470790,77.0,84.0,89.0,95.0,18.8,53.2
1604470791,77.0,84.0,88.0,95.0,18.8,53.2
1604470792,77.0,83.0,88.0,96.0,18.8,53.2
1604470793,77.0,83.0,88.0,96.0,18.8,53.1
1604470794,77.0,83.0,88.0,96.0,18.8,53.1
1604470795,77.0,83.0,88.0,96.0,18.8,53.1
1604470796,78.0,83.0,88.0,95.0,18.8,53.1
1604470797,78.0,82.0,88.0,95.0,18.8,53.1
1604470798,78.0,82.0,87.0,95.0,18.8,53.2
1604470799,79.0,82.0,87.0,94.0,18.8,53.2
1604470800,79.0,82.0,87.0,94.0,18.8,53.2
1604470801,79.0,82.0,87.0,94.0,18.8,53.2
1604470802,79.0,82.0,87.0,94.0,18.8,53.2
1604470803,79.0,82.0,87.0,93.0,18.8,53.1
1604470804,79.0,82.0,87.0,93.0,18.8,53.1
1604470805,79.0,82.0,86.0,93.0,18.8,53.1
1604470806,79.0,82.0,85.0,93.0,18.8,53.1
1604470807,79.0,83.0,85.0,93.0,18.8,53.1
1604470808,79.0,83.0,85.0,93.0,18.9,53.1
1604470809,79.0,84.0,85.0,93.0,18.9,53.1
1604470810,79.0,85.0,85.0,94.0,18.9,53.1
1604470811,79.0,86.0,85.0,94.0,18.9,53.1
1604470812,80.0,86.0,84.0,95.0,18.9,53.1
1604470813,80.0,87.0,84.0,95.0,18.9,53.0
1604470814,80.0,87.0,84.0,96.0,18.9,53.0
1604470815,80.0,87.0,84.0,96.0,18.9,53.0
1604470816,80.0,87.0,85.0,97.0,18.9,53.0
1604470817,80.0,88.0,86.0,98.0,18.9,53.0
1604470818,80.0,88.0,86.0,98.0,18.8,52.9
1604470819,80.0,88.0,87.0,99.0,18.8,52.9
1604470820,79.0,88.0,87.0,99.0,18.8,52.9
1604470821,79.0,88.0,87.0,99.0,18.8,52.9
1604470822,79.0,88.0,88.0,99.0,18.8,52.9
1604470823,79.0,88.0,88.0,99.0,18.8,52.9
1604470824,79.0,89.0,88.0,99.0,18.8,52.9
1604470825,79.0,88.0,89.0,99.0,18.8,52.9
1604470826,79.0,88.0,89.0,98.0,18.8,52.9
1604470827,79.0,88.0,89.0,97.0,18.8,52.9
1604470828,78.0,88.0,88.0,97.0,18.8,52.9
1604470829,78.0,87.0,88.0,96.0,18.8,52.9
1604470830,78.0,87.0,88.0,96.0,18.8,52.9
1604470831,77.0,86.0,88.0,95.0,18.8,52.9
1604470832,77.0,86.0,88.0,95.0,18.8,52.9
1604470833,77.0,85.0,88.0,95.0,18.8,52.9
1604470834,76.0,85.0,88.0,95.0,18.8,52.9
1604470835,76.0,84.0,87.0,95.0,18.8,52.9
1604470836,76.0,84.0,87.0,95.0,18.8,52.9
1604470837,76.0,84.0,87.0,95.0,18.8,52.9
1604470838,75.0,83.0,87.0,95.0,18.8,52.9
1604470839,75.0,83.0,88.0,95.0,18.8,52.9
1604470840,75.0,82.0,88.0,96.0,18.8,52.9
1604470841,75.0,82.0,88.0,96.0,18.8,52.9
1604470842,75.0,82.0,88.0,97.0,18.8,52.9
1604470843,75.0,82.0,88.0,97.0,18.8,52.9
1604470844,75.0,82.0,88.0,97.0,18.8,52.9
1604470845,75.0,81.0,88.0,97.0,18.8,52.9
1604470846,75.0,81.0,88.0,97.0,18.8,52.9
1604470847,75.0,82.0,88.0,97.0,18.8,52.9
1604470848,75.0,82.0,88.0,97.0,18.8,52.8
1604470849,75.0,82.0,88.0,96.0,18.8,52.8
1604470850,76.0,82.0,88.0,96.0,18.8,52.8
1604470851,76.0,82.0,88.0,96.0,18.8,52.8
1604470852,76.0,82.0,88.0,96.0,18.8,52.8
1604470853,77.0,82.0,89.0,96.0,18.8,52.8
1604470854,77.0,82.0,89.0,96.0,18.8,52.8
1604470855,78.0,82.0,90.0,96.0,18.8,52.8
1604470856,79.0,82.0,90.0,96.0,18.8,52.8
1604470857,80.0,81.0,90.0,96.0,18.8,52.8
1604470858,80.0,81.0,90.0,96.0,18.9,52.9
1604470859,80.0,81.0,90.0,96.0,18.9,52.9
1604470860,81.0,81.0,90.0,97.0,18.9,52.9
1604470861,81.0,81.0,89.0,97.0,18.9,52.9
1604470862,81.0,81.0,89.0,97.0,18.9,52.9
1604470863,81.0,81.0,89.0,98.0,18.9,52.9
1604470864,81.0,81.0,88.0,97.0,18.9,52.9
1604470865,80.0,81.0,88.0,97.0,18.9,52.9
1604470866,80.0,82.0,88.0,97.0,18.9,52.9
1604470867,80.0,82.0,88.0,97.0,18.9,52.9
1604470868,80.0,82.0,88.0,97.0,18.8,52.9
1604470869,79.0,83.0,88.0,97.0,18.8,52.9
1604470870,79.0,83.0,88.0,97.0,18.8,52.9
1604470871,78.0,83.0,89.0,97.0,18.8,52.9
1604470872,78.0,84.0,89.0,97.0,18.8,52.9
1604470873,78.0,84.0,90.0,97.0,18.8,52.9
1604470874,78.0,84.0,90.0,97.0,18.8,52.9
1604470875,78.0,84.0,90.0,97.0,18.8,52.9
1604470876,78.0,84.0,90.0,97.0,18.8,52.9
1604470877,77.0,84.0,90.0,96.0,18.8,52.9
1604470878,77.0,84.0,90.0,96.0,18.8,52.9
1604470879,77.0,83.0,90.0,95.0,18.8,52.9
1604470880,77.0,83.0,90.0,95.0,18.8,52.9
1604470881,76.0,83.0,91.0,94.0,18.8,52.9
1604470882,76.0,83.0,91.0,94.0,18.8,52.9
1604470883,76.0,84.0,91.0,93.0,18.8,53.0
1604470884,76.0,84.0,91.0,93.0,18.8,53.0
1604470885,75.0,84.0,92.0,93.0,18.8,53.0
1604470886,75.0,84.0,92.0,93.0,18.8,53.0
1604470887,75.0,84.0,93.0,93.0,18.8,53.0
1604470888,75.0,84.0,93.0,93.0,18.8,53.1
1604470889,74.0,84.0,93.0,93.0,18.8,53.1
1604470890,74.0,84.0,93.0,93.0,18.8,53.1
1604470891,74.0,84.0,93.0,93.0,18.8,53.1
1604470892,74.0,84.0,93.0,93.0,18.8,53.1
1604470893,74.0,84.0,93.0,93.0,18.9,53.2
1604470894,74.0,84.0,93.0,93.0,18.9,53.2
1604470895,73.0,84.0,92.0,92.0,18.9,53.2
1604470896,73.0,84.0,92.0,93.0,18.9,53.2
1604470897,73.0,84.0,92.0,93.0,18.9,53.2
1604470898,73.0,84.0,91.0,93.0,18.9,53.2
1604470899,73.0,84.0,90.0,94.0,18.9,53.2
1604470900,73.0,84.0,90.0,94.0,18.9,53.2
1604470901,73.0,85.0,91.0,95.0,18.9,53.2
1604470902,73.0,85.0,91.0,95.0,18.9,53.2
1604470903,73.0,85.0,90.5,95.5,18.9,53.25
1604470904,73.0,85.0,90.0,96.0,18.9,53.3
1604470905,73.0,85.0,89.0,97.0,18.9,53.3
1604470906,73.0,86.0,88.0,97.0,18.9,53.3
1604470907,73.0,86.0,88.0,98.0,18.9,53.3
1604470908,73.0,86.0,88.0,98.0,18.9,53.3
1604470909,73.0,86.0,87.0,98.0,18.9,53.3
1604470910,74.0,85.0,87.0,98.0,18.9,53.3
1604470911,74.0,85.0,86.0,98.0,18.9,53.3
1604470912,74.0,85.0,86.0,98.0,18.9,53.3
1604470913,74.0,85.0,86.0,98.0,18.9,53.3
1604470914,75.0,84.0,86.0,98.0,18.9,53.2
1604470915,75.0,83.0,86.0,97.0,18.9,53.2
1604470916,76.0,83.0,87.0,97.0,18.9,53.2
1604470917,76.0,82.0,88.0,97.0,18.9,53.2
1604470918,77.0,82.0,88.0,96.0,18.9,53.2
1604470919,77.0,81.0,88.0,95.0,18.9,53.2
1604470920,77.0,81.0,89.0,95.0,18.9,53.2
1604470921,77.0,81.0,90.0,94.0,18.9,53.2
1604470922,77.0,80.0,90.0,93.0,18.9,53.2
1604470923,76.0,80.0,90.0,95.0,18.9,53.2
1604470924,76.0,80.0,91.0,95.0,18.9,53.3
1604470925,76.0,81.0,91.0,94.0,18.9,53.3
1604470926,76.0,81.0,91.0,94.0,18.9,53.3
1604470927,76.0,81.0,91.0,93.0,18.9,53.3
1604470928,75.0,81.0,91.0,93.0,18.9,53.3
1604470929,75.0,82.0,91.0,93.0,18.9,53.3
1604470930,75.0,82.0,91.0,93.0,18.9,53.3
1604470931,75.0,82.0,91.0,92.0,18.9,53.3
1604470932,75.0,83.0,91.0,91.0,18.9,53.3
1604470933,75.0,83.0,91.0,91.0,18.9,53.3
1604470934,76.0,83.0,91.0,91.0,18.9,53.4
1604470935,76.0,83.0,91.0,91.0,18.9,53.4
1604470936,76.0,83.0,91.0,91.0,18.9,53.4
1604470937,76.0,83.0,91.0,92.0,18.9,53.4
1604470938,76.0,83.0,91.0,92.0,18.9,53.4
1604470939,77.0,88.0,91.0,92.0,18.9,53.4
1604470940,77.0,88.0,91.0,92.0,18.9,53.4
1604470941,77.0,87.0,92.0,92.0,18.9,53.4
1604470942,77.0,86.0,92.0,92.0,18.9,53.4
1604470943,78.0,85.0,91.0,92.0,18.9,53.4
1604470944,78.0,84.0,91.0,92.0,18.9,53.4
1604470945,78.0,84.0,90.0,92.0,18.9,53.4
1604470946,78.0,83.0,90.0,92.0,18.9,53.4
1604470947,78.0,82.0,89.0,92.0,18.9,53.4
1604470948,78.0,82.0,89.0,92.0,18.9,53.4
1604470949,78.0,82.0,88.0,92.0,18.9,53.4
1604470950,77.0,81.0,88.0,92.0,18.9,53.4
1604470951,76.66666666666667,81.0,88.0,92.0,18.9,53.4
1604470952,76.33333333333333,81.0,88.0,92.0,18.9,53.4
1604470953,76.0,81.0,88.0,92.0,18.9,53.4
1604470954,75.66666666666667,81.0,88.0,92.0,18.9,53.4
1604470955,75.33333333333333,81.0,88.0,92.0,18.9,53.4
1604470956,75.0,81.0,88.0,92.0,18.9,53.4
1604470957,74.66666666666667,81.0,88.0,92.0,18.9,53.4
1604470958,74.33333333333333,81.0,88.0,92.0,18.9,53.4
1604470959,74.0,81.0,88.0,92.0,18.9,53.4
1604470960,74.0,82.0,87.0,92.0,18.9,53.4
1604470961,74.0,83.0,87.0,92.0,18.9,53.4
1604470962,73.0,83.0,88.0,92.0,18.9,53.5
1604470963,73.0,84.0,88.0,92.0,18.9,53.5
1604470964,74.0,84.0,89.0,92.0,18.9,53.5
1604470965,74.0,85.0,89.0,93.0,18.9,53.5
1604470966,74.0,85.0,90.0,93.0,18.9,53.5
1604470967,75.0,86.0,90.0,93.0,18.9,53.5
1604470968,76.0,86.0,90.0,93.0,18.9,53.5
1604470969,76.0,86.0,91.0,93.0,18.9,53.5
1604470970,76.0,86.0,91.0,93.0,18.9,53.5
1604470971,77.0,86.0,91.0,93.0,18.9,53.5
1604470972,77.0,86.0,91.0,92.0,18.9,53.5
1604470973,77.0,86.0,91.0,92.0,18.9,53.5
1604470974,77.0,86.0,91.0,92.0,18.9,53.5
1604470975,77.0,86.0,92.0,92.0,18.9,53.5
1604470976,77.0,86.0,92.0,90.0,18.9,53.5
1604470977,77.0,86.0,89.0,90.0,18.9,53.5
1604470978,76.0,86.0,89.0,90.0,18.9,53.5
1604470979,76.0,86.0,89.0,89.0,18.9,53.5
1604470980,76.0,86.0,89.0,89.0,18.9,53.5
1604470981,76.0,86.0,89.0,89.0,18.9,53.5
1604470982,77.0,86.0,89.0,90.0,18.9,53.5
1604470983,77.0,86.0,90.0,90.0,18.9,53.5
1604470984,77.0,86.0,90.0,90.0,18.9,53.5
1604470985,78.0,85.0,90.0,91.0,18.9,53.5
1604470986,78.0,85.0,90.0,91.0,18.9,53.5
1604470987,78.0,85.0,90.0,91.0,18.9,53.5
1604470988,78.0,85.0,90.0,91.0,18.9,53.5
1604470989,78.0,84.0,90.0,91.0,18.9,53.5
1604470990,78.0,84.0,90.0,91.0,18.9,53.5
1604470991,77.0,83.0,90.0,90.0,18.9,53.5
1604470992,77.0,83.0,90.0,90.0,18.9,53.5
1604470993,77.0,82.0,89.0,90.0,18.9,53.5
1604470994,77.0,82.0,89.0,90.0,18.9,53.5
1604470995,77.0,82.0,88.0,90.0,18.9,53.5
1604470996,77.0,81.0,88.0,90.0,18.9,53.5
1604470997,77.0,81.0,89.0,90.0,18.9,53.5
1604470998,78.0,81.0,89.0,91.0,18.9,53.5
1604470999,78.0,81.0,89.0,91.0,18.9,53.5
1604471000,79.0,82.0,89.0,92.0,18.9,53.5
1604471001,79.0,82.0,89.0,92.0,18.9,53.5
1604471002,79.0,83.0,89.0,92.0,19.0,53.6
1604471003,79.0,83.0,90.0,92.0,19.0,53.6
1604471004,79.0,84.0,90.0,92.0,19.0,53.6
1604471005,79.0,84.0,90.0,92.0,19.0,53.6
1604471006,79.0,84.0,91.0,92.0,19.0,53.6
1604471007,79.0,84.0,91.0,91.0,18.9,53.5
1604471008,79.0,85.0,91.0,91.0,18.9,53.5
1604471009,78.0,85.0,90.0,91.0,18.9,53.5
1604471010,78.0,85.0,90.0,91.0,18.9,53.5
1604471011,78.0,85.0,90.0,91.0,18.9,53.5
1604471012,78.0,85.0,90.0,91.0,18.9,53.5
1604471013,77.0,85.0,90.0,91.0,18.9,53.5
1604471014,77.0,84.0,89.0,91.0,18.9,53.5
1604471015,77.0,84.0,89.0,91.0,18.9,53.5
1604471016,77.0,84.0,89.0,91.0,18.9,53.5
1604471017,77.0,84.0,89.0,92.0,18.9,53.5
1604471018,77.0,84.0,90.0,92.0,18.9,53.5
1604471019,76.0,84.0,90.0,92.0,18.9,53.5
1604471020,76.0,84.0,91.0,93.0,18.9,53.5
1604471021,76.0,83.0,91.0,93.0,18.9,53.5
1604471022,77.0,83.0,92.0,93.0,19.0,53.6
1604471023,77.0,82.0,93.0,93.0,19.0,53.6
1604471024,77.0,82.0,93.0,93.0,19.0,53.6
1604471025,77.0,82.0,93.0,92.0,19.0,53.6
1604471026,78.0,82.0,92.0,92.0,19.0,53.6
1604471027,78.0,82.0,92.0,92.0,19.0,53.6
1604471028,79.0,82.0,91.0,92.0,19.0,53.6
1604471029,79.0,81.0,91.0,92.0,19.0,53.6
1604471030,79.0,81.0,91.0,92.0,19.0,53.6
1604471031,80.0,82.0,90.0,92.0,19.0,53.6
1604471032,80.0,82.0,90.0,91.0,19.0,53.5
1604471033,80.0,82.0,90.0,91.0,19.0,53.5
1604471034,80.0,83.0,90.0,91.0,19.0,53.5
1604471035,80.0,83.0,90.0,91.0,19.0,53.5
1604471036,80.0,84.0,91.0,91.0,19.0,53.5
1604471037,81.0,84.0,92.0,91.0,19.0,53.5
1604471038,81.0,85.0,92.0,91.0,19.0,53.5
1604471039,80.0,85.0,91.0,91.0,19.0,53.5
1604471040,80.0,86.0,91.0,91.0,19.0,53.5
1604471041,80.0,86.0,92.0,92.0,19.0,53.5
1604471042,80.0,86.0,91.0,92.0,19.0,53.5
1604471043,80.0,85.0,91.0,93.0,19.0,53.5
1604471044,80.0,85.0,91.0,94.0,19.0,53.5
1604471045,80.0,85.0,91.0,94.0,19.0,53.5
1604471046,80.0,85.0,91.0,95.0,19.0,53.5
1604471047,79.0,85.0,90.0,95.0,18.9,53.3
1604471048,79.0,84.0,90.0,96.0,18.9,53.3
1604471049,79.0,84.0,90.0,96.0,18.9,53.3
1604471050,78.0,84.0,90.0,96.0,18.9,53.3
1604471051,78.0,84.0,90.0,96.0,18.9,53.3
1604471052,78.0,84.0,90.0,96.0,19.0,53.3
1604471053,78.0,84.0,90.0,95.0,19.0,53.3
1604471054,77.0,84.0,90.0,95.0,19.0,53.3
1604471055,77.0,85.0,91.0,95.0,19.0,53.3
1604471056,77.0,85.0,91.0,94.0,19.0,53.3
1604471057,77.0,85.0,91.0,94.0,19.0,53.2
1604471058,77.0,85.0,91.0,93.0,19.0,53.2
1604471059,77.0,85.0,91.0,93.0,19.0,53.2
1604471060,77.0,85.0,92.0,93.0,19.0,53.2
1604471061,77.0,85.0,92.0,93.0,19.0,53.2
1604471062,77.0,84.0,92.0,92.0,19.0,53.1
1604471063,78.0,83.0,92.0,92.0,19.0,53.1
1604471064,79.0,83.0,92.0,92.0,19.0,53.1
1604471065,79.0,82.0,92.0,92.0,19.0,53.1
1604471066,79.0,81.0,92.0,93.0,19.0,53.1
1604471067,79.0,81.0,92.0,93.0,19.0,53.2
1604471068,80.0,81.0,93.0,94.0,19.0,53.2
1604471069,80.0,80.0,93.0,94.0,19.0,53.2
1604471070,81.0,80.0,92.0,95.0,19.0,53.2
1604471071,81.0,80.0,92.0,95.0,19.0,53.2
1604471072,81.0,79.0,91.0,96.0,19.0,53.1
1604471073,81.0,80.0,91.0,96.0,19.0,53.1
1604471074,81.0,80.0,92.0,96.0,19.0,53.1
1604471075,81.0,81.0,92.0,97.0,19.0,53.1
1604471076,81.0,81.0,92.0,97.0,19.0,53.1
1604471077,81.0,81.0,92.0,97.0,19.0,53.2
1604471078,81.0,81.0,92.0,97.0,19.0,53.2
1604471079,81.0,81.0,92.0,97.0,19.0,53.2
1604471080,81.0,81.0,92.0,96.0,19.0,53.2
1604471081,80.0,81.0,92.0,96.0,19.0,53.2
1604471082,80.0,81.0,92.0,96.0,19.0,53.2
1604471083,79.0,81.0,92.0,95.0,19.0,53.2
1604471084,78.0,81.0,92.0,94.0,19.0,53.2
1604471085,78.0,81.0,92.0,94.0,19.0,53.2
1604471086,77.0,81.0,92.0,93.0,19.0,53.2
1604471087,77.0,81.0,92.0,93.0,19.0,53.2
1604471088,76.0,81.0,92.0,93.0,19.0,53.2
1604471089,75.0,81.0,92.0,93.0,19.0,53.2
1604471090,75.0,80.0,92.0,93.0,19.0,53.2
1604471091,75.0,80.0,92.0,93.0,19.0,53.2
1604471092,76.0,80.0,92.0,93.0,19.0,53.3
1604471093,76.0,80.0,92.0,93.0,19.0,53.3
1604471094,76.0,80.0,92.0,93.0,19.0,53.3
1604471095,77.0,80.0,92.0,93.0,19.0,53.3
1604471096,77.0,79.0,92.0,94.0,19.0,53.3
1604471097,77.0,79.0,92.0,94.0,19.0,53.3
1604471098,78.0,79.0,92.0,94.0,19.0,53.3
1604471099,79.0,80.0,92.0,94.0,19.0,53.3
1604471100,79.0,80.0,92.0,94.0,19.0,53.3
1604471101,79.0,80.0,92.0,94.0,19.0,53.3
1604471102,79.0,81.0,93.0,94.0,19.0,53.3
1604471103,79.0,81.0,93.0,94.0,19.0,53.3
1604471104,80.0,82.0,93.0,93.0,19.0,53.3
1604471105,80.0,83.0,93.0,93.0,19.0,53.3
1604471106,80.0,83.0,93.0,93.0,19.0,53.3
1604471107,81.0,84.0,93.0,93.0,19.1,53.4
1604471108,81.0,84.0,93.0,93.0,19.1,53.4
1604471109,81.0,85.0,93.0,93.0,19.1,53.4
1604471110,81.0,85.0,93.0,94.0,19.1,53.4
1604471111,82.0,85.0,93.0,94.0,19.1,53.4
1604471112,82.0,86.0,93.0,94.0,19.1,53.6
1604471113,82.0,86.0,93.0,94.0,19.1,53.6
1604471114,82.0,86.0,93.0,94.0,19.1,53.6
1604471115,82.0,85.0,93.0,94.0,19.1,53.6
1604471116,82.0,85.0,93.0,93.0,19.1,53.6
1604471117,82.0,85.0,94.0,93.0,19.1,53.6
1604471118,81.0,85.0,94.0,93.0,19.1,53.6
1604471119,81.0,85.0,94.0,93.0,19.1,53.6
1604471120,81.0,85.0,95.0,92.0,19.1,53.6
1604471121,79.0,84.0,96.0,92.0,19.1,53.6
1604471122,78.0,84.0,96.0,93.0,19.0,53.6
1604471123,78.0,84.0,97.0,93.0,19.0,53.6
1604471124,78.0,84.0,97.0,93.0,19.0,53.6
1604471125,77.0,84.0,97.0,94.0,19.0,53.6
1604471126,77.0,84.0,97.0,94.0,19.0,53.6
1604471127,77.0,84.0,97.0,94.0,19.1,53.7
1604471128,77.0,84.0,97.0,94.0,19.1,53.7
1604471129,77.0,83.0,96.0,95.0,19.1,53.7
1604471130,78.0,83.0,96.0,95.0,19.1,53.7
1604471131,78.0,84.0,95.0,95.0,19.1,53.7
1604471132,79.0,84.0,94.0,94.0,19.0,53.7
1604471133,80.0,84.0,94.0,94.0,19.0,53.7
1604471134,80.0,84.0,94.0,93.0,19.0,53.7
1604471135,80.0,84.0,94.0,93.0,19.0,53.7
1604471136,80.0,84.0,93.0,93.0,19.0,53.7
1604471137,81.0,84.0,93.0,92.0,19.1,53.8
1604471138,81.0,84.0,93.0,92.0,19.1,53.8
1604471139,81.0,84.0,93.0,92.0,19.1,53.8
1604471140,81.0,84.0,93.0,92.0,19.1,53.8
1604471141,81.0,84.0,93.0,92.0,19.1,53.8
1604471142,80.0,84.0,93.0,92.0,19.1,53.8
1604471143,80.0,84.0,94.0,92.0,19.1,53.8
1604471144,80.0,84.0,93.0,92.0,19.1,53.8
1604471145,80.0,84.0,93.0,91.0,19.1,53.8
1604471146,80.0,84.0,93.0,91.0,19.1,53.8
1604471147,79.0,83.0,92.0,91.0,19.1,53.7
1604471148,79.0,83.0,92.0,91.0,19.1,53.7
1604471149,79.0,83.0,92.0,92.0,19.1,53.7
1604471150,79.0,84.0,92.0,92.0,19.1,53.7
1604471151,79.0,84.0,92.0,92.11111111111111,19.1,53.7
1604471152,79.0,84.0,92.0,92.22222222222224,19.1,53.7
1604471153,79.0,84.0,92.0,92.33333333333331,19.1,53.7
1604471154,79.0,84.0,92.0,92.44444444444444,19.1,53.7
1604471155,79.0,84.0,92.0,92.55555555555556,19.1,53.7
1604471156,79.0,84.0,92.0,92.66666666666669,19.1,53.7
1604471157,79.0,84.0,92.0,92.77777777777776,19.1,53.7
1604471158,79.0,84.0,92.0,92.88888888888889,19.1,53.7
1604471159,79.0,84.0,92.0,93.0,19.1,53.7
1604471160,79.0,84.0,91.0,93.0,19.1,53.6
1604471161,78.0,84.0,91.0,94.0,19.1,53.6
1604471162,78.0,84.0,90.0,94.0,19.1,53.6
1604471163,79.0,84.0,90.0,95.0,19.1,53.6
1604471164,79.0,84.0,90.0,95.0,19.1,53.6
1604471165,80.0,84.0,90.0,96.0,19.1,53.5
1604471166,80.0,83.0,90.0,96.0,19.1,53.5
1604471167,81.0,83.0,90.0,96.0,19.1,53.5
1604471168,81.0,83.0,90.0,95.0,19.1,53.5
1604471169,81.0,82.0,91.0,95.0,19.1,53.5
1604471170,82.0,83.0,91.0,95.0,19.1,53.5
1604471171,82.0,83.0,91.0,94.0,19.1,53.5
1604471172,82.0,83.0,92.0,94.0,19.1,53.5
1604471173,82.0,84.0,92.0,94.0,19.1,53.5
1604471174,82.0,84.0,93.0,94.0,19.1,53.5
1604471175,82.0,83.0,93.0,94.0,19.1,53.5
1604471176,81.0,83.0,93.0,94.0,19.1,53.5
1604471177,81.0,83.0,93.0,95.0,19.1,53.5
1604471178,80.0,84.0,93.0,95.0,19.1,53.5
1604471179,80.0,83.0,93.0,95.0,19.1,53.5
1604471180,79.0,83.0,92.0,96.0,19.1,53.5
1604471181,79.0,83.0,91.0,96.0,19.1,53.5
1604471182,79.0,82.0,90.0,91.0,19.1,53.5
1604471183,78.0,82.0,90.0,91.0,19.1,53.5
1604471184,78.0,82.0,89.0,91.0,19.1,53.5
1604471185,78.0,83.0,89.0,91.0,19.1,53.5
1604471186,78.0,83.0,88.0,91.0,19.1,53.5
1604471187,79.0,83.0,88.0,92.0,19.1,53.5
1604471188,79.0,83.0,88.0,92.0,19.1,53.5
1604471189,79.0,84.0,88.0,92.0,19.1,53.5
1604471190,80.0,84.0,89.0,92.0,19.1,53.5
1604471191,80.0,84.0,89.0,93.0,19.1,53.5
1604471192,80.0,85.0,90.0,93.0,19.1,53.5
1604471193,80.0,85.0,90.0,93.0,19.1,53.5
1604471194,80.0,85.0,90.0,93.0,19.1,53.5
1604471195,80.0,85.0,90.0,92.0,19.1,53.5
1604471196,80.0,84.0,90.0,92.0,19.1,53.5
1604471197,80.0,84.0,90.0,91.0,19.1,53.5
1604471198,80.0,83.0,90.0,91.0,19.1,53.5
1604471199,80.0,83.0,90.0,91.0,19.1,53.5
1604471200,79.0,83.0,90.0,91.0,19.1,53.4
1604471201,79.0,82.0,89.0,90.0,19.1,53.4
1604471202,79.0,81.0,89.0,90.0,19.1,53.4
1604471203,78.0,80.0,89.0,90.0,19.1,53.4
1604471204,78.0,80.0,88.0,90.0,19.1,53.4
1604471205,77.0,80.0,88.0,90.0,19.1,53.4
1604471206,77.0,79.0,88.0,90.0,19.1,53.4
1604471207,76.0,79.0,88.0,90.0,19.1,53.4
1604471208,76.0,79.0,88.0,90.0,19.1,53.4
1604471209,76.0,79.0,88.0,90.0,19.1,53.4
1604471210,75.0,80.0,88.0,90.0,19.1,53.4
1604471211,75.0,80.0,89.0,91.0,19.1,53.4
1604471212,75.0,80.0,89.0,91.0,19.1,53.4
1604471213,75.0,80.0,89.0,92.0,19.1,53.4
1604471214,75.0,81.0,90.0,92.0,19.1,53.4
1604471215,75.0,81.0,90.0,92.0,19.1,53.2
1604471216,76.0,81.0,91.0,93.0,19.1,53.2
1604471217,76.0,81.0,91.0,93.0,19.1,53.2
1604471218,76.0,82.0,91.0,93.0,19.1,53.2
1604471219,76.0,82.0,91.0,94.0,19.1,53.2
1604471220,76.0,82.0,91.0,94.0,19.1,53.1
1604471221,77.0,82.0,92.0,94.0,19.1,53.1
1604471222,77.0,82.0,92.0,94.0,19.1,53.1
1604471223,77.0,82.0,91.0,94.0,19.1,53.1
1604471224,77.0,83.0,91.0,94.0,19.1,53.1
1604471225,78.0,83.0,91.0,94.0,19.1,53.1
1604471226,78.0,83.0,90.0,94.0,19.1,53.1
1604471227,79.0,83.0,90.0,94.0,19.1,53.1
1604471228,79.0,82.0,90.0,93.0,19.1,53.1
1604471229,80.0,82.0,90.0,93.0,19.1,53.1
1604471230,80.0,82.0,92.0,92.0,19.1,53.1
1604471231,80.0,82.0,93.0,92.0,19.1,53.1
1604471232,81.0,82.0,93.0,92.0,19.1,53.1
1604471233,82.0,82.0,93.0,92.0,19.1,53.1
1604471234,82.0,81.0,93.0,92.0,19.1,53.1
1604471235,82.0,81.0,94.0,92.0,19.1,53.1
1604471236,83.0,81.0,94.0,92.0,19.1,53.1
1604471237,83.0,81.0,94.0,92.0,19.1,53.1
1604471238,83.0,81.0,93.0,93.0,19.1,53.1
1604471239,83.0,81.0,93.0,93.0,19.1,53.1
1604471240,83.0,81.0,93.0,93.0,19.1,53.1
1604471241,83.0,81.0,93.0,93.0,19.1,53.1
1604471242,83.0,81.0,93.0,94.0,19.1,53.1
1604471243,83.0,80.0,93.0,93.0,19.1,53.1
1604471244,83.0,80.0,93.0,93.0,19.1,53.1
1604471245,82.0,80.0,93.0,93.0,19.1,53.2
1604471246,82.0,80.0,93.0,92.0,19.1,53.2
1604471247,81.0,80.0,94.0,92.0,19.1,53.2
1604471248,81.0,81.0,94.0,92.0,19.1,53.2
1604471249,80.0,81.0,94.0,92.0,19.1,53.2
1604471250,80.0,81.0,94.0,92.0,19.1,53.2
1604471251,79.0,81.0,94.0,92.0,19.1,53.2
1604471252,78.0,82.0,93.0,92.0,19.1,53.2
1604471253,78.0,82.0,93.0,93.0,19.1,53.2
1604471254,77.0,82.0,92.0,93.0,19.1,53.2
1604471255,77.0,82.0,92.0,93.0,19.1,53.0
1604471256,77.0,82.0,91.0,93.0,19.1,53.0
1604471257,76.0,82.0,91.0,93.0,19.1,53.0
1604471258,76.0,81.0,90.0,93.0,19.1,53.0
1604471259,76.0,81.0,90.0,93.0,19.1,53.0
1604471260,75.0,80.0,89.0,93.0,19.1,53.0
1604471261,75.0,80.0,89.0,92.0,19.1,53.0
1604471262,75.0,80.0,89.0,92.0,19.1,53.0
1604471263,75.0,79.0,90.0,91.0,19.1,53.0
1604471264,75.0,79.0,90.0,90.0,19.1,53.0
1604471265,75.0,79.0,90.0,90.0,19.0,52.9
1604471266,75.0,79.0,90.0,90.0,19.0,52.9
1604471267,75.0,79.0,90.0,89.0,19.0,52.9
1604471268,75.0,79.0,90.0,88.0,19.0,52.9
1604471269,76.0,80.0,90.0,88.0,19.0,52.9
1604471270,76.0,80.0,91.0,88.0,19.0,52.8
1604471271,76.0,80.0,91.0,87.0,19.0,52.8
1604471272,76.0,81.0,91.0,87.0,19.0,52.8
1604471273,76.0,81.0,91.0,87.0,19.0,52.8
1604471274,76.0,81.0,91.0,88.0,19.0,52.8
1604471275,76.0,82.0,91.0,88.0,19.0,52.8
1604471276,76.0,83.0,91.0,88.0,19.0,52.8
1604471277,76.0,83.0,91.0,88.0,19.0,52.8
1604471278,76.0,83.0,91.0,89.0,19.0,52.8
1604471279,76.0,83.0,91.0,89.0,19.0,52.8
1604471280,76.0,83.0,91.0,89.0,19.0,52.8
1604471281,76.0,82.0,90.0,90.0,19.0,52.8
1604471282,76.0,82.0,90.0,90.0,19.0,52.8
1604471283,76.0,82.0,90.0,90.0,19.0,52.8
1604471284,76.0,82.0,90.0,90.0,19.0,52.8
1604471285,76.0,82.0,90.0,91.0,19.0,52.8
1604471286,76.0,82.0,90.0,91.0,19.0,52.8
1604471287,76.0,82.0,90.0,91.0,19.0,52.8
1604471288,76.0,82.0,90.0,91.0,19.0,52.8
1604471289,76.0,83.0,90.0,91.0,19.0,52.8
1604471290,76.0,83.0,91.0,90.0,19.0,52.8
1604471291,76.0,83.0,91.0,90.0,19.0,52.8
1604471292,76.0,84.0,92.0,90.0,19.0,52.8
1604471293,75.0,84.0,92.0,90.0,19.0,52.8
1604471294,75.0,85.0,92.0,90.0,19.0,52.8
1604471295,75.0,85.0,92.0,90.0,19.0,52.8
1604471296,75.0,85.0,92.0,91.0,19.0,52.8
1604471297,75.0,86.0,92.0,91.0,19.0,52.8
1604471298,75.0,86.0,92.0,91.0,19.0,52.8
1604471299,75.0,86.0,92.0,91.0,19.0,52.8
1604471300,76.0,86.0,92.0,92.0,18.9,52.7
1604471301,76.0,87.0,92.0,92.0,18.9,52.7
1604471302,77.0,87.0,93.0,92.0,18.9,52.7
1604471303,77.0,87.0,92.0,92.0,18.9,52.7
1604471304,77.0,86.0,92.0,93.0,18.9,52.7
1604471305,77.0,86.0,92.0,94.0,19.0,52.9
1604471306,78.0,86.0,93.0,94.0,19.0,52.9
1604471307,78.0,86.0,92.0,94.0,19.0,52.9
1604471308,78.0,86.0,93.0,95.0,19.0,52.9
1604471309,78.0,85.0,93.0,95.0,19.0,52.9
1604471310,78.0,85.0,92.0,95.0,18.9,52.9
1604471311,78.0,84.0,92.0,96.0,18.9,52.9
1604471312,78.0,84.0,92.0,97.0,18.9,52.9
1604471313,78.0,84.0,91.0,97.0,18.9,52.9
1604471314,78.0,83.0,91.0,98.0,18.9,52.9
1604471315,78.0,83.0,90.0,98.0,18.9,52.9
1604471316,78.0,82.0,90.0,98.0,18.9,52.9
1604471317,78.0,82.0,90.0,99.0,18.9,52.9
1604471318,79.0,81.0,90.0,99.0,18.9,52.9
1604471319,79.0,81.0,90.0,99.0,18.9,52.9
1604471320,79.0,81.0,90.0,99.0,18.9,53.0
1604471321,79.0,80.0,91.0,99.0,18.9,53.0
1604471322,80.0,80.0,91.0,98.0,18.9,53.0
1604471323,80.0,80.0,91.0,98.0,18.9,53.0
1604471324,80.0,80.0,91.0,98.0,18.9,53.0
1604471325,81.0,80.0,92.0,97.0,19.0,53.2
1604471326,81.0,81.0,91.0,97.0,19.0,53.2
1604471327,81.0,82.0,91.0,97.0,19.0,53.2
1604471328,80.0,83.0,91.0,97.0,19.0,53.2
1604471329,80.0,83.0,90.0,96.0,19.0,53.2
1604471330,80.0,84.0,90.0,96.0,18.9,53.2
1604471331,79.0,84.0,90.0,95.0,18.9,53.2
1604471332,78.0,86.0,89.0,95.0,18.9,53.2
1604471333,77.0,86.0,88.0,95.0,18.9,53.2
1604471334,76.0,87.0,88.0,94.0,18.9,53.2
1604471335,75.0,87.0,88.0,94.0,18.9,53.2
1604471336,75.0,87.0,88.0,94.0,18.9,53.2
1604471337,74.0,87.0,89.0,94.0,18.9,53.2
1604471338,74.0,87.0,89.0,93.0,18.9,53.2
1604471339,74.0,87.0,90.0,93.0,18.9,53.2
1604471340,74.0,87.0,90.0,94.0,18.9,53.2
1604471341,74.0,86.0,91.0,94.0,18.9,53.2
1604471342,75.0,86.0,91.0,94.0,18.9,53.2
1604471343,75.0,85.0,91.0,95.0,18.9,53.2
1604471344,76.0,85.0,91.0,95.0,18.9,53.2
1604471345,76.0,85.0,91.0,96.0,18.9,53.3
1604471346,77.0,85.0,91.0,96.0,18.9,53.3
1604471347,77.0,84.0,91.0,96.0,18.9,53.3
1604471348,78.0,84.0,90.0,96.0,18.9,53.3
1604471349,78.0,84.0,90.0,96.0,18.9,53.3
1604471350,79.0,84.0,90.0,97.0,18.9,53.3
1604471351,79.0,84.0,89.0,97.0,18.9,53.3
1604471352,79.0,84.0,89.0,97.0,18.9,53.3
1604471353,79.0,84.0,89.0,97.0,18.9,53.3
1604471354,80.0,84.0,90.0,96.0,18.9,53.3
1604471355,81.0,84.0,90.0,97.0,18.9,53.4
1604471356,80.77777777777777,84.11111111111111,90.0,97.0,18.9,53.4
1604471357,80.55555555555556,84.22222222222223,90.0,97.0,18.9,53.4
1604471358,80.33333333333333,84.33333333333333,90.0,97.0,18.9,53.4
1604471359,80.11111111111111,84.44444444444444,90.0,97.0,18.9,53.4
1604471360,79.88888888888889,84.55555555555556,90.0,97.0,18.9,53.4
1604471361,79.66666666666667,84.66666666666667,90.0,97.0,18.9,53.4
1604471362,79.44444444444444,84.77777777777777,90.0,97.0,18.9,53.4
1604471363,79.22222222222223,84.88888888888889,90.0,97.0,18.9,53.4
1604471364,79.0,85.0,90.0,97.0,18.9,53.4
1604471365,79.0,85.0,90.0,97.0,18.9,53.4
1604471366,79.0,86.0,90.0,98.0,18.9,53.4
1604471367,79.0,86.0,91.0,98.0,18.9,53.4
1604471368,79.0,86.0,91.0,99.0,18.9,53.4
1604471369,79.0,87.0,92.0,99.0,18.9,53.4
1604471370,78.0,87.0,93.0,100.0,18.9,53.4
1604471371,78.0,87.0,93.0,100.0,18.9,53.4
1604471372,78.0,87.0,93.0,101.0,18.9,53.4
1604471373,77.0,87.0,94.0,101.0,18.8,53.3
1604471374,77.0,87.0,94.0,101.0,18.8,53.3
1604471375,77.0,87.0,95.0,100.0,18.8,53.3
1604471376,76.0,87.0,95.0,100.0,18.8,53.3
1604471377,75.0,87.0,95.0,100.0,18.8,53.3
1604471378,75.0,87.0,95.0,99.0,18.9,53.3
1604471379,74.0,86.0,95.0,98.0,18.9,53.3
1604471380,74.0,86.0,94.0,98.0,18.9,53.3
1604471381,74.0,86.0,94.0,97.0,18.9,53.3
1604471382,74.0,86.0,93.0,96.0,18.9,53.3
1604471383,74.0,85.0,93.0,96.0,18.9,53.3
1604471384,74.0,85.0,92.0,95.0,18.9,53.3
1604471385,75.0,84.0,91.0,95.0,18.9,53.3
1604471386,75.0,84.0,91.0,95.0,18.9,53.3
1604471387,76.0,84.0,90.0,95.0,18.9,53.3
1604471388,76.0,83.0,90.0,95.0,18.9,53.3
1604471389,77.0,83.0,89.0,95.0,18.9,53.3
1604471390,78.0,83.0,89.0,94.0,18.9,53.3
1604471391,78.0,83.0,89.0,94.0,18.9,53.3
1604471392,79.0,83.0,89.0,94.0,18.9,53.3
1604471393,79.0,84.0,88.0,94.0,18.8,53.3
1604471394,79.0,84.0,88.0,94.0,18.8,53.3
1604471395,79.0,85.0,88.0,95.0,18.8,53.3
1604471396,79.0,85.0,88.0,95.0,18.8,53.3
1604471397,79.0,87.0,87.0,95.0,18.8,53.3
1604471398,79.0,87.0,87.0,95.0,18.9,53.4
1604471399,79.0,86.0,86.0,96.0,18.9,53.4
1604471400,80.0,85.0,86.0,96.0,18.9,53.4
1604471401,80.0,85.0,86.0,96.0,18.9,53.4
1604471402,79.0,85.0,86.0,96.0,18.9,53.4
1604471403,79.0,85.0,86.0,96.0,18.9,53.4
1604471404,79.0,85.0,86.0,96.0,18.9,53.4
1604471405,79.0,85.0,86.0,96.0,18.9,53.4
1604471406,79.0,85.0,86.0,96.0,18.9,53.4
1604471407,79.0,85.0,87.0,96.0,18.9,53.4
1604471408,79.0,85.0,88.0,95.0,18.9,53.4
1604471409,78.0,86.0,88.0,94.0,18.9,53.4
1604471410,78.0,87.0,89.0,93.0,18.9,53.4
1604471411,78.0,87.0,89.0,93.0,18.9,53.4
1604471412,78.0,88.0,90.0,92.0,18.9,53.4
1604471413,78.0,88.0,91.0,91.0,18.9,53.2
1604471414,78.0,88.0,91.0,90.0,18.9,53.2
1604471415,79.0,89.0,92.0,90.0,18.9,53.2
1604471416,79.0,89.0,92.0,90.0,18.9,53.2
1604471417,79.0,88.0,92.0,89.0,18.9,53.2
1604471418,79.0,88.0,93.0,89.0,18.8,53.1
1604471419,79.0,88.0,93.0,89.0,18.8,53.1
1604471420,79.0,87.0,94.0,89.0,18.8,53.1
1604471421,79.0,87.0,94.0,89.0,18.8,53.1
1604471422,80.0,86.0,94.0,89.0,18.8,53.1
1604471423,80.0,86.0,94.0,89.0,18.8,53.1
1604471424,79.0,85.0,95.0,89.0,18.8,53.1
1604471425,79.0,85.0,95.0,88.0,18.8,53.1
1604471426,79.0,85.0,95.0,88.0,18.8,53.1
1604471427,79.0,85.0,96.0,88.0,18.8,53.1
1604471428,79.0,85.0,96.0,88.0,18.8,53.2
1604471429,78.0,85.0,96.0,89.0,18.8,53.2
1604471430,78.0,85.0,96.0,89.0,18.8,53.2
1604471431,77.0,86.0,95.0,89.0,18.8,53.2
1604471432,76.0,86.0,96.0,89.0,18.8,53.2
1604471433,76.0,86.0,96.0,89.0,18.8,53.2
1604471434,76.0,86.0,95.0,90.0,18.8,53.2
1604471435,76.0,86.0,95.0,89.0,18.8,53.2
1604471436,76.0,86.0,93.0,89.0,18.8,53.2
1604471437,76.0,86.0,93.0,89.0,18.8,53.2
1604471438,77.0,86.0,92.0,89.0,18.8,53.3
1604471439,77.0,86.0,91.0,89.0,18.8,53.3
1604471440,77.0,85.0,91.0,89.0,18.8,53.3
1604471441,79.0,85.0,91.0,88.0,18.8,53.3
1604471442,79.0,85.0,90.0,88.0,18.8,53.3
1604471443,80.0,85.0,90.0,88.0,18.8,53.5
1604471444,80.0,85.0,90.0,88.0,18.8,53.5
1604471445,81.0,85.0,90.0,89.0,18.8,53.5
1604471446,81.0,85.0,91.0,89.0,18.8,53.5
1604471447,81.0,86.0,91.0,89.0,18.8,53.5
1604471448,81.0,86.0,91.0,89.0,18.8,53.6
1604471449,81.0,86.0,91.0,90.0,18.8,53.6
1604471450,80.0,86.0,90.0,90.0,18.8,53.6
1604471451,80.0,87.0,90.0,90.0,18.8,53.6
1604471452,79.0,88.0,90.0,90.0,18.8,53.6
1604471453,79.0,87.0,90.0,90.0,18.8,53.8
1604471454,79.0,87.0,90.0,90.0,18.8,53.8
1604471455,78.0,87.0,90.0,90.0,18.8,53.8
1604471456,77.0,87.0,90.0,90.0,18.8,53.8
1604471457,76.0,87.0,90.0,90.0,18.8,53.8
1604471458,76.0,86.0,91.0,90.0,18.8,53.9
1604471459,76.0,86.0,91.0,90.0,18.8,53.9
1604471460,75.0,86.0,92.0,90.0,18.8,53.9
1604471461,75.0,85.0,93.0,90.0,18.8,53.9
1604471462,75.0,85.0,93.0,90.0,18.8,53.9
1604471463,76.0,85.0,93.0,90.0,18.8,54.0
1604471464,76.0,85.0,94.0,90.0,18.8,54.0
1604471465,76.0,84.0,94.0,90.0,18.8,54.0
1604471466,77.0,84.0,94.0,90.0,18.8,54.0
1604471467,77.0,84.0,94.0,89.0,18.8,54.0
1604471468,78.0,84.0,94.0,89.0,18.8,54.0
1604471469,79.0,84.0,95.0,89.0,18.8,54.0
1604471470,79.0,84.0,95.0,89.0,18.8,54.0
1604471471,80.0,84.0,95.0,89.0,18.8,54.0
1604471472,80.0,84.0,95.0,89.0,18.8,54.0
1604471473,80.0,84.0,94.0,90.0,18.8,54.1
1604471474,80.0,84.0,94.0,90.0,18.8,54.1
1604471475,80.0,84.0,94.0,90.0,18.8,54.1
1604471476,80.0,84.0,94.0,90.0,18.8,54.1
1604471477,80.0,84.0,94.0,89.0,18.8,54.1
1604471478,80.0,84.0,94.0,89.0,18.8,54.2
1604471479,80.0,84.0,94.0,89.0,18.8,54.2
1604471480,79.0,84.0,94.0,88.0,18.8,54.2
1604471481,79.0,84.0,94.0,88.0,18.8,54.2
1604471482,79.0,84.0,94.0,88.0,18.8,54.2
1604471483,79.0,84.0,94.0,87.0,18.8,53.8
1604471484,79.0,84.0,95.0,87.0,18.8,53.8
1604471485,79.0,84.0,95.0,87.0,18.8,53.8
1604471486,79.0,84.0,95.0,88.0,18.8,53.8
1604471487,79.0,84.0,95.0,88.0,18.8,53.8
1604471488,80.0,84.0,94.0,89.0,18.9,54.2
1604471489,80.0,84.0,87.0,90.0,18.9,54.2
1604471490,80.0,84.0,88.0,91.0,18.9,54.2
1604471491,80.0,83.0,88.0,92.0,18.9,54.2
1604471492,80.0,83.0,88.0,92.0,18.9,54.2
1604471493,80.0,83.0,89.0,92.0,18.9,54.2
1604471494,80.0,83.0,89.0,92.0,18.9,54.2
1604471495,79.0,82.0,90.0,92.0,18.9,54.2
1604471496,79.0,82.0,90.0,92.0,18.9,54.2
1604471497,78.0,81.0,90.0,92.0,18.9,54.2
1604471498,78.0,81.0,90.0,91.0,18.8,54.1
1604471499,77.0,81.0,90.0,91.0,18.8,54.1
1604471500,77.0,80.0,90.0,91.0,18.8,54.1
1604471501,76.0,81.0,90.0,90.0,18.8,54.1
1604471502,76.0,81.0,90.0,89.0,18.8,54.1
1604471503,76.0,81.0,90.0,89.0,18.8,54.1
1604471504,76.0,81.0,90.0,88.0,18.8,54.1
1604471505,76.0,82.0,89.0,88.0,18.8,54.1
1604471506,77.0,82.0,89.0,87.0,18.8,54.1
1604471507,77.0,83.0,89.0,87.0,18.8,54.1
1604471508,77.0,83.0,90.0,87.0,18.9,54.2
1604471509,78.0,83.0,90.0,87.0,18.9,54.2
1604471510,79.0,84.0,90.0,87.0,18.9,54.2
1604471511,79.0,84.0,90.0,87.0,18.9,54.2
1604471512,80.0,84.0,90.0,87.0,18.9,54.2
1604471513,80.0,84.0,90.0,88.0,18.8,54.2
1604471514,80.0,84.0,90.0,88.0,18.8,54.2
1604471515,80.0,85.0,90.0,88.0,18.8,54.2
1604471516,80.0,84.0,90.0,89.0,18.8,54.2
1604471517,80.0,85.0,90.0,89.0,18.8,54.2
1604471518,80.0,84.0,90.0,89.0,18.9,54.2
1604471519,80.0,85.0,90.0,89.0,18.9,54.2
1604471520,81.0,85.0,91.0,90.0,18.9,54.2
1604471521,81.0,85.0,91.0,90.0,18.9,54.2
1604471522,81.0,85.0,92.0,90.0,18.9,54.2
1604471523,81.0,85.0,93.0,90.0,18.9,54.2
1604471524,81.0,85.0,93.0,90.0,18.9,54.2
1604471525,81.0,85.0,93.0,89.0,18.9,54.2
1604471526,81.0,85.0,93.0,90.0,18.9,54.2
1604471527,80.0,85.0,93.0,90.0,18.9,54.2
1604471528,80.0,85.0,93.0,90.0,18.9,54.4
1604471529,79.0,85.0,93.0,90.0,18.9,54.4
1604471530,79.0,85.0,93.0,90.0,18.9,54.4
1604471531,78.0,85.0,93.0,90.0,18.9,54.4
1604471532,78.0,85.0,93.0,90.0,18.9,54.4
1604471533,78.0,85.0,93.0,91.0,18.9,54.5
1604471534,78.0,84.0,93.0,91.0,18.9,54.5
1604471535,77.0,84.0,93.0,91.0,18.9,54.5
1604471536,77.0,83.0,93.0,91.0,18.9,54.5
1604471537,78.0,83.0,93.0,91.0,18.9,54.5
1604471538,78.0,82.0,93.0,91.0,18.9,54.5
1604471539,78.0,82.0,93.0,91.0,18.9,54.5
1604471540,78.0,81.0,93.0,91.0,18.9,54.5
1604471541,78.0,81.0,93.0,91.0,18.9,54.5
1604471542,79.0,80.0,93.0,91.0,18.9,54.5
1604471543,79.0,80.0,92.0,91.0,18.9,54.5
1604471544,79.0,80.0,92.0,90.0,18.9,54.5
1604471545,79.0,80.0,91.0,90.0,18.9,54.5
1604471546,79.0,80.0,91.0,90.0,18.9,54.5
1604471547,80.0,80.0,91.0,90.0,18.9,54.5
1604471548,80.0,80.0,90.0,90.0,18.9,54.5
1604471549,80.0,80.0,90.0,90.0,18.9,54.5
1604471550,80.0,81.0,90.0,90.0,18.9,54.5
1604471551,80.0,81.0,90.0,90.0,18.9,54.5
1604471552,80.0,81.0,90.0,90.0,18.9,54.5
1604471553,80.0,81.0,91.0,90.0,18.9,54.5
1604471554,80.0,81.0,91.0,90.0,18.9,54.5
1604471555,80.0,81.0,91.0,90.0,18.9,54.5
1604471556,80.0,81.0,91.0,91.0,18.9,54.5
1604471557,80.0,82.0,91.0,91.0,18.9,54.5
1604471558,79.0,82.0,92.0,91.0,18.9,54.5
1604471559,79.0,83.0,92.0,91.0,18.9,54.5
1604471560,78.0,83.0,93.0,91.0,18.9,54.5
1604471561,78.0,84.0,93.0,91.0,18.9,54.5
1604471562,78.0,85.0,93.0,92.0,18.9,54.5
1604471563,77.66666666666667,85.0,93.0,92.0,18.9,54.5
1604471564,77.33333333333333,85.0,93.0,92.0,18.9,54.5
1604471565,77.0,85.0,93.0,92.0,18.9,54.5
1604471566,76.66666666666667,85.0,93.0,92.0,18.9,54.5
1604471567,76.33333333333333,85.0,93.0,92.0,18.9,54.5
1604471568,76.0,85.0,93.0,92.0,18.9,54.5
1604471569,75.66666666666667,85.0,93.0,92.0,18.9,54.5
1604471570,75.33333333333333,85.0,93.0,92.0,18.9,54.5
1604471571,75.0,85.0,93.0,92.0,18.9,54.5
1604471572,75.0,86.0,93.0,92.0,18.9,54.5
1604471573,75.0,86.0,93.5,92.0,18.9,54.5
1604471574,75.0,86.0,94.0,92.0,18.9,54.5
1604471575,75.0,86.0,94.0,92.0,18.9,54.5
1604471576,75.0,86.0,94.0,93.0,18.9,54.5
1604471577,75.0,86.0,94.0,93.0,18.9,54.5
1604471578,75.0,87.0,94.0,93.0,18.9,54.5
1604471579,75.0,86.0,94.0,93.0,18.9,54.5
1604471580,75.0,86.0,94.0,93.0,18.9,54.5
1604471581,75.0,86.0,94.0,93.0,18.9,54.5
1604471582,76.0,85.0,94.0,92.0,18.9,54.5
1604471583,76.0,85.0,94.0,92.0,18.9,54.5
1604471584,77.0,85.0,93.0,91.0,18.9,54.5
1604471585,77.0,85.0,93.0,91.0,18.9,54.5
1604471586,77.0,85.0,93.0,91.0,18.9,54.5
1604471587,78.0,86.0,93.0,90.0,18.9,54.5
1604471588,78.0,86.0,93.0,89.0,18.9,54.5
1604471589,78.0,86.0,93.0,89.0,18.9,54.5
1604471590,78.0,87.0,93.0,90.0,18.9,54.5
1604471591,79.0,87.0,93.0,90.0,18.9,54.5
1604471592,78.0,87.0,93.0,90.0,19.0,54.6
1604471593,78.0,88.0,92.0,91.0,19.0,54.6
1604471594,78.0,88.0,92.0,91.0,19.0,54.6
1604471595,77.0,88.0,92.0,92.0,19.0,54.6
1604471596,77.0,89.0,92.0,92.0,19.0,54.6
1604471597,77.0,89.0,92.0,93.0,19.0,54.6
1604471598,76.0,88.0,91.0,93.0,19.0,54.6
1604471599,76.0,88.0,91.0,93.0,19.0,54.6
1604471600,75.0,88.0,90.0,93.0,19.0,54.6
1604471601,75.0,88.0,90.0,93.0,19.0,54.6
1604471602,75.0,88.0,90.0,93.0,18.9,54.5
1604471603,76.0,88.0,90.0,93.0,18.9,54.5
1604471604,76.0,88.0,90.0,93.0,18.9,54.5
1604471605,76.0,88.0,90.0,93.0,18.9,54.5
1604471606,77.0,88.0,89.0,93.0,18.9,54.5
1604471607,77.0,88.0,89.0,92.0,18.9,54.5
1604471608,78.0,88.0,89.0,92.0,18.9,54.5
1604471609,78.0,88.0,89.0,92.0,18.9,54.5
1604471610,79.0,89.0,89.0,92.0,18.9,54.5
1604471611,79.0,89.0,89.0,92.0,18.9,54.5
1604471612,79.0,89.0,89.0,92.0,19.0,54.6
1604471613,80.0,89.0,89.0,92.0,19.0,54.6
1604471614,80.0,89.0,89.0,92.0,19.0,54.6
1604471615,80.0,89.0,88.0,92.0,19.0,54.6
1604471616,81.0,89.0,88.0,92.0,19.0,54.6
1604471617,81.0,89.0,88.0,92.0,18.9,54.3
1604471618,81.0,89.0,88.0,92.0,18.9,54.3
1604471619,82.0,89.0,88.0,92.0,18.9,54.3
1604471620,82.0,88.0,87.0,92.0,18.9,54.3
1604471621,83.0,88.0,87.0,92.0,18.9,54.3
1604471622,83.0,88.0,87.0,93.0,19.0,54.3
1604471623,83.0,88.0,87.0,93.0,19.0,54.3
1604471624,83.0,88.0,87.0,93.0,19.0,54.3
1604471625,82.0,88.0,87.0,93.0,19.0,54.3
1604471626,82.0,90.0,87.0,94.0,19.0,54.3
1604471627,82.0,89.0,87.0,94.0,19.0,54.2
1604471628,82.0,89.0,86.0,94.0,19.0,54.2
1604471629,82.0,88.0,86.0,94.0,19.0,54.2
1604471630,82.0,88.0,86.0,94.0,19.0,54.2
1604471631,81.0,86.0,86.0,93.0,19.0,54.2
1604471632,81.0,86.0,86.0,93.0,19.0,54.1
1604471633,81.0,85.0,85.0,93.0,19.0,54.1
1604471634,81.0,84.0,85.0,93.0,19.0,54.1
1604471635,81.0,84.0,85.0,93.0,19.0,54.1
1604471636,81.0,84.0,84.0,92.0,19.0,54.1
1604471637,81.0,85.0,85.0,92.0,19.0,54.0
1604471638,80.0,85.0,85.0,92.0,19.0,54.0
1604471639,80.0,85.0,85.0,92.0,19.0,54.0
1604471640,80.0,86.0,86.0,92.0,19.0,54.0
1604471641,80.0,86.0,87.0,92.0,19.0,54.0
1604471642,80.0,87.0,87.0,92.0,19.0,54.0
1604471643,80.0,87.0,88.0,92.0,19.0,54.0
1604471644,80.0,87.0,89.0,92.0,19.0,54.0
1604471645,80.0,88.0,89.0,92.0,19.0,54.0
1604471646,80.0,88.0,89.0,93.0,19.0,54.0
1604471647,79.0,88.0,89.0,93.0,19.0,53.7
1604471648,79.0,88.0,89.0,93.0,19.0,53.7
1604471649,80.0,88.0,89.0,93.0,19.0,53.7
1604471650,80.0,88.0,89.0,93.0,19.0,53.7
1604471651,80.0,87.0,89.0,94.0,19.0,53.7
1604471652,80.0,86.0,89.0,93.0,19.0,53.7
1604471653,80.0,86.0,89.0,93.0,19.0,53.7
1604471654,80.0,85.0,89.0,92.0,19.0,53.7
1604471655,80.0,85.0,89.0,92.0,19.0,53.7
1604471656,80.0,84.0,89.0,91.0,19.0,53.7
1604471657,80.0,84.0,90.0,91.0,19.0,53.4
1604471658,81.0,84.0,89.0,90.0,19.0,53.4
1604471659,80.0,84.0,89.0,90.0,19.0,53.4
1604471660,80.0,85.0,89.0,90.0,19.0,53.4
1604471661,80.0,85.0,88.0,90.0,19.0,53.4
1604471662,80.0,86.0,88.0,90.0,19.0,53.4
1604471663,80.0,86.0,88.0,90.0,19.0,53.4
1604471664,80.0,87.0,88.0,90.0,19.0,53.4
1604471665,80.0,87.0,88.0,90.0,19.0,53.4
1604471666,80.0,88.0,87.0,91.0,19.0,53.4
1604471667,80.0,88.0,88.0,91.0,19.0,53.3
1604471668,80.0,88.0,88.0,92.0,19.0,53.3
1604471669,80.0,88.0,88.0,92.0,19.0,53.3
1604471670,79.0,88.0,89.0,92.0,19.0,53.3
1604471671,79.0,88.0,89.0,92.0,19.0,53.3
1604471672,78.0,87.0,90.0,92.0,19.0,53.2
1604471673,78.0,87.0,90.0,93.0,19.0,53.2
1604471674,79.0,87.0,91.0,93.0,19.0,53.2
1604471675,79.0,87.0,92.0,93.0,19.0,53.2
1604471676,79.0,86.0,92.0,93.0,19.0,53.2
1604471677,79.0,86.0,92.0,92.0,19.0,53.2
1604471678,79.0,86.0,92.0,92.0,19.0,53.2
1604471679,80.0,86.0,92.0,92.0,19.0,53.2
1604471680,80.0,85.0,92.0,92.0,19.0,53.2
1604471681,80.0,85.0,93.0,94.0,19.0,53.2
1604471682,81.0,86.0,94.0,94.0,19.0,53.2
1604471683,81.0,86.0,93.0,94.0,19.0,53.2
1604471684,81.0,86.0,93.0,93.0,19.0,53.2
1604471685,81.0,85.0,93.0,93.0,19.0,53.2
1604471686,81.0,85.0,93.0,93.0,19.0,53.2
1604471687,81.0,85.0,93.0,92.0,19.0,53.0
1604471688,81.0,85.0,93.0,92.0,19.0,53.0
1604471689,81.0,85.0,93.0,92.0,19.0,53.0
1604471690,81.0,86.0,92.0,92.0,19.0,53.0
1604471691,81.0,85.0,91.0,91.0,19.0,53.0
1604471692,81.0,85.0,90.0,91.0,19.0,53.0
1604471693,81.0,85.0,90.0,91.0,19.0,53.0
1604471694,80.0,85.0,90.0,90.0,19.0,53.0
1604471695,80.0,85.0,90.0,91.0,19.0,53.0
1604471696,80.0,85.0,90.0,91.0,19.0,53.0
1604471697,80.0,85.0,89.0,91.0,19.0,53.0
1604471698,79.0,85.0,89.0,92.0,19.0,53.0
1604471699,79.0,85.0,89.0,92.0,19.0,53.0
1604471700,78.0,86.0,89.0,93.0,19.0,53.0
1604471701,78.0,86.0,89.0,94.0,19.0,53.0
1604471702,78.0,86.0,90.0,95.0,19.0,53.1
1604471703,77.0,86.0,90.0,95.0,19.0,53.1
1604471704,77.0,86.0,90.0,96.0,19.0,53.1
1604471705,77.0,86.0,90.0,96.0,19.0,53.1
1604471706,77.0,85.0,89.0,96.0,19.0,53.1
1604471707,76.0,85.0,89.0,96.0,18.9,52.9
1604471708,77.0,84.0,89.0,96.0,18.9,52.9
1604471709,77.0,83.0,88.0,96.0,18.9,52.9
1604471710,77.0,83.0,88.0,95.0,18.9,52.9
1604471711,77.0,82.0,88.0,94.0,18.9,52.9
1604471712,77.0,82.0,87.0,94.0,19.0,53.0
1604471713,77.0,82.0,87.0,93.0,19.0,53.0
1604471714,78.0,82.0,86.0,93.0,19.0,53.0
1604471715,78.0,82.0,86.0,92.0,19.0,53.0
1604471716,78.0,82.0,86.0,92.0,19.0,53.0
1604471717,78.0,83.0,85.0,92.0,18.9,52.9
1604471718,78.0,83.0,85.0,92.0,18.9,52.9
1604471719,78.0,83.0,85.0,92.0,18.9,52.9
1604471720,78.0,83.0,85.0,92.0,18.9,52.9
1604471721,77.0,83.0,85.0,92.0,18.9,52.9
1604471722,77.0,82.0,85.0,92.0,18.9,52.9
1604471723,76.0,82.0,85.0,92.0,18.9,52.9
1604471724,75.0,82.0,85.0,92.0,18.9,52.9
1604471725,75.0,81.0,86.0,91.0,18.9,52.9
1604471726,74.0,81.0,86.0,91.0,18.9,52.9
1604471727,74.0,81.0,87.0,91.0,18.9,52.8
1604471728,74.0,81.0,88.0,90.0,18.9,52.8
1604471729,74.0,81.0,88.0,90.0,18.9,52.8
1604471730,74.0,82.0,90.0,89.0,18.9,52.8
1604471731,75.0,82.0,91.0,89.0,18.9,52.8
1604471732,75.0,83.0,92.0,89.0,18.9,52.8
1604471733,75.0,83.0,93.0,89.0,18.9,52.8
1604471734,76.0,83.0,94.0,89.0,18.9,52.8
1604471735,76.0,83.0,95.0,90.0,18.9,52.8
1604471736,77.0,83.0,95.0,90.0,18.9,52.8
1604471737,77.0,83.0,95.0,90.0,19.0,52.8
1604471738,77.0,83.0,95.0,91.0,19.0,52.8
1604471739,77.0,83.0,94.0,91.0,19.0,52.8
1604471740,77.0,83.0,93.0,91.0,19.0,52.8
1604471741,76.0,83.0,93.0,93.0,19.0,52.8
1604471742,76.0,83.0,93.0,93.0,18.9,52.7
1604471743,76.0,83.0,92.0,93.0,18.9,52.7
1604471744,75.0,83.0,90.0,93.0,18.9,52.7
1604471745,75.0,84.0,89.0,93.0,18.9,52.7
1604471746,75.0,84.0,88.0,93.0,18.9,52.7
1604471747,75.0,84.0,88.0,93.0,19.0,52.7
1604471748,75.0,85.0,86.0,93.0,19.0,52.7
1604471749,75.0,85.0,86.0,93.0,19.0,52.7
1604471750,75.0,85.0,87.0,93.0,19.0,52.7
1604471751,76.0,85.0,88.0,92.0,19.0,52.7
1604471752,77.0,85.0,88.0,92.0,18.9,52.5
1604471753,77.0,85.0,88.0,92.0,18.9,52.5
1604471754,77.0,85.0,88.0,92.0,18.9,52.5
1604471755,78.0,85.0,88.0,92.0,18.9,52.5
1604471756,78.0,85.0,88.0,91.0,18.9,52.5
1604471757,79.0,85.0,89.0,91.0,19.0,52.6
1604471758,79.0,85.0,89.0,91.0,19.0,52.6
1604471759,79.0,85.0,88.0,91.0,19.0,52.6
1604471760,78.0,84.0,88.0,90.0,19.0,52.6
1604471761,78.0,84.0,88.0,90.0,19.0,52.6
1604471762,77.0,84.0,88.0,90.0,18.9,52.5
1604471763,77.0,85.0,87.0,90.0,18.9,52.5
1604471764,77.0,85.0,87.0,90.0,18.9,52.5
1604471765,77.0,85.0,87.0,90.0,18.9,52.5
1604471766,77.0,85.0,87.0,90.0,18.9,52.5
1604471767,77.0,86.0,87.0,90.0,18.9,52.4
1604471768,77.0,86.0,87.0,90.0,18.9,52.4
1604471769,77.0,86.0,87.0,90.0,18.9,52.4
1604471770,77.0,86.0,88.0,91.0,18.9,52.4
1604471771,77.0,86.0,89.0,91.0,18.9,52.4
1604471772,78.0,86.0,90.0,91.0,18.9,52.4
1604471773,78.125,86.0,90.0,91.0,18.9,52.4
1604471774,78.25,86.0,90.0,91.0,18.9,52.4
1604471775,78.375,86.0,90.0,91.0,18.9,52.4
1604471776,78.5,86.0,90.0,91.0,18.9,52.4
1604471777,78.625,86.0,90.0,91.0,18.9,52.4
1604471778,78.75,86.0,90.0,91.0,18.9,52.4
1604471779,78.875,86.0,90.0,91.0,18.9,52.4
1604471780,79.0,86.0,90.0,91.0,18.9,52.4
1604471781,79.0,85.0,91.0,91.0,18.9,52.4
1604471782,78.0,85.0,92.0,91.0,18.9,52.4
1604471783,78.0,85.0,93.0,91.0,18.9,52.4
1604471784,78.0,85.0,93.0,91.0,18.9,52.4
1604471785,78.0,84.0,94.0,91.0,18.9,52.4
1604471786,78.0,84.0,93.0,91.0,18.9,52.4
1604471787,78.0,84.0,93.0,90.0,18.9,52.4
1604471788,78.0,84.0,93.0,90.0,18.9,52.4
1604471789,78.0,84.0,92.0,89.0,18.9,52.4
1604471790,79.0,84.0,91.0,89.0,18.9,52.4
1604471791,79.0,83.0,91.0,89.0,18.9,52.4
1604471792,79.0,83.0,90.0,89.0,18.9,52.4
1604471793,80.0,83.0,90.0,89.0,18.9,52.4
1604471794,80.0,83.0,90.0,89.0,18.9,52.5
1604471795,80.0,83.0,89.0,89.0,18.9,52.5
1604471796,81.0,83.0,89.0,89.0,18.9,52.5
1604471797,81.0,83.0,89.0,90.0,18.9,52.5
1604471798,81.0,83.0,90.0,90.0,18.9,52.5
1604471799,81.0,83.0,90.0,91.0,19.0,52.6
1604471800,81.0,84.0,90.0,91.0,19.0,52.6
1604471801,81.0,85.0,90.0,92.0,19.0,52.6
1604471802,80.0,85.0,90.0,92.0,19.0,52.6
1604471803,80.0,86.0,90.0,93.0,19.0,52.6
1604471804,79.0,87.0,89.0,93.0,18.9,52.5
1604471805,79.0,88.0,89.0,93.0,18.9,52.5
1604471806,78.0,88.0,88.0,94.0,18.9,52.5
1604471807,78.0,88.0,88.0,95.0,18.9,52.5
1604471808,77.0,88.0,88.0,95.0,18.9,52.5
1604471809,77.0,89.0,88.0,96.0,18.9,52.5
1604471810,77.0,89.0,88.0,96.0,18.9,52.5
1604471811,76.0,89.0,88.0,97.0,18.9,52.5
1604471812,76.0,89.0,88.0,97.0,18.9,52.5
1604471813,77.0,89.0,88.0,97.0,18.9,52.5
1604471814,77.0,89.0,89.0,97.0,18.9,52.6
1604471815,76.0,89.0,89.0,97.0,18.9,52.6
1604471816,76.0,89.0,90.0,97.0,18.9,52.6
1604471817,76.0,89.0,90.0,97.0,18.9,52.6
1604471818,76.0,89.0,90.0,97.0,18.9,52.6
1604471819,76.0,88.0,90.0,97.0,18.9,52.6
1604471820,76.0,88.0,89.0,96.0,18.9,52.6
1604471821,77.0,88.0,89.0,96.0,18.9,52.6
1604471822,77.0,88.0,89.0,95.0,18.9,52.6
1604471823,77.0,88.0,89.0,95.0,18.9,52.6
1604471824,77.0,88.0,89.0,95.0,19.0,52.6
1604471825,77.0,88.0,89.0,95.0,19.0,52.6
1604471826,77.0,88.0,88.0,94.0,19.0,52.6
1604471827,78.0,88.0,87.0,94.0,19.0,52.6
1604471828,78.0,88.0,87.0,94.0,19.0,52.6
1604471829,78.0,89.0,86.0,94.0,18.9,52.4
1604471830,78.0,88.0,86.0,95.0,18.9,52.4
1604471831,78.0,88.0,85.0,95.0,18.9,52.4
1604471832,78.0,88.0,85.0,95.0,18.9,52.4
1604471833,78.0,88.0,84.0,95.0,18.9,52.4
1604471834,78.0,88.0,83.0,95.0,18.9,52.4
1604471835,78.0,87.0,83.0,95.0,18.9,52.4
1604471836,78.0,87.0,84.0,95.0,18.9,52.4
1604471837,78.0,87.0,85.0,95.0,18.9,52.4
1604471838,78.0,87.0,85.0,95.0,18.9,52.4
1604471839,78.0,87.0,86.0,95.0,19.0,52.5
1604471840,78.0,87.0,86.0,94.0,19.0,52.5
1604471841,77.0,87.0,89.0,94.0,19.0,52.5
1604471842,77.0,87.0,90.0,94.0,19.0,52.5
1604471843,77.0,87.0,91.0,94.0,19.0,52.5
1604471844,77.0,87.0,91.0,94.0,18.9,52.4
1604471845,77.0,87.0,92.0,93.0,18.9,52.4
1604471846,77.0,86.0,92.0,93.0,18.9,52.4
1604471847,77.0,86.0,92.0,92.0,18.9,52.4
1604471848,77.0,86.0,92.0,92.0,18.9,52.4
1604471849,77.0,85.0,91.0,92.0,18.9,52.4
1604471850,77.0,85.0,90.0,92.0,18.9,52.4
1604471851,77.0,85.0,90.0,92.0,18.9,52.4
1604471852,77.0,87.0,89.0,92.0,18.9,52.4
1604471853,77.0,87.0,88.0,92.0,18.9,52.4
1604471854,78.0,87.0,87.0,92.0,19.0,52.6
1604471855,78.0,87.0,87.0,92.0,19.0,52.6
1604471856,78.0,87.0,86.0,92.0,19.0,52.6
1604471857,79.0,87.0,86.0,92.0,19.0,52.6
1604471858,79.0,87.0,86.0,92.0,19.0,52.6
1604471859,79.0,87.0,86.0,92.0,19.0,52.7
1604471860,79.0,86.0,86.0,92.0,19.0,52.7
1604471861,80.0,86.0,86.0,92.0,19.0,52.7
1604471862,80.0,86.0,86.0,92.0,19.0,52.7
1604471863,80.0,86.0,86.0,92.0,19.0,52.7
1604471864,80.0,86.0,87.0,92.0,19.0,52.7
1604471865,80.0,86.0,87.0,92.0,19.0,52.7
1604471866,80.0,85.0,88.0,92.0,19.0,52.7
1604471867,80.0,85.0,88.0,91.0,19.0,52.7
1604471868,80.0,85.0,89.0,91.0,19.0,52.7
1604471869,80.0,85.0,89.0,91.0,19.0,52.6
1604471870,80.0,84.0,89.0,91.0,19.0,52.6
1604471871,79.0,84.0,90.0,91.0,19.0,52.6
1604471872,79.0,83.0,91.0,90.0,19.0,52.6
1604471873,79.0,83.0,91.0,90.0,19.0,52.6
1604471874,79.0,83.0,92.0,90.0,19.0,52.5
1604471875,78.0,82.0,93.0,90.0,19.0,52.5
1604471876,78.0,82.0,93.0,90.0,19.0,52.5
1604471877,78.0,82.0,93.0,90.0,19.0,52.5
1604471878,78.0,82.0,93.0,90.0,19.0,52.5
1604471879,78.0,82.0,93.0,91.0,19.0,52.4
1604471880,78.0,82.0,93.0,91.0,19.0,52.4
1604471881,78.0,82.0,93.0,91.0,19.0,52.4
1604471882,78.0,83.0,93.0,91.0,19.0,52.4
1604471883,78.0,83.0,93.0,91.0,19.0,52.4
1604471884,78.0,83.0,93.0,92.0,19.0,52.3
1604471885,78.0,83.0,92.0,92.0,19.0,52.3
1604471886,78.0,83.0,92.0,93.0,19.0,52.3
1604471887,78.0,84.0,92.0,93.0,19.0,52.3
1604471888,78.0,84.0,92.0,93.0,19.0,52.3
1604471889,79.0,84.0,92.0,93.0,19.0,52.3
1604471890,79.0,84.0,91.0,93.0,19.0,52.3
1604471891,79.0,84.0,91.0,93.0,19.0,52.3
1604471892,79.0,84.0,91.0,93.0,19.0,52.3
1604471893,79.0,84.0,91.0,93.0,19.0,52.3
1604471894,79.0,84.0,90.0,92.0,19.0,52.3
1604471895,78.0,84.0,90.0,92.0,19.0,52.3
1604471896,78.0,84.0,90.0,92.0,19.0,52.3
1604471897,78.0,85.0,91.0,91.0,19.0,52.3
1604471898,78.0,85.0,91.0,91.0,19.0,52.3
1604471899,78.0,85.0,91.0,91.0,19.0,52.2
1604471900,77.0,85.0,91.0,91.0,19.0,52.2
1604471901,77.0,86.0,91.0,91.0,19.0,52.2
1604471902,77.0,86.0,91.0,92.0,19.0,52.2
1604471903,76.0,86.0,91.0,93.0,19.0,52.2
1604471904,76.0,86.0,91.0,93.0,19.0,52.2
1604471905,76.0,86.0,91.0,94.0,19.0,52.2
1604471906,76.0,86.0,90.0,94.0,19.0,52.2
1604471907,76.0,85.0,90.0,94.0,19.0,52.2
1604471908,75.0,85.0,89.0,95.0,19.0,52.2
1604471909,75.0,85.0,89.0,95.0,19.0,52.2
1604471910,75.0,84.0,88.0,95.0,19.0,52.2
1604471911,75.0,84.0,88.0,94.0,19.0,52.2
1604471912,74.0,84.0,88.0,94.0,19.0,52.2
1604471913,74.0,83.0,88.0,93.0,19.0,52.2
1604471914,74.0,83.0,88.0,92.0,19.0,52.2
1604471915,74.0,83.0,88.0,91.0,19.0,52.2
1604471916,74.0,83.0,88.0,91.0,19.0,52.2
1604471917,74.0,83.0,88.0,90.0,19.0,52.2
1604471918,74.0,83.0,87.0,90.0,19.0,52.2
1604471919,74.0,83.0,87.0,90.0,19.0,52.2
1604471920,74.0,83.0,87.0,90.0,19.0,52.2
1604471921,74.0,83.0,88.0,90.0,19.0,52.2
1604471922,74.0,82.0,87.0,90.0,19.0,52.2
1604471923,73.0,82.0,87.0,92.0,19.0,52.2
1604471924,74.0,82.0,87.0,92.0,19.0,52.2
1604471925,74.0,82.0,88.0,92.0,19.0,52.2
1604471926,74.0,81.0,88.0,93.0,19.0,52.2
1604471927,74.0,81.0,88.0,93.0,19.0,52.2
1604471928,74.0,80.0,88.0,93.0,19.0,52.2
1604471929,75.0,80.0,88.0,91.0,19.0,52.2
1604471930,75.0,80.0,87.0,91.0,19.0,52.2
1604471931,75.0,80.0,87.0,92.0,19.0,52.2
1604471932,75.0,80.0,88.0,92.0,19.0,52.2
1604471933,75.0,80.0,88.0,92.0,19.0,52.2
1604471934,75.0,80.0,88.0,92.0,18.9,52.0
1604471935,75.0,81.0,88.0,92.0,18.9,52.0
1604471936,75.0,82.0,88.0,92.0,18.9,52.0
1604471937,74.0,83.0,88.0,92.0,18.9,52.0
1604471938,74.0,84.0,89.0,92.0,18.9,52.0
1604471939,74.0,84.0,89.0,92.0,19.0,52.1
1604471940,74.0,84.0,89.0,92.0,19.0,52.1
1604471941,74.0,85.0,90.0,92.0,19.0,52.1
1604471942,75.0,85.0,90.0,92.0,19.0,52.1
1604471943,75.0,85.0,90.0,92.0,19.0,52.1
1604471944,75.0,86.0,90.0,92.0,18.9,52.0
1604471945,76.0,85.0,90.0,92.0,18.9,52.0
1604471946,76.0,85.0,89.0,92.0,18.9,52.0
1604471947,77.0,85.0,89.0,92.0,18.9,52.0
1604471948,78.0,85.0,89.0,92.0,18.9,52.0
1604471949,78.0,85.0,89.0,92.0,18.9,52.0
1604471950,78.0,85.0,89.0,92.0,18.9,52.0
1604471951,78.0,85.0,88.0,92.0,18.9,52.0
1604471952,79.0,85.0,88.0,92.0,18.9,52.0
1604471953,79.0,85.0,88.0,92.0,18.9,52.0
1604471954,79.0,85.0,88.0,92.0,18.9,52.2
1604471955,78.0,86.0,88.0,92.0,18.9,52.2
1604471956,78.0,86.0,88.0,93.0,18.9,52.2
1604471957,78.0,87.0,88.0,93.0,18.9,52.2
1604471958,78.0,87.0,88.0,93.0,18.9,52.2
1604471959,77.0,88.0,88.0,93.0,18.9,52.2
1604471960,77.0,88.0,88.0,93.0,18.9,52.2
1604471961,77.0,88.0,88.0,93.0,18.9,52.2
1604471962,77.0,88.0,88.0,93.0,18.9,52.2
1604471963,77.0,87.0,88.0,93.0,18.9,52.2
1604471964,77.0,87.0,88.0,93.0,18.9,52.3
1604471965,77.0,87.0,88.0,93.0,18.9,52.3
1604471966,77.0,86.0,88.0,93.0,18.9,52.3
1604471967,78.0,86.0,88.0,93.0,18.9,52.3
1604471968,78.0,85.0,88.0,93.0,18.9,52.3
1604471969,78.0,85.0,88.0,93.0,18.8,52.5
1604471970,78.0,84.0,88.0,93.0,18.8,52.5
1604471971,79.0,84.0,88.0,93.0,18.8,52.5
1604471972,79.0,84.0,88.0,93.0,18.8,52.5
1604471973,79.0,84.0,88.0,92.0,18.8,52.5
1604471974,79.0,83.0,88.0,92.0,18.9,52.6
1604471975,79.0,83.0,88.0,92.0,18.9,52.6
1604471976,78.0,83.0,88.0,92.0,18.9,52.6
1604471977,78.0,83.0,88.0,92.0,18.9,52.6
1604471978,78.0,83.0,88.0,92.0,18.9,52.6
1604471979,78.0,83.0,87.0,92.0,18.8,52.7
1604471980,77.0,83.0,87.0,92.0,18.8,52.7
1604471981,76.88888888888889,83.11111111111111,87.0,91.88888888888889,18.8,52.7
1604471982,76.77777777777777,83.22222222222223,87.0,91.77777777777776,18.8,52.7
1604471983,76.66666666666667,83.33333333333333,87.0,91.66666666666669,18.8,52.7
1604471984,76.55555555555556,83.44444444444444,87.0,91.55555555555556,18.8,52.7
1604471985,76.44444444444444,83.55555555555556,87.0,91.44444444444444,18.8,52.7
1604471986,76.33333333333333,83.66666666666667,87.0,91.33333333333331,18.8,52.7
1604471987,76.22222222222223,83.77777777777777,87.0,91.22222222222224,18.8,52.7
1604471988,76.11111111111111,83.88888888888889,87.0,91.11111111111111,18.8,52.7
1604471989,76.0,84.0,87.0,91.0,18.8,52.7
1604471990,76.0,84.0,87.0,91.0,18.8,52.7
1604471991,77.0,84.0,87.0,91.0,18.8,52.7
1604471992,77.0,84.0,87.0,91.0,18.8,52.7
1604471993,78.0,85.0,87.0,91.0,18.8,52.7
1604471994,78.0,85.0,87.0,91.0,18.8,52.7
1604471995,78.0,85.0,88.0,91.0,18.8,52.7
1604471996,78.0,85.0,88.0,91.0,18.8,52.7
1604471997,78.0,85.0,89.0,91.0,18.8,52.7
1604471998,78.0,85.0,90.0,91.0,18.8,52.7
1604471999,78.0,86.0,90.0,92.0,18.8,52.7
1604472000,78.0,86.0,91.0,92.0,18.8,52.7
1604472001,78.0,86.0,91.0,92.0,18.8,52.7
1604472002,78.0,86.0,92.0,93.0,18.8,52.7
1604472003,77.0,86.0,92.0,93.0,18.8,52.7
1604472004,77.0,85.0,92.0,94.0,18.8,52.7
1604472005,77.0,85.0,92.0,94.0,18.8,52.7
1604472006,77.0,84.0,92.0,94.0,18.8,52.7
1604472007,77.0,84.0,92.0,95.0,18.8,52.8
1604472008,77.0,84.0,92.0,95.0,18.8,52.8
1604472009,78.0,83.0,91.0,95.0,18.8,52.8
1604472010,78.0,83.0,91.0,95.0,18.8,52.8
1604472011,78.0,83.0,91.0,94.0,18.8,52.8
1604472012,78.0,83.0,91.0,94.0,18.8,52.9
1604472013,78.0,83.0,91.0,94.0,18.8,52.9
1604472014,79.0,84.0,91.0,94.0,18.8,52.9
1604472015,79.0,84.0,92.0,94.0,18.8,52.9
1604472016,79.0,85.0,92.0,94.0,18.8,52.9
1604472017,80.0,86.0,92.0,94.0,18.8,52.9
1604472018,80.0,87.0,92.0,93.0,18.8,52.9
1604472019,79.0,87.0,93.0,93.0,18.8,52.9
1604472020,79.0,88.0,93.0,93.0,18.8,52.9
1604472021,79.0,89.0,90.0,92.0,18.8,52.9
1604472022,79.0,90.0,90.0,92.0,18.8,52.9
1604472023,79.0,90.0,91.0,91.0,18.8,52.9
1604472024,79.0,90.0,91.0,90.0,18.8,52.9
1604472025,79.0,90.0,91.0,89.0,18.8,52.9
1604472026,79.0,90.0,92.0,89.0,18.8,52.9
1604472027,79.0,90.0,92.0,88.0,18.8,53.1
1604472028,79.0,89.0,92.0,88.0,18.8,53.1
1604472029,79.0,89.0,92.0,88.0,18.8,53.1
1604472030,79.0,89.0,91.0,88.0,18.8,53.1
1604472031,79.0,88.0,90.0,88.0,18.8,53.1
1604472032,78.0,88.0,90.0,88.0,18.7,53.0
1604472033,78.0,88.0,89.0,89.0,18.7,53.0
1604472034,77.0,87.0,89.0,89.0,18.7,53.0
1604472035,77.0,87.0,89.0,90.0,18.7,53.0
1604472036,77.0,87.0,88.0,90.0,18.7,53.0
1604472037,76.0,86.0,88.0,91.0,18.7,53.0
1604472038,76.0,86.0,88.0,91.0,18.7,53.0
1604472039,76.0,86.0,88.0,91.0,18.7,53.0
1604472040,76.0,86.0,89.0,92.0,18.7,53.0
1604472041,76.0,86.0,89.0,92.0,18.7,53.0
1604472042,76.0,86.0,89.0,92.0,18.7,52.8
1604472043,76.0,86.0,89.0,92.0,18.7,52.8
1604472044,76.0,86.0,90.0,91.0,18.7,52.8
1604472045,76.0,86.0,90.0,91.0,18.7,52.8
1604472046,77.0,86.0,90.0,91.0,18.7,52.8
1604472047,77.0,86.0,90.0,90.0,18.7,52.9
1604472048,77.0,86.0,90.0,90.0,18.7,52.9
1604472049,77.0,86.0,90.0,90.0,18.7,52.9
1604472050,76.0,86.0,90.0,89.0,18.7,52.9
1604472051,76.0,85.0,90.0,89.0,18.7,52.9
1604472052,76.0,85.0,91.0,89.0,18.7,53.0
1604472053,76.0,85.0,91.0,89.0,18.7,53.0
1604472054,76.0,85.0,91.0,89.0,18.7,53.0
1604472055,76.0,84.0,91.0,89.0,18.7,53.0
1604472056,76.0,84.0,91.0,90.0,18.7,53.0
1604472057,76.0,84.0,91.0,90.0,18.7,53.1
1604472058,76.0,84.0,91.0,90.0,18.7,53.1
1604472059,77.0,83.0,91.0,91.0,18.7,53.1
1604472060,77.0,83.0,91.0,91.0,18.7,53.1
1604472061,78.0,83.0,91.0,91.0,18.7,53.1
1604472062,79.0,83.0,90.0,92.0,18.7,53.2
1604472063,79.0,83.0,90.0,92.0,18.7,53.2
1604472064,79.0,82.0,89.0,92.0,18.7,53.2
1604472065,80.0,82.0,89.0,92.0,18.7,53.2
1604472066,80.0,82.0,89.0,92.0,18.7,53.2
1604472067,80.0,82.0,89.0,92.0,18.7,53.3
1604472068,80.0,82.0,89.0,92.0,18.7,53.3
1604472069,80.0,82.0,89.0,93.0,18.7,53.3
1604472070,80.0,82.0,89.0,93.0,18.7,53.3
1604472071,79.0,82.0,89.0,93.0,18.7,53.3
1604472072,79.0,82.0,89.0,93.0,18.7,53.4
1604472073,78.0,82.0,89.0,92.0,18.7,53.4
1604472074,78.0,83.0,89.0,92.0,18.7,53.4
1604472075,78.0,83.0,89.0,92.0,18.7,53.4
1604472076,78.0,83.0,89.0,91.0,18.7,53.4
1604472077,78.0,83.0,89.0,91.0,18.7,53.3
1604472078,78.0,83.0,89.0,90.0,18.7,53.3
1604472079,77.0,83.0,89.0,90.0,18.7,53.3
1604472080,78.0,83.0,89.0,90.0,18.7,53.3
1604472081,78.0,83.0,89.0,89.0,18.7,53.3
1604472082,78.0,84.0,89.0,89.0,18.7,53.3
1604472083,77.0,84.0,88.0,89.0,18.7,53.3
1604472084,77.0,85.0,88.0,90.0,18.7,53.3
1604472085,77.0,85.0,88.0,90.0,18.7,53.3
1604472086,77.0,85.0,88.0,90.0,18.7,53.3
1604472087,76.0,85.0,88.0,91.0,18.7,53.3
1604472088,76.0,85.0,88.0,92.0,18.7,53.3
1604472089,75.0,86.0,88.0,92.0,18.7,53.3
1604472090,75.0,86.0,88.0,92.0,18.7,53.3
1604472091,75.0,86.0,87.0,93.0,18.7,53.3
1604472092,74.0,85.0,87.0,93.0,18.7,53.4
1604472093,75.0,84.0,87.0,93.0,18.7,53.4
1604472094,74.0,84.0,87.0,92.0,18.7,53.4
1604472095,74.0,84.0,87.0,92.0,18.7,53.4
1604472096,75.0,84.0,86.0,91.0,18.7,53.4
1604472097,75.0,84.0,86.0,91.0,18.7,53.4
1604472098,75.0,84.0,86.0,91.0,18.7,53.4
1604472099,75.0,84.0,86.0,91.0,18.7,53.4
1604472100,76.0,83.0,86.0,91.0,18.7,53.4
1604472101,77.0,83.0,86.0,91.0,18.7,53.4
1604472102,77.0,84.0,87.0,91.0,18.7,53.4
1604472103,77.0,84.0,87.0,91.0,18.7,53.4
1604472104,78.0,84.0,87.0,91.0,18.7,53.4
1604472105,78.0,84.0,87.0,91.0,18.7,53.4
1604472106,78.0,85.0,88.0,91.0,18.7,53.4
1604472107,78.0,85.0,88.0,91.0,18.7,53.5
1604472108,78.0,85.0,89.0,92.0,18.7,53.5
1604472109,78.0,85.0,88.0,92.0,18.7,53.5
1604472110,78.0,85.0,88.0,93.0,18.7,53.5
1604472111,77.0,84.0,88.0,93.0,18.7,53.5
1604472112,77.0,84.0,88.0,93.0,18.7,53.6
1604472113,76.0,84.0,88.0,94.0,18.7,53.6
1604472114,76.0,84.0,88.0,94.0,18.7,53.6
1604472115,76.0,84.0,88.0,94.0,18.7,53.6
1604472116,75.0,84.0,88.0,95.0,18.7,53.6
1604472117,75.0,84.0,88.0,94.0,18.7,53.5
1604472118,75.0,84.0,89.0,94.0,18.7,53.5
1604472119,75.0,84.0,90.0,94.0,18.7,53.5
1604472120,75.0,84.0,91.0,94.0,18.7,53.5
1604472121,76.0,84.0,91.0,94.0,18.7,53.5
1604472122,76.0,84.0,92.0,94.0,18.7,53.5
1604472123,77.0,84.0,93.0,93.0,18.7,53.5
1604472124,77.0,84.0,93.0,92.0,18.7,53.5
1604472125,78.0,84.0,93.0,92.0,18.7,53.5
1604472126,79.0,84.0,93.0,92.0,18.7,53.5
1604472127,79.0,84.0,93.0,91.0,18.7,53.5
1604472128,80.0,84.0,93.0,91.0,18.7,53.5
1604472129,80.0,84.0,93.0,91.0,18.7,53.5
1604472130,80.0,84.0,92.0,90.0,18.7,53.5
1604472131,81.0,85.0,92.0,90.0,18.7,53.5
1604472132,81.0,85.0,92.0,89.0,18.7,53.3
1604472133,82.0,86.0,92.0,89.0,18.7,53.3
1604472134,83.0,86.0,92.0,89.0,18.7,53.3
1604472135,83.0,87.0,92.0,90.0,18.7,53.3
1604472136,84.0,88.0,92.0,90.0,18.7,53.3
1604472137,84.0,88.0,92.0,90.0,18.6,53.3
1604472138,84.0,89.0,91.0,91.0,18.6,53.3
1604472139,85.0,89.0,91.0,91.0,18.6,53.3
1604472140,85.0,89.0,91.0,92.0,18.6,53.3
1604472141,85.0,89.0,90.0,92.0,18.6,53.3
1604472142,84.0,89.0,90.0,93.0,18.7,53.4
1604472143,84.0,89.0,90.0,93.0,18.7,53.4
1604472144,84.0,89.0,89.0,93.0,18.7,53.4
1604472145,82.0,89.0,89.0,94.0,18.7,53.4
1604472146,82.0,89.0,89.0,93.0,18.7,53.4
1604472147,82.0,88.0,88.0,93.0,18.7,53.4
1604472148,80.0,88.0,88.0,93.0,18.7,53.4
1604472149,79.0,88.0,88.0,92.0,18.7,53.4
1604472150,79.0,88.0,88.0,92.0,18.7,53.4
1604472151,78.0,88.0,88.0,91.0,18.7,53.4
1604472152,78.0,88.0,88.0,91.0,18.7,53.3
1604472153,77.0,87.0,88.0,90.0,18.7,53.3
1604472154,77.0,87.0,88.0,90.0,18.7,53.3
1604472155,77.0,87.0,89.0,90.0,18.7,53.3
1604472156,77.0,87.0,89.0,90.0,18.7,53.3
1604472157,77.0,87.0,89.0,90.0,18.6,53.1
1604472158,77.0,87.0,89.0,89.0,18.6,53.1
1604472159,77.0,87.0,88.0,89.0,18.6,53.1
1604472160,77.0,86.0,88.0,89.0,18.6,53.1
1604472161,77.0,86.0,88.0,89.0,18.6,53.1
1604472162,76.0,86.0,88.0,89.0,18.7,53.3
1604472163,76.0,85.0,88.0,89.0,18.7,53.3
1604472164,76.0,85.0,88.0,89.0,18.7,53.3
1604472165,76.0,85.0,88.0,89.0,18.7,53.3
1604472166,76.0,86.0,88.0,89.0,18.7,53.3
1604472167,76.0,86.0,88.0,91.0,18.7,53.3
1604472168,76.0,86.0,88.0,91.0,18.7,53.3
1604472169,76.0,86.0,88.0,90.0,18.7,53.3
1604472170,76.0,87.0,89.0,90.0,18.7,53.3
1604472171,76.0,88.0,89.0,90.0,18.7,53.3
1604472172,77.0,88.0,89.0,90.0,18.7,53.3
1604472173,77.0,88.0,89.0,90.0,18.7,53.3
1604472174,77.0,88.0,89.0,90.0,18.7,53.3
1604472175,77.0,88.0,89.0,90.0,18.7,53.3
1604472176,78.0,88.0,89.0,90.0,18.7,53.3
1604472177,78.0,87.0,89.0,90.0,18.7,53.3
1604472178,79.0,87.0,90.0,91.0,18.7,53.3
1604472179,79.0,86.0,90.0,90.0,18.7,53.3
1604472180,80.0,86.0,91.0,91.0,18.7,53.3
1604472181,80.0,86.0,91.0,91.0,18.7,53.3
1604472182,80.0,85.0,92.0,91.0,18.7,53.3
1604472183,81.0,85.0,93.0,90.0,18.7,53.3
1604472184,81.0,85.0,94.0,90.0,18.7,53.3
1604472185,81.0,86.0,94.0,89.0,18.7,53.3
1604472186,81.0,86.0,95.0,89.0,18.7,53.3
1604472187,81.0,86.0,96.0,89.0,18.6,53.2
1604472188,81.0,87.0,96.0,88.0,18.6,53.2
1604472189,81.0,88.0,96.0,88.0,18.6,53.2
1604472190,80.0,88.0,96.0,87.0,18.6,53.2
1604472191,80.0,88.0,95.0,87.0,18.6,53.2
1604472192,80.0,89.0,95.0,87.0,18.7,53.2
1604472193,79.8,89.0,94.9,87.0,18.7,53.2
1604472194,79.6,89.0,94.8,87.0,18.7,53.2
1604472195,79.4,89.0,94.7,87.0,18.7,53.2
1604472196,79.2,89.0,94.6,87.0,18.7,53.2
1604472197,79.0,89.0,94.5,87.0,18.7,53.2
1604472198,78.8,89.0,94.4,87.0,18.7,53.2
1604472199,78.6,89.0,94.3,87.0,18.7,53.2
1604472200,78.4,89.0,94.2,87.0,18.7,53.2
1604472201,78.2,89.0,94.1,87.0,18.7,53.2
1604472202,78.0,89.0,94.0,87.0,18.7,53.2
1604472203,78.0,89.0,93.0,86.0,18.7,53.2
1604472204,78.0,89.0,93.0,86.0,18.7,53.2
1604472205,79.0,90.0,93.0,86.0,18.7,53.2
1604472206,79.0,90.0,92.0,86.0,18.6,53.0
1604472207,80.0,90.0,92.0,85.0,18.6,53.0
1604472208,81.0,90.0,92.0,85.0,18.6,53.0
1604472209,81.0,90.0,91.0,84.0,18.6,53.0
1604472210,81.0,90.0,91.0,83.0,18.6,53.0
1604472211,81.0,90.0,91.0,83.0,18.7,53.1
1604472212,82.0,90.0,90.0,82.0,18.7,53.1
1604472213,81.0,90.0,90.0,82.0,18.7,53.1
1604472214,81.0,89.0,89.0,82.0,18.7,53.1
1604472215,81.0,89.0,89.0,82.0,18.7,53.1
1604472216,81.0,88.0,89.0,82.0,18.6,53.0
1604472217,81.0,88.0,88.0,82.0,18.6,53.0
1604472218,81.0,88.0,88.0,82.0,18.6,53.0
1604472219,80.0,87.0,88.0,82.0,18.6,53.0
1604472220,80.0,87.0,88.0,83.0,18.6,53.0
1604472221,79.0,86.0,89.0,83.0,18.7,53.2
1604472222,79.0,86.0,90.0,84.0,18.7,53.2
1604472223,78.0,86.0,91.0,84.0,18.7,53.2
1604472224,77.0,86.0,93.0,84.0,18.7,53.2
1604472225,77.0,85.0,93.0,85.0,18.7,53.2
1604472226,76.0,85.0,95.0,86.0,18.7,53.3
1604472227,76.0,84.0,95.0,86.0,18.7,53.3
1604472228,75.0,84.0,96.0,87.0,18.7,53.3
1604472229,75.0,84.0,97.0,87.0,18.7,53.3
1604472230,76.0,84.0,97.0,87.0,18.7,53.3
1604472231,76.0,85.0,97.0,86.0,18.6,53.3
1604472232,76.0,85.0,96.0,86.0,18.6,53.3
1604472233,78.0,85.0,95.0,86.0,18.6,53.3
1604472234,79.0,86.0,94.0,86.0,18.6,53.3
1604472235,80.0,87.0,94.0,86.0,18.6,53.3
1604472236,81.0,88.0,92.0,86.0,18.7,53.5
1604472237,82.0,88.0,91.0,86.0,18.7,53.5
1604472238,83.0,89.0,90.0,86.0,18.7,53.5
1604472239,83.0,89.0,89.0,86.0,18.7,53.5
1604472240,83.0,89.0,88.0,86.0,18.7,53.5
1604472241,83.0,88.0,87.0,85.0,18.6,53.4
1604472242,84.0,88.0,87.0,85.0,18.6,53.4
1604472243,83.0,88.0,86.0,85.0,18.6,53.4
1604472244,83.0,87.0,86.0,85.0,18.6,53.4
1604472245,82.0,87.0,85.0,84.0,18.6,53.4
1604472246,82.0,86.0,85.0,84.0,18.7,53.5
1604472247,82.0,86.0,84.0,84.0,18.7,53.5
1604472248,81.0,86.0,84.0,83.0,18.7,53.5
1604472249,81.0,86.0,84.0,83.0,18.7,53.5
1604472250,81.0,86.0,83.0,83.0,18.7,53.5
1604472251,80.0,87.0,83.0,83.0,18.7,53.8
1604472252,80.0,87.0,83.0,83.0,18.7,53.8
1604472253,79.0,87.0,83.0,83.0,18.7,53.8
1604472254,79.0,87.0,82.0,84.0,18.7,53.8
1604472255,79.0,87.0,82.0,84.0,18.7,53.8
1604472256,78.0,87.0,82.0,85.0,18.7,54.0
1604472257,78.0,87.0,82.0,85.0,18.7,54.0
1604472258,78.0,87.0,82.0,85.0,18.7,54.0
1604472259,78.0,86.0,81.0,85.0,18.7,54.0
1604472260,78.0,86.0,81.0,85.0,18.7,54.0
1604472261,78.0,85.0,82.0,86.0,18.7,54.3
1604472262,78.0,85.0,82.0,86.0,18.7,54.3
1604472263,78.0,85.0,82.0,86.0,18.7,54.3
1604472264,78.0,85.0,82.0,86.0,18.7,54.3
1604472265,78.5,85.5,82.5,86.0,18.7,54.3
1604472266,79.0,86.0,83.0,86.0,18.7,54.3
1604472267,79.0,86.0,83.0,85.0,18.7,54.3
1604472268,80.0,87.0,83.0,85.0,18.7,54.3
1604472269,80.0,87.0,84.0,85.0,18.7,54.3
1604472270,80.0,88.0,84.0,86.0,18.7,54.3
1604472271,81.0,89.0,85.0,86.0,18.7,54.3
1604472272,81.0,89.0,85.0,87.0,18.7,54.3
1604472273,81.0,90.0,86.0,87.0,18.7,54.3
1604472274,81.0,90.0,86.0,88.0,18.7,54.3
1604472275,81.0,90.0,87.0,89.0,18.7,54.3
1604472276,81.0,90.0,88.0,89.0,18.7,54.3
1604472277,81.0,90.0,88.0,90.0,18.7,54.3
1604472278,81.0,90.0,88.0,90.0,18.7,54.3
1604472279,80.0,90.0,89.0,91.0,18.7,54.3
1604472280,80.0,89.0,89.0,91.0,18.7,54.3
1604472281,80.0,89.0,89.0,91.0,18.7,54.3
1604472282,80.0,89.0,89.0,91.0,18.7,54.3
1604472283,80.0,89.0,89.0,91.0,18.7,54.3
1604472284,80.0,89.0,89.0,91.0,18.7,54.3
1604472285,81.0,89.0,89.0,90.0,18.7,54.3
1604472286,81.0,89.0,89.0,90.0,18.7,54.3
1604472287,81.0,89.0,90.0,90.0,18.7,54.3
1604472288,81.0,89.0,90.0,90.0,18.7,54.3
1604472289,82.0,88.0,90.0,90.0,18.7,54.3
1604472290,82.0,88.0,90.0,91.0,18.7,54.3
1604472291,83.0,88.0,86.0,91.0,18.7,54.3
1604472292,83.0,88.0,86.0,91.0,18.7,54.3
1604472293,83.0,88.0,86.0,91.0,18.7,54.3
1604472294,83.0,88.0,87.0,91.0,18.7,54.3
1604472295,83.0,88.0,88.0,91.0,18.7,54.3
1604472296,82.0,87.0,89.0,91.0,18.7,54.3
1604472297,82.0,87.0,89.0,91.0,18.7,54.3
1604472298,82.0,86.0,90.0,91.0,18.7,54.3
1604472299,82.0,86.0,91.0,91.0,18.7,54.3
1604472300,81.0,86.0,91.0,91.0,18.7,54.3
1604472301,80.0,86.0,92.0,90.0,18.7,54.3
1604472302,80.0,86.0,92.0,90.0,18.7,54.3
1604472303,80.0,88.0,92.0,89.0,18.7,54.3
1604472304,79.0,88.0,92.0,89.0,18.7,54.3
1604472305,79.0,89.0,91.0,89.0,18.7,54.3
1604472306,79.0,90.0,91.0,89.0,18.7,54.3
1604472307,79.0,91.0,91.0,88.0,18.7,54.3
1604472308,78.0,91.0,91.0,88.0,18.7,54.3
1604472309,78.0,92.0,90.0,88.0,18.7,54.3
1604472310,78.0,92.0,90.0,87.0,18.7,54.3
1604472311,78.0,93.0,90.0,87.0,18.7,54.3
1604472312,78.0,93.0,89.0,87.0,18.7,54.3
1604472313,78.0,93.0,89.0,87.0,18.7,54.3
1604472314,78.0,93.0,89.0,87.0,18.7,54.3
1604472315,78.0,92.0,90.0,87.0,18.7,54.3
1604472316,78.0,92.0,90.0,88.0,18.7,54.3
1604472317,78.0,91.0,90.0,88.0,18.7,54.4
1604472318,78.0,91.0,91.0,88.0,18.7,54.4
1604472319,77.0,90.0,91.0,89.0,18.7,54.4
1604472320,77.0,90.0,92.0,90.0,18.7,54.4
1604472321,77.0,89.0,92.0,90.0,18.7,54.4
1604472322,77.0,89.0,92.0,91.0,18.7,54.4
1604472323,77.0,88.0,93.0,91.0,18.7,54.4
1604472324,77.0,88.0,94.0,91.0,18.7,54.4
1604472325,77.0,87.0,94.0,92.0,18.7,54.4
1604472326,77.0,86.0,94.0,92.0,18.7,54.4
1604472327,77.0,86.0,94.0,92.0,18.8,54.4
1604472328,77.0,86.0,93.0,91.0,18.8,54.4
1604472329,78.0,85.0,93.0,91.0,18.8,54.4
1604472330,78.0,85.0,93.0,91.0,18.8,54.4
1604472331,78.0,85.0,93.0,90.0,18.8,54.4
1604472332,78.0,85.0,92.0,89.0,18.8,54.4
1604472333,79.0,85.0,92.0,89.0,18.8,54.4
1604472334,79.0,85.0,92.0,89.0,18.8,54.4
1604472335,79.0,86.0,91.0,88.0,18.8,54.4
1604472336,79.0,86.0,91.0,88.0,18.8,54.4
1604472337,79.0,87.0,91.0,88.0,18.8,54.4
1604472338,79.0,88.0,91.0,89.0,18.8,54.4
1604472339,79.0,88.0,91.0,89.0,18.8,54.4
1604472340,79.0,89.0,90.0,90.0,18.8,54.4
1604472341,78.0,89.0,90.0,90.0,18.8,54.4
1604472342,78.0,89.0,90.0,91.0,18.8,54.4
1604472343,77.0,89.0,90.0,91.0,18.8,54.4
1604472344,77.0,89.0,90.0,92.0,18.8,54.4
1604472345,76.0,90.0,90.0,92.0,18.8,54.4
1604472346,76.0,89.0,89.0,92.0,18.8,54.4
1604472347,75.0,89.0,89.0,92.0,18.8,54.4
1604472348,75.0,89.0,88.0,91.0,18.8,54.4
1604472349,75.0,89.0,88.0,91.0,18.8,54.4
1604472350,75.0,89.0,87.0,91.0,18.8,54.4
1604472351,75.0,89.0,87.0,90.0,18.8,54.4
1604472352,75.0,89.0,86.0,89.0,18.8,54.4
1604472353,75.0,89.0,86.0,89.0,18.8,54.4
1604472354,75.0,89.0,86.0,88.0,18.8,54.4
1604472355,75.0,89.0,86.0,88.0,18.8,54.4
1604472356,76.0,89.0,86.0,87.0,18.8,54.4
1604472357,76.0,89.0,86.0,87.0,18.8,54.4
1604472358,76.0,89.0,86.0,88.0,18.8,54.4
1604472359,76.0,88.0,86.0,88.0,18.8,54.4
1604472360,76.0,88.0,86.0,88.0,18.8,54.4
1604472361,77.0,88.0,86.0,89.0,18.8,54.4
1604472362,77.0,88.0,86.0,89.0,18.8,54.4
1604472363,77.0,88.0,86.0,90.0,18.8,54.4
1604472364,77.0,89.0,86.0,91.0,18.8,54.4
1604472365,77.0,89.0,86.0,92.0,18.8,54.4
1604472366,77.0,89.0,86.0,92.0,18.8,54.4
1604472367,76.0,89.0,86.0,92.0,18.8,54.4
1604472368,76.0,90.0,86.0,93.0,18.8,54.4
1604472369,76.0,90.0,86.0,93.0,18.8,54.4
1604472370,75.0,90.0,87.0,93.0,18.8,54.4
1604472371,75.0,90.0,88.0,93.0,18.8,54.4
1604472372,74.0,91.0,88.0,94.0,18.8,54.4
1604472373,74.0,91.0,88.0,94.0,18.8,54.4
1604472374,74.0,91.0,88.0,94.0,18.8,54.4
1604472375,74.0,91.0,89.0,94.0,18.8,54.4
1604472376,73.0,90.0,89.0,94.0,18.8,54.4
1604472377,74.0,90.0,90.0,94.0,18.8,54.4
1604472378,74.0,89.0,90.0,94.0,18.8,54.4
1604472379,74.0,89.0,90.0,94.0,18.8,54.4
1604472380,74.0,88.0,89.0,94.0,18.8,54.4
1604472381,74.0,88.0,89.0,94.0,18.8,54.4
1604472382,74.0,87.0,89.0,93.0,18.9,54.4
1604472383,74.0,87.0,88.0,93.0,18.9,54.4
1604472384,74.0,87.0,88.0,93.0,18.9,54.4
1604472385,74.0,87.0,86.0,93.0,18.9,54.4
1604472386,74.0,87.0,86.0,93.0,18.9,54.4
1604472387,74.0,87.0,86.0,92.0,18.9,54.2
1604472388,75.0,88.0,86.0,92.0,18.9,54.2
1604472389,75.0,88.0,86.0,91.0,18.9,54.2
1604472390,75.0,88.0,86.0,90.0,18.9,54.2
1604472391,75.0,89.0,86.0,90.0,18.9,54.2
1604472392,75.0,89.0,87.0,89.0,18.9,54.1
1604472393,76.0,89.0,87.0,89.0,18.9,54.1
1604472394,76.0,89.0,88.0,88.0,18.9,54.1
1604472395,77.0,89.0,88.0,88.0,18.9,54.1
1604472396,77.0,89.0,89.0,88.0,18.9,54.1
1604472397,78.0,89.0,89.0,88.0,18.9,54.0
1604472398,78.0,89.0,89.0,89.0,18.9,54.0
1604472399,78.0,89.0,89.0,89.0,18.9,54.0
1604472400,78.0,89.0,89.0,89.0,18.9,54.0
1604472401,78.0,89.0,88.0,90.0,18.9,54.0
1604472402,78.0,89.0,88.0,90.0,18.9,53.9
1604472403,78.0,89.0,88.0,90.0,18.9,53.9
1604472404,78.0,88.0,87.0,90.0,18.9,53.9
1604472405,78.0,88.0,87.0,90.0,18.9,53.9
1604472406,78.0,88.0,87.0,90.0,18.9,53.9
1604472407,78.0,88.0,87.0,90.0,18.9,53.9
1604472408,78.0,88.0,87.0,90.0,18.9,53.9
1604472409,78.0,88.0,87.0,90.0,18.9,53.9
1604472410,78.0,88.0,87.0,90.0,18.9,53.9
1604472411,78.0,88.0,87.0,90.0,18.9,53.9
1604472412,78.0,88.0,87.0,90.0,18.9,53.9
1604472413,78.0,88.0,87.0,90.0,18.9,53.9
1604472414,78.0,89.0,87.0,90.0,18.9,53.9
1604472415,78.0,89.0,87.0,90.0,18.9,53.8
1604472416,79.0,89.0,88.0,90.0,18.9,53.8
1604472417,79.0,89.0,88.0,90.0,18.9,53.8
1604472418,80.0,89.0,88.0,89.0,18.9,53.8
1604472419,80.0,89.0,88.0,88.0,18.9,53.8
1604472420,80.0,88.0,88.0,85.0,18.9,53.6
1604472421,80.0,88.0,88.0,85.0,18.9,53.6
1604472422,80.0,88.0,88.0,85.0,18.9,53.6
1604472423,80.0,87.0,87.0,85.0,18.9,53.6
1604472424,79.0,87.0,87.0,85.0,18.9,53.6
1604472425,79.0,87.0,87.0,85.0,18.9,53.6
1604472426,79.0,86.0,86.0,85.0,18.9,53.6
1604472427,79.0,86.0,84.0,85.0,18.9,53.6
1604472428,78.0,86.0,83.0,86.0,18.9,53.6
1604472429,78.0,86.0,83.0,86.0,18.9,53.6
1604472430,78.0,86.0,82.0,86.0,18.9,53.7
1604472431,78.0,86.0,82.0,87.0,18.9,53.7
1604472432,79.0,86.0,82.0,87.0,18.9,53.7
1604472433,79.0,86.0,82.0,88.0,18.9,53.7
1604472434,79.0,86.0,82.0,88.0,18.9,53.7
1604472435,79.0,86.0,83.0,88.0,18.9,53.6
1604472436,79.0,86.0,83.0,88.0,18.9,53.6
1604472437,79.0,86.0,85.0,88.0,18.9,53.6
1604472438,79.0,86.0,86.0,88.0,18.9,53.6
1604472439,79.0,85.0,86.0,88.0,18.9,53.6
1604472440,79.0,85.0,87.0,88.0,18.9,53.5
1604472441,79.0,85.0,87.0,88.0,18.9,53.5
1604472442,78.0,85.0,87.0,88.0,18.9,53.5
1604472443,78.0,85.0,87.0,88.0,18.9,53.5
1604472444,78.0,85.0,88.0,88.0,18.9,53.5
1604472445,78.0,85.0,88.0,89.0,18.9,53.4
1604472446,78.0,85.0,87.0,89.0,18.9,53.4
1604472447,78.0,85.0,87.0,90.0,18.9,53.4
1604472448,78.0,86.0,86.0,90.0,18.9,53.4
1604472449,79.0,86.0,86.0,90.0,18.9,53.4
1604472450,79.0,86.0,86.0,90.0,19.0,53.2
1604472451,80.0,86.0,86.0,90.0,19.0,53.2
1604472452,80.0,86.0,85.0,90.0,19.0,53.2
1604472453,80.0,86.0,85.0,90.0,19.0,53.2
1604472454,81.0,87.0,85.0,89.0,19.0,53.2
1604472455,81.0,87.0,84.0,89.0,19.0,53.1
1604472456,81.0,87.0,85.0,88.0,19.0,53.1
1604472457,81.0,86.0,85.0,87.0,19.0,53.1
1604472458,81.0,86.0,85.0,87.0,19.0,53.1
1604472459,80.0,85.0,85.0,87.0,19.0,53.1
1604472460,80.0,85.0,85.0,87.0,18.9,52.9
1604472461,79.0,84.0,85.0,87.0,18.9,52.9
1604472462,79.0,84.0,85.0,87.0,18.9,52.9
1604472463,78.0,84.0,85.0,86.0,18.9,52.9
1604472464,78.0,84.0,85.0,87.0,18.9,52.9
1604472465,78.0,83.0,85.0,87.0,18.9,52.9
1604472466,78.0,83.0,85.0,87.0,18.9,52.9
1604472467,77.0,83.0,84.0,87.0,18.9,52.9
1604472468,78.0,84.0,84.0,86.0,18.9,52.9
1604472469,78.0,84.0,84.0,86.0,18.9,52.9
1604472470,78.0,84.0,84.0,86.0,19.0,53.0
1604472471,78.0,84.0,84.0,86.0,19.0,53.0
1604472472,78.0,85.0,84.0,86.0,19.0,53.0
1604472473,78.0,85.0,84.0,86.0,19.0,53.0
1604472474,78.0,85.0,83.0,86.0,19.0,53.0
1604472475,78.0,86.0,83.0,87.0,19.0,53.1
1604472476,78.0,86.0,83.0,87.0,19.0,53.1
1604472477,78.0,86.0,83.0,87.0,19.0,53.1
1604472478,78.0,86.0,84.0,88.0,19.0,53.1
1604472479,78.0,86.0,84.0,88.0,19.0,53.1
1604472480,78.0,85.0,84.0,88.0,18.9,52.9
1604472481,78.0,85.0,83.0,89.0,18.9,52.9
1604472482,77.0,85.0,83.0,89.0,18.9,52.9
1604472483,77.0,85.0,83.0,89.0,18.9,52.9
1604472484,77.0,86.0,82.0,89.0,18.9,52.9
1604472485,77.0,85.0,81.0,89.0,18.9,52.9
1604472486,77.0,86.0,81.0,89.0,18.9,52.9
1604472487,77.0,86.0,81.0,89.0,18.9,52.9
1604472488,77.0,87.0,81.0,89.0,18.9,52.9
1604472489,78.0,87.0,81.0,89.0,18.9,52.9
1604472490,78.0,88.0,81.0,89.0,18.9,52.7
1604472491,78.0,88.0,81.0,89.0,18.9,52.7
1604472492,79.0,88.0,82.0,89.0,18.9,52.7
1604472493,79.0,89.0,82.0,89.0,18.9,52.7
1604472494,79.0,89.0,83.0,89.0,18.9,52.7
1604472495,79.0,89.0,84.0,89.0,19.0,52.9
1604472496,79.0,90.0,85.0,88.0,19.0,52.9
1604472497,79.0,89.0,85.0,88.0,19.0,52.9
1604472498,79.0,89.0,86.0,88.0,19.0,52.9
1604472499,79.0,89.0,86.0,87.0,19.0,52.9
1604472500,78.0,89.0,87.0,87.0,19.0,53.0
1604472501,78.0,89.0,87.0,87.0,19.0,53.0
1604472502,78.0,89.0,87.0,86.0,19.0,53.0
1604472503,78.0,89.0,87.0,86.0,19.0,53.0
1604472504,78.0,88.0,87.0,86.0,19.0,53.0
1604472505,77.0,88.0,87.0,86.0,19.0,53.2
1604472506,77.0,87.0,87.0,86.0,19.0,53.2
1604472507,77.0,87.0,87.0,86.0,19.0,53.2
1604472508,77.0,87.0,88.0,86.0,19.0,53.2
1604472509,76.0,87.0,88.0,86.0,19.0,53.2
1604472510,76.0,87.0,88.0,86.0,19.0,53.2
1604472511,76.0,86.0,88.0,86.0,19.0,53.2
1604472512,75.0,86.0,88.0,86.0,19.0,53.2
1604472513,75.0,86.0,87.0,86.0,19.0,53.2
1604472514,75.0,85.0,87.0,87.0,19.0,53.2
1604472515,75.0,85.0,86.0,87.0,19.0,53.3
1604472516,75.0,85.0,86.0,87.0,19.0,53.3
1604472517,75.0,85.0,86.0,87.0,19.0,53.3
1604472518,75.0,85.0,86.0,88.0,19.0,53.3
1604472519,75.0,84.0,85.0,88.0,19.0,53.3
1604472520,75.0,84.0,84.0,88.0,19.0,53.3
1604472521,75.0,84.0,84.0,88.0,19.0,53.3
1604472522,75.0,84.0,84.0,88.0,19.0,53.3
1604472523,75.0,85.0,84.0,88.0,19.0,53.3
1604472524,75.0,85.0,84.0,88.0,19.0,53.3
1604472525,74.0,85.0,84.0,88.0,19.0,53.3
1604472526,74.0,86.0,85.0,88.0,19.0,53.3
1604472527,74.0,86.0,85.0,87.0,19.0,53.3
1604472528,74.0,87.0,85.0,87.0,19.0,53.3
1604472529,74.0,89.0,85.0,87.0,19.0,53.3
1604472530,74.0,90.0,86.0,87.0,19.0,53.4
1604472531,74.0,89.0,86.0,87.0,19.0,53.4
1604472532,74.0,89.0,87.0,87.0,19.0,53.4
1604472533,74.0,89.0,87.0,87.0,19.0,53.4
1604472534,74.0,88.0,87.0,87.0,19.0,53.4
1604472535,74.0,88.0,87.0,87.0,19.1,53.0
1604472536,74.0,88.0,87.0,88.0,19.1,53.0
1604472537,74.0,87.0,87.0,88.0,19.1,53.0
1604472538,74.0,87.0,87.0,88.0,19.1,53.0
1604472539,74.0,86.0,87.0,88.0,19.1,53.0
1604472540,74.0,86.0,88.0,88.0,19.0,53.4
1604472541,74.0,86.0,88.0,88.0,19.0,53.4
1604472542,74.0,85.0,88.0,88.0,19.0,53.4
1604472543,74.0,85.0,88.0,88.0,19.0,53.4
1604472544,74.0,85.0,85.0,88.0,19.0,53.4
1604472545,74.0,84.0,85.0,88.0,19.1,53.6
1604472546,74.0,84.0,85.0,88.0,19.1,53.6
1604472547,74.0,84.0,85.0,88.0,19.1,53.6
1604472548,74.0,84.0,85.0,88.0,19.1,53.6
1604472549,74.0,84.0,85.0,88.0,19.1,53.6
1604472550,74.0,84.0,84.0,88.0,19.1,53.7
1604472551,75.0,84.0,84.0,88.0,19.1,53.7
1604472552,75.0,84.0,85.0,88.0,19.1,53.7
1604472553,75.0,85.0,85.0,88.0,19.1,53.7
1604472554,75.0,85.0,85.0,88.0,19.1,53.7
1604472555,75.0,86.0,85.0,88.0,19.1,53.7
1604472556,75.0,86.0,85.0,89.0,19.1,53.7
1604472557,75.0,86.0,85.0,89.0,19.1,53.7
1604472558,75.0,87.0,86.0,89.0,19.1,53.7
1604472559,75.0,88.0,87.0,89.0,19.1,53.7
1604472560,75.0,88.0,88.0,89.0,19.1,53.9
1604472561,75.0,88.0,88.0,89.0,19.1,53.9
1604472562,75.0,88.0,88.0,89.0,19.1,53.9
1604472563,74.0,87.0,88.0,90.0,19.1,53.9
1604472564,74.0,87.0,88.0,90.0,19.1,53.9
1604472565,74.0,87.0,88.0,90.0,19.1,53.7
1604472566,74.0,86.0,88.0,90.0,19.1,53.7
1604472567,73.0,86.0,88.0,90.0,19.1,53.7
1604472568,73.0,86.0,88.0,89.0,19.1,53.7
1604472569,73.0,85.0,87.0,89.0,19.1,53.7
1604472570,72.0,85.0,87.0,89.0,19.1,53.7
1604472571,72.0,84.0,87.0,89.0,19.1,53.7
1604472572,72.0,84.0,88.0,89.0,19.1,53.7
1604472573,72.0,84.0,88.0,88.0,19.1,53.7
1604472574,72.0,84.0,89.0,88.0,19.1,53.7
1604472575,72.0,84.0,89.0,88.0,19.1,53.1
1604472576,72.0,85.0,90.0,88.0,19.1,53.1
1604472577,72.0,85.0,90.0,88.0,19.1,53.1
1604472578,72.0,85.0,91.0,88.0,19.1,53.1
1604472579,72.0,86.0,92.0,88.0,19.1,53.1
1604472580,72.0,86.0,92.0,88.0,19.1,53.1
1604472581,72.0,86.0,92.0,88.0,19.1,53.1
1604472582,72.0,86.0,92.0,88.0,19.1,53.1
1604472583,71.0,87.0,92.0,87.0,19.1,53.1
1604472584,71.0,87.0,92.0,87.0,19.1,53.1
1604472585,72.0,87.0,92.0,87.0,19.2,53.1
1604472586,72.0,87.0,92.0,87.0,19.2,53.1
1604472587,72.0,87.0,91.0,87.0,19.2,53.1
1604472588,73.0,87.0,90.0,87.0,19.2,53.1
1604472589,73.0,87.0,90.0,86.0,19.2,53.1
1604472590,73.0,87.0,90.0,87.0,19.1,52.8
1604472591,73.0,87.0,89.0,87.0,19.1,52.8
1604472592,73.0,87.0,88.0,87.0,19.1,52.8
1604472593,74.0,87.0,88.0,87.0,19.1,52.8
1604472594,74.0,87.0,87.0,87.0,19.1,52.8
1604472595,73.0,87.0,87.0,87.0,19.1,52.6
1604472596,73.0,87.0,87.0,87.0,19.1,52.6
1604472597,73.0,87.0,87.0,88.0,19.1,52.6
1604472598,72.0,87.0,87.0,88.0,19.1,52.6
1604472599,72.0,87.0,87.0,88.0,19.1,52.6
1604472600,72.0,87.0,87.0,89.0,19.1,52.3
1604472601,72.0,87.0,87.0,89.0,19.1,52.3
1604472602,72.0,87.0,87.0,89.0,19.1,52.3
1604472603,72.0,87.0,87.0,89.0,19.1,52.3
1604472604,72.0,87.0,87.0,89.0,19.1,52.3
1604472605,72.0,87.0,87.0,89.0,19.2,52.3
1604472606,72.0,88.0,87.0,88.0,19.2,52.3
1604472607,72.11111111111111,88.0,87.0,88.0,19.2,52.3
1604472608,72.22222222222223,88.0,87.0,88.0,19.2,52.3
1604472609,72.33333333333333,88.0,87.0,88.0,19.2,52.3
1604472610,72.44444444444444,88.0,87.0,88.0,19.2,52.3
1604472611,72.55555555555556,88.0,87.0,88.0,19.2,52.3
1604472612,72.66666666666667,88.0,87.0,88.0,19.2,52.3
1604472613,72.77777777777777,88.0,87.0,88.0,19.2,52.3
1604472614,72.88888888888889,88.0,87.0,88.0,19.2,52.3
1604472615,73.0,88.0,87.0,88.0,19.2,52.3
1604472616,73.0,88.0,87.0,88.0,19.2,52.3
1604472617,73.0,88.0,86.0,88.0,19.2,52.3
1604472618,73.0,88.0,86.0,88.0,19.2,52.2
1604472619,73.0,88.0,85.0,87.0,19.2,52.2
1604472620,74.0,88.0,85.0,87.0,19.2,52.2
1604472621,74.0,88.0,84.0,87.0,19.2,52.2
1604472622,74.0,88.0,84.0,87.0,19.2,52.2
1604472623,74.0,88.0,84.0,87.0,19.1,52.1
1604472624,74.0,88.0,84.0,87.0,19.1,52.1
1604472625,75.0,88.0,84.0,86.0,19.1,52.1
1604472626,75.0,88.0,84.0,86.0,19.1,52.1
1604472627,76.0,88.0,85.0,86.0,19.1,52.1
1604472628,76.0,88.0,85.0,86.0,19.1,52.1
1604472629,76.0,88.0,86.0,85.0,19.1,52.1
1604472630,76.0,88.0,87.0,85.0,19.1,52.1
1604472631,76.0,87.0,87.0,85.0,19.1,52.1
1604472632,76.0,87.0,88.0,85.0,19.1,52.1
1604472633,76.0,87.0,88.0,85.0,19.2,52.1
1604472634,76.0,87.0,89.0,85.0,19.2,52.1
1604472635,76.0,87.0,88.0,85.0,19.2,52.1
1604472636,76.0,88.0,88.0,84.0,19.2,52.1
1604472637,76.0,88.0,88.0,84.0,19.2,52.1
1604472638,76.0,89.0,88.0,84.0,19.2,52.0
1604472639,76.0,89.0,88.0,84.0,19.2,52.0
1604472640,76.0,89.0,87.0,84.0,19.2,52.0
1604472641,76.0,89.0,87.0,84.0,19.2,52.0
1604472642,76.0,89.0,86.0,84.0,19.2,52.0
1604472643,76.0,90.0,86.0,84.0,19.2,51.9
1604472644,76.0,90.0,86.0,84.0,19.2,51.9
1604472645,77.0,89.0,86.0,84.0,19.2,51.9
1604472646,77.0,89.0,86.0,84.0,19.2,51.9
1604472647,77.0,88.0,86.0,85.0,19.2,51.9
1604472648,77.0,88.0,86.0,85.0,19.2,51.8
1604472649,77.0,88.0,85.0,85.0,19.2,51.8
1604472650,77.0,88.0,85.0,85.0,19.2,51.8
1604472651,77.0,88.0,85.0,85.0,19.2,51.8
1604472652,77.0,87.0,85.0,86.0,19.2,51.8
1604472653,76.0,86.0,85.0,86.0,19.2,51.8
1604472654,76.0,87.0,85.0,86.0,19.2,51.8
1604472655,76.0,87.0,84.0,86.0,19.2,51.8
1604472656,76.0,87.0,84.0,86.0,19.2,51.8
1604472657,75.0,87.0,84.0,86.0,19.2,51.8
1604472658,75.0,87.0,84.0,86.0,19.2,51.7
1604472659,75.0,87.0,84.0,85.0,19.2,51.7
1604472660,74.0,87.0,84.0,85.0,19.2,51.7
1604472661,74.0,87.0,84.0,85.0,19.2,51.7
1604472662,74.0,87.0,84.0,85.0,19.2,51.7
1604472663,74.0,87.0,84.0,85.0,19.2,51.5
1604472664,74.0,87.0,84.0,85.0,19.2,51.5
1604472665,74.0,86.0,83.0,85.0,19.2,51.5
1604472666,74.0,86.0,83.0,85.0,19.2,51.5
1604472667,74.0,86.0,82.0,86.0,19.2,51.5
1604472668,74.0,86.0,82.0,87.0,19.2,51.4
1604472669,74.0,85.0,81.0,87.0,19.2,51.4
1604472670,74.0,85.0,81.0,87.0,19.2,51.4
1604472671,74.0,86.0,81.0,87.0,19.2,51.4
1604472672,74.0,85.0,81.0,88.0,19.2,51.4
1604472673,74.0,85.0,81.0,88.0,19.2,51.4
1604472674,74.0,85.0,82.0,88.0,19.2,51.4
1604472675,73.0,85.0,83.0,88.0,19.2,51.4
1604472676,73.0,85.0,83.0,88.0,19.2,51.4
1604472677,73.0,85.0,84.0,88.0,19.2,51.4
1604472678,72.0,84.0,84.0,87.0,19.2,51.3
1604472679,72.0,84.0,85.0,87.0,19.2,51.3
1604472680,72.0,83.0,85.0,87.0,19.2,51.3
1604472681,72.0,83.0,85.0,86.0,19.2,51.3
1604472682,72.0,83.0,86.0,86.0,19.2,51.3
1604472683,72.0,83.0,86.0,86.0,19.2,51.2
1604472684,73.0,83.0,86.0,86.0,19.2,51.2
1604472685,73.0,83.0,86.0,86.0,19.2,51.2
1604472686,74.0,84.0,86.0,86.0,19.2,51.2
1604472687,75.0,85.0,87.0,87.0,19.2,51.2
1604472688,76.0,85.0,87.0,87.0,19.2,51.1
1604472689,76.0,85.0,87.0,87.0,19.2,51.1
1604472690,77.0,86.0,88.0,87.0,19.2,51.1
1604472691,77.0,87.0,88.0,88.0,19.2,51.1
1604472692,77.0,87.0,89.0,88.0,19.2,51.1
1604472693,77.0,87.0,89.0,88.0,19.2,51.1
1604472694,77.0,87.0,89.0,88.0,19.2,51.1
1604472695,77.0,88.0,89.0,88.0,19.2,51.1
1604472696,76.0,88.0,89.0,89.0,19.2,51.1
1604472697,76.0,88.0,89.0,89.0,19.2,51.1
1604472698,76.0,88.0,89.0,89.0,19.2,51.1
1604472699,76.0,89.0,89.0,89.0,19.2,51.1
1604472700,75.0,89.0,89.0,89.0,19.2,51.1
1604472701,75.0,89.0,89.0,89.0,19.2,51.1
1604472702,75.0,89.0,88.0,89.0,19.2,51.1
1604472703,75.0,89.0,88.0,90.0,19.2,51.1
1604472704,75.0,89.0,88.0,89.0,19.2,51.1
1604472705,74.0,89.0,88.0,89.0,19.2,51.1
1604472706,74.0,88.0,87.0,89.0,19.2,51.1
1604472707,74.0,88.0,87.0,89.0,19.2,51.1
1604472708,74.0,88.0,87.0,89.0,19.3,51.3
1604472709,74.0,88.0,86.0,89.0,19.3,51.3
1604472710,74.0,88.0,85.0,89.0,19.3,51.3
1604472711,73.0,87.0,84.0,89.0,19.3,51.3
1604472712,73.0,87.0,84.0,88.0,19.3,51.3
1604472713,73.0,86.0,83.0,88.0,19.3,51.4
1604472714,73.0,86.0,83.0,88.0,19.3,51.4
1604472715,73.0,86.0,82.0,88.0,19.3,51.4
1604472716,73.0,85.0,82.0,88.0,19.3,51.4
1604472717,73.0,85.0,82.0,88.0,19.3,51.4
1604472718,73.0,85.0,82.0,88.0,19.2,51.5
1604472719,72.0,84.0,82.0,87.0,19.2,51.5
1604472720,72.0,84.0,83.0,87.0,19.2,51.5
1604472721,72.0,84.0,83.0,87.0,19.2,51.5
1604472722,72.0,84.0,83.0,87.0,19.2,51.5
1604472723,72.0,84.0,84.0,87.0,19.3,51.6
1604472724,72.0,85.0,84.0,86.0,19.3,51.6
1604472725,72.0,85.0,84.0,86.0,19.3,51.6
1604472726,72.0,85.0,85.0,86.0,19.3,51.6
1604472727,72.0,86.0,85.0,86.0,19.3,51.6
1604472728,72.0,86.0,86.0,86.0,19.3,51.8
1604472729,73.0,86.0,86.0,86.0,19.3,51.8
1604472730,73.0,87.0,86.0,86.0,19.3,51.8
1604472731,74.0,87.0,86.0,86.0,19.3,51.8
1604472732,74.0,87.0,86.0,86.0,19.3,51.8
1604472733,75.0,87.0,86.0,86.0,19.3,52.0
1604472734,75.0,87.0,86.0,86.0,19.3,52.0
1604472735,75.0,87.0,86.0,86.0,19.3,52.0
1604472736,76.0,87.0,87.0,86.0,19.3,52.0
1604472737,76.0,87.0,87.0,85.0,19.3,52.0
1604472738,76.0,87.0,87.0,84.0,19.3,52.1
1604472739,76.0,87.0,87.0,84.0,19.3,52.1
1604472740,76.0,87.0,87.0,83.0,19.3,52.1
1604472741,76.0,87.0,88.0,83.0,19.3,52.1
1604472742,75.0,88.0,87.0,83.0,19.3,52.1
1604472743,75.0,88.0,87.0,83.0,19.3,52.1
1604472744,75.0,88.0,87.0,82.0,19.3,52.1
1604472745,75.0,89.0,87.0,82.0,19.3,52.1
1604472746,74.0,89.0,87.0,82.0,19.3,52.1
1604472747,74.0,89.0,87.0,83.0,19.3,52.1
1604472748,74.0,90.0,87.0,83.0,19.3,52.2
1604472749,75.0,90.0,87.0,83.0,19.3,52.2
1604472750,74.0,90.0,87.0,84.0,19.3,52.2
1604472751,74.0,90.0,87.0,84.0,19.3,52.2
1604472752,74.0,90.0,87.0,85.0,19.3,52.2
1604472753,74.0,89.0,87.0,85.0,19.3,52.3
1604472754,74.0,89.0,87.0,85.0,19.3,52.3
1604472755,74.0,88.0,86.0,85.0,19.3,52.3
1604472756,74.0,88.0,86.0,85.0,19.3,52.3
1604472757,74.0,87.0,85.0,86.0,19.3,52.3
1604472758,74.0,87.0,85.0,86.0,19.3,52.4
1604472759,74.0,85.0,84.0,86.0,19.3,52.4
1604472760,74.0,85.0,84.0,86.0,19.3,52.4
1604472761,75.0,84.0,84.0,85.0,19.3,52.4
1604472762,75.0,84.0,84.0,85.0,19.3,52.4
1604472763,75.0,84.0,83.0,85.0,19.3,52.4
1604472764,75.0,84.0,83.0,85.0,19.3,52.4
1604472765,76.0,84.0,84.0,85.0,19.3,52.4
1604472766,76.0,84.0,84.0,85.0,19.3,52.4
1604472767,76.0,84.0,85.0,84.0,19.3,52.4
1604472768,76.0,84.0,85.0,84.0,19.3,52.4
1604472769,76.0,84.0,85.0,84.0,19.3,52.4
1604472770,76.0,84.0,85.0,84.0,19.3,52.4
1604472771,76.0,84.0,85.0,84.0,19.3,52.4
1604472772,76.0,84.0,85.0,85.0,19.3,52.4
1604472773,75.0,84.0,85.0,85.0,19.3,52.9
1604472774,75.0,84.0,85.0,85.0,19.3,52.9
1604472775,75.0,84.0,85.0,84.0,19.3,52.9
1604472776,74.0,84.0,84.0,84.0,19.3,52.9
1604472777,74.0,84.0,84.0,84.0,19.3,52.9
1604472778,74.0,84.0,84.0,84.0,19.3,53.1
1604472779,73.0,84.0,84.0,83.0,19.3,53.1
1604472780,73.0,84.0,84.0,83.0,19.3,53.1
1604472781,72.0,84.0,84.0,82.0,19.3,53.1
1604472782,72.0,84.0,85.0,82.0,19.3,53.1
1604472783,72.0,84.0,85.0,82.0,19.3,53.2
1604472784,71.0,84.0,85.0,82.0,19.3,53.2
1604472785,71.0,84.0,85.0,82.0,19.3,53.2
1604472786,71.0,84.0,85.0,82.0,19.3,53.2
1604472787,71.0,84.0,85.0,82.0,19.3,53.2
1604472788,71.0,84.0,85.0,82.0,19.3,53.4
1604472789,71.0,84.0,84.0,82.0,19.3,53.4
1604472790,71.0,85.0,84.0,83.0,19.3,53.4
1604472791,71.0,85.0,83.0,83.0,19.3,53.4
1604472792,72.0,85.0,83.0,83.0,19.3,53.4
1604472793,72.0,85.0,82.0,84.0,19.3,53.5
1604472794,73.0,86.0,82.0,84.0,19.3,53.5
1604472795,73.0,86.0,81.0,85.0,19.3,53.5
1604472796,74.0,86.0,81.0,85.0,19.3,53.5
1604472797,74.0,86.0,81.0,86.0,19.3,53.5
1604472798,75.0,86.0,82.0,86.0,19.3,53.6
1604472799,76.0,86.0,82.0,87.0,19.3,53.6
1604472800,76.0,86.0,83.0,87.0,19.3,53.6
1604472801,77.0,86.0,83.0,88.0,19.3,53.6
1604472802,77.0,86.0,84.0,88.0,19.3,53.6
1604472803,77.0,86.0,84.0,89.0,19.3,53.8
1604472804,77.0,87.0,83.0,89.0,19.3,53.8
1604472805,78.0,87.0,83.0,89.0,19.3,53.8
1604472806,77.0,87.0,82.0,89.0,19.3,53.8
1604472807,77.0,87.0,82.0,89.0,19.3,53.8
1604472808,76.0,88.0,82.0,89.0,19.3,53.7
1604472809,76.0,88.0,82.0,89.0,19.3,53.7
1604472810,75.0,88.0,82.0,89.0,19.3,53.7
1604472811,74.0,89.0,82.0,89.0,19.3,53.7
1604472812,74.0,89.0,82.0,89.0,19.3,53.7
1604472813,73.0,89.0,81.0,89.0,19.3,53.7
1604472814,72.0,89.0,81.0,89.0,19.3,53.7
1604472815,72.44444444444444,89.0,81.0,89.0,19.3,53.7
1604472816,72.88888888888889,89.0,81.0,89.0,19.3,53.7
1604472817,73.33333333333333,89.0,81.0,89.0,19.3,53.7
1604472818,73.77777777777777,89.0,81.0,89.0,19.3,53.7
1604472819,74.22222222222223,89.0,81.0,89.0,19.3,53.7
1604472820,74.66666666666667,89.0,81.0,89.0,19.3,53.7
1604472821,75.11111111111111,89.0,81.0,89.0,19.3,53.7
1604472822,75.55555555555556,89.0,81.0,89.0,19.3,53.7
1604472823,76.0,89.0,81.0,89.0,19.3,53.7
1604472824,77.0,88.0,81.0,89.0,19.3,53.7
1604472825,77.0,88.0,81.0,89.0,19.3,53.7
1604472826,77.0,88.0,80.0,88.0,19.3,53.8
1604472827,78.0,87.0,80.0,88.0,19.3,53.8
1604472828,78.0,87.0,80.0,88.0,19.3,53.8
1604472829,78.0,87.0,80.0,87.0,19.3,53.8
1604472830,78.0,86.0,80.0,87.0,19.3,53.8
1604472831,78.0,86.0,80.0,86.0,19.3,53.8
1604472832,78.0,86.0,81.0,86.0,19.3,53.8
1604472833,78.0,86.0,82.0,85.0,19.3,53.8
1604472834,78.0,85.0,82.0,85.0,19.3,53.8
1604472835,78.0,85.0,83.0,85.0,19.3,53.8
1604472836,77.0,85.0,84.0,84.0,19.3,54.0
1604472837,77.0,85.0,84.0,84.0,19.3,54.0
1604472838,77.0,85.0,85.0,84.0,19.3,54.0
1604472839,77.0,85.0,85.0,84.0,19.3,54.0
1604472840,77.0,85.0,85.0,84.0,19.3,54.0
1604472841,77.0,85.0,84.0,84.0,19.4,53.9
1604472842,77.0,85.0,83.0,84.0,19.4,53.9
1604472843,77.0,85.0,83.0,84.0,19.4,53.9
1604472844,77.0,86.0,83.0,84.0,19.4,53.9
1604472845,77.0,87.0,81.0,84.0,19.4,53.9
1604472846,77.0,87.0,80.0,84.0,19.3,53.8
1604472847,77.0,87.0,79.0,84.0,19.3,53.8
1604472848,76.0,88.0,79.0,85.0,19.3,53.8
1604472849,75.0,88.0,79.0,85.0,19.3,53.8
1604472850,75.0,88.0,79.0,85.0,19.3,53.8
1604472851,74.0,88.0,79.0,86.0,19.4,53.9
1604472852,74.0,89.0,80.0,86.0,19.4,53.9
1604472853,74.0,89.0,81.0,87.0,19.4,53.9
1604472854,74.0,89.0,82.0,87.0,19.4,53.9
1604472855,74.0,89.0,83.0,87.0,19.4,53.9
1604472856,74.0,89.0,84.0,88.0,19.3,54.0
1604472857,74.0,89.0,85.0,88.0,19.3,54.0
1604472858,75.0,89.0,86.0,88.0,19.3,54.0
1604472859,75.0,89.0,87.0,88.0,19.3,54.0
1604472860,76.0,90.0,87.0,88.0,19.3,54.0
1604472861,76.0,90.0,87.0,89.0,19.3,54.0
1604472862,77.0,90.0,87.0,84.0,19.3,54.0
1604472863,77.0,90.0,87.0,85.0,19.3,54.0
1604472864,78.0,89.0,87.0,85.0,19.3,54.0
1604472865,79.0,89.0,86.0,85.0,19.3,54.0
1604472866,79.0,89.0,86.0,85.0,19.4,54.1
1604472867,79.0,89.0,85.0,85.0,19.4,54.1
1604472868,80.0,89.0,85.0,86.0,19.4,54.1
1604472869,79.0,88.0,85.0,86.0,19.4,54.1
1604472870,79.0,88.0,84.0,87.0,19.4,54.1
1604472871,79.0,87.0,84.0,87.0,19.4,54.2
1604472872,79.0,87.0,84.0,87.0,19.4,54.2
1604472873,78.0,87.0,84.0,87.0,19.4,54.2
1604472874,78.0,87.0,84.0,87.0,19.4,54.2
1604472875,78.0,86.0,84.0,87.0,19.4,54.2
1604472876,77.0,86.0,84.0,87.0,19.4,54.2
1604472877,77.0,86.0,84.0,86.0,19.4,54.2
1604472878,76.0,85.0,85.0,86.0,19.4,54.2
1604472879,76.0,85.0,85.0,86.0,19.4,54.2
1604472880,77.0,85.0,85.0,85.0,19.4,54.2
1604472881,77.0,85.0,85.0,85.0,19.4,54.2
1604472882,76.0,86.0,85.0,85.0,19.4,54.2
1604472883,76.0,86.0,85.0,84.0,19.4,54.2
1604472884,76.0,87.0,86.0,84.0,19.4,54.2
1604472885,76.0,87.0,86.0,84.0,19.4,54.2
1604472886,76.0,88.0,86.0,84.0,19.4,54.1
1604472887,76.0,89.0,86.0,85.0,19.4,54.1
1604472888,76.0,89.0,86.0,85.0,19.4,54.1
1604472889,76.0,89.0,86.0,85.0,19.4,54.1
1604472890,76.0,89.0,86.0,85.0,19.4,54.1
1604472891,76.0,90.0,86.0,86.0,19.4,54.1
1604472892,76.0,90.0,86.0,86.0,19.4,54.1
1604472893,76.0,90.0,85.0,87.0,19.4,54.1
1604472894,76.0,90.0,85.0,87.0,19.4,54.1
1604472895,76.0,90.0,84.0,87.0,19.4,54.1
1604472896,76.0,90.0,84.0,87.0,19.4,54.4
1604472897,76.0,89.0,83.0,88.0,19.4,54.4
1604472898,76.0,89.0,83.0,88.0,19.4,54.4
1604472899,76.0,89.0,84.0,89.0,19.4,54.4
1604472900,75.0,89.0,84.0,89.0,19.4,54.4
1604472901,75.0,87.0,84.0,89.0,19.4,54.4
1604472902,75.0,87.0,84.0,89.0,19.4,54.4
1604472903,75.0,86.0,83.0,90.0,19.4,54.4
1604472904,75.0,86.0,83.0,90.0,19.4,54.4
1604472905,75.0,85.0,84.0,90.0,19.4,54.4
1604472906,75.0,84.0,84.0,89.0,19.4,54.5
1604472907,76.0,84.0,85.0,89.0,19.4,54.5
1604472908,76.0,83.0,85.0,89.0,19.4,54.5
1604472909,76.0,83.0,85.0,88.0,19.4,54.5
1604472910,76.0,82.0,85.0,87.0,19.4,54.5
1604472911,76.0,82.0,85.0,87.0,19.4,53.8
1604472912,76.0,82.0,85.0,87.0,19.4,53.8
1604472913,76.0,82.0,86.0,86.0,19.4,53.8
1604472914,76.0,82.0,86.0,86.0,19.4,53.8
1604472915,76.0,82.0,86.0,86.0,19.4,53.8
1604472916,76.0,82.0,86.0,86.0,19.4,53.1
1604472917,76.0,82.0,86.0,86.0,19.4,53.1
1604472918,75.0,82.0,86.0,86.0,19.4,53.1
1604472919,75.0,83.0,86.0,86.0,19.4,53.1
1604472920,75.0,83.0,86.0,87.0,19.4,53.1
1604472921,75.0,83.0,86.0,88.0,19.4,53.0
1604472922,75.0,84.0,86.0,89.0,19.4,53.0
1604472923,75.0,84.0,85.0,90.0,19.4,53.0
1604472924,74.0,84.0,85.0,92.0,19.4,53.0
1604472925,74.0,84.0,85.0,94.0,19.4,53.0
1604472926,73.0,84.0,85.0,94.0,19.4,53.0
1604472927,73.0,84.0,85.0,99.0,19.4,53.0
1604472928,73.0,84.0,85.0,101.0,19.4,53.0
1604472929,73.0,84.0,86.0,101.0,19.4,53.0
1604472930,73.0,84.0,86.0,103.0,19.4,53.0
1604472931,74.0,83.0,86.0,104.0,19.4,52.6
1604472932,74.0,83.0,87.0,104.0,19.4,52.6
1604472933,74.0,83.0,87.0,104.0,19.4,52.6
1604472934,74.0,83.0,87.0,104.0,19.4,52.6
1604472935,75.0,83.0,87.0,103.0,19.4,52.6
1604472936,75.0,83.0,87.0,103.0,19.4,52.8
1604472937,75.0,83.0,87.0,103.0,19.4,53.0
1604472938,75.0,83.0,87.0,100.0,19.4,53.0
1604472939,75.0,83.0,87.0,100.0,19.4,53.0
1604472940,74.0,83.0,86.0,98.0,19.4,53.0
1604472941,74.0,83.0,86.0,97.0,19.4,53.0
1604472942,74.0,83.0,86.0,95.0,19.5,53.0
1604472943,74.0,83.0,85.0,94.0,19.5,53.0
1604472944,74.0,83.0,85.0,92.0,19.5,53.0
1604472945,74.0,84.0,84.0,91.0,19.5,53.0
1604472946,74.0,84.0,84.0,91.0,19.5,53.0
1604472947,74.0,84.0,84.0,89.0,19.4,52.9
1604472948,74.0,85.0,84.0,85.0,19.4,52.9
1604472949,75.0,85.0,84.0,85.0,19.4,52.9
1604472950,75.0,86.0,84.0,86.0,19.4,52.9
1604472951,75.0,86.0,83.0,86.0,19.4,52.9
1604472952,75.0,86.0,84.0,87.0,19.5,52.8
1604472953,75.0,86.0,84.0,87.0,19.5,52.8
1604472954,74.0,86.0,83.0,87.0,19.5,52.8
1604472955,74.0,86.0,84.0,88.0,19.5,52.8
1604472956,74.0,86.0,84.0,88.0,19.5,52.8
1604472957,73.0,86.0,84.0,88.0,19.4,52.7
1604472958,73.0,86.0,84.0,88.0,19.4,52.7
1604472959,73.0,85.0,84.0,88.0,19.4,52.7
1604472960,73.0,85.0,84.0,88.0,19.4,52.7
1604472961,72.0,85.0,84.0,88.0,19.4,52.7
1604472962,71.0,85.0,84.0,88.0,19.4,52.7
1604472963,71.0,86.0,84.0,88.0,19.4,52.7
1604472964,70.0,86.0,83.0,87.0,19.4,52.7
1604472965,70.0,86.0,83.0,87.0,19.4,52.7
1604472966,70.0,87.0,83.0,87.0,19.4,52.7
1604472967,69.0,87.0,83.0,87.0,19.4,52.7
1604472968,69.0,87.0,81.0,86.0,19.4,52.7
1604472969,69.0,87.0,81.0,86.0,19.4,52.7
1604472970,69.0,87.0,80.0,86.0,19.4,52.7
1604472971,70.0,87.0,80.0,86.0,19.4,52.7
1604472972,70.0,87.0,80.0,86.0,19.4,52.7
1604472973,71.0,86.0,79.0,86.0,19.4,52.7
1604472974,72.0,85.0,79.0,86.0,19.4,52.7
1604472975,73.0,85.0,79.0,86.0,19.4,52.7
1604472976,73.0,84.0,79.0,86.0,19.4,52.7
1604472977,74.0,84.0,79.0,86.0,19.4,52.6
1604472978,75.0,84.0,80.0,86.0,19.4,52.6
1604472979,75.0,84.0,80.0,86.0,19.4,52.6
1604472980,76.0,83.0,80.0,86.0,19.4,52.6
1604472981,76.0,83.0,81.0,86.0,19.4,52.6
1604472982,75.0,83.0,81.0,86.0,19.4,52.6
1604472983,75.0,83.0,81.0,86.0,19.4,52.6
1604472984,75.0,83.0,81.0,85.0,19.4,52.6
1604472985,75.0,83.0,81.0,85.0,19.4,52.6
1604472986,74.0,83.0,81.0,85.0,19.4,52.6
1604472987,74.0,83.0,81.0,85.0,19.4,52.6
1604472988,73.0,83.0,80.0,85.0,19.4,52.6
1604472989,73.0,83.0,80.0,85.0,19.4,52.6
1604472990,72.0,84.0,80.0,86.0,19.4,52.6
1604472991,72.0,89.0,80.0,86.0,19.4,52.6
1604472992,71.0,88.0,80.0,86.0,19.4,52.6
1604472993,71.0,88.0,80.0,86.0,19.4,52.6
1604472994,70.0,88.0,80.0,86.0,19.4,52.6
1604472995,70.0,87.0,80.0,86.0,19.4,52.6
1604472996,71.0,87.0,81.0,86.0,19.4,52.6
1604472997,71.0,86.0,81.0,87.0,19.5,52.6
1604472998,71.0,86.0,82.0,87.0,19.5,52.6
1604472999,72.0,85.0,83.0,87.0,19.5,52.6
1604473000,73.0,85.0,83.0,87.0,19.5,52.6
1604473001,74.0,85.0,83.0,87.0,19.5,52.6
1604473002,74.0,84.0,84.0,87.0,19.4,52.5
1604473003,74.0,84.0,84.0,87.0,19.4,52.5
1604473004,75.0,84.0,85.0,87.0,19.4,52.5
1604473005,76.0,84.0,85.0,87.0,19.4,52.5
1604473006,76.0,83.0,85.0,87.0,19.4,52.5
1604473007,76.0,83.0,85.0,87.0,19.4,52.5
1604473008,75.0,83.0,86.0,87.0,19.4,52.5
1604473009,75.0,83.0,86.0,87.0,19.4,52.5
1604473010,74.0,82.0,86.0,87.0,19.4,52.5
1604473011,74.0,82.0,86.0,87.0,19.4,52.5
1604473012,73.0,82.0,87.0,87.0,19.5,52.6
1604473013,73.0,83.0,87.0,87.0,19.5,52.6
1604473014,72.0,83.0,87.0,87.0,19.5,52.6
1604473015,72.0,84.0,87.0,86.0,19.5,52.6
1604473016,72.0,84.0,87.0,86.0,19.5,52.6
1604473017,72.0,84.0,87.0,86.0,19.5,52.6
1604473018,73.0,86.0,87.0,86.0,19.5,52.6
1604473019,73.0,86.0,86.0,86.0,19.5,52.6
1604473020,74.0,87.0,86.0,86.0,19.5,52.6
1604473021,74.0,87.0,86.0,86.0,19.5,52.6
1604473022,75.0,87.0,86.0,87.0,19.5,53.0
1604473023,75.0,87.0,86.0,86.0,19.5,53.0
1604473024,75.0,87.0,86.0,86.0,19.5,53.0
1604473025,76.0,87.0,86.0,87.0,19.5,53.0
1604473026,76.0,86.88888888888889,86.0,87.0,19.5,53.0
1604473027,76.0,86.77777777777777,86.0,87.0,19.5,53.0
1604473028,76.0,86.66666666666667,86.0,87.0,19.5,53.0
1604473029,76.0,86.55555555555556,86.0,87.0,19.5,53.0
1604473030,76.0,86.44444444444444,86.0,87.0,19.5,53.0
1604473031,76.0,86.33333333333333,86.0,87.0,19.5,53.0
1604473032,76.0,86.22222222222223,86.0,87.0,19.5,53.0
1604473033,76.0,86.11111111111111,86.0,87.0,19.5,53.0
1604473034,76.0,86.0,86.0,87.0,19.5,53.0
1604473035,76.0,85.0,87.0,86.0,19.5,53.0
1604473036,76.0,85.0,87.0,86.0,19.5,53.0
1604473037,75.0,84.0,87.0,86.0,19.5,53.0
1604473038,75.0,84.0,87.0,86.0,19.5,53.0
1604473039,75.0,83.0,86.0,86.0,19.5,53.0
1604473040,74.0,83.0,86.0,85.0,19.5,53.1
1604473041,74.0,83.0,86.0,85.0,19.5,53.1
1604473042,73.0,82.0,85.0,85.0,19.5,53.1
1604473043,73.0,82.0,85.0,85.0,19.5,53.1
1604473044,73.0,82.0,85.0,85.0,19.5,53.1
1604473045,73.0,82.0,84.0,85.0,19.5,53.2
1604473046,72.0,82.0,84.0,85.0,19.5,53.2
1604473047,73.0,82.0,84.0,86.0,19.5,53.2
1604473048,73.0,83.0,83.0,86.0,19.5,53.2
1604473049,73.0,83.0,83.0,86.0,19.5,53.2
1604473050,73.0,83.0,83.0,86.0,19.5,53.4
1604473051,74.0,84.0,83.0,86.0,19.5,53.4
1604473052,74.0,84.0,83.0,87.0,19.5,53.4
1604473053,74.0,85.0,83.0,87.0,19.5,53.4
1604473054,75.0,85.0,82.0,87.0,19.5,53.4
1604473055,75.0,85.0,82.0,88.0,19.5,53.4
1604473056,75.0,86.0,82.0,88.0,19.5,53.4
1604473057,75.0,86.0,82.0,88.0,19.5,53.4
1604473058,75.0,86.0,81.0,88.0,19.5,53.4
1604473059,75.0,86.0,81.0,89.0,19.5,53.4
1604473060,75.0,85.0,81.0,89.0,19.5,53.4
1604473061,74.0,85.0,81.0,89.0,19.5,53.4
1604473062,74.0,86.0,81.0,89.0,19.5,53.4
1604473063,74.0,86.0,81.0,88.0,19.5,53.4
1604473064,74.0,85.0,81.0,88.0,19.5,53.4
1604473065,74.0,85.0,81.0,88.0,19.5,53.4
1604473066,73.0,85.0,81.0,88.0,19.5,53.4
1604473067,73.0,86.0,82.0,88.0,19.5,53.4
1604473068,73.0,86.0,84.0,87.0,19.5,53.4
1604473069,73.0,86.0,84.0,87.0,19.5,53.4
1604473070,73.0,86.0,84.0,87.0,19.5,53.1
1604473071,74.0,86.0,84.0,87.0,19.5,53.1
1604473072,74.0,86.0,85.0,86.0,19.5,53.1
1604473073,74.0,87.0,85.0,86.0,19.5,53.1
1604473074,74.0,87.0,85.0,86.0,19.5,53.1
1604473075,74.0,87.0,84.0,86.0,19.5,53.0
1604473076,74.0,87.0,84.0,86.0,19.5,53.0
1604473077,74.0,87.0,84.0,86.0,19.5,53.0
1604473078,74.0,87.0,84.0,86.0,19.5,53.0
1604473079,73.0,87.0,84.0,87.0,19.5,53.0
1604473080,73.0,87.0,82.0,87.0,19.5,53.0
1604473081,73.0,87.0,82.0,87.0,19.5,53.0
1604473082,73.0,87.0,81.0,87.0,19.5,53.0
1604473083,73.0,87.0,80.0,87.0,19.5,53.0
1604473084,73.0,87.0,80.0,87.0,19.5,53.0
1604473085,73.0,86.0,80.0,87.0,19.5,52.8
1604473086,73.0,86.0,80.0,87.0,19.5,52.8
1604473087,73.0,86.0,78.0,87.0,19.5,52.8
1604473088,73.0,85.0,78.0,87.0,19.5,52.8
1604473089,73.0,85.0,78.0,87.0,19.5,52.8
1604473090,73.0,84.0,79.0,87.0,19.5,52.3
1604473091,73.0,84.0,79.0,87.0,19.5,52.3
1604473092,73.0,83.0,79.0,87.0,19.5,52.3
1604473093,73.0,83.0,79.0,87.0,19.5,52.3
1604473094,73.0,83.0,79.0,87.0,19.5,52.3
1604473095,73.0,82.0,79.0,86.0,19.5,52.2
1604473096,73.0,82.0,79.0,86.0,19.5,52.2
1604473097,73.0,82.0,79.0,86.0,19.5,52.2
1604473098,73.0,82.0,80.0,86.0,19.5,52.2
1604473099,73.0,83.0,80.0,86.0,19.5,52.2
1604473100,74.0,83.0,80.0,86.0,19.6,52.3
1604473101,74.0,84.0,80.0,87.0,19.6,52.3
1604473102,74.0,84.0,80.0,87.0,19.6,52.3
1604473103,74.0,84.0,80.0,88.0,19.6,52.3
1604473104,74.0,84.0,81.0,88.0,19.6,52.3
1604473105,74.0,85.0,85.0,88.0,19.6,52.2
1604473106,74.0,85.0,86.0,89.0,19.6,52.2
1604473107,74.0,86.0,86.0,89.0,19.6,52.2
1604473108,74.0,86.0,86.0,89.0,19.6,52.2
1604473109,74.0,86.0,86.0,89.0,19.6,52.2
1604473110,74.0,86.0,85.0,89.0,19.5,51.9
1604473111,73.0,86.0,85.0,89.0,19.5,51.9
1604473112,73.0,86.0,84.0,89.0,19.5,51.9
1604473113,73.0,86.0,84.0,89.0,19.5,51.9
1604473114,73.0,86.0,83.0,89.0,19.5,51.9
1604473115,73.0,86.0,83.0,89.0,19.6,52.0
1604473116,73.0,86.0,82.0,89.0,19.6,52.0
1604473117,73.0,86.0,82.0,89.0,19.6,52.0
1604473118,74.0,86.0,82.0,90.0,19.6,52.0
1604473119,75.0,86.0,83.0,90.0,19.6,52.0
1604473120,75.0,86.0,88.0,90.0,19.5,51.9
1604473121,75.0,86.0,92.0,90.0,19.5,51.9
1604473122,76.0,86.0,97.0,90.0,19.5,51.9
1604473123,77.0,85.0,102.0,90.0,19.5,51.9
1604473124,77.0,85.0,102.0,90.0,19.5,51.9
1604473125,77.0,85.0,114.0,90.0,19.6,52.1
1604473126,78.0,85.0,120.0,90.0,19.6,52.1
1604473127,78.0,86.0,125.0,89.0,19.6,52.1
1604473128,79.0,86.0,128.0,89.0,19.6,52.1
1604473129,79.0,86.0,130.0,88.0,19.6,52.1
1604473130,78.0,86.0,130.0,87.0,19.6,52.3
1604473131,78.0,85.0,127.0,87.0,19.6,52.3
1604473132,78.0,85.0,124.0,87.0,19.6,52.3
1604473133,77.0,85.0,120.0,86.0,19.6,52.3
1604473134,77.0,85.0,115.0,86.0,19.6,52.3
1604473135,76.0,85.0,110.0,86.0,19.6,52.3
1604473136,76.0,84.0,105.0,86.0,19.6,52.3
1604473137,75.0,84.0,101.0,86.0,19.6,52.3
1604473138,74.0,83.0,98.0,86.0,19.6,52.3
1604473139,74.0,83.0,95.0,86.0,19.6,52.3
1604473140,74.0,83.0,93.0,86.0,19.6,52.4
1604473141,74.0,82.0,93.0,86.0,19.6,52.4
1604473142,74.0,82.0,92.0,86.0,19.6,52.4
1604473143,74.0,82.0,92.0,86.0,19.6,52.4
1604473144,74.0,82.0,91.0,87.0,19.6,52.4
1604473145,74.0,82.0,90.0,87.0,19.6,52.4
1604473146,74.0,83.0,90.0,87.0,19.6,52.4
1604473147,74.0,83.0,88.0,88.0,19.6,52.4
1604473148,74.0,83.0,88.0,88.0,19.6,52.4
1604473149,75.0,83.0,86.0,89.0,19.6,52.4
1604473150,75.0,84.0,85.0,89.0,19.6,52.4
1604473151,75.0,84.0,85.0,89.0,19.6,52.4
1604473152,75.0,84.0,84.0,91.0,19.6,52.4
1604473153,75.0,84.0,84.0,91.0,19.6,52.4
1604473154,75.0,84.0,85.0,91.0,19.6,52.4
1604473155,75.0,84.0,85.0,92.0,19.6,52.5
1604473156,75.0,85.0,86.0,92.0,19.6,52.5
1604473157,74.0,85.0,86.0,92.0,19.6,52.5
1604473158,74.0,85.0,86.0,91.0,19.6,52.5
1604473159,74.0,85.0,87.0,91.0,19.6,52.5
1604473160,74.0,85.0,87.0,91.0,19.6,52.6
1604473161,74.0,85.0,87.0,90.0,19.6,52.6
1604473162,72.0,86.0,86.0,90.0,19.6,52.6
1604473163,72.0,86.0,86.0,90.0,19.6,52.6
1604473164,71.0,86.0,85.0,89.0,19.6,52.6
1604473165,71.0,87.0,84.0,89.0,19.6,52.7
1604473166,70.0,87.0,84.0,89.0,19.6,52.7
1604473167,70.0,87.0,83.0,89.0,19.6,52.7
1604473168,69.0,87.0,83.0,88.0,19.6,52.7
1604473169,69.0,87.0,83.0,88.0,19.6,52.7
1604473170,69.0,87.0,83.0,88.0,19.6,52.9
1604473171,69.0,87.0,83.0,88.0,19.6,52.9
1604473172,70.0,87.0,83.0,88.0,19.6,52.9
1604473173,70.0,87.0,84.0,88.0,19.6,52.9
1604473174,71.0,86.0,84.0,88.0,19.6,52.9
1604473175,72.0,86.0,85.0,89.0,19.6,52.9
1604473176,72.0,86.0,85.0,90.0,19.6,52.9
1604473177,73.0,85.0,85.0,90.0,19.6,52.9
1604473178,73.0,85.0,86.0,91.0,19.6,52.9
1604473179,73.0,85.0,86.0,91.0,19.6,52.9
1604473180,74.0,84.0,86.0,92.0,19.6,52.9
1604473181,74.0,83.0,87.0,92.0,19.6,52.9
1604473182,74.0,83.0,87.0,92.0,19.6,52.9
1604473183,74.0,82.0,87.0,93.0,19.6,52.9
1604473184,74.0,82.0,86.0,93.0,19.6,52.9
1604473185,73.91666666666667,82.0,86.0,93.0,19.6,52.9
1604473186,73.83333333333333,82.0,86.0,93.0,19.6,52.9
1604473187,73.75,82.0,86.0,93.0,19.6,52.9
1604473188,73.66666666666667,82.0,86.0,93.0,19.6,52.9
1604473189,73.58333333333333,82.0,86.0,93.0,19.6,52.9
1604473190,73.5,82.0,86.0,93.0,19.6,52.9
1604473191,73.41666666666667,82.0,86.0,93.0,19.6,52.9
1604473192,73.33333333333333,82.0,86.0,93.0,19.6,52.9
1604473193,73.25,82.0,86.0,93.0,19.6,52.9
1604473194,73.16666666666667,82.0,86.0,93.0,19.6,52.9
1604473195,73.08333333333333,82.0,86.0,93.0,19.6,52.9
1604473196,73.0,82.0,86.0,93.0,19.6,52.9
1604473197,72.91666666666667,82.0,86.0,93.0,19.6,52.9
1604473198,72.83333333333333,82.0,86.0,93.0,19.6,52.9
1604473199,72.75,82.0,86.0,93.0,19.6,52.9
1604473200,72.66666666666667,82.0,86.0,93.0,19.6,52.9
1604473201,72.58333333333333,82.0,86.0,93.0,19.6,52.9
1604473202,72.5,82.0,86.0,93.0,19.6,52.9
1604473203,72.41666666666667,82.0,86.0,93.0,19.6,52.9
1604473204,72.33333333333333,82.0,86.0,93.0,19.6,52.9
1604473205,72.25,82.0,86.0,93.0,19.6,52.9
1604473206,72.16666666666667,82.0,86.0,93.0,19.6,52.9
1604473207,72.08333333333333,82.0,86.0,93.0,19.6,52.9
1604473208,72.0,82.0,86.0,93.0,19.6,52.9
1604473209,72.0,81.0,86.0,92.0,19.6,52.9
1604473210,73.0,81.0,86.0,92.0,19.6,52.9
1604473211,73.0,81.0,86.0,92.0,19.6,52.9
1604473212,73.0,81.0,86.0,92.0,19.6,52.9
1604473213,73.0,81.0,86.0,92.0,19.6,52.9
1604473214,73.0,81.0,86.0,90.0,19.6,52.9
1604473215,73.0,81.0,86.0,90.0,19.6,52.9
1604473216,73.0,82.0,85.0,90.0,19.6,52.9
1604473217,73.0,82.0,85.0,91.0,19.6,52.9
1604473218,72.0,83.0,85.0,91.0,19.6,52.9
1604473219,72.0,83.0,85.0,91.0,19.6,52.9
1604473220,72.0,84.0,85.0,91.0,19.6,52.9
1604473221,71.0,84.0,85.0,90.0,19.6,52.9
1604473222,71.0,85.0,86.0,90.0,19.6,52.9
1604473223,71.0,85.0,86.0,89.0,19.6,52.8
1604473224,71.0,85.0,85.0,89.0,19.6,52.8
1604473225,70.0,86.0,85.0,89.0,19.6,52.8
1604473226,70.0,86.0,86.0,88.0,19.6,52.8
1604473227,70.0,86.0,86.0,88.0,19.6,52.8
1604473228,71.0,86.0,86.0,88.0,19.6,52.7
1604473229,71.0,86.0,86.0,87.0,19.6,52.7
1604473230,72.0,86.0,86.0,87.0,19.6,52.7
1604473231,72.0,86.0,86.0,87.0,19.6,52.7
1604473232,72.0,85.0,86.0,87.0,19.6,52.7
1604473233,73.0,85.0,86.0,86.0,19.6,52.6
1604473234,74.0,85.0,86.0,86.0,19.6,52.6
1604473235,75.0,85.0,86.0,85.0,19.6,52.6
1604473236,75.0,85.0,85.0,85.0,19.6,52.6
1604473237,76.0,85.0,85.0,85.0,19.6,52.6
1604473238,76.0,86.0,85.0,84.0,19.6,52.1
1604473239,76.0,86.0,85.0,84.0,19.6,52.1
1604473240,76.0,86.0,84.0,84.0,19.6,52.1
1604473241,77.0,82.0,84.0,84.0,19.6,52.1
1604473242,77.0,82.0,84.0,84.0,19.6,52.1
1604473243,77.0,81.0,84.0,85.0,19.6,52.1
1604473244,76.0,81.0,84.0,85.0,19.6,52.1
1604473245,76.0,82.0,85.0,85.0,19.6,52.1
1604473246,76.0,82.0,85.0,86.0,19.6,52.1
1604473247,75.0,82.0,86.0,86.0,19.6,52.1
1604473248,75.0,82.0,85.0,87.0,19.6,52.0
1604473249,75.0,82.0,86.0,87.0,19.6,52.0
1604473250,74.0,82.0,85.0,87.0,19.6,52.0
1604473251,74.0,82.0,85.0,88.0,19.6,52.0
1604473252,73.0,82.0,86.0,88.0,19.6,52.0
1604473253,72.0,82.0,85.0,88.0,19.6,52.0
1604473254,72.0,81.0,85.0,88.0,19.6,52.0
1604473255,72.0,81.0,85.0,88.0,19.6,52.0
1604473256,72.0,81.0,85.0,88.0,19.6,52.0
1604473257,72.0,80.0,84.0,87.0,19.6,52.0
1604473258,72.0,80.0,84.0,87.0,19.6,52.0
1604473259,72.0,80.0,84.0,87.0,19.6,52.0
1604473260,72.0,80.0,84.0,87.0,19.6,52.0
1604473261,72.0,80.0,84.0,87.0,19.6,52.0
1604473262,72.0,81.0,83.0,86.0,19.6,52.0
1604473263,73.0,81.0,83.0,86.0,19.6,52.0
1604473264,74.0,81.0,83.0,86.0,19.6,52.0
1604473265,75.0,82.0,82.0,85.0,19.6,52.0
1604473266,76.0,82.0,82.0,85.0,19.6,52.0
1604473267,76.0,82.0,82.0,85.0,19.6,52.0
1604473268,78.0,83.0,82.0,84.0,19.6,51.6
1604473269,79.0,83.0,82.0,84.0,19.6,51.6
1604473270,81.0,83.0,82.0,84.0,19.6,51.6
1604473271,84.0,83.0,82.0,84.0,19.6,51.6
1604473272,86.0,83.0,82.0,84.0,19.6,51.6
1604473273,88.0,83.0,83.0,84.0,19.6,51.5
1604473274,89.0,84.0,83.0,84.0,19.6,51.5
1604473275,91.0,84.0,83.0,85.0,19.6,51.5
1604473276,91.0,84.0,83.0,85.0,19.6,51.5
1604473277,95.0,84.0,84.0,86.0,19.6,51.5
1604473278,95.0,84.0,84.0,87.0,19.6,51.4
1604473279,96.0,85.0,85.0,88.0,19.6,51.4
1604473280,95.0,85.0,85.0,89.0,19.6,51.4
1604473281,94.0,85.0,85.0,90.0,19.6,51.4
1604473282,94.0,86.0,86.0,90.0,19.6,51.4
1604473283,90.0,87.0,86.0,91.0,19.6,51.3
1604473284,89.0,87.0,86.0,91.0,19.6,51.3
1604473285,89.0,87.0,86.0,91.0,19.6,51.3
1604473286,85.0,87.0,87.0,91.0,19.6,51.3
1604473287,83.0,87.0,87.0,91.0,19.6,51.3
1604473288,81.0,86.0,87.0,91.0,19.6,50.9
1604473289,81.0,86.0,88.0,91.0,19.6,50.9
1604473290,80.55555555555556,86.0,88.0,91.0,19.6,50.9
1604473291,80.11111111111111,86.0,88.0,91.0,19.6,50.9
1604473292,79.66666666666667,86.0,88.0,91.0,19.6,50.9
1604473293,79.22222222222223,86.0,88.0,91.0,19.6,50.9
1604473294,78.77777777777777,86.0,88.0,91.0,19.6,50.9
1604473295,78.33333333333333,86.0,88.0,91.0,19.6,50.9
1604473296,77.88888888888889,86.0,88.0,91.0,19.6,50.9
1604473297,77.44444444444444,86.0,88.0,91.0,19.6,50.9
1604473298,77.0,86.0,88.0,91.0,19.6,50.9
1604473299,77.0,85.0,89.0,91.0,19.6,50.9
1604473300,77.0,85.0,90.0,91.0,19.6,50.9
1604473301,76.0,85.0,90.0,91.0,19.6,50.8
1604473302,76.0,85.0,91.0,91.0,19.6,50.8
1604473303,76.0,86.0,91.0,91.0,19.6,50.8
1604473304,75.0,86.0,91.0,91.0,19.6,50.8
1604473305,75.0,87.0,91.0,92.0,19.6,50.8
1604473306,75.0,88.0,91.0,92.0,19.6,50.8
1604473307,75.0,88.0,91.0,92.0,19.6,50.8
1604473308,75.0,89.0,91.0,92.0,19.6,50.8
1604473309,75.0,89.0,91.0,92.0,19.6,50.8
1604473310,75.0,90.0,92.0,92.0,19.6,50.8
1604473311,75.0,90.0,91.0,92.0,19.6,50.7
1604473312,75.0,89.0,91.0,92.0,19.6,50.7
1604473313,75.0,89.0,90.0,91.0,19.6,50.7
1604473314,75.0,89.0,90.0,91.0,19.6,50.7
1604473315,74.0,88.0,90.0,91.0,19.6,50.7
1604473316,74.0,88.0,89.0,91.0,19.6,50.6
1604473317,73.0,88.0,88.0,91.0,19.6,50.6
1604473318,73.0,87.0,88.0,91.0,19.6,50.6
1604473319,72.0,87.0,87.0,91.0,19.6,50.6
1604473320,72.0,87.0,86.0,91.0,19.6,50.6
1604473321,71.0,87.0,86.0,91.0,19.5,50.2
1604473322,70.0,87.0,85.0,91.0,19.5,50.2
1604473323,70.0,88.0,85.0,91.0,19.5,50.2
1604473324,70.0,88.0,84.0,91.0,19.5,50.2
1604473325,70.0,88.0,84.0,91.0,19.5,50.2
1604473326,70.0,88.0,84.0,91.0,19.5,50.3
1604473327,70.0,88.0,84.0,91.0,19.5,50.3
1604473328,70.0,89.0,84.0,91.0,19.5,50.3
1604473329,71.0,89.0,85.0,91.0,19.5,50.3
1604473330,71.0,89.0,85.0,91.0,19.5,50.3
1604473331,72.0,89.0,85.0,91.0,19.5,50.3
1604473332,72.0,89.0,85.0,91.0,19.5,50.3
1604473333,72.0,89.0,86.0,90.0,19.5,50.3
1604473334,72.0,89.0,86.0,90.0,19.5,50.3
1604473335,73.0,88.0,87.0,90.0,19.5,50.3
1604473336,74.0,88.0,87.0,90.0,19.4,50.2
1604473337,74.0,88.0,87.0,90.0,19.4,50.2
1604473338,74.0,87.0,88.0,90.0,19.4,50.2
1604473339,74.0,87.0,89.0,90.0,19.4,50.2
1604473340,74.0,87.0,89.0,90.0,19.4,50.2
1604473341,75.0,86.0,90.0,90.0,19.5,50.3
1604473342,75.0,86.0,90.0,91.0,19.5,50.3
1604473343,75.0,86.0,90.0,91.0,19.5,50.3
1604473344,75.0,86.0,90.0,92.0,19.5,50.3
1604473345,75.0,86.0,90.0,93.0,19.5,50.3
1604473346,75.0,86.0,89.0,93.0,19.5,50.4
1604473347,75.0,87.0,89.0,93.0,19.5,50.4
1604473348,75.0,87.0,89.0,93.0,19.5,50.4
1604473349,75.0,88.0,89.0,93.0,19.5,50.4
1604473350,75.0,88.0,88.0,93.0,19.5,50.4
1604473351,75.0,88.0,87.0,93.0,19.5,50.4
1604473352,75.0,88.0,87.0,93.0,19.5,50.4
1604473353,74.0,89.0,87.0,92.0,19.5,50.4
1604473354,74.0,89.0,86.0,92.0,19.5,50.4
1604473355,74.0,89.0,86.0,91.0,19.5,50.4
1604473356,73.0,90.0,86.0,91.0,19.5,50.6
1604473357,73.0,90.0,86.0,91.0,19.5,50.6
1604473358,73.0,89.0,85.0,91.0,19.5,50.6
1604473359,73.0,89.0,85.0,91.0,19.5,50.6
1604473360,73.0,89.0,85.0,91.0,19.5,50.6
1604473361,73.0,89.0,85.0,90.0,19.4,50.5
1604473362,72.0,89.0,84.0,90.0,19.4,50.5
1604473363,72.0,88.0,84.0,90.0,19.4,50.5
1604473364,72.0,88.0,84.0,90.0,19.4,50.5
1604473365,71.0,88.0,84.0,90.0,19.4,50.5
1604473366,72.0,88.0,84.0,90.0,19.4,50.6
1604473367,72.0,87.0,84.0,89.0,19.4,50.6
1604473368,72.0,87.0,85.0,89.0,19.4,50.6
1604473369,72.0,86.0,86.0,88.0,19.4,50.6
1604473370,73.0,86.0,86.0,88.0,19.4,50.6
1604473371,73.0,86.0,86.0,88.0,19.4,50.5
1604473372,74.0,86.0,87.0,88.0,19.4,50.5
1604473373,74.0,86.0,87.0,88.0,19.4,50.5
1604473374,75.0,86.0,87.0,88.0,19.4,50.5
1604473375,75.0,86.0,88.0,88.0,19.4,50.5
1604473376,74.0,85.0,88.0,89.0,19.5,50.7
1604473377,74.0,85.0,87.0,89.0,19.5,50.7
1604473378,73.0,85.0,87.0,89.0,19.5,50.7
1604473379,73.0,85.0,87.0,89.0,19.5,50.7
1604473380,72.0,85.0,86.0,90.0,19.5,50.7
1604473381,72.0,85.0,86.0,90.0,19.4,50.7
1604473382,71.0,85.0,85.0,90.0,19.4,50.7
1604473383,71.0,85.0,85.0,90.0,19.4,50.7
1604473384,70.0,85.0,86.0,90.0,19.4,50.7
1604473385,70.0,85.0,86.0,89.0,19.4,50.7
1604473386,71.0,85.0,87.0,89.0,19.4,50.7
1604473387,71.0,85.0,87.0,88.0,19.4,50.7
1604473388,71.0,85.0,87.0,88.0,19.4,50.7
1604473389,72.0,85.0,87.0,87.0,19.4,50.7
1604473390,72.0,85.0,87.0,87.0,19.4,50.7
1604473391,73.0,85.0,88.0,86.0,19.4,50.7
1604473392,73.0,85.0,88.0,86.0,19.4,50.7
1604473393,74.0,85.0,88.0,87.0,19.4,50.7
1604473394,74.0,85.0,88.0,87.0,19.4,50.7
1604473395,74.0,84.0,88.0,88.0,19.4,50.7
1604473396,74.0,84.0,89.0,88.0,19.4,50.6
1604473397,74.0,84.0,89.0,88.0,19.4,50.6
1604473398,75.0,84.0,89.0,89.0,19.4,50.6
1604473399,75.0,84.0,89.0,89.0,19.4,50.6
1604473400,76.0,84.0,88.0,89.0,19.4,50.6
1604473401,76.0,84.0,88.0,89.0,19.4,50.5
1604473402,77.0,84.0,88.0,89.0,19.4,50.5
1604473403,77.0,84.0,88.0,88.0,19.4,50.5
1604473404,77.0,84.0,87.0,88.0,19.4,50.5
1604473405,77.0,84.0,87.0,87.0,19.4,50.5
1604473406,78.0,84.0,87.0,87.0,19.4,50.5
1604473407,78.0,85.0,87.0,87.0,19.4,50.5
1604473408,78.0,85.0,87.0,86.0,19.4,50.5
1604473409,78.0,85.0,87.0,86.0,19.4,50.5
1604473410,79.0,85.0,87.0,86.0,19.4,50.5
1604473411,78.0,85.0,87.0,86.0,19.4,50.4
1604473412,78.0,85.0,88.0,86.0,19.4,50.4
1604473413,79.0,85.0,88.0,87.0,19.4,50.4
1604473414,79.0,85.0,88.0,87.0,19.4,50.4
1604473415,79.0,85.0,88.0,87.0,19.4,50.4
1604473416,79.0,85.0,88.0,87.0,19.4,50.2
1604473417,79.0,84.0,88.0,87.0,19.4,50.2
1604473418,78.0,85.0,88.0,87.0,19.4,50.2
1604473419,78.0,85.0,89.0,87.0,19.4,50.2
1604473420,78.0,85.0,89.0,87.0,19.4,50.2
1604473421,78.0,85.0,89.0,87.0,19.4,50.6
1604473422,78.0,86.0,89.0,87.0,19.4,50.6
1604473423,78.0,86.0,90.0,88.0,19.4,50.6
1604473424,77.0,87.0,90.0,88.0,19.4,50.6
1604473425,77.0,87.0,90.0,88.0,19.4,50.6
1604473426,77.0,88.0,90.0,89.0,19.4,50.3
1604473427,76.0,88.0,90.0,89.0,19.4,50.3
1604473428,76.0,88.0,90.0,90.0,19.4,50.3
1604473429,76.0,88.0,89.0,90.0,19.4,50.3
1604473430,75.0,88.0,89.0,90.0,19.4,50.3
1604473431,75.0,88.0,88.0,90.0,19.4,50.3
1604473432,74.0,88.0,87.0,90.0,19.4,50.3
1604473433,74.0,87.0,86.0,90.0,19.4,50.3
1604473434,74.0,87.0,85.0,89.0,19.4,50.3
1604473435,73.0,87.0,85.0,88.0,19.4,50.3
1604473436,73.0,86.0,85.0,88.0,19.4,50.4
1604473437,73.0,86.0,83.0,88.0,19.4,50.4
1604473438,73.0,86.0,83.0,87.0,19.4,50.4
1604473439,74.0,86.0,82.0,87.0,19.4,50.4
1604473440,74.0,86.0,82.0,87.0,19.4,50.4
1604473441,75.0,85.0,82.0,87.0,19.4,50.4
1604473442,75.0,86.0,82.0,87.0,19.4,50.4
1604473443,76.0,86.0,82.0,87.0,19.4,50.4
1604473444,76.0,86.0,82.0,87.0,19.4,50.4
1604473445,76.0,86.0,82.0,87.0,19.4,50.4
1604473446,77.0,86.0,82.0,87.0,19.4,50.5
1604473447,77.0,86.0,82.0,87.0,19.4,50.5
1604473448,77.0,86.0,82.0,88.0,19.4,50.5
1604473449,77.0,86.0,82.0,88.0,19.4,50.5
1604473450,77.0,86.0,82.0,88.0,19.4,50.5
1604473451,77.0,86.0,82.0,88.0,19.4,50.6
1604473452,77.0,85.0,82.0,88.0,19.4,50.6
1604473453,77.0,85.0,82.0,88.0,19.4,50.6
1604473454,77.0,84.0,82.0,88.0,19.4,50.6
1604473455,77.0,84.0,82.0,88.0,19.4,50.6
1604473456,77.0,84.0,83.0,88.0,19.4,50.6
1604473457,77.0,84.0,83.0,88.0,19.4,50.6
1604473458,77.0,84.0,83.0,89.0,19.4,50.6
1604473459,77.0,84.0,84.0,89.0,19.4,50.6
1604473460,77.0,84.0,84.0,89.0,19.4,50.6
1604473461,77.0,85.0,84.0,89.0,19.4,50.6
1604473462,76.0,85.0,84.0,88.0,19.4,50.6
1604473463,76.0,86.0,84.0,88.0,19.4,50.6
1604473464,76.0,87.0,84.0,88.0,19.4,50.6
1604473465,76.0,87.0,84.0,88.0,19.4,50.6
1604473466,76.0,88.0,84.0,87.0,19.3,50.6
1604473467,75.0,88.0,83.0,87.0,19.3,50.6
1604473468,75.0,89.0,83.0,87.0,19.3,50.6
1604473469,74.0,89.0,82.0,88.0,19.3,50.6
1604473470,74.0,89.0,82.0,88.0,19.3,50.6
1604473471,74.0,88.0,82.0,88.0,19.3,50.8
1604473472,74.0,87.0,82.0,88.0,19.3,50.8
1604473473,74.0,87.0,81.0,89.0,19.3,50.8
1604473474,74.0,86.0,81.0,89.0,19.3,50.8
1604473475,74.0,86.0,81.0,89.0,19.3,50.8
1604473476,74.0,86.0,81.0,89.0,19.4,50.7
1604473477,74.0,87.0,81.0,89.0,19.4,50.7
1604473478,74.0,87.0,81.0,89.0,19.4,50.7
1604473479,74.0,88.0,80.0,89.0,19.4,50.7
1604473480,74.0,88.0,80.0,89.0,19.4,50.7
1604473481,74.0,89.0,80.0,89.0,19.3,50.7
1604473482,74.0,90.0,80.0,88.0,19.3,50.7
1604473483,74.0,90.0,80.0,88.0,19.3,50.7
1604473484,74.0,90.0,80.0,88.0,19.3,50.7
1604473485,74.0,91.0,80.0,88.0,19.3,50.7
1604473486,74.0,91.0,80.0,88.0,19.4,50.9
1604473487,74.0,91.0,80.0,87.0,19.4,50.9
1604473488,73.0,91.0,80.0,87.0,19.4,50.9
1604473489,73.0,91.0,81.0,87.0,19.4,50.9
1604473490,73.0,90.0,82.0,87.0,19.4,50.9
1604473491,73.0,90.0,83.0,88.0,19.3,51.0
1604473492,73.0,89.0,84.0,88.0,19.3,51.0
1604473493,73.0,89.0,84.0,88.0,19.3,51.0
1604473494,73.0,88.0,85.0,88.0,19.3,51.0
1604473495,74.0,88.0,86.0,88.0,19.3,51.0
1604473496,74.0,88.0,87.0,89.0,19.3,51.1
1604473497,75.0,87.0,88.0,89.0,19.3,51.1
1604473498,75.11111111111111,87.0,88.11111111111111,89.0,19.3,51.1
1604473499,75.22222222222223,87.0,88.22222222222223,89.0,19.3,51.1
1604473500,75.33333333333333,87.0,88.33333333333333,89.0,19.3,51.1
1604473501,75.44444444444444,87.0,88.44444444444444,89.0,19.3,51.1
1604473502,75.55555555555556,87.0,88.55555555555556,89.0,19.3,51.1
1604473503,75.66666666666667,87.0,88.66666666666667,89.0,19.3,51.1
1604473504,75.77777777777777,87.0,88.77777777777777,89.0,19.3,51.1
1604473505,75.88888888888889,87.0,88.88888888888889,89.0,19.3,51.1
1604473506,76.0,87.0,89.0,89.0,19.3,51.1
1604473507,75.0,87.0,89.0,89.0,19.3,51.1
1604473508,75.0,87.0,90.0,89.0,19.3,51.1
1604473509,75.0,87.0,90.0,89.0,19.3,51.1
1604473510,75.0,86.0,91.0,89.0,19.3,51.1
1604473511,75.0,86.0,91.0,89.0,19.3,51.1
1604473512,75.0,86.0,92.0,89.0,19.3,51.1
1604473513,74.0,86.0,92.0,89.0,19.3,51.1
1604473514,74.0,86.0,92.0,89.0,19.4,50.9
1604473515,74.0,86.0,92.0,90.0,19.4,50.9
1604473516,74.0,86.0,93.0,90.0,19.4,50.9
1604473517,74.0,85.0,94.0,91.0,19.4,50.9
1604473518,74.0,85.0,94.0,92.0,19.4,50.9
1604473519,74.0,85.0,93.0,92.0,19.4,50.9
1604473520,74.0,85.0,93.0,92.0,19.4,50.9
1604473521,74.0,85.0,93.0,93.0,19.4,50.9
1604473522,74.0,84.0,93.0,93.0,19.4,50.9
1604473523,73.0,84.0,92.0,93.0,19.4,50.9
1604473524,73.0,84.0,92.0,93.0,19.3,50.8
1604473525,74.0,84.0,91.0,92.0,19.3,50.8
1604473526,74.0,84.0,91.0,92.0,19.3,50.8
1604473527,74.0,83.0,90.0,92.0,19.3,50.8
1604473528,74.0,84.0,90.0,91.0,19.3,50.8
1604473529,74.0,84.0,91.0,91.0,19.4,50.8
1604473530,74.0,84.0,91.0,90.0,19.4,50.8
1604473531,74.0,84.0,91.0,90.0,19.4,50.8
1604473532,74.0,84.0,90.0,89.0,19.4,50.8
1604473533,75.0,84.0,89.0,89.0,19.4,50.8
1604473534,75.0,84.0,89.0,89.0,19.4,50.6
1604473535,75.0,85.0,89.0,87.0,19.4,50.6
1604473536,75.0,85.0,88.0,87.0,19.4,50.6
1604473537,75.0,85.0,88.0,86.0,19.4,50.6
1604473538,75.0,85.0,87.0,86.0,19.4,50.6
1604473539,75.0,86.0,86.0,86.0,19.4,50.6
1604473540,75.0,86.0,86.0,86.0,19.4,50.6
1604473541,75.0,86.0,85.0,85.0,19.4,50.6
1604473542,75.0,86.0,86.0,85.0,19.4,50.6
1604473543,76.0,87.0,86.0,85.0,19.4,50.6
1604473544,76.0,87.0,86.0,85.0,19.4,50.5
1604473545,76.0,88.0,86.0,86.0,19.4,50.5
1604473546,76.0,88.0,86.0,86.0,19.4,50.5
1604473547,77.0,88.0,87.0,87.0,19.4,50.5
1604473548,77.0,88.0,88.0,87.0,19.4,50.5
1604473549,77.0,88.0,88.0,88.0,19.3,50.4
1604473550,77.0,88.0,88.0,88.0,19.3,50.4
1604473551,77.0,88.0,89.0,89.0,19.3,50.4
1604473552,77.0,87.0,88.0,89.0,19.3,50.4
1604473553,77.0,87.0,88.0,90.0,19.3,50.4
1604473554,77.0,87.0,88.0,90.0,19.4,50.4
1604473555,77.0,87.0,88.0,90.0,19.4,50.4
1604473556,76.0,86.0,86.0,90.0,19.4,50.4
1604473557,76.0,86.0,85.0,91.0,19.4,50.4
1604473558,75.0,85.0,85.0,91.0,19.4,50.4
1604473559,74.0,85.0,84.0,91.0,19.4,50.4
1604473560,74.0,85.0,84.0,91.0,19.4,50.4
1604473561,73.0,85.0,83.0,91.0,19.4,50.4
1604473562,72.0,85.0,83.0,91.0,19.4,50.4
1604473563,71.0,85.0,84.0,91.0,19.4,50.4
1604473564,71.0,85.0,84.0,91.0,19.4,50.3
1604473565,71.0,84.0,84.0,90.0,19.4,50.3
1604473566,70.0,84.0,85.0,90.0,19.4,50.3
1604473567,70.0,85.0,85.0,90.0,19.4,50.3
1604473568,70.0,85.0,86.0,90.0,19.4,50.3
1604473569,70.0,85.0,86.0,90.0,19.4,50.3
1604473570,70.0,85.0,86.0,89.0,19.4,50.3
1604473571,71.0,85.0,86.0,89.0,19.4,50.3
1604473572,71.0,85.0,86.0,89.0,19.4,50.3
1604473573,72.0,85.0,86.0,89.0,19.4,50.3
1604473574,73.0,85.0,86.0,89.0,19.4,50.2
1604473575,73.0,85.0,85.0,89.0,19.4,50.2
1604473576,73.0,84.0,85.0,89.0,19.4,50.2
1604473577,73.0,84.0,84.0,88.0,19.4,50.2
1604473578,73.0,84.0,84.0,88.0,19.4,50.2
1604473579,73.0,84.0,84.0,88.0,19.4,50.0
1604473580,73.0,84.0,84.0,88.0,19.4,50.0
1604473581,73.0,84.0,84.0,88.0,19.4,50.0
1604473582,73.0,84.0,84.0,88.0,19.4,50.0
1604473583,73.0,84.0,85.0,87.0,19.4,50.0
1604473584,73.0,84.0,85.0,87.0,19.4,50.0
1604473585,73.0,84.0,85.0,87.0,19.4,50.0
1604473586,73.0,84.0,85.0,87.0,19.4,50.0
1604473587,73.0,84.0,85.0,87.0,19.4,50.0
1604473588,73.0,85.0,85.0,87.0,19.4,50.0
1604473589,73.0,85.0,85.0,86.0,19.4,50.0
1604473590,72.0,85.0,85.0,86.0,19.4,50.0
1604473591,72.0,86.0,85.0,86.0,19.4,50.0
1604473592,72.0,86.0,85.0,86.0,19.4,50.0
1604473593,72.0,86.0,85.0,86.0,19.4,50.0
1604473594,71.0,87.0,85.0,86.0,19.4,50.0
1604473595,71.0,87.0,86.0,86.0,19.4,50.0
1604473596,71.0,87.0,86.0,87.0,19.4,50.0
1604473597,70.0,87.0,87.0,87.0,19.4,50.0
1604473598,70.0,87.0,88.0,87.0,19.4,50.0
1604473599,70.0,86.0,88.0,87.0,19.4,50.1
1604473600,70.0,86.0,89.0,87.0,19.4,50.1
1604473601,70.0,86.0,90.0,87.0,19.4,50.1
1604473602,70.0,85.0,90.0,87.0,19.4,50.1
1604473603,70.0,85.0,91.0,87.0,19.4,50.1
1604473604,70.0,85.0,91.0,86.0,19.4,50.1
1604473605,70.0,85.0,91.0,86.0,19.4,50.1
1604473606,70.0,85.0,90.0,86.0,19.4,50.1
1604473607,70.0,85.0,90.0,86.0,19.4,50.1
1604473608,70.0,85.0,90.0,86.0,19.4,50.1
1604473609,70.0,85.0,89.0,86.0,19.4,50.1
1604473610,70.0,85.0,89.0,86.0,19.4,50.1
1604473611,70.0,85.0,88.0,86.0,19.4,50.1
1604473612,70.0,85.0,87.0,86.0,19.4,50.1
1604473613,70.0,85.0,86.0,86.0,19.4,50.1
1604473614,70.0,84.0,86.0,87.0,19.4,50.1
1604473615,70.0,84.0,85.0,87.0,19.4,50.1
1604473616,70.0,83.0,85.0,87.0,19.4,50.1
1604473617,71.0,83.0,84.0,87.0,19.4,50.1
1604473618,71.0,83.0,84.0,87.0,19.4,50.1
1604473619,71.0,83.0,83.0,87.0,19.4,50.0
1604473620,72.0,83.0,83.0,87.0,19.4,50.0
1604473621,72.0,84.0,83.0,87.0,19.4,50.0
1604473622,73.0,84.0,82.0,87.0,19.4,50.0
1604473623,74.0,85.0,82.0,86.0,19.4,50.0
1604473624,74.0,85.0,83.0,86.0,19.4,50.0
1604473625,74.0,85.0,83.0,86.0,19.4,50.0
1604473626,75.0,85.0,83.0,86.0,19.4,50.0
1604473627,75.0,85.0,83.0,87.0,19.4,50.0
1604473628,76.0,84.0,83.0,87.0,19.4,50.0
1604473629,76.0,84.0,84.0,87.0,19.4,50.0
1604473630,76.0,84.0,84.0,88.0,19.4,50.0
1604473631,75.0,83.0,84.0,88.0,19.4,50.0
1604473632,75.0,82.0,85.0,89.0,19.4,50.0
1604473633,75.0,82.0,85.0,89.0,19.4,50.0
1604473634,75.0,81.0,85.0,89.0,19.4,50.0
1604473635,75.0,81.0,85.0,89.0,19.4,50.0
1604473636,75.0,81.0,85.0,89.0,19.4,50.0
1604473637,74.0,81.0,86.0,89.0,19.4,50.0
1604473638,74.0,81.0,86.0,88.0,19.4,50.0
1604473639,74.0,81.0,86.0,88.0,19.4,50.0
1604473640,74.0,81.0,86.0,88.0,19.4,50.0
1604473641,75.0,82.0,86.0,87.0,19.4,50.0
1604473642,75.0,83.0,86.0,87.0,19.4,50.0
1604473643,75.0,84.0,85.0,87.0,19.4,50.0
1604473644,75.0,85.0,85.0,87.0,19.4,50.2
1604473645,75.0,86.0,85.0,87.0,19.4,50.2
1604473646,75.0,86.0,85.0,87.0,19.4,50.2
1604473647,74.0,87.0,85.0,88.0,19.4,50.2
1604473648,74.0,88.0,85.0,89.0,19.4,50.2
1604473649,74.0,88.0,86.0,89.0,19.4,50.3
1604473650,74.0,88.0,86.0,90.0,19.4,50.3
1604473651,74.0,88.0,87.0,90.0,19.4,50.3
1604473652,74.0,88.0,87.0,90.0,19.4,50.3
1604473653,74.0,88.0,87.0,89.0,19.4,50.3
1604473654,74.0,88.0,87.0,89.0,19.5,50.4
1604473655,74.0,87.0,88.0,89.0,19.5,50.4
1604473656,74.0,87.0,88.0,88.0,19.5,50.4
1604473657,75.0,87.0,88.0,88.0,19.5,50.4
1604473658,75.0,86.0,88.0,88.0,19.5,50.4
1604473659,75.0,86.0,87.0,87.0,19.5,50.5
1604473660,75.0,86.0,87.0,87.0,19.5,50.5
1604473661,74.0,86.0,87.0,87.0,19.5,50.5
1604473662,74.0,86.0,87.0,87.0,19.5,50.5
1604473663,74.0,85.0,88.0,88.0,19.5,50.5
1604473664,74.0,85.0,88.0,88.0,19.4,50.8
1604473665,74.0,85.0,88.0,88.0,19.4,50.8
1604473666,73.0,84.0,88.0,88.0,19.4,50.8
1604473667,74.0,84.0,88.0,88.0,19.4,50.8
1604473668,74.0,84.0,88.0,88.0,19.4,50.8
1604473669,73.0,83.0,88.0,88.0,19.4,50.9
1604473670,74.0,83.0,88.0,88.0,19.4,50.9
1604473671,74.0,83.0,88.0,88.0,19.4,50.9
1604473672,74.0,82.0,88.0,87.0,19.4,50.9
1604473673,74.0,82.0,87.0,87.0,19.4,50.9
1604473674,74.0,82.0,87.0,87.0,19.4,50.8
1604473675,75.0,83.0,87.0,87.0,19.4,50.8
1604473676,75.0,83.0,86.0,87.0,19.4,50.8
1604473677,75.0,84.0,86.0,87.0,19.4,50.8
1604473678,75.0,84.0,85.0,87.0,19.4,50.8
1604473679,75.0,85.0,85.0,87.0,19.4,50.8
1604473680,75.0,85.0,85.0,88.0,19.4,50.8
1604473681,75.0,87.0,85.0,88.0,19.4,50.8
1604473682,75.0,87.0,85.0,88.0,19.4,50.8
1604473683,75.0,88.0,85.0,89.0,19.4,50.8
1604473684,74.0,88.0,85.0,89.0,19.4,50.9
1604473685,74.0,88.0,86.0,89.0,19.4,50.9
1604473686,74.0,87.0,86.0,89.0,19.4,50.9
1604473687,73.0,87.0,86.0,89.0,19.4,50.9
1604473688,73.0,87.0,87.0,90.0,19.4,50.9
1604473689,73.0,87.0,87.0,89.0,19.4,50.9
1604473690,73.0,88.0,88.0,89.0,19.4,50.9
1604473691,73.0,88.0,89.0,89.0,19.4,50.9
1604473692,73.0,88.0,89.0,88.0,19.4,50.9
1604473693,73.0,89.0,90.0,88.0,19.4,50.9
1604473694,73.0,88.0,90.0,87.0,19.4,51.0
1604473695,73.0,88.0,90.0,87.0,19.4,51.0
1604473696,73.0,84.0,90.0,87.0,19.4,51.0
1604473697,73.0,83.0,90.0,87.0,19.4,51.0
1604473698,74.0,82.0,90.0,87.0,19.4,51.0
1604473699,75.0,81.0,90.0,87.0,19.3,50.7
1604473700,75.0,80.0,90.0,87.0,19.3,50.7
1604473701,75.0,80.0,89.0,87.0,19.3,50.7
1604473702,75.0,79.0,88.0,87.0,19.3,50.7
1604473703,76.0,79.0,88.0,88.0,19.3,50.7
1604473704,76.0,79.0,87.0,88.0,19.3,50.7
1604473705,76.0,79.0,87.0,88.0,19.3,50.7
1604473706,76.0,79.0,87.0,88.0,19.3,50.7
1604473707,76.0,80.0,87.0,88.0,19.3,50.7
1604473708,75.66666666666667,80.0,87.0,88.0,19.3,50.7
1604473709,75.33333333333333,80.0,87.0,88.0,19.3,50.7
1604473710,75.0,80.0,87.0,88.0,19.3,50.7
1604473711,74.66666666666667,80.0,87.0,88.0,19.3,50.7
1604473712,74.33333333333333,80.0,87.0,88.0,19.3,50.7
1604473713,74.0,80.0,87.0,88.0,19.3,50.7
1604473714,73.66666666666667,80.0,87.0,88.0,19.3,50.7
1604473715,73.33333333333333,80.0,87.0,88.0,19.3,50.7
1604473716,73.0,80.0,87.0,88.0,19.3,50.7
1604473717,73.0,81.0,86.0,88.0,19.4,50.8
1604473718,73.0,81.0,86.0,88.0,19.4,50.8
1604473719,73.0,81.0,86.0,88.0,19.4,50.8
1604473720,74.0,82.0,86.0,88.0,19.4,50.8
1604473721,74.0,81.0,86.0,88.0,19.4,50.8
1604473722,75.0,81.0,86.0,88.0,19.3,50.7
1604473723,76.0,81.0,86.0,88.0,19.3,50.7
1604473724,76.0,80.0,86.0,88.0,19.3,50.7
1604473725,76.0,80.0,85.0,88.0,19.3,50.7
1604473726,77.0,80.0,85.0,87.0,19.3,50.7
1604473727,77.0,79.0,85.0,87.0,19.3,50.7
1604473728,77.0,79.0,84.0,87.0,19.3,50.7
1604473729,77.0,79.0,84.0,87.0,19.3,50.7
1604473730,76.0,79.0,84.0,87.0,19.3,50.7
1604473731,76.0,80.0,83.0,86.0,19.3,50.7
1604473732,76.0,80.0,83.0,86.0,19.3,50.7
1604473733,76.0,80.0,83.0,86.0,19.3,50.7
1604473734,74.0,81.0,83.0,86.0,19.3,50.7
1604473735,74.0,81.0,83.0,87.0,19.3,50.7
1604473736,73.0,81.0,82.0,87.0,19.3,50.7
1604473737,73.0,81.0,82.0,87.0,19.3,50.7
1604473738,72.0,81.0,83.0,87.0,19.3,50.7
1604473739,72.0,81.0,83.0,87.0,19.3,50.7
1604473740,71.0,81.0,83.0,87.0,19.3,50.7
1604473741,71.0,81.0,83.0,87.0,19.3,50.7
1604473742,71.0,81.0,83.0,87.0,19.3,50.8
1604473743,71.0,80.0,84.0,87.0,19.3,50.8
1604473744,71.0,80.0,84.0,87.0,19.3,50.8
1604473745,71.0,80.0,84.0,86.0,19.3,50.8
1604473746,71.0,80.0,85.0,85.0,19.3,50.8
1604473747,71.0,80.0,85.0,85.0,19.3,50.9
1604473748,71.0,79.0,85.0,85.0,19.3,50.9
1604473749,71.0,79.0,85.0,85.0,19.3,50.9
1604473750,72.0,79.0,86.0,86.0,19.3,50.9
1604473751,72.0,79.0,86.0,86.0,19.3,50.9
1604473752,72.0,79.0,86.0,87.0,19.3,50.8
1604473753,73.0,78.0,86.0,87.0,19.3,50.8
1604473754,73.0,78.0,86.0,88.0,19.3,50.8
1604473755,73.0,78.0,86.0,88.0,19.3,50.8
1604473756,74.0,78.0,86.0,88.0,19.3,50.8
1604473757,74.0,78.0,86.0,90.0,19.3,50.9
1604473758,74.0,78.0,86.0,90.0,19.3,50.9
1604473759,75.0,78.0,86.0,90.0,19.3,50.9
1604473760,75.0,78.0,86.0,90.0,19.3,50.9
1604473761,75.0,78.0,86.0,90.0,19.3,50.9
1604473762,75.0,78.0,85.0,89.0,19.2,50.7
1604473763,75.0,78.0,85.0,89.0,19.2,50.7
1604473764,75.0,78.0,85.0,88.0,19.2,50.7
1604473765,74.0,79.0,85.0,87.0,19.2,50.7
1604473766,74.0,78.0,85.0,87.0,19.2,50.7
1604473767,74.0,78.0,85.0,86.0,19.2,50.6
1604473768,73.0,78.0,85.0,86.0,19.2,50.6
1604473769,73.0,79.0,84.0,86.0,19.2,50.6
1604473770,74.0,79.0,84.0,85.0,19.2,50.6
1604473771,74.0,79.0,84.0,85.0,19.2,50.6
1604473772,74.0,79.0,84.0,85.0,19.2,50.7
1604473773,75.0,79.0,83.0,86.0,19.2,50.7
1604473774,75.0,79.0,83.0,86.0,19.2,50.7
1604473775,76.0,79.0,83.0,86.0,19.2,50.7
1604473776,76.0,79.0,84.0,86.0,19.2,50.7
1604473777,76.0,80.0,84.0,87.0,19.2,50.7
1604473778,77.0,80.0,84.0,87.0,19.2,50.7
1604473779,77.0,81.0,85.0,87.0,19.2,50.7
1604473780,77.0,81.0,85.0,87.0,19.2,50.7
1604473781,76.0,81.0,86.0,87.0,19.2,50.7
1604473782,76.0,81.0,87.0,87.0,19.2,50.7
1604473783,76.0,82.0,87.0,86.0,19.2,50.7
1604473784,76.0,82.0,88.0,86.0,19.2,50.7
1604473785,76.0,83.0,88.0,86.0,19.2,50.7
1604473786,76.0,83.0,88.0,86.0,19.2,50.7
1604473787,76.0,83.0,88.0,85.0,19.2,50.8
1604473788,76.0,83.0,88.0,85.0,19.2,50.8
1604473789,76.0,83.0,87.0,85.0,19.2,50.8
1604473790,76.0,82.0,87.0,85.0,19.2,50.8
1604473791,76.0,82.0,86.0,85.0,19.2,50.8
1604473792,77.0,82.0,86.0,84.0,19.2,50.8
1604473793,77.0,82.0,85.0,84.0,19.2,50.8
1604473794,77.0,81.0,85.0,84.0,19.2,50.8
1604473795,77.0,81.0,84.0,84.0,19.2,50.8
1604473796,77.0,80.0,84.0,84.0,19.2,50.8
1604473797,77.0,80.0,84.0,84.0,19.2,51.2
1604473798,76.0,80.0,84.0,84.0,19.2,51.2
1604473799,76.0,80.0,84.0,84.0,19.2,51.2
1604473800,76.0,80.0,84.0,84.0,19.2,51.2
1604473801,76.0,81.0,85.0,84.0,19.2,51.2
1604473802,76.0,81.0,85.0,85.0,19.2,51.2
1604473803,76.0,81.0,85.0,85.0,19.2,51.2
1604473804,76.0,82.0,85.0,85.0,19.2,51.2
1604473805,75.0,83.0,85.0,86.0,19.2,51.2
1604473806,75.0,83.0,86.0,86.0,19.2,51.2
1604473807,74.0,83.0,86.0,86.0,19.2,51.2
1604473808,74.0,84.0,86.0,86.0,19.2,51.2
1604473809,73.0,84.0,86.0,86.0,19.2,51.2
1604473810,73.0,84.0,86.5,86.5,19.2,51.2
1604473811,73.0,84.0,87.0,87.0,19.2,51.2
1604473812,73.0,84.0,87.0,87.0,19.2,51.2
1604473813,72.0,84.0,87.0,88.0,19.2,51.5
1604473814,72.0,84.0,87.0,88.0,19.2,51.5
1604473815,71.0,83.0,87.0,88.0,19.2,51.5
1604473816,71.0,83.0,87.0,89.0,19.2,51.5
1604473817,71.0,83.0,87.0,89.0,19.2,51.5
1604473818,72.0,83.0,87.0,89.0,19.2,51.5
1604473819,72.0,83.0,87.0,89.0,19.2,51.5
1604473820,72.0,83.0,87.0,89.0,19.2,51.5
1604473821,72.0,82.0,87.0,89.0,19.2,51.5
1604473822,73.0,82.0,87.0,89.0,19.2,51.5
1604473823,73.0,82.0,87.0,88.0,19.2,51.6
1604473824,73.0,82.0,87.0,88.0,19.2,51.6
1604473825,74.0,82.0,86.0,87.0,19.2,51.6
1604473826,74.0,82.0,86.0,86.0,19.2,51.6
1604473827,74.0,82.0,85.0,86.0,19.2,51.6
1604473828,74.0,81.0,85.0,86.0,19.2,51.6
1604473829,74.0,81.0,84.0,85.0,19.2,51.6
1604473830,74.0,81.0,84.0,85.0,19.2,51.6
1604473831,74.0,81.0,83.0,84.0,19.2,51.6
1604473832,74.0,81.0,83.0,84.0,19.2,51.6
1604473833,74.0,81.0,82.0,84.0,19.2,51.4
1604473834,74.0,81.0,82.0,84.0,19.2,51.4
1604473835,74.0,81.0,82.0,84.0,19.2,51.4
1604473836,74.0,82.0,83.0,84.0,19.2,51.4
1604473837,74.0,82.0,83.0,84.0,19.2,51.4
1604473838,75.0,82.0,84.0,85.0,19.2,51.4
1604473839,75.0,83.0,85.0,85.0,19.2,51.4
1604473840,75.0,83.0,86.0,85.0,19.2,51.4
1604473841,75.0,83.0,87.0,86.0,19.2,51.4
1604473842,76.0,84.0,87.0,86.0,19.2,51.4
1604473843,76.0,84.0,88.0,86.0,19.2,51.4
1604473844,76.0,84.0,89.0,87.0,19.2,51.4
1604473845,76.0,84.0,89.0,86.0,19.2,51.4
1604473846,76.0,84.0,89.0,86.0,19.2,51.4
1604473847,76.0,84.0,90.0,86.0,19.2,51.4
1604473848,76.0,84.0,90.0,86.0,19.2,51.4
1604473849,76.0,84.0,90.0,85.0,19.2,51.4
1604473850,75.0,84.0,90.0,84.0,19.2,51.4
1604473851,75.0,84.0,90.0,84.0,19.2,51.4
1604473852,75.0,84.0,90.0,84.0,19.2,51.4
1604473853,74.0,84.0,90.0,83.0,19.2,51.4
1604473854,74.0,84.0,89.0,83.0,19.2,51.4
1604473855,74.0,84.0,88.0,83.0,19.2,51.4
1604473856,74.0,84.0,88.0,83.0,19.2,51.4
1604473857,74.0,84.0,87.0,83.0,19.2,51.4
1604473858,74.0,84.0,87.0,83.0,19.2,51.3
1604473859,74.0,84.0,86.0,84.0,19.2,51.3
1604473860,74.0,83.0,86.0,84.0,19.2,51.3
1604473861,74.0,83.0,85.0,84.0,19.2,51.3
1604473862,75.0,83.0,85.0,84.0,19.2,51.3
1604473863,75.0,82.0,85.0,85.0,19.2,51.4
1604473864,76.0,82.0,85.0,85.0,19.2,51.4
1604473865,77.0,82.0,85.0,85.0,19.2,51.4
1604473866,77.0,81.0,85.0,86.0,19.2,51.4
1604473867,77.0,81.0,84.0,86.0,19.2,51.4
1604473868,77.0,81.0,84.0,86.0,19.2,51.4
1604473869,77.0,81.0,84.0,86.0,19.2,51.4
1604473870,77.0,81.0,84.0,85.0,19.2,51.4
1604473871,77.0,81.0,84.0,85.0,19.2,51.4
1604473872,76.0,82.0,84.0,84.0,19.2,51.4
1604473873,76.0,82.0,84.0,84.0,19.2,51.5
1604473874,76.0,83.0,84.0,84.0,19.2,51.5
1604473875,74.0,83.0,84.0,84.0,19.2,51.5
1604473876,74.0,84.0,84.0,83.0,19.2,51.5
1604473877,73.0,84.0,85.0,83.0,19.2,51.5
1604473878,73.0,85.0,86.0,84.0,19.2,51.6
1604473879,72.0,85.0,86.0,84.0,19.2,51.6
1604473880,71.0,86.0,87.0,84.0,19.2,51.6
1604473881,71.0,86.0,87.0,85.0,19.2,51.6
1604473882,71.0,87.0,88.0,86.0,19.2,51.6
1604473883,72.0,87.0,88.0,87.0,19.2,51.7
1604473884,72.0,87.0,88.0,87.0,19.2,51.7
1604473885,72.0,87.0,88.0,88.0,19.2,51.7
1604473886,73.0,88.0,88.0,88.0,19.2,51.7
1604473887,73.0,88.0,88.0,88.0,19.2,51.7
1604473888,73.0,88.0,88.0,88.0,19.2,52.0
1604473889,74.0,88.0,88.0,88.0,19.2,52.0
1604473890,75.0,89.0,88.0,87.0,19.2,52.0
1604473891,75.0,88.0,88.0,87.0,19.2,52.0
1604473892,75.0,88.0,87.0,86.0,19.2,52.0
1604473893,76.0,88.0,87.0,86.0,19.2,51.9
1604473894,76.0,88.0,87.0,85.0,19.2,51.9
1604473895,75.0,88.0,87.0,85.0,19.2,51.9
1604473896,75.0,87.0,87.0,85.0,19.2,51.9
1604473897,74.0,86.0,86.0,85.0,19.2,51.9
1604473898,74.0,86.0,86.0,85.0,19.2,51.8
1604473899,73.0,86.0,86.0,85.0,19.2,51.8
1604473900,73.0,84.0,87.0,85.0,19.2,51.8
1604473901,72.0,84.0,87.0,84.0,19.2,51.8
1604473902,72.0,83.0,87.0,84.0,19.2,51.8
1604473903,71.0,82.0,87.0,83.0,19.2,51.7
1604473904,70.0,82.0,87.0,83.0,19.2,51.7
1604473905,70.0,82.0,88.0,82.0,19.2,51.7
1604473906,70.0,81.0,88.0,82.0,19.2,51.7
1604473907,70.0,81.0,89.0,82.0,19.2,51.7
1604473908,70.0,81.0,89.0,82.0,19.2,51.6
1604473909,71.0,81.0,90.0,82.0,19.2,51.6
1604473910,71.0,81.0,90.0,82.0,19.2,51.6
1604473911,72.0,81.0,90.0,82.0,19.2,51.6
1604473912,72.0,81.0,89.0,82.0,19.2,51.6
1604473913,73.0,81.0,89.0,83.0,19.2,51.6
1604473914,74.0,81.0,88.0,83.0,19.2,51.6
1604473915,74.0,81.0,88.0,83.0,19.2,51.6
1604473916,74.0,81.0,87.0,83.0,19.2,51.6
1604473917,74.0,81.0,86.0,83.0,19.2,51.6
1604473918,74.0,81.0,86.0,83.0,19.2,51.6
1604473919,74.0,81.0,86.0,83.0,19.2,51.6
1604473920,74.0,81.0,86.0,83.0,19.2,51.6
1604473921,74.0,81.0,86.0,83.0,19.2,51.6
1604473922,74.0,81.0,86.0,83.0,19.2,51.6
1604473923,74.0,81.0,86.0,83.0,19.2,51.6
1604473924,74.0,81.0,86.0,83.0,19.2,51.6
1604473925,74.0,81.0,86.0,83.0,19.2,51.6
1604473926,74.0,81.0,86.0,83.0,19.2,51.6
1604473927,74.0,81.0,85.0,83.0,19.2,51.6
1604473928,74.0,79.0,85.0,84.0,19.2,51.6
1604473929,74.0,79.0,85.0,83.0,19.2,51.6
1604473930,75.0,79.0,84.0,83.0,19.2,51.6
1604473931,75.0,79.0,83.0,83.0,19.3,51.6
1604473932,75.0,79.0,83.0,83.0,19.3,51.6
1604473933,75.0,79.0,83.0,83.0,19.3,51.6
1604473934,76.0,79.0,83.0,83.0,19.3,51.6
1604473935,76.0,79.0,83.0,83.0,19.3,51.6
1604473936,77.0,79.0,83.0,83.0,19.2,51.5
1604473937,77.0,79.0,83.0,82.0,19.2,51.5
1604473938,77.0,79.0,83.0,82.0,19.2,51.5
1604473939,77.0,79.0,83.0,82.0,19.2,51.5
1604473940,76.0,80.0,83.0,82.0,19.2,51.5
1604473941,76.0,80.0,83.0,82.0,19.2,51.5
1604473942,76.0,80.0,83.0,82.0,19.2,51.5
1604473943,76.0,80.0,84.0,82.0,19.2,51.5
1604473944,76.0,80.0,84.0,82.0,19.2,51.5
1604473945,76.0,80.0,84.0,82.0,19.2,51.5
1604473946,75.0,80.0,84.0,81.0,19.2,51.6
1604473947,75.0,80.0,84.0,81.0,19.2,51.6
1604473948,75.0,79.0,84.0,81.0,19.2,51.6
1604473949,74.0,79.0,84.0,81.0,19.2,51.6
1604473950,74.0,78.0,83.0,80.0,19.2,51.6
1604473951,74.0,78.0,83.0,80.0,19.2,51.7
1604473952,73.0,78.0,83.0,79.0,19.2,51.7
1604473953,73.0,78.0,82.0,79.0,19.2,51.7
1604473954,72.0,77.0,82.0,79.0,19.2,51.7
1604473955,72.0,77.0,82.0,79.0,19.2,51.7
1604473956,72.0,77.0,82.0,81.0,19.3,51.8
1604473957,72.0,77.0,82.0,82.0,19.3,51.8
1604473958,73.0,77.0,82.0,82.0,19.3,51.8
1604473959,73.0,77.0,82.0,83.0,19.3,51.8
1604473960,73.0,77.0,82.0,84.0,19.3,51.8
1604473961,74.0,77.0,83.0,84.0,19.2,51.8
1604473962,75.0,78.0,83.0,84.0,19.2,51.8
1604473963,75.0,78.0,83.0,84.0,19.2,51.8
1604473964,76.0,79.0,83.0,85.0,19.2,51.8
1604473965,77.0,79.0,84.0,85.0,19.2,51.8
1604473966,77.0,80.0,84.0,84.0,19.2,51.8
1604473967,77.0,80.0,84.0,84.0,19.2,51.8
1604473968,77.0,81.0,84.0,84.0,19.2,51.8
1604473969,77.0,82.0,84.0,83.0,19.2,51.8
1604473970,77.0,82.0,84.0,83.0,19.2,51.8
1604473971,77.0,83.0,84.0,83.0,19.2,51.3
1604473972,77.0,83.0,83.0,83.0,19.2,51.3
1604473973,77.0,83.0,83.0,83.0,19.2,51.3
1604473974,76.0,83.0,82.0,82.0,19.2,51.3
1604473975,75.0,83.0,82.0,82.0,19.2,51.3
1604473976,75.0,83.0,82.0,83.0,19.3,51.9
1604473977,75.0,82.0,82.0,83.0,19.3,51.9
1604473978,74.0,82.0,81.0,83.0,19.3,51.9
1604473979,74.0,81.0,81.0,84.0,19.3,51.9
1604473980,74.0,80.0,81.0,84.0,19.3,51.9
1604473981,74.0,80.0,81.0,84.0,19.3,51.9
1604473982,74.0,79.0,81.0,84.0,19.3,51.9
1604473983,74.0,78.0,81.0,85.0,19.3,51.9
1604473984,74.0,78.0,82.0,85.0,19.3,51.9
1604473985,74.0,78.0,82.0,85.0,19.3,51.9
1604473986,73.0,78.0,83.0,85.0,19.3,51.8
1604473987,73.0,78.0,83.0,85.0,19.3,51.8
1604473988,73.0,78.0,83.0,85.0,19.3,51.8
1604473989,73.0,78.0,83.0,85.0,19.3,51.8
1604473990,73.0,79.0,84.0,86.0,19.3,51.8
1604473991,73.0,79.0,84.0,86.0,19.3,51.7
1604473992,73.0,80.0,84.0,86.0,19.3,51.7
1604473993,73.0,80.0,84.0,85.0,19.3,51.7
1604473994,74.0,80.0,84.0,85.0,19.3,51.7
1604473995,74.0,80.0,84.0,85.0,19.3,51.7
1604473996,74.0,80.0,84.0,85.0,19.3,51.6
1604473997,75.0,80.0,83.0,85.0,19.3,51.6
1604473998,75.0,79.0,83.0,84.0,19.3,51.6
1604473999,75.0,79.0,83.0,84.0,19.3,51.6
1604474000,75.0,79.0,82.0,84.0,19.3,51.6
1604474001,75.0,78.0,82.0,84.0,19.3,51.6
1604474002,75.0,78.0,82.0,84.0,19.3,51.6
1604474003,74.0,78.0,81.0,84.0,19.3,51.6
1604474004,74.0,78.0,81.0,84.0,19.3,51.6
1604474005,74.0,78.0,81.0,84.0,19.3,51.6
1604474006,73.0,79.0,81.0,84.0,19.3,51.6
1604474007,73.0,79.0,81.0,84.0,19.3,51.6
1604474008,73.0,80.0,81.0,84.0,19.3,51.6
1604474009,73.0,80.0,81.0,84.0,19.3,51.6
1604474010,73.0,81.0,81.0,84.0,19.3,51.6
1604474011,73.0,81.0,81.0,84.0,19.3,51.6
1604474012,73.0,81.0,81.0,84.0,19.3,51.6
1604474013,73.0,82.0,81.0,84.0,19.3,51.6
1604474014,73.0,82.0,81.0,84.0,19.3,51.6
1604474015,73.0,82.0,81.0,84.0,19.3,51.6
1604474016,73.0,81.0,81.0,84.0,19.3,51.7
1604474017,73.0,81.0,81.0,84.0,19.3,51.7
1604474018,73.0,81.0,81.0,84.0,19.3,51.7
1604474019,73.0,81.0,82.0,83.0,19.3,51.7
1604474020,73.0,81.0,82.0,83.0,19.3,51.7
1604474021,72.0,82.0,82.0,83.0,19.3,51.7
1604474022,72.0,82.0,83.0,83.0,19.3,51.7
1604474023,72.0,82.0,83.0,83.0,19.3,51.7
1604474024,72.0,82.0,84.0,83.0,19.3,51.7
1604474025,72.0,83.0,84.0,82.0,19.3,51.7
1604474026,72.0,83.0,85.0,82.0,19.2,51.7
1604474027,73.0,83.0,85.0,81.0,19.2,51.7
1604474028,73.0,83.0,86.0,81.0,19.2,51.7
1604474029,73.0,83.0,86.0,82.0,19.2,51.7
1604474030,73.0,83.0,86.0,82.0,19.2,51.7
1604474031,74.0,83.0,86.0,82.0,19.3,51.8
1604474032,74.0,82.0,86.0,82.0,19.3,51.8
1604474033,74.0,82.0,85.0,82.0,19.3,51.8
1604474034,74.0,82.0,85.0,82.0,19.3,51.8
1604474035,74.0,81.0,85.0,83.0,19.3,51.8
1604474036,74.0,80.0,85.0,83.0,19.3,51.8
1604474037,74.0,79.0,84.0,84.0,19.3,51.8
1604474038,74.0,79.0,83.0,84.0,19.3,51.8
1604474039,74.0,78.0,83.0,83.0,19.3,51.8
1604474040,73.0,78.0,82.0,83.0,19.3,51.8
1604474041,73.0,77.0,82.0,83.0,19.3,51.8
1604474042,73.0,77.0,81.0,83.0,19.3,51.8
1604474043,73.0,77.0,81.0,82.0,19.3,51.8
1604474044,72.0,77.0,81.0,82.0,19.3,51.8
1604474045,71.0,77.0,80.0,82.0,19.3,51.8
1604474046,71.0,78.0,80.0,82.0,19.3,51.7
1604474047,70.0,78.0,80.0,82.0,19.3,51.7
1604474048,70.0,78.0,81.0,82.0,19.3,51.7
1604474049,70.0,78.0,81.0,82.0,19.3,51.7
1604474050,70.0,79.0,81.0,82.0,19.3,51.7
1604474051,69.0,79.0,82.0,82.0,19.3,51.8
1604474052,69.0,79.0,82.0,82.0,19.3,51.8
1604474053,69.0,79.0,82.0,82.0,19.3,51.8
1604474054,69.0,79.0,82.0,82.0,19.3,51.8
1604474055,70.0,79.0,82.0,82.0,19.3,51.8
1604474056,70.0,79.0,82.0,82.0,19.3,51.8
1604474057,71.0,79.0,82.0,82.0,19.3,51.8
1604474058,71.0,79.0,82.0,82.0,19.3,51.8
1604474059,71.0,79.0,81.0,81.0,19.3,51.8
1604474060,71.0,79.0,81.0,81.0,19.3,51.8
1604474061,71.0,79.0,81.0,81.0,19.3,51.7
1604474062,72.0,79.0,81.0,81.0,19.3,51.7
1604474063,72.0,80.0,81.0,81.0,19.3,51.7
1604474064,72.0,80.0,81.0,81.0,19.3,51.7
1604474065,72.0,80.0,82.0,81.0,19.3,51.7
1604474066,72.0,80.0,82.0,81.0,19.3,51.7
1604474067,72.0,81.0,81.0,81.0,19.3,51.7
1604474068,72.0,81.0,81.0,81.0,19.3,51.7
1604474069,73.0,81.0,81.0,81.0,19.3,51.7
1604474070,73.0,82.0,81.0,81.0,19.3,51.7
1604474071,73.0,82.0,81.0,81.0,19.3,51.8
1604474072,73.0,82.0,81.0,81.0,19.3,51.8
1604474073,73.0,82.0,81.0,81.0,19.3,51.8
1604474074,72.0,82.0,81.0,81.0,19.3,51.8
1604474075,72.0,82.0,81.0,81.0,19.3,51.8
1604474076,71.0,82.0,81.0,81.0,19.3,51.8
1604474077,71.0,82.0,81.0,81.0,19.3,51.8
1604474078,70.0,82.0,81.0,81.0,19.3,51.8
1604474079,69.0,82.0,81.0,81.0,19.3,51.8
1604474080,69.0,82.0,82.0,81.0,19.3,51.8
1604474081,69.0,82.0,82.0,81.0,19.3,51.8
1604474082,69.0,82.0,82.0,82.0,19.3,51.8
1604474083,69.0,82.0,82.0,82.0,19.3,51.8
1604474084,69.0,82.0,82.0,83.0,19.3,51.8
1604474085,70.0,83.0,82.0,83.0,19.3,51.8
1604474086,70.0,83.0,82.0,84.0,19.3,51.8
1604474087,70.0,83.0,82.0,84.0,19.3,51.8
1604474088,70.0,83.0,82.0,85.0,19.3,51.8
1604474089,70.0,83.0,83.0,85.0,19.3,51.8
1604474090,70.0,83.0,83.0,86.0,19.3,51.8
1604474091,70.0,83.0,83.0,86.0,19.3,51.8
1604474092,69.0,82.0,82.0,85.0,19.3,51.8
1604474093,69.0,82.0,82.0,85.0,19.3,51.8
1604474094,69.0,82.0,82.0,85.0,19.3,51.8
1604474095,69.0,81.0,82.0,85.0,19.3,51.8
1604474096,68.0,81.0,81.0,85.0,19.3,51.7
1604474097,68.0,80.0,81.0,84.0,19.3,51.7
1604474098,68.0,80.0,80.0,84.0,19.3,51.7
1604474099,68.0,80.0,79.0,84.0,19.3,51.7
1604474100,68.0,80.0,79.0,83.0,19.3,51.7
1604474101,69.0,80.0,78.0,84.0,19.3,51.7
1604474102,69.0,80.0,78.0,84.0,19.3,51.7
1604474103,70.0,80.0,78.0,84.0,19.3,51.7
1604474104,70.0,80.0,78.0,84.0,19.3,51.7
1604474105,70.0,81.0,78.0,84.0,19.3,51.7
1604474106,70.0,81.0,79.0,84.0,19.3,51.7
1604474107,71.0,81.0,79.0,84.0,19.3,51.7
1604474108,70.0,81.0,79.0,84.0,19.3,51.7
1604474109,70.0,81.0,79.0,84.0,19.3,51.7
1604474110,70.0,82.0,79.0,84.0,19.3,51.7
1604474111,70.0,82.0,79.0,84.0,19.3,51.8
1604474112,70.0,81.0,79.0,83.0,19.3,51.8
1604474113,70.0,81.0,79.0,83.0,19.3,51.8
1604474114,70.0,81.0,78.0,83.0,19.3,51.8
1604474115,70.0,81.0,78.0,82.0,19.3,51.8
1604474116,71.0,81.0,78.0,82.0,19.3,51.8
1604474117,71.0,80.0,78.0,82.0,19.3,51.8
1604474118,71.0,80.0,78.0,82.0,19.3,51.8
1604474119,71.0,79.0,78.0,81.0,19.3,51.8
1604474120,71.0,79.0,78.0,81.0,19.3,51.8
1604474121,71.0,79.0,78.0,81.0,19.3,52.0
1604474122,71.0,79.0,78.0,82.0,19.3,52.0
1604474123,71.0,79.0,78.0,82.0,19.3,52.0
1604474124,71.0,79.0,79.0,82.0,19.3,52.0
1604474125,71.0,79.0,79.0,82.0,19.3,52.0
1604474126,71.0,79.0,78.0,83.0,19.3,52.0
1604474127,71.0,79.0,78.0,83.0,19.3,52.0
1604474128,71.0,79.0,78.0,83.0,19.3,52.0
1604474129,71.0,79.0,78.0,83.0,19.3,52.0
1604474130,71.1,79.0,77.9,83.0,19.3,52.0
1604474131,71.2,79.0,77.8,83.0,19.3,52.0
1604474132,71.3,79.0,77.7,83.0,19.3,52.0
1604474133,71.4,79.0,77.6,83.0,19.3,52.0
1604474134,71.5,79.0,77.5,83.0,19.3,52.0
1604474135,71.6,79.0,77.4,83.0,19.3,52.0
1604474136,71.7,79.0,77.3,83.0,19.3,52.0
1604474137,71.8,79.0,77.2,83.0,19.3,52.0
1604474138,71.9,79.0,77.1,83.0,19.3,52.0
1604474139,72.0,79.0,77.0,83.0,19.3,52.0
1604474140,71.0,79.0,77.0,83.0,19.4,52.1
1604474141,71.0,79.0,77.0,83.0,19.4,52.1
1604474142,70.0,79.0,77.0,82.0,19.4,52.1
1604474143,70.0,79.0,76.0,82.0,19.4,52.1
1604474144,70.0,79.0,76.0,82.0,19.4,52.1
1604474145,70.0,79.0,75.0,83.0,19.3,52.1
1604474146,71.0,78.0,74.0,83.0,19.3,52.1
1604474147,71.0,78.0,74.0,83.0,19.3,52.1
1604474148,71.0,78.0,74.0,83.0,19.3,52.1
1604474149,71.0,78.0,73.0,84.0,19.3,52.1
1604474150,71.0,78.0,73.0,84.0,19.4,52.3
1604474151,71.0,78.0,73.0,84.0,19.4,52.3
1604474152,71.0,78.0,73.0,84.0,19.4,52.3
1604474153,71.0,78.0,73.0,84.0,19.4,52.3
1604474154,70.0,78.0,74.0,84.0,19.4,52.3
1604474155,70.0,79.0,74.0,83.0,19.3,52.4
1604474156,70.0,79.0,75.0,83.0,19.3,52.4
1604474157,69.0,81.0,75.0,83.0,19.3,52.4
1604474158,69.0,81.0,75.0,83.0,19.3,52.4
1604474159,68.0,81.0,75.0,82.0,19.3,52.4
1604474160,68.0,81.0,76.0,82.0,19.4,52.6
1604474161,68.0,81.0,76.0,81.0,19.4,52.6
1604474162,67.0,81.0,75.0,81.0,19.4,52.6
1604474163,67.0,81.0,75.0,81.0,19.4,52.6
1604474164,67.0,81.0,75.0,81.0,19.4,52.6
1604474165,67.0,81.0,75.0,81.0,19.3,52.6
1604474166,67.0,81.0,75.0,81.0,19.3,52.6
1604474167,67.0,80.0,75.0,81.0,19.3,52.6
1604474168,66.0,80.0,75.0,81.0,19.3,52.6
1604474169,66.0,80.0,75.0,82.0,19.3,52.6
1604474170,67.0,80.0,75.0,82.0,19.3,52.7
1604474171,67.0,80.0,76.0,82.0,19.3,52.7
1604474172,66.0,80.0,76.0,82.0,19.3,52.7
1604474173,66.0,80.0,76.0,82.0,19.3,52.7
1604474174,66.0,80.0,77.0,83.0,19.3,52.7
1604474175,66.0,80.0,81.0,83.0,19.3,52.6
1604474176,66.0,79.0,80.0,83.0,19.3,52.6
1604474177,66.0,79.0,80.0,83.0,19.3,52.6
1604474178,66.0,79.0,80.0,83.0,19.3,52.6
1604474179,66.0,79.0,80.0,83.0,19.3,52.6
1604474180,66.0,79.0,80.0,82.0,19.4,52.8
1604474181,66.0,79.0,80.0,82.0,19.4,52.8
1604474182,67.0,79.0,80.0,82.0,19.4,52.8
1604474183,67.0,79.0,80.0,82.0,19.4,52.8
1604474184,67.0,79.0,80.0,81.0,19.4,52.8
1604474185,67.0,79.0,80.0,81.0,19.4,52.9
1604474186,68.0,79.0,81.0,81.0,19.4,52.9
1604474187,68.0,79.0,81.0,81.0,19.4,52.9
1604474188,69.0,79.0,81.0,81.0,19.4,52.9
1604474189,69.0,79.0,82.0,81.0,19.4,52.9
1604474190,70.0,79.0,82.0,81.0,19.4,53.0
1604474191,70.0,79.0,82.0,81.0,19.4,53.0
1604474192,71.0,78.0,82.0,81.0,19.4,53.0
1604474193,72.0,78.0,82.0,81.0,19.4,53.0
1604474194,73.0,78.0,81.0,81.0,19.4,53.0
1604474195,74.0,79.0,81.0,81.0,19.4,53.0
1604474196,74.0,79.0,80.0,80.0,19.4,53.0
1604474197,74.0,79.0,80.0,80.0,19.4,53.0
1604474198,76.0,79.0,80.0,80.0,19.4,53.0
1604474199,76.0,79.0,80.0,79.0,19.4,53.0
1604474200,76.0,79.0,79.0,79.0,19.4,53.2
1604474201,76.0,79.0,79.0,79.0,19.4,53.2
1604474202,76.0,79.0,79.0,77.0,19.4,53.2
1604474203,76.0,78.0,79.0,77.0,19.4,53.2
1604474204,75.0,78.0,78.0,77.0,19.4,53.2
1604474205,74.0,78.0,78.0,78.0,19.4,53.3
1604474206,73.0,78.0,78.0,78.0,19.4,53.3
1604474207,73.0,78.0,78.0,79.0,19.4,53.3
1604474208,72.0,78.0,77.0,80.0,19.4,53.3
1604474209,71.0,79.0,77.0,80.0,19.4,53.3
1604474210,71.0,79.0,77.0,80.0,19.4,52.8
1604474211,71.0,80.0,77.0,81.0,19.4,52.8
1604474212,70.0,80.0,77.0,81.0,19.4,52.8
1604474213,70.0,81.0,77.0,81.0,19.4,52.8
1604474214,71.0,81.0,76.0,81.0,19.4,52.8
1604474215,71.0,81.0,76.0,80.0,19.4,53.3
1604474216,71.0,82.0,76.0,80.0,19.4,53.3
1604474217,71.0,82.0,76.0,79.0,19.4,53.3
1604474218,71.0,82.0,76.0,79.0,19.4,53.3
1604474219,70.0,82.0,77.0,77.0,19.4,53.3
1604474220,70.0,81.0,77.0,76.0,19.5,53.5
1604474221,70.0,81.0,77.0,76.0,19.5,53.5
1604474222,69.0,81.0,77.0,76.0,19.5,53.5
1604474223,69.0,80.0,77.0,76.0,19.5,53.5
1604474224,68.0,80.0,78.0,75.0,19.5,53.5
1604474225,68.0,79.0,78.0,75.0,19.4,53.4
1604474226,68.0,79.0,78.0,75.0,19.4,53.4
1604474227,67.0,79.0,78.0,76.0,19.4,53.4
1604474228,68.0,79.0,79.0,76.0,19.4,53.4
1604474229,68.0,80.0,79.0,77.0,19.4,53.4
1604474230,68.0,80.0,79.0,77.0,19.4,53.4
1604474231,68.0,80.0,79.0,77.0,19.4,53.4
1604474232,69.0,81.0,79.0,78.0,19.4,53.4
1604474233,69.0,81.0,79.0,78.0,19.4,53.4
1604474234,70.0,81.0,79.0,78.0,19.4,53.4
1604474235,70.0,82.0,79.0,78.0,19.4,53.3
1604474236,70.0,82.0,78.0,78.0,19.4,53.3
1604474237,71.0,83.0,78.0,78.0,19.4,53.3
1604474238,71.0,83.0,77.0,78.0,19.4,53.3
1604474239,71.0,83.0,77.0,78.0,19.4,53.3
1604474240,71.0,82.0,77.0,78.0,19.4,53.3
1604474241,71.0,82.0,77.0,77.0,19.4,53.3
1604474242,71.0,82.0,77.0,77.0,19.4,53.3
1604474243,71.0,82.0,77.0,77.0,19.4,53.3
1604474244,71.0,81.0,77.0,77.0,19.4,53.3
1604474245,70.0,81.0,77.0,77.0,19.5,53.4
1604474246,70.0,81.0,78.0,77.0,19.5,53.4
1604474247,70.0,80.0,78.0,77.0,19.5,53.4
1604474248,70.0,80.0,78.0,76.0,19.5,53.4
1604474249,70.0,79.0,79.0,76.0,19.5,53.4
1604474250,70.0,79.0,79.0,76.0,19.5,53.4
1604474251,69.0,78.0,79.0,76.0,19.5,53.4
1604474252,69.0,78.0,79.0,76.0,19.5,53.4
1604474253,69.0,78.0,79.0,77.0,19.5,53.4
1604474254,69.0,78.0,79.0,77.0,19.5,53.4
1604474255,69.0,78.0,79.0,77.0,19.4,53.3
1604474256,69.0,78.0,78.0,78.0,19.4,53.3
1604474257,68.0,77.0,78.0,79.0,19.4,53.3
1604474258,68.0,77.0,78.0,80.0,19.4,53.3
1604474259,68.0,78.0,79.0,81.0,19.4,53.3
1604474260,68.0,78.0,79.0,81.0,19.5,53.4
1604474261,68.0,79.0,80.0,82.0,19.5,53.4
1604474262,68.0,79.0,80.0,82.0,19.5,53.4
1604474263,68.0,80.0,81.0,81.0,19.5,53.4
1604474264,68.0,80.0,81.0,81.0,19.5,53.4
1604474265,68.0,80.0,81.0,80.0,19.5,53.5
1604474266,69.0,81.0,82.0,80.0,19.5,53.5
1604474267,69.0,82.0,82.0,79.0,19.5,53.5
1604474268,69.0,82.0,82.0,78.0,19.5,53.5
1604474269,69.0,82.0,81.0,77.0,19.5,53.5
1604474270,68.0,82.0,81.0,77.0,19.5,53.4
1604474271,68.0,82.0,80.0,77.0,19.5,53.4
1604474272,67.0,82.0,80.0,77.0,19.5,53.4
1604474273,67.0,82.0,79.0,76.0,19.5,53.4
1604474274,67.0,81.0,79.0,76.0,19.5,53.4
1604474275,67.0,81.0,79.0,76.0,19.5,53.3
1604474276,67.0,81.0,79.0,76.0,19.5,53.3
1604474277,67.0,81.0,79.0,76.0,19.5,53.3
1604474278,67.0,80.0,79.0,76.0,19.5,53.3
1604474279,67.0,80.0,79.0,76.0,19.5,53.3
1604474280,67.0,80.0,80.0,76.0,19.5,53.3
1604474281,68.0,80.0,80.0,75.0,19.5,53.3
1604474282,68.0,80.0,80.0,75.0,19.5,53.3
1604474283,68.0,80.0,80.0,75.0,19.5,53.3
1604474284,68.0,80.0,81.0,75.0,19.5,53.3
1604474285,68.0,80.0,81.0,75.0,19.5,53.3
1604474286,68.0,80.0,81.0,75.0,19.5,53.3
1604474287,68.0,79.0,81.0,75.0,19.5,53.3
1604474288,68.0,79.0,81.0,75.0,19.5,53.3
1604474289,68.0,79.0,80.0,75.0,19.5,53.3
1604474290,68.0,79.0,80.0,75.0,19.5,53.3
1604474291,68.0,79.0,80.0,75.0,19.5,53.3
1604474292,68.0,79.0,81.0,75.0,19.5,53.3
1604474293,68.0,79.0,81.0,75.0,19.5,53.3
1604474294,68.0,79.0,81.0,75.0,19.5,53.3
1604474295,67.0,79.0,81.0,76.0,19.5,53.3
1604474296,67.0,79.0,82.0,76.0,19.5,53.3
1604474297,67.0,79.0,81.0,76.0,19.5,53.3
1604474298,67.0,79.0,82.0,76.0,19.5,53.3
1604474299,68.0,79.0,82.0,76.0,19.5,53.3
1604474300,68.0,79.0,82.0,76.0,19.5,53.3
1604474301,68.0,78.0,82.0,76.0,19.5,53.3
1604474302,67.0,78.0,83.0,76.0,19.5,53.3
1604474303,68.0,78.0,83.0,76.0,19.5,53.3
1604474304,68.0,78.0,83.0,76.0,19.5,53.3
1604474305,68.0,78.0,83.0,76.0,19.5,53.0
1604474306,68.0,79.0,83.0,76.0,19.5,53.0
1604474307,68.0,79.0,84.0,76.0,19.5,53.0
1604474308,68.0,78.0,84.0,76.0,19.5,53.0
1604474309,68.0,78.0,83.0,76.0,19.5,53.0
1604474310,68.0,78.0,83.0,76.0,19.6,53.0
1604474311,68.0,79.0,82.0,76.0,19.6,53.0
1604474312,68.0,79.0,81.0,76.0,19.6,53.0
1604474313,69.0,79.0,80.0,76.0,19.6,53.0
1604474314,69.0,79.0,80.0,76.0,19.6,53.0
1604474315,69.0,79.0,80.0,76.0,19.6,52.9
1604474316,69.0,79.0,79.0,76.0,19.6,52.9
1604474317,70.0,79.0,78.0,76.0,19.6,52.9
1604474318,70.0,79.0,78.0,76.0,19.6,52.9
1604474319,69.0,79.0,77.0,76.0,19.6,52.9
1604474320,69.0,80.0,77.0,75.0,19.5,52.7
1604474321,69.0,80.0,77.0,75.0,19.5,52.7
1604474322,68.0,80.0,77.0,75.0,19.5,52.7
1604474323,68.0,81.0,77.0,75.0,19.5,52.7
1604474324,68.0,81.0,77.0,75.0,19.5,52.7
1604474325,67.0,82.0,77.0,75.0,19.6,52.7
1604474326,67.0,82.0,78.0,75.0,19.6,52.7
1604474327,67.0,82.0,78.0,75.0,19.6,52.7
1604474328,67.0,82.0,78.0,75.0,19.6,52.7
1604474329,67.0,83.0,78.0,76.0,19.6,52.7
1604474330,67.0,83.0,78.0,76.0,19.6,52.6
1604474331,67.0,83.0,78.0,76.0,19.6,52.6
1604474332,67.0,83.0,78.0,76.0,19.6,52.6
1604474333,67.0,82.0,78.0,76.0,19.6,52.6
1604474334,68.0,81.0,78.0,75.0,19.6,52.6
1604474335,67.0,81.0,78.0,75.0,19.5,52.5
1604474336,67.0,80.0,78.0,75.0,19.5,52.5
1604474337,67.0,79.0,78.0,75.0,19.5,52.5
1604474338,67.0,79.0,78.0,75.0,19.5,52.5
1604474339,67.0,79.0,78.0,75.0,19.5,52.5
1604474340,67.0,78.0,78.0,76.0,19.6,52.4
1604474341,67.0,78.0,78.0,76.0,19.6,52.4
1604474342,66.0,78.0,78.0,75.0,19.6,52.4
1604474343,66.0,78.0,78.0,75.11111111111111,19.6,52.4
1604474344,66.0,78.0,78.0,75.22222222222223,19.6,52.4
1604474345,66.0,78.0,78.0,75.33333333333333,19.6,52.4
1604474346,66.0,78.0,78.0,75.44444444444444,19.6,52.4
1604474347,66.0,78.0,78.0,75.55555555555556,19.6,52.4
1604474348,66.0,78.0,78.0,75.66666666666667,19.6,52.4
1604474349,66.0,78.0,78.0,75.77777777777777,19.6,52.4
1604474350,66.0,78.0,78.0,75.88888888888889,19.6,52.4
1604474351,66.0,78.0,78.0,76.0,19.6,52.4
1604474352,66.0,78.0,78.0,76.0,19.6,52.4
1604474353,67.0,78.0,78.0,76.0,19.6,52.3
1604474354,67.0,78.0,79.0,76.0,19.6,52.3
1604474355,67.0,78.0,79.0,76.0,19.6,52.3
1604474356,68.0,78.0,79.0,77.0,19.6,52.3
1604474357,68.0,78.0,79.0,77.0,19.6,52.3
1604474358,69.0,78.0,79.0,76.0,19.6,52.3
1604474359,69.0,79.0,79.0,76.0,19.6,52.3
1604474360,69.0,79.0,80.0,77.0,19.6,52.3
1604474361,69.0,79.0,80.0,77.0,19.6,52.3
1604474362,69.0,79.0,80.0,77.0,19.6,52.3
1604474363,69.0,79.0,80.0,77.0,19.6,52.2
1604474364,68.0,79.0,80.0,77.0,19.6,52.2
1604474365,68.0,79.0,80.0,77.0,19.6,52.2
1604474366,68.0,79.0,80.0,77.0,19.6,52.2
1604474367,68.0,79.0,80.0,77.0,19.6,52.2
1604474368,67.0,79.0,80.0,77.0,19.6,52.1
1604474369,67.0,79.0,80.0,77.0,19.6,52.1
1604474370,67.0,79.0,79.0,76.0,19.6,52.1
1604474371,67.0,79.0,79.0,76.0,19.6,52.1
1604474372,67.0,79.0,79.0,75.0,19.6,52.1
1604474373,67.0,80.0,79.0,74.0,19.6,52.0
1604474374,67.0,80.0,78.0,74.0,19.6,52.0
1604474375,67.0,80.0,78.0,74.0,19.6,52.0
1604474376,68.0,80.0,78.0,74.0,19.6,52.0
1604474377,68.0,80.0,78.0,74.0,19.6,52.0
1604474378,69.0,80.0,78.0,73.0,19.6,51.8
1604474379,69.0,81.0,78.0,73.0,19.6,51.8
1604474380,69.0,81.0,78.0,74.0,19.6,51.8
1604474381,69.0,82.0,79.0,74.0,19.6,51.8
1604474382,69.0,82.0,79.0,74.0,19.6,51.8
1604474383,69.0,82.0,79.0,75.0,19.7,51.8
1604474384,68.0,82.0,80.0,75.0,19.7,51.8
1604474385,68.0,82.0,80.0,76.0,19.7,51.8
1604474386,68.0,82.0,80.0,76.0,19.7,51.8
1604474387,68.0,82.0,80.0,76.0,19.7,51.8
1604474388,68.0,82.0,80.0,76.0,19.6,51.7
1604474389,68.0,82.0,80.0,76.0,19.6,51.7
1604474390,68.0,81.0,80.0,76.0,19.6,51.7
1604474391,68.0,81.0,80.0,76.0,19.6,51.7
1604474392,69.0,80.0,80.0,76.0,19.6,51.7
1604474393,69.0,80.0,79.0,75.0,19.7,51.7
1604474394,69.0,79.0,79.0,75.0,19.7,51.7
1604474395,69.0,78.0,79.0,74.0,19.7,51.7
1604474396,69.0,78.0,79.0,74.0,19.7,51.7
1604474397,69.0,77.0,79.0,74.0,19.7,51.7
1604474398,69.0,77.0,79.0,74.0,19.6,51.6
1604474399,69.0,77.0,79.0,73.0,19.6,51.6
1604474400,69.0,77.0,79.0,73.0,19.6,51.6
1604474401,69.0,77.0,79.0,73.0,19.6,51.6
1604474402,68.0,78.0,80.0,73.0,19.6,51.6
1604474403,68.0,78.0,80.0,74.0,19.7,52.0
1604474404,67.0,78.0,81.0,74.0,19.7,52.0
1604474405,67.0,79.0,81.0,74.0,19.7,52.0
1604474406,68.0,79.0,82.0,74.0,19.7,52.0
1604474407,68.0,79.0,82.0,75.0,19.7,52.0
1604474408,68.0,80.0,81.0,75.0,19.7,52.1
1604474409,68.0,80.0,81.0,75.0,19.7,52.1
1604474410,68.0,80.0,81.0,76.0,19.7,52.1
1604474411,68.0,80.0,81.0,76.0,19.7,52.1
1604474412,69.0,80.0,81.0,76.0,19.7,52.1
1604474413,69.0,80.0,80.0,76.0,19.7,52.5
1604474414,69.0,80.0,80.0,76.0,19.7,52.5
1604474415,70.0,80.0,79.0,76.0,19.7,52.5
1604474416,69.0,80.0,78.0,77.0,19.7,52.5
1604474417,69.0,80.0,78.0,77.0,19.7,52.5
1604474418,69.0,80.0,78.0,77.0,19.7,52.4
1604474419,68.0,80.0,78.0,77.0,19.7,52.4
1604474420,68.0,79.0,78.0,76.0,19.7,52.4
1604474421,68.0,78.0,77.0,76.0,19.7,52.4
1604474422,68.0,78.0,77.0,75.0,19.7,52.4
1604474423,67.0,78.0,77.0,75.0,19.7,52.9
1604474424,67.0,78.0,77.0,75.0,19.7,52.9
1604474425,67.0,79.0,77.0,74.0,19.7,52.9
1604474426,67.0,80.0,77.0,73.0,19.7,52.9
1604474427,68.0,81.0,77.0,73.0,19.7,52.9
1604474428,69.0,83.0,77.0,73.0,19.7,52.7
1604474429,69.0,84.0,77.0,73.0,19.7,52.7
1604474430,69.0,86.0,77.0,73.0,19.7,52.7
1604474431,70.0,88.0,77.0,73.0,19.7,52.7
1604474432,70.0,91.0,77.0,73.0,19.7,52.7
1604474433,70.0,93.0,77.0,73.0,19.7,52.6
1604474434,69.0,95.0,77.0,74.0,19.7,52.6
1604474435,69.0,97.0,79.0,74.0,19.7,52.6
1604474436,69.0,99.0,79.0,74.0,19.7,52.6
1604474437,69.0,100.0,79.0,74.0,19.7,52.6
1604474438,69.0,100.0,79.0,75.0,19.7,52.7
1604474439,68.0,101.0,79.0,75.0,19.7,52.7
1604474440,68.0,101.0,79.0,75.0,19.7,52.7
1604474441,68.0,99.0,79.0,75.0,19.7,52.7
1604474442,68.0,98.0,79.0,76.0,19.7,52.7
1604474443,68.0,96.0,80.0,76.0,19.7,52.7
1604474444,68.0,94.0,80.0,76.0,19.7,52.7
1604474445,68.0,92.0,80.0,76.0,19.7,52.7
1604474446,68.0,90.0,80.0,76.0,19.7,52.7
1604474447,68.0,88.0,80.0,76.0,19.7,52.7
1604474448,68.0,87.0,79.0,75.0,19.7,52.6
1604474449,68.0,85.0,79.0,75.0,19.7,52.6
1604474450,68.0,84.0,78.0,74.0,19.7,52.6
1604474451,67.0,83.0,78.0,74.0,19.7,52.6
1604474452,67.0,83.0,77.0,73.0,19.7,52.6
1604474453,67.0,82.0,77.0,73.0,19.7,52.5
1604474454,67.0,81.0,76.0,73.0,19.7,52.5
1604474455,67.0,81.0,76.0,73.0,19.7,52.5
1604474456,67.0,81.0,75.0,72.0,19.7,52.5
1604474457,67.0,81.0,75.0,72.0,19.7,52.5
1604474458,67.0,81.0,75.0,72.0,19.7,52.4
1604474459,67.0,81.0,75.0,73.0,19.7,52.4
1604474460,67.0,81.0,75.0,73.0,19.7,52.4
1604474461,68.0,81.0,74.0,73.0,19.7,52.4
1604474462,68.0,81.0,74.0,74.0,19.7,52.4
1604474463,68.0,81.0,74.0,74.0,19.7,52.4
1604474464,68.0,81.0,74.0,73.0,19.7,52.4
1604474465,69.0,82.0,74.0,73.0,19.7,52.4
1604474466,69.0,82.0,74.0,73.0,19.7,52.4
1604474467,69.0,82.0,74.0,73.0,19.7,52.4
1604474468,69.0,81.0,74.0,73.0,19.7,52.4
1604474469,69.0,81.0,75.0,73.0,19.7,52.4
1604474470,69.0,81.0,75.0,72.0,19.7,52.4
1604474471,69.0,81.0,76.0,71.0,19.7,52.4
1604474472,68.0,80.0,76.0,71.0,19.7,52.4
1604474473,68.0,80.0,77.0,70.0,19.7,52.4
1604474474,68.0,80.0,77.0,70.0,19.7,52.4
1604474475,68.0,81.0,78.0,70.0,19.7,52.4
1604474476,67.0,81.0,78.0,69.0,19.7,52.4
1604474477,67.0,82.0,77.0,69.0,19.7,52.4
1604474478,67.0,82.0,77.0,69.0,19.7,52.2
1604474479,66.0,82.0,76.0,68.0,19.7,52.2
1604474480,66.0,83.0,75.0,68.0,19.7,52.2
1604474481,66.0,83.0,74.0,68.0,19.7,52.2
1604474482,67.0,83.0,73.0,68.0,19.7,52.2
1604474483,67.0,84.0,72.0,68.0,19.7,52.1
1604474484,67.0,84.0,72.0,68.0,19.7,52.1
1604474485,67.0,83.0,69.0,68.0,19.7,52.1
1604474486,67.0,83.0,68.0,68.0,19.7,52.1
1604474487,67.0,82.0,68.0,68.0,19.7,52.1
1604474488,67.0,82.0,67.0,68.0,19.7,52.0
1604474489,67.0,82.0,67.0,68.0,19.7,52.0
1604474490,67.0,81.0,68.0,69.0,19.7,52.0
1604474491,67.0,81.0,68.0,69.0,19.7,52.0
1604474492,67.0,81.0,68.0,69.0,19.7,52.0
1604474493,67.0,80.0,68.0,70.0,19.8,51.8
1604474494,67.0,80.0,69.0,70.0,19.8,51.8
1604474495,66.5,80.0,69.0,70.0,19.8,51.8
1604474496,66.0,80.0,69.0,70.0,19.8,51.8
1604474497,66.0,80.0,71.0,71.0,19.8,51.8
1604474498,66.0,80.0,71.0,71.0,19.8,51.8
1604474499,66.0,80.0,72.0,71.0,19.8,51.8
1604474500,66.0,80.0,73.0,71.0,19.8,51.8
1604474501,66.0,79.0,73.0,71.0,19.8,51.8
1604474502,66.0,79.0,74.0,71.0,19.8,51.8
1604474503,66.0,79.0,74.0,71.0,19.8,51.8
1604474504,66.0,79.0,74.0,71.0,19.8,51.9
1604474505,66.0,79.0,75.0,71.0,19.8,51.9
1604474506,66.0,79.0,75.0,71.0,19.8,51.9
1604474507,67.0,79.0,75.0,71.0,19.8,51.9
1604474508,67.0,79.0,75.0,71.0,19.8,51.9
1604474509,66.0,79.0,75.0,72.0,19.8,52.4
1604474510,66.0,80.0,75.0,72.0,19.8,52.4
1604474511,66.0,80.0,74.0,72.0,19.8,52.4
1604474512,66.0,80.0,74.0,72.0,19.8,52.4
1604474513,66.0,80.0,74.0,73.0,19.8,52.4
1604474514,66.0,80.0,74.0,73.0,19.8,52.4
1604474515,65.0,80.0,74.0,73.0,19.8,52.4
1604474516,65.0,80.0,74.0,73.0,19.8,52.4
1604474517,65.0,80.0,75.0,72.0,19.8,52.4
1604474518,65.0,81.0,75.0,72.0,19.8,52.4
1604474519,65.0,81.0,75.0,72.0,19.7,52.4
1604474520,65.0,81.0,75.0,71.0,19.7,52.4
1604474521,65.0,81.0,75.0,71.0,19.7,52.4
1604474522,65.0,82.0,75.0,71.0,19.7,52.4
1604474523,66.0,82.0,75.0,70.0,19.7,52.4
1604474524,66.0,82.0,75.0,70.0,19.9,52.6
1604474525,66.0,82.0,75.0,70.0,19.9,52.6
1604474526,66.0,82.0,75.0,70.0,19.9,52.6
1604474527,67.0,82.0,74.0,70.0,19.9,52.6
1604474528,66.0,81.0,74.0,71.0,19.9,52.6
1604474529,66.0,81.0,73.0,71.0,19.8,52.6
1604474530,66.0,80.0,72.0,71.0,19.8,52.6
1604474531,66.0,80.0,72.0,72.0,19.8,52.6
1604474532,66.0,79.0,72.0,72.0,19.8,52.6
1604474533,65.0,79.0,72.0,72.0,19.8,52.6
1604474534,65.0,78.0,72.0,73.0,19.8,52.5
1604474535,65.0,78.0,72.0,73.0,19.8,52.5
1604474536,65.0,78.0,72.0,73.0,19.8,52.5
1604474537,65.0,78.0,72.0,73.0,19.8,52.5
1604474538,65.0,78.0,72.0,73.0,19.8,52.5
1604474539,65.0,79.0,72.0,72.0,19.8,52.5
1604474540,65.0,79.0,73.0,72.0,19.8,52.5
1604474541,65.0,80.0,73.0,71.0,19.8,52.5
1604474542,66.0,80.0,73.0,71.0,19.8,52.5
1604474543,66.0,80.0,73.0,70.0,19.8,52.5
1604474544,66.0,80.0,72.0,69.0,19.8,52.4
1604474545,66.0,81.0,72.0,69.0,19.8,52.4
1604474546,66.0,81.0,72.0,69.0,19.8,52.4
1604474547,66.0,82.0,72.0,69.0,19.8,52.4
1604474548,66.0,82.0,72.0,69.0,19.8,52.4
1604474549,66.0,82.0,72.0,70.0,19.8,52.2
1604474550,65.0,82.0,72.0,70.0,19.8,52.2
1604474551,65.0,83.0,72.0,70.0,19.8,52.2
1604474552,64.0,83.0,72.0,71.0,19.8,52.2
1604474553,64.0,83.0,72.0,71.0,19.8,52.2
1604474554,64.0,83.0,72.0,71.0,19.8,52.2
1604474555,64.0,83.0,72.0,71.0,19.8,52.2
1604474556,64.0,83.0,72.0,71.0,19.8,52.2
1604474557,64.0,83.0,72.0,71.0,19.8,52.2
1604474558,64.0,83.0,72.0,71.0,19.8,52.2
1604474559,64.0,83.0,72.0,71.0,19.8,52.2
1604474560,64.0,83.0,72.0,71.0,19.8,52.2
1604474561,64.0,83.0,72.0,71.0,19.8,52.2
1604474562,64.0,83.0,72.0,72.0,19.8,52.1
1604474563,64.0,83.0,73.0,72.0,19.8,52.1
1604474564,64.0,83.0,73.0,73.0,19.8,52.1
1604474565,65.0,83.0,73.0,73.0,19.8,52.1
1604474566,65.0,83.0,73.0,73.0,19.8,52.1
1604474567,65.0,83.0,74.0,74.0,19.8,51.7
1604474568,65.0,83.0,74.0,74.0,19.8,51.7
1604474569,64.0,82.0,75.0,74.0,19.8,51.7
1604474570,64.0,82.0,75.0,74.0,19.8,51.7
1604474571,64.0,81.0,75.0,74.0,19.8,51.7
1604474572,65.0,81.0,75.0,74.0,19.9,51.8
1604474573,65.0,81.0,75.0,74.0,19.9,51.8
1604474574,65.0,81.0,75.0,74.0,19.9,51.8
1604474575,65.0,81.0,76.0,74.0,19.9,51.8
1604474576,65.0,81.0,76.0,74.0,19.9,51.8
1604474577,66.0,82.0,76.0,73.0,19.8,51.7
1604474578,66.0,82.0,76.0,73.0,19.8,51.7
1604474579,66.0,82.0,76.0,72.0,19.8,51.7
1604474580,66.0,82.0,76.0,72.0,19.8,51.7
1604474581,66.0,82.0,76.0,71.0,19.8,51.7
1604474582,65.0,82.0,76.0,71.0,19.8,51.6
1604474583,65.0,82.0,76.0,70.0,19.8,51.6
1604474584,65.0,82.0,75.0,70.0,19.8,51.6
1604474585,64.0,81.0,75.0,70.0,19.8,51.6
1604474586,64.0,81.0,75.0,70.0,19.8,51.6
1604474587,63.0,81.0,74.0,70.0,19.8,51.1
1604474588,63.0,80.0,74.0,70.0,19.8,51.1
1604474589,63.0,80.0,74.0,70.0,19.8,51.1
1604474590,62.0,80.0,74.0,70.0,19.8,51.1
1604474591,62.0,80.0,74.0,70.0,19.8,51.1
1604474592,62.0,80.0,74.0,70.0,19.9,51.2
1604474593,62.0,81.0,74.0,70.0,19.9,51.2
1604474594,62.0,81.0,73.0,70.0,19.9,51.2
1604474595,62.0,82.0,73.0,70.0,19.9,51.2
1604474596,62.0,82.0,74.0,70.0,19.9,51.2
1604474597,62.0,82.0,74.0,70.0,19.9,51.0
1604474598,63.0,82.0,74.0,69.0,19.9,51.0
1604474599,63.0,83.0,74.0,69.0,19.9,51.0
1604474600,63.0,83.0,74.0,69.0,19.9,51.0
1604474601,63.0,83.0,75.0,69.0,19.9,51.0
1604474602,63.0,83.0,75.0,69.0,19.8,50.9
1604474603,63.0,83.0,75.0,70.0,19.8,50.9
1604474604,62.0,83.0,76.0,70.0,19.8,50.9
1604474605,63.0,83.0,75.0,70.0,19.8,50.9
1604474606,63.0,83.0,75.0,71.0,19.8,50.9
1604474607,63.0,83.0,75.0,71.0,19.8,50.9
1604474608,64.0,83.0,74.0,72.0,19.8,50.9
1604474609,64.0,83.0,74.0,72.0,19.8,50.9
1604474610,64.0,83.0,73.0,72.0,19.8,50.9
1604474611,64.0,82.0,72.0,72.0,19.8,50.9
1604474612,64.0,82.0,72.0,72.0,19.8,50.9
1604474613,64.0,81.0,71.0,71.0,19.8,50.9
1604474614,64.0,81.0,71.0,71.0,19.8,50.9
1604474615,64.0,79.0,70.0,71.0,19.8,50.9
1604474616,63.0,79.0,70.0,71.0,19.8,50.9
1604474617,63.0,79.0,69.0,70.0,19.8,50.9
1604474618,63.0,78.0,69.0,70.0,19.8,50.9
1604474619,63.0,78.0,69.0,70.0,19.8,50.9
1604474620,63.0,78.0,69.0,70.0,19.8,50.9
1604474621,63.0,78.0,69.0,70.0,19.8,50.9
1604474622,63.0,78.0,69.0,70.0,19.9,50.4
1604474623,63.0,78.0,69.0,70.0,19.9,50.4
1604474624,63.0,79.0,69.0,70.0,19.9,50.4
1604474625,63.0,79.0,69.0,70.0,19.9,50.4
1604474626,63.0,80.0,70.0,70.0,19.9,50.4
1604474627,63.0,80.0,70.0,70.0,19.8,50.7
1604474628,63.0,80.0,71.0,70.0,19.8,50.7
1604474629,63.0,81.0,71.0,70.0,19.8,50.7
1604474630,63.0,81.0,72.0,70.0,19.8,50.7
1604474631,63.0,81.0,72.0,70.0,19.8,50.7
1604474632,63.0,81.0,73.0,71.0,19.9,50.9
1604474633,63.0,81.0,73.0,71.0,19.9,50.9
1604474634,63.0,81.0,74.0,72.0,19.9,50.9
1604474635,63.0,81.0,74.0,72.0,19.9,50.9
1604474636,63.0,81.0,74.0,72.0,19.9,50.9
1604474637,63.0,81.0,74.0,73.0,19.9,51.0
1604474638,63.0,81.0,74.0,73.0,19.9,51.0
1604474639,63.0,81.0,74.0,73.0,19.9,51.0
1604474640,63.0,81.0,74.0,73.0,19.9,51.0
1604474641,63.0,81.0,73.0,73.0,19.9,51.0
1604474642,63.0,81.0,73.0,73.0,19.8,50.8
1604474643,63.0,81.0,73.0,73.0,19.8,50.8
1604474644,62.0,81.0,73.0,73.0,19.8,50.8
1604474645,62.0,81.0,73.0,73.0,19.8,50.8
1604474646,62.0,81.0,72.0,72.0,19.8,50.8
1604474647,62.0,81.0,72.0,72.0,19.8,50.9
1604474648,61.0,81.0,71.0,72.0,19.8,50.9
1604474649,61.0,81.0,71.0,71.0,19.8,50.9
1604474650,61.0,81.0,71.0,71.0,19.8,50.9
1604474651,61.0,81.0,71.0,71.0,19.8,50.9
1604474652,61.0,81.0,71.0,70.0,19.8,50.5
1604474653,61.0,82.0,71.0,70.0,19.8,50.5
1604474654,61.0,82.0,71.0,70.0,19.8,50.5
1604474655,61.0,81.0,71.0,70.0,19.8,50.5
1604474656,61.0,81.0,72.0,69.0,19.8,50.5
1604474657,61.0,81.0,72.0,69.0,19.8,50.4
1604474658,61.0,80.0,72.0,69.0,19.8,50.4
1604474659,62.0,80.0,72.0,69.0,19.8,50.4
1604474660,62.0,80.0,73.0,69.0,19.8,50.4
1604474661,62.0,80.0,73.0,69.0,19.8,50.4
1604474662,62.0,81.0,73.0,69.0,19.9,50.4
1604474663,62.0,81.0,73.0,69.0,19.9,50.4
1604474664,63.0,81.0,73.0,69.0,19.9,50.4
1604474665,63.0,81.0,74.0,69.0,19.9,50.4
1604474666,62.0,81.0,73.0,69.0,19.9,50.4
1604474667,62.0,82.0,73.0,69.0,19.8,50.1
1604474668,62.0,82.0,73.0,69.0,19.8,50.1
1604474669,62.0,82.0,73.0,70.0,19.8,50.1
1604474670,62.0,83.0,73.0,70.0,19.8,50.1
1604474671,62.0,83.0,73.0,70.0,19.8,50.1
1604474672,62.0,83.0,73.0,70.0,19.9,50.2
1604474673,62.0,83.0,73.0,70.0,19.9,50.2
1604474674,62.0,83.0,74.0,71.0,19.9,50.2
1604474675,62.0,83.0,74.0,71.0,19.9,50.2
1604474676,63.0,84.0,75.0,71.0,19.9,50.2
1604474677,63.0,84.0,75.0,72.0,19.9,50.2
1604474678,63.0,83.0,76.0,72.0,19.9,50.2
1604474679,63.0,83.0,76.0,73.0,19.9,50.2
1604474680,63.0,83.0,77.0,73.0,19.9,50.2
1604474681,64.0,83.0,78.0,73.0,19.9,50.2
1604474682,64.0,82.0,78.0,73.0,19.9,50.0
1604474683,64.0,82.0,78.0,73.0,19.9,50.0
1604474684,64.0,82.0,79.0,73.0,19.9,50.0
1604474685,63.0,81.0,78.0,73.0,19.9,50.0
1604474686,64.0,81.0,78.0,73.0,19.9,50.0
1604474687,64.0,81.0,77.0,73.0,19.8,50.0
1604474688,64.0,80.0,77.0,72.0,19.8,50.0
1604474689,64.0,80.0,76.0,72.0,19.8,50.0
1604474690,64.0,80.0,76.0,71.0,19.8,50.0
1604474691,64.0,81.0,75.0,71.0,19.8,50.0
1604474692,64.0,81.0,74.0,70.0,19.8,50.0
1604474693,64.0,81.0,71.0,70.0,19.8,50.0
1604474694,64.0,81.0,71.0,70.0,19.8,50.0
1604474695,64.0,82.0,71.0,69.0,19.8,50.0
1604474696,63.0,82.0,71.0,69.0,19.8,50.0
1604474697,63.0,82.0,71.0,69.0,19.8,50.0
1604474698,63.0,83.0,71.0,69.0,19.8,50.0
1604474699,63.0,83.0,71.0,69.0,19.8,50.0
1604474700,63.0,83.0,71.0,69.0,19.8,50.0
1604474701,63.0,83.0,72.0,69.0,19.8,50.0
1604474702,63.0,83.0,72.0,69.0,19.9,50.0
1604474703,63.0,83.0,72.0,69.0,19.9,50.0
1604474704,64.0,83.0,72.0,69.0,19.9,50.0
1604474705,64.0,83.0,72.0,69.0,19.9,50.0
1604474706,64.0,83.0,72.0,69.0,19.9,50.0
1604474707,65.0,83.0,72.0,69.0,19.9,50.0
1604474708,65.0,83.0,73.0,69.0,19.9,50.0
1604474709,65.0,83.0,72.0,69.0,19.9,50.0
1604474710,65.0,82.0,72.0,69.0,19.9,50.0
1604474711,65.0,82.0,72.0,69.0,19.9,50.0
1604474712,65.0,82.0,72.0,69.0,19.9,49.8
1604474713,64.0,82.0,72.0,69.0,19.9,49.8
1604474714,63.0,82.0,72.0,69.0,19.9,49.8
1604474715,62.0,82.0,72.0,69.0,19.9,49.8
1604474716,62.0,82.0,72.0,69.0,19.9,49.8
1604474717,61.0,82.0,72.0,69.0,19.9,49.8
1604474718,60.0,82.0,72.0,69.0,19.9,49.8
1604474719,60.0,82.0,71.0,69.0,19.9,49.8
1604474720,60.0,82.0,71.0,69.0,19.9,49.8
1604474721,60.0,82.0,71.0,69.0,19.9,49.8
1604474722,60.0,82.0,71.0,69.0,19.9,49.7
1604474723,60.0,82.0,71.0,69.0,19.9,49.7
1604474724,60.0,82.0,71.0,70.0,19.9,49.7
1604474725,60.0,82.0,71.0,70.0,19.9,49.7
1604474726,60.0,82.0,70.0,70.0,19.9,49.7
1604474727,60.0,82.0,70.0,71.0,19.9,49.7
1604474728,60.0,82.0,70.0,71.0,19.9,49.7
1604474729,59.0,82.0,71.0,71.0,19.9,49.7
1604474730,59.0,82.0,71.0,71.0,19.9,49.7
1604474731,58.0,81.0,72.0,71.0,19.9,49.7
1604474732,58.0,81.0,73.0,71.0,19.9,49.6
1604474733,58.0,81.0,73.0,71.0,19.9,49.6
1604474734,57.0,79.0,73.0,71.0,19.9,49.6
1604474735,57.0,79.0,73.0,70.0,19.9,49.6
1604474736,57.0,78.0,74.0,70.0,19.9,49.6
1604474737,58.0,78.0,74.0,70.0,19.9,49.7
1604474738,58.0,78.0,74.0,70.0,19.9,49.7
1604474739,59.0,78.0,74.0,69.0,19.9,49.7
1604474740,59.0,78.0,73.0,69.0,19.9,49.7
1604474741,60.0,78.0,73.0,69.0,19.9,49.7
1604474742,60.0,78.0,72.0,69.0,19.9,49.7
1604474743,60.0,78.0,72.0,69.0,19.9,49.7
1604474744,60.0,78.0,71.0,68.0,19.9,49.7
1604474745,60.0,79.0,71.0,68.0,19.9,49.7
1604474746,60.0,79.0,71.0,68.0,19.9,49.7
1604474747,61.0,79.0,71.0,69.0,19.9,49.6
1604474748,61.0,79.0,71.0,69.0,19.9,49.6
1604474749,61.0,80.0,71.0,69.0,19.9,49.6
1604474750,61.0,80.0,71.0,69.0,19.9,49.6
1604474751,61.0,80.0,71.0,69.0,19.9,49.6
1604474752,61.0,80.0,71.0,69.0,19.9,49.6
1604474753,62.0,80.0,72.0,69.0,19.9,49.6
1604474754,62.0,81.0,72.0,69.0,19.9,49.6
1604474755,62.0,81.0,72.0,68.0,19.9,49.6
1604474756,62.0,81.0,72.0,68.0,19.9,49.6
1604474757,62.0,81.0,72.0,68.0,19.9,49.7
1604474758,62.0,81.0,72.0,67.0,19.9,49.7
1604474759,62.0,82.0,72.0,67.0,19.9,49.7
1604474760,62.0,82.0,72.0,67.0,19.9,49.7
1604474761,62.0,82.0,72.0,67.0,19.9,49.7
1604474762,62.0,82.0,72.0,67.0,19.9,49.7
1604474763,62.0,82.0,72.0,67.0,19.9,49.7
1604474764,62.0,82.0,72.0,67.0,19.9,49.7
1604474765,62.0,82.0,72.0,67.0,19.9,49.7
1604474766,62.0,82.0,72.0,67.0,19.9,49.7
1604474767,62.0,82.0,72.0,67.0,19.9,49.7
1604474768,62.0,82.0,72.0,67.0,19.9,49.7
1604474769,62.0,82.0,72.0,67.0,19.9,49.7
1604474770,62.0,82.0,71.0,67.0,19.9,49.7
1604474771,62.0,81.0,71.0,67.0,19.9,49.7
1604474772,62.0,81.0,72.0,67.0,19.9,49.7
1604474773,62.0,81.0,72.0,67.0,19.9,49.7
1604474774,62.0,81.0,71.0,67.0,19.9,49.7
1604474775,62.0,81.0,71.0,67.0,19.9,49.7
1604474776,61.0,80.0,71.0,68.0,19.9,49.7
1604474777,61.0,80.0,71.0,68.0,19.9,49.7
1604474778,61.0,79.0,71.0,68.0,19.9,49.7
1604474779,60.0,79.0,71.0,68.0,19.9,49.7
1604474780,60.0,79.0,71.0,68.0,19.9,49.6
1604474781,59.0,79.0,70.0,68.0,19.9,49.6
1604474782,59.0,79.0,70.0,68.0,19.9,49.6
1604474783,59.0,79.0,70.0,68.0,19.9,49.6
1604474784,59.0,79.0,70.0,68.0,19.9,49.6
1604474785,59.0,79.0,70.0,68.0,19.9,49.6
1604474786,59.0,79.0,70.0,68.0,19.9,49.6
1604474787,59.0,80.0,70.0,68.0,19.9,49.6
1604474788,59.0,80.0,70.0,68.0,19.9,49.6
1604474789,59.0,80.0,70.0,67.0,19.9,49.6
1604474790,59.0,81.0,70.0,67.0,19.9,49.7
1604474791,60.0,81.0,70.0,67.0,19.9,49.7
1604474792,60.0,82.0,70.0,67.0,19.9,49.7
1604474793,60.0,82.0,71.0,67.0,19.9,49.7
1604474794,60.0,83.0,71.0,67.0,19.9,49.7
1604474795,60.0,83.0,71.0,67.0,19.9,49.7
1604474796,60.0,83.0,71.0,67.0,19.9,49.7
1604474797,60.0,83.0,70.0,67.0,19.9,49.7
1604474798,60.0,83.0,71.0,67.0,19.9,49.7
1604474799,60.0,83.0,71.0,68.0,19.9,49.7
1604474800,60.0,83.0,71.0,67.0,19.9,49.7
1604474801,60.0,83.0,71.0,67.0,19.9,49.7
1604474802,60.0,83.0,71.0,67.0,19.9,49.7
1604474803,60.0,83.0,71.0,67.0,19.9,49.7
1604474804,60.0,83.0,71.0,67.0,19.9,49.7
1604474805,60.0,83.0,71.0,67.0,19.9,49.8
1604474806,60.0,83.0,71.0,66.0,19.9,49.8
1604474807,60.0,83.0,71.0,66.0,19.9,49.8
1604474808,59.0,83.0,72.0,66.0,19.9,49.8
1604474809,59.0,83.0,71.0,66.0,19.9,49.8
1604474810,58.0,83.0,71.0,66.0,19.9,49.9
1604474811,58.0,84.0,71.0,66.0,19.9,49.9
1604474812,58.0,84.0,71.0,66.0,19.9,49.9
1604474813,58.0,84.0,70.0,66.0,19.9,49.9
1604474814,58.0,84.0,70.0,67.0,19.9,49.9
1604474815,58.0,84.0,70.0,67.0,19.9,49.7
1604474816,58.0,84.0,69.0,67.0,19.9,49.7
1604474817,58.0,85.0,69.0,67.0,19.9,49.7
1604474818,58.0,85.0,68.0,68.0,19.9,49.7
1604474819,58.0,85.0,68.0,68.0,19.9,49.7
1604474820,58.0,86.0,68.0,68.0,19.9,49.8
1604474821,59.0,86.0,68.0,68.0,19.9,49.8
1604474822,59.0,86.0,68.0,67.0,19.9,49.8
1604474823,59.0,86.0,68.0,67.0,19.9,49.8
1604474824,59.0,86.0,68.0,67.0,19.9,49.8
1604474825,59.0,86.0,70.0,67.0,19.9,49.9
1604474826,59.0,85.0,70.0,67.0,19.9,49.9
1604474827,59.0,85.0,70.0,67.0,19.9,49.9
1604474828,59.0,84.0,71.0,67.0,19.9,49.9
1604474829,59.0,84.0,72.0,67.0,19.9,49.9
1604474830,59.0,84.0,72.0,67.0,19.9,50.0
1604474831,59.0,83.0,72.0,67.0,19.9,50.0
1604474832,60.0,83.0,72.0,67.0,19.9,50.0
1604474833,60.0,83.0,72.0,67.0,19.9,50.0
1604474834,60.0,83.0,72.0,66.0,19.9,50.0
1604474835,60.0,83.0,72.0,65.0,20.0,50.1
1604474836,61.0,83.0,71.0,65.0,20.0,50.1
1604474837,61.0,83.0,71.0,65.0,20.0,50.1
1604474838,61.0,83.0,69.0,64.0,20.0,50.1
1604474839,61.0,83.0,69.0,64.0,20.0,50.1
1604474840,61.0,83.0,68.0,64.0,19.9,50.0
1604474841,60.0,82.0,68.0,63.0,19.9,50.0
1604474842,60.0,82.0,68.0,63.0,19.9,50.0
1604474843,60.0,82.0,68.0,63.0,19.9,50.0
1604474844,60.0,82.0,67.0,63.0,19.9,50.0
1604474845,59.0,82.0,68.0,63.0,19.9,50.1
1604474846,59.0,82.0,68.0,63.0,19.9,50.1
1604474847,59.0,82.0,68.0,63.0,19.9,50.1
1604474848,59.0,82.0,68.0,63.0,19.9,50.1
1604474849,59.0,83.0,68.0,63.0,19.9,50.1
1604474850,59.0,83.0,68.0,63.0,19.9,50.2
1604474851,59.0,84.0,69.0,63.0,19.9,50.2
1604474852,60.0,85.0,69.0,63.0,19.9,50.2
1604474853,60.0,85.0,69.0,64.0,19.9,50.2
1604474854,60.0,86.0,69.0,65.0,19.9,50.2
1604474855,61.0,86.0,70.0,65.0,19.9,50.5
1604474856,61.0,86.0,70.0,65.0,19.9,50.5
1604474857,61.0,86.0,71.0,66.0,19.9,50.5
1604474858,61.0,85.0,71.0,66.0,19.9,50.5
1604474859,60.0,85.0,71.0,66.0,19.9,50.5
1604474860,60.0,84.0,71.0,66.0,19.9,50.4
1604474861,60.0,84.0,71.0,66.0,19.9,50.4
1604474862,59.0,83.0,71.0,66.0,19.9,50.4
1604474863,59.0,82.0,72.0,66.0,19.9,50.4
1604474864,59.0,82.0,72.0,66.0,19.9,50.4
1604474865,58.0,81.0,72.0,66.0,19.9,50.2
1604474866,58.0,81.0,71.0,66.0,19.9,50.2
1604474867,58.0,80.0,71.0,67.0,19.9,50.2
1604474868,58.0,80.0,71.0,67.0,19.9,50.2
1604474869,58.0,80.0,71.0,67.0,19.9,50.2
1604474870,58.0,80.0,71.0,67.0,20.0,50.1
1604474871,59.0,80.0,71.0,68.0,20.0,50.1
1604474872,59.0,81.0,70.0,68.0,20.0,50.1
1604474873,59.0,81.0,70.0,68.0,20.0,50.1
1604474874,59.0,81.0,70.0,68.0,20.0,50.1
1604474875,60.0,80.0,70.0,68.0,20.0,50.0
1604474876,60.0,80.0,69.0,68.0,20.0,50.0
1604474877,60.0,80.0,69.0,68.0,20.0,50.0
1604474878,60.0,80.0,69.0,68.0,20.0,50.0
1604474879,60.0,80.0,70.0,68.0,20.0,50.0
1604474880,60.0,80.0,70.0,69.0,20.0,49.8
1604474881,60.0,80.0,70.0,69.0,20.0,49.8
1604474882,60.0,80.0,70.0,69.0,20.0,49.8
1604474883,60.0,80.0,70.0,69.0,20.0,49.8
1604474884,60.0,81.0,71.0,69.0,20.0,49.8
1604474885,60.0,81.0,71.0,69.0,19.9,49.7
1604474886,60.0,81.0,72.0,69.0,19.9,49.7
1604474887,60.0,81.0,72.0,69.0,19.9,49.7
1604474888,60.0,80.0,72.0,69.0,19.9,49.7
1604474889,60.0,80.0,72.0,69.0,19.9,49.7
1604474890,60.0,80.0,72.0,69.0,20.0,49.7
1604474891,60.0,80.0,72.0,69.0,20.0,49.7
1604474892,60.0,80.0,73.0,69.0,20.0,49.7
1604474893,60.0,81.0,73.0,70.0,20.0,49.7
1604474894,60.0,81.0,73.0,70.0,20.0,49.7
1604474895,60.0,81.0,73.0,70.0,20.0,49.7
1604474896,60.0,81.0,73.0,70.0,20.0,49.7
1604474897,60.0,81.0,73.0,70.0,20.0,49.7
1604474898,60.0,80.0,73.0,70.0,20.0,49.7
1604474899,59.0,80.0,73.0,70.0,20.0,49.7
1604474900,59.0,80.0,73.0,70.0,19.9,49.6
1604474901,59.0,80.0,73.0,70.0,19.9,49.6
1604474902,59.0,80.0,72.0,69.0,19.9,49.6
1604474903,59.0,80.0,72.0,69.0,19.9,49.6
1604474904,59.0,80.0,71.0,69.0,19.9,49.6
1604474905,59.0,81.0,71.0,69.0,20.0,49.7
1604474906,58.0,82.0,71.0,68.0,20.0,49.7
1604474907,58.0,82.0,71.0,68.0,20.0,49.7
1604474908,58.0,83.0,71.0,68.0,20.0,49.7
1604474909,58.0,83.0,71.0,68.0,20.0,49.7
1604474910,58.0,84.0,71.0,68.0,20.0,49.8
1604474911,59.0,84.0,71.0,68.0,20.0,49.8
1604474912,59.0,85.0,72.0,67.0,20.0,49.8
1604474913,59.0,85.0,72.0,67.0,20.0,49.8
1604474914,59.0,84.0,72.0,67.0,20.0,49.8
1604474915,59.0,84.0,72.0,67.0,20.0,49.9
1604474916,59.0,84.0,73.0,67.0,20.0,49.9
1604474917,60.0,84.0,73.0,68.0,20.0,49.9
1604474918,60.0,84.0,72.0,68.0,20.0,49.9
1604474919,60.0,84.0,72.0,67.0,20.0,49.9
1604474920,60.0,83.0,72.0,67.0,20.0,50.0
1604474921,60.0,83.0,72.0,67.0,20.0,50.0
1604474922,60.0,83.0,71.0,67.0,20.0,50.0
1604474923,60.0,83.0,71.0,67.0,20.0,50.0
1604474924,60.0,83.0,70.0,67.0,20.0,50.0
1604474925,60.0,83.0,70.0,66.0,20.0,50.0
1604474926,60.0,83.0,69.0,66.0,20.0,50.0
1604474927,59.0,83.0,69.0,66.0,20.0,50.0
1604474928,59.0,83.0,69.0,66.0,20.0,50.0
1604474929,59.0,83.0,69.0,66.0,20.0,50.0
1604474930,59.0,83.0,69.0,66.0,20.0,50.1
1604474931,59.0,83.0,69.0,65.0,20.0,50.1
1604474932,58.0,83.0,70.0,66.0,20.0,50.1
1604474933,58.0,83.0,70.0,66.0,20.0,50.1
1604474934,58.0,83.0,70.0,66.0,20.0,50.1
1604474935,57.0,83.0,70.0,66.0,20.0,49.9
1604474936,57.0,82.0,71.0,66.0,20.0,49.9
1604474937,57.0,82.0,71.0,66.0,20.0,49.9
1604474938,57.0,82.0,71.0,67.0,20.0,49.9
1604474939,57.0,83.0,71.0,67.0,20.0,49.9
1604474940,57.0,83.0,71.0,67.0,20.0,49.8
1604474941,57.0,83.0,70.0,68.0,20.0,49.8
1604474942,56.0,83.0,70.0,68.0,20.0,49.8
1604474943,56.0,82.0,69.0,68.0,20.0,49.8
1604474944,56.0,82.0,69.0,68.0,20.0,49.8
1604474945,56.0,83.0,69.0,68.0,20.0,49.7
1604474946,56.0,83.0,69.0,68.0,20.0,49.7
1604474947,56.0,84.0,69.0,69.0,20.0,49.7
1604474948,56.0,84.0,69.0,70.0,20.0,49.7
1604474949,56.0,84.0,69.0,71.0,20.0,49.7
1604474950,56.0,84.0,69.0,71.0,20.0,49.6
1604474951,56.0,84.0,69.0,71.0,20.0,49.6
1604474952,56.0,84.0,69.0,72.0,20.0,49.6
1604474953,57.0,83.0,69.0,72.0,20.0,49.6
1604474954,57.0,83.0,69.0,72.0,20.0,49.6
1604474955,57.0,83.0,69.0,71.0,20.0,49.5
1604474956,58.0,82.0,69.0,71.0,20.0,49.5
1604474957,58.0,82.0,69.0,70.0,20.0,49.5
1604474958,58.0,81.0,69.0,69.0,20.0,49.5
1604474959,58.0,81.0,67.0,69.0,20.0,49.5
1604474960,58.0,81.0,67.0,67.0,20.0,49.3
1604474961,58.0,81.0,66.0,67.0,20.0,49.3
1604474962,58.0,81.0,66.0,66.0,20.0,49.3
1604474963,58.0,80.0,66.0,66.0,20.0,49.3
1604474964,58.0,80.0,65.0,66.0,20.0,49.3
1604474965,58.0,80.0,65.0,65.0,20.0,49.5
1604474966,57.0,80.0,65.0,65.0,20.0,49.5
1604474967,57.0,80.0,65.0,65.11111111111111,20.0,49.5
1604474968,57.0,80.0,65.0,65.22222222222223,20.0,49.5
1604474969,57.0,80.0,65.0,65.33333333333333,20.0,49.5
1604474970,57.0,80.0,65.0,65.44444444444444,20.0,49.5
1604474971,57.0,80.0,65.0,65.55555555555556,20.0,49.5
1604474972,57.0,80.0,65.0,65.66666666666667,20.0,49.5
1604474973,57.0,80.0,65.0,65.77777777777777,20.0,49.5
1604474974,57.0,80.0,65.0,65.88888888888889,20.0,49.5
1604474975,57.0,80.0,65.0,66.0,20.0,49.5
1604474976,57.0,81.0,65.0,66.0,20.0,49.5
1604474977,58.0,81.0,65.0,66.0,20.0,49.5
1604474978,58.0,81.0,65.0,66.0,20.0,49.3
1604474979,58.0,81.0,65.0,67.0,20.0,49.3
1604474980,58.0,80.0,65.0,68.0,20.0,49.3
1604474981,58.0,80.0,65.0,68.0,20.0,49.3
1604474982,58.0,81.0,65.0,69.0,20.0,49.3
1604474983,58.0,81.0,65.0,69.0,20.0,49.2
1604474984,58.0,80.0,65.0,70.0,20.0,49.2
1604474985,58.0,80.0,65.0,70.0,20.0,49.2
1604474986,58.0,80.0,65.0,70.0,20.0,49.2
1604474987,58.0,81.0,65.0,70.0,20.0,49.2
1604474988,58.0,81.0,66.0,71.0,20.0,49.3
1604474989,58.0,82.0,66.0,71.0,20.0,49.3
1604474990,58.0,82.0,66.0,71.0,20.0,49.3
1604474991,58.0,82.0,66.0,71.0,20.0,49.3
1604474992,59.0,83.0,66.0,71.0,20.0,49.3
1604474993,59.0,83.0,66.0,71.0,20.0,49.2
1604474994,59.0,83.0,66.0,71.0,20.0,49.2
1604474995,60.0,83.0,66.0,70.0,20.0,49.2
1604474996,60.0,83.0,67.0,70.0,20.0,49.2
1604474997,60.0,83.0,67.0,70.0,20.0,49.2
1604474998,61.0,83.0,67.0,70.0,20.0,49.5
1604474999,61.0,83.0,67.0,70.0,20.0,49.5
1604475000,61.0,83.0,67.0,70.0,20.0,49.5
1604475001,62.0,83.0,67.0,69.0,20.0,49.5
1604475002,62.0,83.0,67.0,69.0,20.0,49.5
1604475003,61.0,82.0,67.0,69.0,20.0,49.6
1604475004,61.0,82.0,67.0,69.0,20.0,49.6
1604475005,61.0,82.0,67.0,69.0,20.0,49.6
1604475006,60.0,82.0,67.0,69.0,20.0,49.6
1604475007,60.0,82.0,67.0,68.0,20.0,49.6
1604475008,59.0,82.0,67.0,68.0,20.0,49.6
1604475009,59.0,82.0,67.0,68.0,20.0,49.6
1604475010,59.0,82.0,66.0,68.0,20.0,49.6
1604475011,58.0,82.0,66.0,68.0,20.0,49.6
1604475012,58.0,82.0,66.0,68.0,20.0,49.6
1604475013,59.0,83.0,65.0,68.0,20.0,49.6
1604475014,59.0,83.0,65.0,68.0,20.0,49.6
1604475015,60.0,83.0,65.0,68.0,20.0,49.6
1604475016,60.0,83.0,65.0,68.0,20.0,49.6
1604475017,60.0,83.0,64.0,68.0,20.0,49.6
1604475018,61.0,83.0,64.0,68.0,19.9,49.5
1604475019,61.0,83.0,64.0,68.0,19.9,49.5
1604475020,61.0,84.0,64.0,69.0,19.9,49.5
1604475021,60.0,84.0,64.0,68.0,19.9,49.5
1604475022,60.0,84.0,64.0,68.0,19.9,49.5
1604475023,59.0,84.0,64.0,68.0,20.0,49.5
1604475024,59.0,84.0,64.0,68.0,20.0,49.5
1604475025,59.0,84.0,64.0,68.0,20.0,49.5
1604475026,59.0,84.0,64.0,68.0,20.0,49.5
1604475027,57.0,84.0,64.0,68.0,20.0,49.5
1604475028,57.0,84.0,64.0,68.0,20.0,49.3
1604475029,56.0,85.0,64.0,68.0,20.0,49.3
1604475030,56.0,84.0,64.0,69.0,20.0,49.3
1604475031,56.0,84.0,64.0,69.0,20.0,49.3
1604475032,56.0,84.0,64.0,69.0,20.0,49.3
1604475033,56.0,84.0,64.0,69.0,20.0,49.4
1604475034,56.0,84.0,64.0,69.0,20.0,49.4
1604475035,56.0,84.0,64.0,70.0,20.0,49.4
1604475036,56.0,84.0,64.0,70.0,20.0,49.4
1604475037,56.0,83.0,63.0,70.0,20.0,49.4
1604475038,56.0,82.0,63.0,70.0,20.0,49.3
1604475039,56.0,82.0,63.0,70.0,20.0,49.3
1604475040,56.0,81.0,63.0,70.0,20.0,49.3
1604475041,56.0,80.0,63.0,70.0,20.0,49.3
1604475042,55.0,80.0,64.0,70.0,20.0,49.3
1604475043,55.0,79.0,64.0,70.0,20.0,49.3
1604475044,55.0,79.0,65.0,70.0,20.0,49.3
1604475045,55.0,79.0,65.0,70.0,20.0,49.3
1604475046,55.0,79.0,65.0,69.0,20.0,49.3
1604475047,55.0,79.0,66.0,69.0,20.0,49.3
1604475048,55.0,79.0,66.0,69.0,20.0,49.3
1604475049,56.0,79.0,66.0,69.0,20.0,49.3
1604475050,56.0,79.0,66.0,68.0,20.0,49.3
1604475051,57.0,80.0,66.0,68.0,20.0,49.3
1604475052,57.0,80.0,66.0,68.0,20.0,49.3
1604475053,57.0,80.0,66.0,68.0,20.0,49.3
1604475054,58.0,81.0,66.0,68.0,20.0,49.3
1604475055,59.0,81.0,66.0,68.0,20.0,49.3
1604475056,59.0,81.0,66.0,68.0,20.0,49.3
1604475057,59.0,82.0,66.0,68.0,20.0,49.3
1604475058,59.0,82.0,66.0,69.0,19.9,49.3
1604475059,59.0,82.0,66.0,69.0,19.9,49.3
1604475060,59.0,83.0,66.0,69.0,19.9,49.3
1604475061,59.0,83.0,67.0,70.0,19.9,49.3
1604475062,59.0,83.0,67.0,70.0,19.9,49.3
1604475063,58.0,83.0,67.0,70.0,20.0,49.5
1604475064,58.0,83.0,66.0,70.0,20.0,49.5
1604475065,58.0,82.0,66.0,70.0,20.0,49.5
1604475066,58.0,82.0,66.0,71.0,20.0,49.5
1604475067,58.0,82.0,66.0,71.0,20.0,49.5
1604475068,58.0,81.0,66.0,70.0,20.0,49.5
1604475069,58.0,81.0,66.0,70.0,20.0,49.5
1604475070,58.0,80.0,66.0,70.0,20.0,49.5
1604475071,58.0,80.0,65.0,70.0,20.0,49.5
1604475072,58.0,80.0,65.0,69.0,20.0,49.5
1604475073,58.0,80.0,65.0,69.0,20.0,49.6
1604475074,59.0,80.0,65.0,69.0,20.0,49.6
1604475075,59.0,80.0,65.0,69.0,20.0,49.6
1604475076,59.0,79.0,66.0,68.0,20.0,49.6
1604475077,59.0,79.0,66.0,68.0,20.0,49.6
1604475078,59.0,79.0,66.0,68.0,20.0,49.6
1604475079,59.0,79.0,67.0,68.0,20.0,49.6
1604475080,59.0,79.0,67.0,68.0,20.0,49.6
1604475081,59.0,79.0,67.0,68.0,20.0,49.6
1604475082,59.0,79.0,67.0,68.0,20.0,49.6
1604475083,58.0,78.0,67.0,68.0,20.0,49.7
1604475084,58.0,78.0,67.0,68.0,20.0,49.7
1604475085,58.0,78.0,68.0,68.0,20.0,49.7
1604475086,58.0,78.0,68.0,68.0,20.0,49.7
1604475087,58.0,78.0,67.0,68.0,20.0,49.7
1604475088,58.0,78.0,67.0,69.0,20.0,49.9
1604475089,58.0,78.0,67.0,69.0,20.0,49.9
1604475090,58.0,78.0,67.0,69.0,20.0,49.9
1604475091,58.0,77.0,67.0,69.0,20.0,49.9
1604475092,58.0,77.0,66.0,70.0,20.0,49.9
1604475093,58.0,76.0,66.0,70.0,20.0,50.0
1604475094,57.0,76.0,66.0,70.0,20.0,50.0
1604475095,57.0,76.0,66.0,70.0,20.0,50.0
1604475096,57.0,76.0,66.0,69.0,20.0,50.0
1604475097,57.0,75.0,66.0,69.0,20.0,50.0
1604475098,57.0,76.0,66.0,69.0,20.0,50.1
1604475099,56.0,76.0,66.0,69.0,20.0,50.1
1604475100,56.0,76.0,67.0,68.0,20.0,50.1
1604475101,56.0,76.0,67.0,68.0,20.0,50.1
1604475102,56.0,77.0,67.0,68.0,20.0,50.1
1604475103,56.0,78.0,67.0,68.0,20.0,50.2
1604475104,56.0,79.0,68.0,68.0,20.0,50.2
1604475105,56.0,80.0,68.0,69.0,20.0,50.2
1604475106,56.0,80.0,68.0,69.0,20.0,50.2
1604475107,55.0,81.0,68.0,69.0,20.0,50.2
1604475108,55.0,82.0,67.0,69.0,20.0,50.4
1604475109,55.0,82.0,67.0,69.0,20.0,50.4
1604475110,55.0,82.0,66.0,69.0,20.0,50.4
1604475111,55.0,82.0,66.0,69.0,20.0,50.4
1604475112,55.0,82.0,66.0,68.0,20.0,50.4
1604475113,55.0,82.0,65.0,68.0,20.0,50.5
1604475114,55.0,82.0,65.0,68.0,20.0,50.5
1604475115,55.0,82.0,64.0,67.0,20.0,50.5
1604475116,54.0,82.0,64.0,67.0,20.0,50.5
1604475117,54.0,82.0,64.0,67.0,20.0,50.5
1604475118,54.0,82.0,64.0,67.0,20.0,50.4
1604475119,54.0,82.0,63.0,67.0,20.0,50.4
1604475120,54.0,81.0,63.0,67.0,20.0,50.4
1604475121,54.0,81.0,63.0,67.0,20.0,50.4
1604475122,54.0,82.0,63.0,67.0,20.0,50.4
1604475123,55.0,82.0,63.0,67.0,20.1,50.5
1604475124,55.0,83.0,63.0,68.0,20.1,50.5
1604475125,56.0,84.0,63.0,68.0,20.1,50.5
1604475126,56.0,84.0,64.0,68.0,20.1,50.5
1604475127,57.0,85.0,64.0,68.0,20.1,50.5
1604475128,57.0,85.0,65.0,68.0,20.1,50.5
1604475129,57.0,85.0,65.0,69.0,20.1,50.5
1604475130,57.0,85.0,65.0,69.0,20.1,50.5
1604475131,56.0,85.0,66.0,69.0,20.1,50.5
1604475132,56.0,84.0,66.0,69.0,20.1,50.5
1604475133,56.0,84.0,66.0,69.0,20.0,50.5
1604475134,55.0,83.0,66.0,70.0,20.0,50.5
1604475135,55.0,83.0,66.0,70.0,20.0,50.5
1604475136,54.0,82.0,67.0,70.0,20.0,50.5
1604475137,54.0,81.0,67.0,70.0,20.0,50.5
1604475138,54.0,80.0,67.0,70.0,20.0,50.6
1604475139,54.0,79.0,67.0,70.0,20.0,50.6
1604475140,54.0,79.0,66.0,70.0,20.0,50.6
1604475141,54.0,79.0,66.0,71.0,20.0,50.6
1604475142,54.0,79.0,66.0,71.0,20.0,50.6
1604475143,54.0,79.0,66.0,71.0,20.1,50.3
1604475144,54.0,80.0,65.0,71.0,20.1,50.3
1604475145,55.0,80.0,65.0,70.0,20.1,50.3
1604475146,55.0,80.0,65.0,70.0,20.1,50.3
1604475147,55.0,81.0,65.0,70.0,20.1,50.3
1604475148,55.0,82.0,65.0,70.0,20.1,50.2
1604475149,55.0,82.0,65.0,70.0,20.1,50.2
1604475150,55.0,82.0,65.0,70.0,20.1,50.2
1604475151,55.0,82.0,65.0,70.0,20.1,50.2
1604475152,55.0,82.0,65.0,69.0,20.1,50.2
1604475153,56.0,82.0,65.0,69.0,20.1,50.2
1604475154,56.0,82.0,66.0,69.0,20.1,50.2
1604475155,56.0,82.0,66.0,68.0,20.1,50.2
1604475156,56.0,82.0,66.0,68.0,20.1,50.2
1604475157,56.0,81.0,66.0,68.0,20.1,50.2
1604475158,56.0,81.0,66.0,67.0,20.0,50.0
1604475159,56.0,80.0,66.0,67.0,20.0,50.0
1604475160,56.0,80.0,66.0,67.0,20.0,50.0
1604475161,55.5,79.5,66.0,67.0,20.0,50.0
1604475162,55.0,79.0,66.0,67.0,20.0,50.0
1604475163,55.0,79.0,66.0,66.0,20.0,50.0
1604475164,55.0,79.0,66.0,69.0,20.0,50.1
1604475165,55.0,79.0,66.0,69.0,20.0,50.1
1604475166,54.0,79.0,65.0,68.0,20.0,50.1
1604475167,54.0,79.0,65.0,68.0,20.0,50.1
1604475168,54.0,80.0,65.0,68.0,20.0,50.1
1604475169,54.0,80.0,65.0,68.0,20.0,50.3
1604475170,54.0,81.0,65.0,68.0,20.0,50.3
1604475171,54.0,82.0,65.0,68.0,20.0,50.3
1604475172,55.0,82.0,65.0,68.0,20.0,50.3
1604475173,55.0,83.0,65.0,68.0,20.0,50.3
1604475174,55.0,83.0,65.0,68.0,20.0,50.5
1604475175,55.0,83.0,65.0,69.0,20.0,50.5
1604475176,55.0,84.0,65.0,69.0,20.0,50.5
1604475177,55.0,84.0,65.0,69.0,20.0,50.5
1604475178,55.0,84.0,65.0,70.0,20.0,50.5
1604475179,54.888888888888886,83.88888888888889,65.0,70.0,20.0,50.5
1604475180,54.77777777777778,83.77777777777777,65.0,70.0,20.0,50.5
1604475181,54.66666666666666,83.66666666666667,65.0,70.0,20.0,50.5
1604475182,54.55555555555556,83.55555555555556,65.0,70.0,20.0,50.5
1604475183,54.44444444444444,83.44444444444444,65.0,70.0,20.0,50.5
1604475184,54.333333333333336,83.33333333333333,65.0,70.0,20.0,50.5
1604475185,54.22222222222222,83.22222222222223,65.0,70.0,20.0,50.5
1604475186,54.11111111111112,83.11111111111111,65.0,70.0,20.0,50.5
1604475187,54.0,83.0,65.0,70.0,20.0,50.5
1604475188,54.0,83.0,66.0,71.0,20.0,50.5
1604475189,54.0,83.0,65.0,71.0,20.0,50.5
1604475190,54.0,83.0,65.0,71.0,20.0,50.5
1604475191,54.0,83.0,65.0,71.0,20.0,50.5
1604475192,54.0,82.0,65.0,71.0,20.0,51.2
1604475193,54.0,81.0,65.0,71.0,20.0,51.2
1604475194,54.0,81.0,66.0,71.0,20.0,51.2
1604475195,54.0,81.0,66.0,71.0,20.0,51.2
1604475196,54.0,81.0,67.0,70.0,20.0,51.2
1604475197,54.0,81.0,67.0,70.0,20.0,51.5
1604475198,54.0,81.0,67.0,70.0,20.0,51.5
1604475199,55.0,80.0,68.0,70.0,20.0,51.5
1604475200,55.0,80.0,68.0,69.0,20.0,51.5
1604475201,55.0,80.0,69.0,69.0,20.0,51.5
1604475202,55.0,80.0,69.0,69.0,20.0,51.6
1604475203,55.0,80.0,70.0,69.0,20.0,51.6
1604475204,55.0,80.0,70.0,68.0,20.0,51.6
1604475205,55.0,80.0,70.0,68.0,20.0,51.6
1604475206,55.0,80.0,69.0,68.0,20.0,51.6
1604475207,55.0,80.0,69.0,68.0,20.0,51.7
1604475208,55.0,80.0,69.0,68.0,20.0,51.7
1604475209,55.0,80.0,69.0,68.0,20.0,51.7
1604475210,55.0,80.0,69.0,68.0,20.0,51.7
1604475211,55.0,80.0,69.0,68.0,20.0,51.7
1604475212,55.0,80.0,69.0,68.0,20.0,51.8
1604475213,55.0,81.0,69.0,67.0,20.0,51.8
1604475214,56.0,81.0,69.0,67.0,20.0,51.8
1604475215,56.0,82.0,69.0,67.0,20.0,51.8
1604475216,56.0,82.0,69.0,67.0,20.0,51.8
1604475217,56.0,82.0,69.0,67.0,20.0,51.4
1604475218,56.0,83.0,69.0,67.0,20.0,51.4
1604475219,56.0,83.0,70.0,67.0,20.0,51.4
1604475220,57.0,83.0,70.0,67.0,20.0,51.4
1604475221,57.0,83.0,69.0,67.0,20.0,51.4
1604475222,57.0,83.0,69.0,67.0,20.0,51.5
1604475223,57.0,83.0,69.0,67.0,20.0,51.5
1604475224,57.0,82.0,67.0,67.0,20.0,51.5
1604475225,57.0,82.0,67.0,66.0,20.0,51.5
1604475226,57.0,81.0,67.0,66.0,20.0,51.5
1604475227,57.0,81.0,67.0,66.0,20.0,51.5
1604475228,57.0,80.0,67.0,66.0,20.0,51.5
1604475229,56.0,79.0,67.0,66.0,20.0,51.5
1604475230,56.0,79.0,67.0,66.0,20.0,51.5
1604475231,56.0,79.0,67.0,66.0,20.0,51.5
1604475232,56.0,78.0,68.0,66.0,20.0,51.9
1604475233,56.0,78.0,68.0,66.0,20.0,51.9
1604475234,55.0,78.0,68.0,66.0,20.0,51.9
1604475235,55.0,78.0,69.0,66.0,20.0,51.9
1604475236,55.0,78.0,69.0,66.0,20.0,51.9
1604475237,55.0,79.0,69.0,67.0,20.0,51.7
1604475238,55.0,79.0,69.0,67.0,20.0,51.7
1604475239,55.0,80.0,69.0,67.0,20.0,51.7
1604475240,55.0,80.0,69.0,66.0,20.0,51.7
1604475241,55.0,80.0,68.0,66.0,20.0,51.7
1604475242,55.0,80.0,68.0,66.0,20.0,51.9
1604475243,55.0,80.0,68.0,66.0,20.0,51.9
1604475244,55.0,80.0,68.0,66.0,20.0,51.9
1604475245,55.0,80.0,67.0,66.0,20.0,51.9
1604475246,55.0,80.0,67.0,65.0,20.0,51.9
1604475247,55.0,80.0,67.0,65.0,20.0,52.1
1604475248,55.0,80.0,67.0,65.0,20.0,52.1
1604475249,55.0,81.0,67.0,66.0,20.0,52.1
1604475250,54.0,81.0,67.0,66.0,20.0,52.1
1604475251,54.0,81.0,67.0,67.0,20.0,52.1
1604475252,54.0,82.0,67.0,67.0,20.0,52.2
1604475253,54.0,82.0,67.0,67.0,20.0,52.2
1604475254,54.0,82.0,67.0,67.0,20.0,52.2
1604475255,54.0,83.0,67.0,67.0,20.0,52.2
1604475256,54.0,83.0,67.0,68.0,20.0,52.2
1604475257,55.0,82.0,67.0,68.0,20.0,52.3
1604475258,55.0,82.0,67.0,67.0,20.0,52.3
1604475259,55.0,81.0,67.0,67.0,20.0,52.3
1604475260,55.0,81.0,67.0,67.0,20.0,52.3
1604475261,55.0,80.0,67.0,67.0,20.0,52.3
1604475262,55.0,80.0,67.0,67.0,20.0,52.2
1604475263,55.0,80.0,67.0,67.0,20.0,52.2
1604475264,55.0,79.0,68.0,66.0,20.0,52.2
1604475265,55.0,79.0,68.0,66.0,20.0,52.2
1604475266,55.0,80.0,68.0,66.0,20.0,52.2
1604475267,55.0,80.0,68.0,66.0,20.0,51.8
1604475268,55.0,81.0,69.0,67.0,20.0,51.8
1604475269,54.0,81.0,69.0,67.0,20.0,51.8
1604475270,54.0,81.0,69.0,67.0,20.0,51.8
1604475271,54.0,82.0,68.0,67.0,20.0,51.8
1604475272,54.0,82.0,68.0,67.0,20.0,51.7
1604475273,55.0,82.0,68.0,67.0,20.0,51.7
1604475274,55.0,82.0,68.0,68.0,20.0,51.7
1604475275,55.0,82.0,67.0,68.0,20.0,51.7
1604475276,55.0,82.0,66.0,68.0,20.0,51.7
1604475277,55.0,82.0,65.0,68.0,20.0,51.4
1604475278,55.0,82.0,65.0,68.0,20.0,51.4
1604475279,55.0,82.0,64.0,68.0,20.0,51.4
1604475280,55.0,82.0,63.0,68.0,20.0,51.4
1604475281,55.0,82.0,63.0,67.0,20.0,51.4
1604475282,54.0,82.0,62.0,67.0,20.0,51.3
1604475283,54.0,82.0,62.0,67.0,20.0,51.3
1604475284,54.0,81.0,61.0,66.0,20.0,51.3
1604475285,53.0,81.0,61.0,66.0,20.0,51.3
1604475286,53.0,80.0,61.0,66.0,20.0,51.3
1604475287,53.0,80.0,61.0,66.0,20.0,51.3
1604475288,53.0,79.0,62.0,66.0,20.0,51.3
1604475289,53.0,78.0,62.0,67.0,20.0,51.3
1604475290,54.0,78.0,62.0,67.0,20.0,51.3
1604475291,54.0,77.0,63.0,67.0,20.0,51.3
1604475292,54.0,77.0,63.0,67.0,20.0,51.6
1604475293,54.0,77.0,64.0,68.0,20.0,51.6
1604475294,55.0,76.0,65.0,68.0,20.0,51.6
1604475295,55.0,76.0,65.0,68.0,20.0,51.6
1604475296,56.0,76.0,65.0,68.0,20.0,51.6
1604475297,56.0,76.0,65.0,68.0,20.0,51.7
1604475298,56.0,76.0,65.0,68.0,20.0,51.7
1604475299,56.0,76.0,65.0,68.0,20.0,51.7
1604475300,56.0,76.0,65.0,68.0,20.0,51.7
1604475301,55.0,76.0,65.0,68.0,20.0,51.7
1604475302,55.0,76.0,65.0,68.0,20.0,51.7
1604475303,55.0,76.0,65.0,68.0,20.0,51.7
1604475304,55.0,76.0,66.0,68.0,20.0,51.7
1604475305,55.0,77.0,66.0,68.0,20.0,51.7
1604475306,55.0,77.0,66.0,68.0,20.0,51.7
1604475307,55.0,77.0,66.0,68.0,20.0,51.9
1604475308,56.0,77.0,66.0,69.0,20.0,51.9
1604475309,56.0,77.0,66.0,68.0,20.0,51.9
1604475310,56.0,77.0,66.0,68.0,20.0,51.9
1604475311,57.0,76.0,66.0,68.0,20.0,51.9
1604475312,57.0,76.0,66.0,67.0,19.9,51.5
1604475313,58.0,76.0,66.0,67.0,19.9,51.5
1604475314,59.0,76.0,66.0,67.0,19.9,51.5
1604475315,59.0,76.0,65.0,66.0,19.9,51.5
1604475316,59.0,76.0,65.0,66.0,19.9,51.5
1604475317,59.0,76.0,65.0,66.0,19.9,51.5
1604475318,59.0,76.0,65.0,66.0,19.9,51.5
1604475319,59.0,76.0,65.0,66.0,19.9,51.5
1604475320,58.0,77.0,64.0,66.0,19.9,51.5
1604475321,58.0,77.0,63.0,67.0,19.9,51.5
1604475322,58.0,78.0,63.0,67.0,19.9,51.4
1604475323,58.0,78.0,63.0,67.0,19.9,51.4
1604475324,58.0,79.0,63.0,68.0,19.9,51.4
1604475325,57.0,79.0,62.0,68.0,19.9,51.4
1604475326,57.0,79.0,62.0,69.0,19.9,51.4
1604475327,57.0,79.0,63.0,69.0,19.9,51.5
1604475328,57.0,79.0,63.0,69.0,19.9,51.5
1604475329,57.0,79.0,63.0,70.0,19.9,51.5
1604475330,57.0,79.0,64.0,70.0,19.9,51.5
1604475331,57.0,79.0,64.0,71.0,19.9,51.5
1604475332,57.0,79.0,65.0,71.0,19.9,51.5
1604475333,57.0,79.0,65.0,71.0,19.9,51.5
1604475334,57.0,79.0,65.0,71.0,19.9,51.5
1604475335,57.0,79.0,66.0,71.0,19.9,51.5
1604475336,58.0,79.0,66.0,71.0,19.9,51.5
1604475337,58.0,79.0,66.0,71.0,19.9,51.6
1604475338,58.0,79.0,66.0,71.0,19.9,51.6
1604475339,58.0,79.0,67.0,71.0,19.9,51.6
1604475340,59.0,79.0,67.0,71.0,19.9,51.6
1604475341,59.0,79.0,68.0,70.0,19.9,51.6
1604475342,59.0,80.0,68.0,70.0,19.9,51.6
1604475343,59.0,80.0,68.0,70.0,19.9,51.6
1604475344,59.0,80.0,68.0,70.0,19.9,51.6
1604475345,59.0,80.0,68.0,69.0,19.9,51.6
1604475346,58.0,81.0,68.0,69.0,19.9,51.6
1604475347,58.0,81.0,68.0,69.0,19.9,51.7
1604475348,58.0,81.0,68.0,69.0,19.9,51.7
1604475349,58.0,81.0,67.0,69.0,19.9,51.7
1604475350,57.0,81.0,67.0,69.0,19.9,51.7
1604475351,57.0,81.0,67.0,69.0,19.9,51.7
1604475352,57.0,80.0,67.0,69.0,19.9,51.7
1604475353,57.0,80.0,67.0,69.0,19.9,51.7
1604475354,56.0,78.0,67.0,69.0,19.9,51.7
1604475355,56.0,78.0,67.0,68.0,19.9,51.7
1604475356,56.0,79.0,67.0,68.0,19.9,51.7
1604475357,56.0,79.0,67.0,68.0,19.9,51.6
1604475358,55.0,78.0,67.0,68.0,19.9,51.6
1604475359,55.0,78.0,67.0,67.0,19.9,51.6
1604475360,55.0,78.0,67.0,67.0,19.9,51.6
1604475361,54.0,78.0,67.0,67.0,19.9,51.6
1604475362,54.0,78.0,67.0,67.0,19.9,51.5
1604475363,54.0,77.0,66.0,67.0,19.9,51.5
1604475364,54.0,77.0,66.0,67.0,19.9,51.5
1604475365,55.0,76.0,66.0,67.0,19.9,51.5
1604475366,55.0,76.0,66.0,67.0,19.9,51.5
1604475367,56.0,75.0,66.0,68.0,19.9,51.9
1604475368,56.0,75.0,65.0,68.0,19.9,51.9
1604475369,58.0,75.0,66.0,68.0,19.9,51.9
1604475370,59.0,75.0,66.0,68.0,19.9,51.9
1604475371,60.0,74.0,66.0,68.0,19.9,51.9
1604475372,60.0,74.0,65.0,68.0,19.9,52.0
1604475373,61.0,74.0,65.0,68.0,19.9,52.0
1604475374,61.0,74.0,65.0,68.0,19.9,52.0
1604475375,61.0,74.0,65.0,68.0,19.9,52.0
1604475376,61.0,75.0,65.0,68.0,19.9,52.0
1604475377,61.0,75.0,65.0,68.0,19.9,52.2
1604475378,61.0,76.0,65.0,68.0,19.9,52.2
1604475379,60.0,76.0,65.0,68.0,19.9,52.2
1604475380,60.0,76.0,64.0,68.0,19.9,52.2
1604475381,60.0,77.0,64.0,68.0,19.9,52.2
1604475382,59.0,77.0,65.0,68.0,19.9,52.9
1604475383,58.0,77.0,65.0,68.0,19.9,52.9
1604475384,58.0,77.0,65.0,68.0,19.9,52.9
1604475385,58.0,77.0,65.0,68.0,19.9,52.9
1604475386,57.0,77.0,66.0,68.0,19.9,52.9
1604475387,57.0,77.0,66.0,68.0,19.9,53.0
1604475388,57.0,77.0,66.0,68.0,19.9,53.0
1604475389,57.0,77.0,66.0,68.0,19.9,53.0
1604475390,57.0,77.0,67.0,68.0,19.9,53.0
1604475391,57.0,77.0,67.0,67.0,19.9,53.0
1604475392,56.875,77.0,67.0,67.0,19.9,52.9875
1604475393,56.75,77.0,67.0,67.0,19.9,52.975
1604475394,56.625,77.0,67.0,67.0,19.9,52.9625
1604475395,56.5,77.0,67.0,67.0,19.9,52.95
1604475396,56.375,77.0,67.0,67.0,19.9,52.9375
1604475397,56.25,77.0,67.0,67.0,19.9,52.925
1604475398,56.125,77.0,67.0,67.0,19.9,52.9125
1604475399,56.0,77.0,67.0,67.0,19.9,52.9
1604475400,56.0,77.0,67.0,67.0,19.9,52.9
1604475401,56.0,77.0,67.0,67.0,19.9,52.9
1604475402,56.0,77.0,67.0,67.0,19.9,52.9
1604475403,55.0,77.0,67.0,67.0,19.9,52.9
1604475404,55.0,77.0,67.0,67.0,19.9,52.8
1604475405,55.0,77.0,67.0,67.0,19.9,52.8
1604475406,54.0,76.0,67.0,67.0,19.9,52.8
1604475407,54.0,76.0,67.0,67.0,19.9,52.8
1604475408,54.0,76.0,67.0,67.0,19.9,52.8
1604475409,53.0,76.0,68.0,67.0,19.9,52.8
1604475410,53.0,76.0,68.0,67.0,19.9,52.8
1604475411,53.0,77.0,68.0,67.0,19.9,52.8
1604475412,53.0,76.0,68.0,67.0,19.9,52.8
1604475413,53.0,77.0,68.0,67.0,19.9,52.8
1604475414,53.0,77.0,68.0,67.0,19.9,52.7
1604475415,54.0,77.0,68.0,67.0,19.9,52.7
1604475416,54.0,78.0,67.0,67.0,19.9,52.7
1604475417,54.0,78.0,67.0,67.0,19.9,52.7
1604475418,55.0,78.0,67.0,67.0,19.9,52.7
1604475419,56.0,78.0,66.0,70.0,19.9,51.9
1604475420,56.0,77.0,66.0,70.0,19.9,51.9
1604475421,56.0,77.0,66.0,70.0,19.9,51.9
1604475422,57.0,77.0,66.0,70.0,19.9,51.9
1604475423,57.0,77.0,65.0,70.0,19.9,51.9
1604475424,57.0,76.0,65.0,69.0,20.0,52.0
1604475425,58.0,76.0,65.0,69.0,20.0,52.0
1604475426,58.0,76.0,65.0,68.0,20.0,52.0
1604475427,58.0,76.0,65.0,68.0,20.0,52.0
1604475428,57.0,76.0,65.0,68.0,20.0,52.0
1604475429,57.0,76.0,65.0,68.0,19.9,51.9
1604475430,57.0,76.0,65.0,67.0,19.9,51.9
1604475431,57.0,76.0,66.0,67.0,19.9,51.9
1604475432,57.0,76.0,66.0,67.0,19.9,51.9
1604475433,57.0,76.0,65.0,66.0,19.9,51.9
1604475434,56.0,76.0,65.0,66.0,20.0,52.1
1604475435,56.0,75.0,65.0,66.0,20.0,52.1
1604475436,56.0,75.0,65.0,66.0,20.0,52.1
1604475437,56.0,75.0,64.0,66.0,20.0,52.1
1604475438,56.0,75.0,64.0,66.0,20.0,52.1
1604475439,56.0,75.0,63.0,66.0,19.9,51.9
1604475440,56.0,74.0,63.0,65.0,19.9,51.9
1604475441,56.0,74.0,62.0,65.0,19.9,51.9
1604475442,56.0,74.0,62.0,65.0,19.9,51.9
1604475443,56.0,74.0,62.0,65.0,19.9,51.9
1604475444,56.0,74.0,62.0,65.0,20.0,51.5
1604475445,56.0,74.0,62.0,65.0,20.0,51.5
1604475446,56.0,74.0,62.0,65.0,20.0,51.5
1604475447,56.0,74.0,63.0,65.0,20.0,51.5
1604475448,56.0,74.0,63.0,65.0,20.0,51.5
1604475449,56.0,75.0,63.0,65.0,20.0,51.7
1604475450,56.0,75.0,63.0,65.0,20.0,51.7
1604475451,56.0,75.0,63.0,65.0,20.0,51.7
1604475452,56.0,76.0,63.0,66.0,20.0,51.7
1604475453,55.0,76.0,63.0,67.0,20.0,51.7
1604475454,55.0,76.0,63.0,67.0,20.0,51.9
1604475455,55.0,76.0,63.0,67.0,20.0,51.9
1604475456,55.0,77.0,63.0,67.0,20.0,51.9
1604475457,55.0,77.0,63.0,67.0,20.0,51.9
1604475458,55.0,77.0,62.0,68.0,20.0,51.9
1604475459,55.0,77.0,62.0,68.0,20.0,52.1
1604475460,55.0,77.0,62.0,68.0,20.0,52.1
1604475461,55.0,76.0,62.0,68.0,20.0,52.1
1604475462,55.0,76.0,61.0,68.0,20.0,52.1
1604475463,56.0,76.0,61.0,68.0,20.0,52.1
1604475464,56.0,76.0,61.0,69.0,20.0,52.6
1604475465,56.0,76.0,60.0,69.0,20.0,52.6
1604475466,56.0,76.0,60.0,69.0,20.0,52.6
1604475467,56.0,76.0,60.0,70.0,20.0,52.6
1604475468,56.0,76.0,60.0,70.0,20.0,52.6
1604475469,56.0,76.0,60.0,70.0,20.0,52.6
1604475470,56.0,76.0,61.0,70.0,20.0,52.6
1604475471,56.0,76.0,61.0,71.0,20.0,52.6
1604475472,57.0,76.0,61.0,71.0,20.0,52.6
1604475473,57.0,76.0,61.0,71.0,20.0,52.6
1604475474,57.0,76.0,61.0,71.0,20.0,52.0
1604475475,57.0,76.0,63.0,71.0,20.0,52.0
1604475476,57.0,75.0,63.0,70.0,20.0,52.0
1604475477,57.0,75.0,63.0,70.0,20.0,52.0
1604475478,57.0,75.0,63.0,69.0,20.0,52.0
1604475479,57.0,74.0,63.0,69.0,20.0,51.5
1604475480,57.0,74.0,63.0,68.0,20.0,51.5
1604475481,56.0,75.0,63.0,68.0,20.0,51.5
1604475482,56.0,75.0,62.0,68.0,20.0,51.5
1604475483,56.0,74.0,62.0,67.0,20.0,51.5
1604475484,56.0,74.0,61.0,67.0,20.0,51.2
1604475485,56.0,75.0,61.0,68.0,20.0,51.2
1604475486,55.0,75.0,61.0,68.0,20.0,51.2
1604475487,55.0,75.0,61.0,69.0,20.0,51.2
1604475488,55.0,75.0,64.0,69.0,20.0,51.2
1604475489,56.0,75.0,64.0,69.0,20.0,51.1
1604475490,56.0,75.0,64.0,70.0,20.0,51.1
1604475491,56.0,74.0,63.0,70.0,20.0,51.1
1604475492,56.0,74.0,63.0,71.0,20.0,51.1
1604475493,56.0,74.0,63.0,72.0,20.0,51.1
1604475494,57.0,74.0,63.0,72.0,20.0,50.9
1604475495,57.0,74.0,63.0,72.0,20.0,50.9
1604475496,57.0,74.0,63.0,71.0,20.0,50.9
1604475497,57.0,73.0,64.0,71.0,20.0,50.9
1604475498,56.0,73.0,64.0,71.0,20.0,50.9
1604475499,56.0,73.0,64.0,70.0,20.0,50.9
1604475500,56.0,73.0,64.0,70.0,20.0,50.9
1604475501,56.0,74.0,64.0,70.0,20.0,50.9
1604475502,55.0,74.0,64.0,69.0,20.0,50.9
1604475503,55.0,73.0,64.0,69.0,20.0,50.9
1604475504,55.0,73.0,63.0,68.0,20.0,50.7
1604475505,55.0,74.0,63.0,68.0,20.0,50.7
1604475506,55.0,74.0,63.0,68.0,20.0,50.7
1604475507,55.0,74.0,63.0,68.0,20.0,50.7
1604475508,55.0,75.0,63.0,68.0,20.0,50.7
1604475509,56.0,75.0,63.0,68.0,20.0,50.8
1604475510,56.0,75.0,63.0,68.0,20.0,50.8
1604475511,56.0,76.0,63.0,68.0,20.0,50.8
1604475512,57.0,76.0,63.0,68.0,20.0,50.8
1604475513,57.0,77.0,64.0,68.0,20.0,50.8
1604475514,57.0,77.0,64.0,69.0,20.0,50.7
1604475515,57.0,78.0,64.0,69.0,20.0,50.7
1604475516,58.0,78.0,64.0,70.0,20.0,50.7
1604475517,58.0,78.0,64.0,70.0,20.0,50.7
1604475518,58.0,78.0,65.0,71.0,20.0,50.7
1604475519,58.0,78.0,65.0,71.0,20.0,50.5
1604475520,58.0,78.0,65.0,71.0,20.0,50.5
1604475521,58.0,78.0,65.0,72.0,20.0,50.5
1604475522,58.0,77.0,66.0,72.0,20.0,50.5
1604475523,58.0,77.0,66.0,72.0,20.0,50.5
1604475524,58.0,76.0,67.0,72.0,20.0,50.3
1604475525,58.0,76.0,67.0,72.0,20.0,50.3
1604475526,57.0,76.0,68.0,71.0,20.0,50.3
1604475527,57.0,75.0,68.0,71.0,20.0,50.3
1604475528,57.0,75.0,69.0,70.0,20.0,50.3
1604475529,57.0,75.0,69.0,70.0,20.0,50.2
1604475530,57.0,75.0,69.0,69.0,20.0,50.2
1604475531,57.0,75.0,70.0,69.0,20.0,50.2
1604475532,56.0,75.0,70.0,68.0,20.0,50.2
1604475533,56.0,75.0,70.0,68.0,20.0,50.2
1604475534,56.0,75.0,70.0,67.0,20.0,50.1
1604475535,56.0,75.0,70.0,67.0,20.0,50.1
1604475536,56.0,75.0,70.0,67.0,20.0,50.1
1604475537,56.0,75.0,70.0,67.0,20.0,50.1
1604475538,56.0,75.0,70.0,67.0,20.0,50.1
1604475539,56.0,75.0,69.0,67.0,20.0,50.1
1604475540,56.0,76.0,70.0,68.0,20.0,50.1
1604475541,56.0,76.0,70.0,68.0,20.0,50.1
1604475542,56.0,76.0,69.0,69.0,20.0,50.1
1604475543,56.0,76.0,69.0,69.0,20.0,50.1
1604475544,56.0,76.0,69.0,70.0,20.0,50.0
1604475545,56.0,75.0,68.0,70.0,20.0,50.0
1604475546,56.0,75.0,68.0,70.0,20.0,50.0
1604475547,56.0,75.0,68.0,71.0,20.0,50.0
1604475548,56.0,75.0,68.0,72.0,20.0,50.0
1604475549,56.0,75.0,68.0,72.0,20.0,50.0
1604475550,56.0,75.0,68.0,72.0,20.0,50.0
1604475551,56.0,75.0,67.0,72.0,20.0,50.0
1604475552,56.0,75.0,67.0,72.0,20.0,50.0
1604475553,56.0,75.0,67.0,72.0,20.0,50.0
1604475554,55.0,75.0,67.0,73.0,20.0,49.9
1604475555,55.0,75.0,67.0,73.0,20.0,49.9
1604475556,55.0,76.0,67.0,73.0,20.0,49.9
1604475557,54.0,76.0,67.0,73.0,20.0,49.9
1604475558,54.0,76.0,67.0,74.0,20.0,49.9
1604475559,54.0,76.0,67.0,74.0,20.0,49.9
1604475560,54.0,77.0,66.0,74.0,20.0,49.9
1604475561,54.0,77.0,66.0,75.0,20.0,49.9
1604475562,54.0,77.0,66.0,75.0,20.0,49.9
1604475563,54.0,77.0,66.0,75.0,20.0,49.9
1604475564,55.0,77.0,66.0,75.0,20.0,49.7
1604475565,55.0,77.0,66.0,75.0,20.0,49.7
1604475566,55.0,76.0,66.0,74.0,20.0,49.7
1604475567,55.0,76.0,66.0,74.0,20.0,49.7
1604475568,56.0,75.0,66.0,74.0,20.0,49.7
1604475569,56.0,75.0,66.0,74.0,20.1,49.9
1604475570,56.0,75.0,67.0,74.0,20.1,49.9
1604475571,56.0,74.0,67.0,74.0,20.1,49.9
1604475572,56.0,74.0,67.0,74.0,20.1,49.9
1604475573,56.0,74.0,68.0,74.0,20.1,49.9
1604475574,56.0,74.0,68.0,74.0,20.0,49.9
1604475575,56.0,74.0,69.0,75.0,20.0,49.9
1604475576,56.0,74.0,69.0,75.0,20.0,49.9
1604475577,56.0,74.0,70.0,75.0,20.0,49.9
1604475578,56.0,74.0,70.0,75.0,20.0,49.9
1604475579,56.0,75.0,70.0,74.0,20.1,50.1
1604475580,56.0,75.0,70.0,74.0,20.1,50.1
1604475581,56.0,77.0,70.0,74.0,20.1,50.1
1604475582,56.0,77.0,69.0,73.0,20.1,50.1
1604475583,56.0,77.0,69.0,73.0,20.1,50.1
1604475584,56.0,77.0,69.0,72.0,20.0,49.9
1604475585,56.0,77.0,68.0,72.0,20.0,49.9
1604475586,56.0,77.0,68.0,72.0,20.0,49.9
1604475587,56.0,77.0,68.0,72.0,20.0,49.9
1604475588,56.0,77.0,68.0,72.0,20.0,49.9
1604475589,56.0,77.0,67.0,73.0,20.0,49.6
1604475590,56.0,77.0,68.0,73.0,20.0,49.6
1604475591,56.0,77.0,68.0,74.0,20.0,49.6
1604475592,56.0,77.0,67.0,74.0,20.0,49.6
1604475593,56.0,77.0,67.0,74.0,20.0,49.6
1604475594,56.0,77.0,67.0,74.0,20.0,49.7
1604475595,56.0,76.0,67.0,74.0,20.0,49.7
1604475596,56.0,76.0,67.0,74.0,20.0,49.7
1604475597,56.0,76.0,67.0,74.0,20.0,49.7
1604475598,55.0,76.0,67.0,74.0,20.0,49.7
1604475599,55.0,76.0,67.0,73.0,20.1,49.8
1604475600,55.0,75.0,67.0,73.0,20.1,49.8
1604475601,55.11111111111112,75.11111111111111,67.0,73.0,20.1,49.8
1604475602,55.22222222222222,75.22222222222223,67.0,73.0,20.1,49.8
1604475603,55.333333333333336,75.33333333333333,67.0,73.0,20.1,49.8
1604475604,55.44444444444444,75.44444444444444,67.0,73.0,20.1,49.8
1604475605,55.55555555555556,75.55555555555556,67.0,73.0,20.1,49.8
1604475606,55.66666666666666,75.66666666666667,67.0,73.0,20.1,49.8
1604475607,55.77777777777778,75.77777777777777,67.0,73.0,20.1,49.8
1604475608,55.888888888888886,75.88888888888889,67.0,73.0,20.1,49.8
1604475609,56.0,76.0,67.0,73.0,20.1,49.8
1604475610,57.0,76.0,67.0,72.0,20.1,49.8
1604475611,57.0,76.0,67.0,72.0,20.1,49.8
1604475612,57.0,76.0,67.0,72.0,20.0,49.7
1604475613,57.0,76.0,67.0,72.0,20.0,49.7
1604475614,57.0,76.0,68.0,72.0,20.0,49.7
1604475615,57.0,76.0,68.0,72.0,20.0,49.7
1604475616,57.0,76.0,68.0,72.0,20.0,49.7
1604475617,56.0,77.0,68.0,72.0,20.0,49.9
1604475618,56.0,77.0,68.0,72.0,20.0,49.9
1604475619,56.0,76.0,67.0,72.0,20.0,49.9
1604475620,56.0,76.0,67.0,72.0,20.0,49.9
1604475621,56.0,75.0,66.0,72.0,20.0,49.9
1604475622,56.0,75.0,66.0,72.0,20.0,49.5
1604475623,55.0,75.0,65.0,72.0,20.0,49.5
1604475624,55.0,74.0,64.0,73.0,20.0,49.5
1604475625,55.0,74.0,64.0,73.0,20.0,49.5
1604475626,55.0,74.0,63.0,73.0,20.0,49.5
1604475627,55.0,73.0,63.0,73.0,20.0,49.4
1604475628,55.0,73.0,63.0,73.0,20.0,49.4
1604475629,55.0,73.0,63.0,73.0,20.0,49.4
1604475630,54.0,73.0,63.0,73.0,20.0,49.4
1604475631,54.0,73.0,63.0,73.0,20.0,49.4
1604475632,54.0,74.0,63.0,73.0,20.0,49.3
1604475633,54.0,74.0,64.0,73.0,20.0,49.3
1604475634,54.0,74.0,64.0,73.0,20.0,49.3
1604475635,53.0,75.0,64.0,73.0,20.0,49.3
1604475636,53.0,75.0,64.0,73.0,20.0,49.3
1604475637,53.0,75.0,64.0,72.0,20.0,49.3
1604475638,53.0,75.0,64.0,72.0,20.0,49.3
1604475639,53.0,75.0,64.0,72.0,20.0,49.3
1604475640,53.0,75.0,64.0,71.0,20.0,49.3
1604475641,53.0,75.0,63.0,71.0,20.0,49.3
1604475642,53.0,75.0,63.0,71.0,20.0,49.2
1604475643,53.0,75.0,63.0,71.0,20.0,49.2
1604475644,53.0,75.0,63.0,71.0,20.0,49.2
1604475645,54.0,75.0,63.0,72.0,20.0,49.2
1604475646,54.0,75.0,64.0,72.0,20.0,49.2
1604475647,54.0,75.0,63.0,72.0,20.0,49.3
1604475648,54.0,75.0,63.0,72.0,20.0,49.3
1604475649,54.0,75.0,63.0,73.0,20.0,49.3
1604475650,54.0,75.0,63.0,73.0,20.0,49.3
1604475651,55.0,74.0,63.0,73.0,20.0,49.3
1604475652,55.0,74.0,63.0,73.0,20.0,49.3
1604475653,55.0,74.0,63.0,73.0,20.0,49.3
1604475654,56.0,74.0,62.0,72.0,20.0,49.3
1604475655,56.0,74.0,62.0,72.0,20.0,49.3
1604475656,56.0,74.0,61.0,72.0,20.0,49.3
1604475657,57.0,74.0,61.0,72.0,20.0,49.3
1604475658,58.0,74.0,61.0,72.0,20.0,49.3
1604475659,58.0,74.0,61.0,72.0,20.0,49.3
1604475660,59.0,74.0,61.0,72.0,20.0,49.3
1604475661,59.0,75.0,61.0,71.0,20.0,49.3
1604475662,59.0,75.0,61.0,71.0,20.0,48.8
1604475663,59.0,75.0,61.0,71.0,20.0,48.8
1604475664,59.0,75.0,61.0,71.0,20.0,48.8
1604475665,59.0,75.0,61.0,71.0,20.0,48.8
1604475666,59.0,75.0,61.0,72.0,20.0,48.8
1604475667,59.0,75.0,61.0,71.0,20.0,48.6
1604475668,58.0,75.0,61.0,71.0,20.0,48.6
1604475669,58.0,74.0,61.0,71.0,20.0,48.6
1604475670,57.0,74.0,61.0,71.0,20.0,48.6
1604475671,57.0,74.0,61.0,71.0,20.0,48.6
1604475672,57.0,72.0,61.0,70.0,20.0,48.6
1604475673,57.0,72.0,61.0,70.0,20.0,48.6
1604475674,57.0,71.0,61.0,70.0,20.0,48.6
1604475675,57.0,70.0,61.0,70.0,20.0,48.6
1604475676,57.0,70.0,61.0,70.0,20.0,48.6
1604475677,57.0,70.0,61.0,70.0,20.0,48.6
1604475678,57.0,69.0,61.0,70.0,20.0,48.6
1604475679,57.0,69.0,61.0,70.0,20.0,48.6
1604475680,57.0,70.0,61.0,70.0,20.0,48.6
1604475681,57.0,70.0,61.0,70.0,20.0,48.6
1604475682,57.0,70.0,61.0,70.0,20.0,48.7
1604475683,57.0,70.0,61.0,70.0,20.0,48.7
1604475684,57.0,70.0,62.0,70.0,20.0,48.7
1604475685,56.0,70.0,62.0,70.0,20.0,48.7
1604475686,56.0,70.0,62.0,70.0,20.0,48.7
1604475687,55.0,70.0,63.0,70.0,20.0,49.2
1604475688,55.0,70.0,63.0,70.0,20.0,49.2
1604475689,55.0,70.0,63.0,70.0,20.0,49.2
1604475690,55.0,69.0,64.0,70.0,20.0,49.2
1604475691,55.0,69.0,64.0,71.0,20.0,49.2
1604475692,55.0,69.0,64.0,71.0,20.0,49.0
1604475693,56.0,69.0,64.0,71.0,20.0,49.0
1604475694,56.0,69.0,64.0,71.0,20.0,49.0
1604475695,56.0,69.0,64.0,71.0,20.0,49.0
1604475696,56.0,69.0,64.0,71.0,20.0,49.0
1604475697,57.0,69.0,65.0,71.0,20.0,49.1
1604475698,57.0,69.0,66.0,71.0,20.0,49.1
1604475699,58.0,69.0,66.0,71.0,20.0,49.1
1604475700,58.0,69.0,66.0,71.0,20.0,49.1
1604475701,58.0,69.0,67.0,71.0,20.0,49.1
1604475702,58.0,70.0,67.0,71.0,20.0,49.3
1604475703,58.0,70.0,68.0,71.0,20.0,49.3
1604475704,58.0,70.0,67.0,71.0,20.0,49.3
1604475705,58.0,71.0,67.0,71.0,20.0,49.3
1604475706,58.0,71.0,66.0,72.0,20.0,49.3
1604475707,58.0,72.0,66.0,72.0,20.0,49.3
1604475708,58.0,72.0,65.0,73.0,20.0,49.3
1604475709,58.0,72.0,65.0,73.0,20.0,49.3
1604475710,58.0,73.0,65.0,73.0,20.0,49.3
1604475711,58.0,73.0,64.0,73.0,20.0,49.3
1604475712,58.0,73.0,64.0,73.0,20.0,49.5
1604475713,58.0,73.0,64.0,73.0,20.0,49.5
1604475714,58.0,73.0,65.0,73.0,20.0,49.5
1604475715,58.0,73.0,65.0,74.0,20.0,49.5
1604475716,58.0,73.0,66.0,74.0,20.0,49.5
1604475717,58.0,73.0,66.0,73.0,20.0,49.5
1604475718,58.0,72.0,67.0,73.0,20.0,49.5
1604475719,58.0,72.0,68.0,73.0,20.0,49.5
1604475720,58.0,72.0,68.0,73.0,20.0,49.5
1604475721,58.0,72.0,68.0,73.0,20.0,49.5
1604475722,58.0,72.0,68.0,73.0,20.0,49.5
1604475723,58.0,71.0,68.0,73.0,20.0,49.5
1604475724,58.0,71.0,68.0,74.0,20.0,49.5
1604475725,58.0,71.0,67.0,74.0,20.0,49.5
1604475726,58.0,71.0,67.0,74.0,20.0,49.5
1604475727,58.0,72.0,66.0,74.0,20.0,49.2
1604475728,58.0,72.0,66.0,74.0,20.0,49.2
1604475729,58.0,72.0,66.0,74.0,20.0,49.2
1604475730,57.0,72.0,66.0,74.0,20.0,49.2
1604475731,57.0,71.0,65.0,74.0,20.0,49.2
1604475732,57.0,71.0,65.0,75.0,20.0,49.1
1604475733,57.0,71.0,65.0,75.0,20.0,49.1
1604475734,57.0,71.0,65.0,75.0,20.0,49.1
1604475735,57.0,71.0,65.0,76.0,20.0,49.1
1604475736,57.0,71.0,65.0,76.0,20.0,49.1
1604475737,57.0,71.0,65.0,76.0,20.0,48.9
1604475738,57.0,71.0,65.0,76.0,20.0,48.9
1604475739,57.0,71.0,64.0,76.0,20.0,48.9
1604475740,57.0,71.0,64.0,76.0,20.0,48.9
1604475741,58.0,72.0,64.0,75.0,20.0,48.9
1604475742,58.0,73.0,64.0,75.0,20.0,48.9
1604475743,58.0,73.0,64.0,74.0,20.0,48.9
1604475744,58.0,73.0,64.0,74.0,20.0,48.9
1604475745,58.0,73.0,64.0,73.0,20.0,48.9
1604475746,58.0,73.0,65.0,73.0,20.0,48.9
1604475747,57.0,72.0,65.0,72.0,20.0,48.9
1604475748,57.0,72.0,66.0,72.0,20.0,48.9
1604475749,57.0,72.0,66.0,71.0,20.0,48.9
1604475750,57.0,72.0,67.0,71.0,20.0,48.9
1604475751,57.0,71.0,68.0,71.0,20.0,48.9
1604475752,57.0,71.0,68.0,71.0,20.0,48.9
1604475753,57.0,71.0,70.0,71.0,20.0,48.9
1604475754,57.0,71.0,70.0,70.0,20.0,48.9
1604475755,57.0,71.0,70.0,70.0,20.0,48.9
1604475756,57.0,71.0,71.0,70.0,20.0,48.9
1604475757,57.0,72.0,71.0,70.0,20.0,48.9
1604475758,57.0,73.0,72.0,71.0,20.0,48.9
1604475759,57.0,73.0,72.0,71.0,20.0,48.9
1604475760,57.0,74.0,72.0,71.0,20.0,48.9
1604475761,57.0,74.0,73.0,71.0,20.0,48.9
1604475762,57.0,75.0,73.0,71.0,19.9,49.1
1604475763,57.0,76.0,73.0,72.0,19.9,49.1
1604475764,57.0,76.0,73.0,72.0,19.9,49.1
1604475765,56.0,76.0,73.0,72.0,19.9,49.1
1604475766,56.0,76.0,73.0,72.0,19.9,49.1
1604475767,56.0,76.0,73.0,72.0,20.0,48.9
1604475768,56.0,76.0,73.0,72.0,20.0,48.9
1604475769,56.0,75.0,72.0,72.0,20.0,48.9
1604475770,55.0,75.0,72.0,72.0,20.0,48.9
1604475771,55.0,75.0,72.0,72.0,20.0,48.9
1604475772,55.0,74.0,72.0,72.0,20.0,48.7
1604475773,55.0,73.0,71.0,72.0,20.0,48.7
1604475774,55.0,72.0,71.0,72.0,20.0,48.7
1604475775,54.0,72.0,72.0,73.0,20.0,48.7
1604475776,54.0,71.0,72.0,73.0,20.0,48.7
1604475777,54.0,70.0,72.0,73.0,20.0,48.7
1604475778,54.0,70.0,72.0,73.0,20.0,48.7
1604475779,54.0,69.0,72.0,74.0,20.0,48.7
1604475780,54.0,68.0,72.0,74.0,20.0,48.7
1604475781,53.0,68.0,72.0,74.0,20.0,48.7
1604475782,53.0,67.0,72.0,73.0,20.0,48.8
1604475783,53.0,67.0,72.0,73.0,20.0,48.8
1604475784,53.0,67.0,72.0,73.0,20.0,48.8
1604475785,53.0,68.0,72.0,73.0,20.0,48.8
1604475786,53.0,68.0,72.0,73.0,20.0,48.8
1604475787,53.0,68.0,72.0,72.0,20.0,48.9
1604475788,53.0,69.0,72.0,72.0,20.0,48.9
1604475789,54.0,69.0,72.0,71.0,20.0,48.9
1604475790,54.0,70.0,72.0,71.0,20.0,48.9
1604475791,55.0,70.0,73.0,71.0,20.0,48.9
1604475792,55.0,70.0,73.0,71.0,20.0,48.9
1604475793,56.0,70.0,73.0,71.0,20.0,48.9
1604475794,56.0,70.0,73.0,71.0,20.0,48.9
1604475795,56.0,70.0,73.0,70.0,20.0,48.9
1604475796,58.0,70.0,73.0,70.0,20.0,48.9
1604475797,58.0,70.0,73.0,70.0,20.0,49.0
1604475798,59.0,70.0,73.0,70.0,20.0,49.0
1604475799,59.0,70.0,73.0,70.0,20.0,49.0
1604475800,59.0,70.0,72.0,70.0,20.0,49.0
1604475801,59.0,71.0,72.0,70.0,20.0,49.0
1604475802,59.0,71.0,72.0,70.0,20.0,49.1
1604475803,59.0,71.0,73.0,70.0,20.0,49.1
1604475804,59.0,71.0,73.0,69.0,20.0,49.1
1604475805,59.0,71.0,73.0,70.0,20.0,49.1
1604475806,59.0,71.0,74.0,70.0,20.0,49.1
1604475807,58.0,71.0,74.0,70.0,20.0,48.9
1604475808,57.0,71.0,74.0,70.0,20.0,48.9
1604475809,57.0,71.0,74.0,70.0,20.0,48.9
1604475810,56.0,71.0,74.0,70.0,20.0,48.9
1604475811,56.0,71.0,74.0,70.11111111111111,20.0,48.9
1604475812,56.0,71.0,74.0,70.22222222222223,20.0,48.9
1604475813,56.0,71.0,74.0,70.33333333333333,20.0,48.9
1604475814,56.0,71.0,74.0,70.44444444444444,20.0,48.9
1604475815,56.0,71.0,74.0,70.55555555555556,20.0,48.9
1604475816,56.0,71.0,74.0,70.66666666666667,20.0,48.9
1604475817,56.0,71.0,74.0,70.77777777777777,20.0,48.9
1604475818,56.0,71.0,74.0,70.88888888888889,20.0,48.9
1604475819,56.0,71.0,74.0,71.0,20.0,48.9
1604475820,56.0,70.0,74.0,71.0,20.0,49.0
1604475821,56.0,70.0,73.0,71.0,20.0,49.0
1604475822,56.0,69.0,73.0,71.0,20.0,49.0
1604475823,57.0,71.0,72.0,71.0,20.0,49.0
1604475824,57.0,71.0,72.0,71.0,20.0,49.0
1604475825,57.0,70.0,71.0,70.0,20.0,49.1
1604475826,58.0,70.0,71.0,70.0,20.0,49.1
1604475827,57.0,70.0,71.0,70.0,20.0,49.1
1604475828,57.0,70.0,70.0,70.0,20.0,49.1
1604475829,57.0,70.0,70.0,69.0,20.0,49.1
1604475830,57.0,70.0,70.0,69.0,20.0,49.1
1604475831,57.0,69.0,69.0,69.0,20.0,49.1
1604475832,57.0,69.0,69.0,68.0,20.0,49.1
1604475833,57.0,69.0,69.0,68.0,20.0,49.1
1604475834,56.0,69.0,69.0,68.0,20.0,49.1
1604475835,56.0,69.0,70.0,68.0,20.0,49.3
1604475836,55.0,69.0,70.0,68.0,20.0,49.3
1604475837,55.0,70.0,70.0,67.0,20.0,49.3
1604475838,55.0,70.0,70.0,67.0,20.0,49.3
1604475839,54.0,70.0,70.0,67.0,20.0,49.3
1604475840,54.0,71.0,70.0,67.0,20.1,49.4
1604475841,54.0,71.0,70.0,66.0,20.1,49.4
1604475842,54.0,71.0,70.0,66.0,20.1,49.4
1604475843,54.0,71.0,70.0,66.0,20.1,49.4
1604475844,54.0,71.0,70.0,66.0,20.1,49.4
1604475845,54.0,71.0,70.0,66.0,20.1,49.4
1604475846,55.0,71.0,70.0,66.0,20.0,49.3
1604475847,55.0,71.0,69.0,66.0,20.0,49.3
1604475848,55.0,71.0,69.0,66.0,20.0,49.3
1604475849,56.0,71.0,69.0,66.0,20.0,49.3
1604475850,56.0,70.0,69.0,66.0,20.0,49.3
1604475851,56.0,70.0,69.0,66.0,20.0,49.0
1604475852,57.0,69.0,68.0,66.0,20.0,49.0
1604475853,57.0,69.0,68.0,67.0,20.0,49.0
1604475854,57.0,69.0,67.0,67.0,20.0,49.0
1604475855,57.0,69.0,67.0,68.0,20.0,49.0
1604475856,57.0,68.0,67.0,68.0,20.0,49.0
1604475857,57.0,68.0,66.0,69.0,20.0,49.0
1604475858,57.0,69.0,66.0,69.0,20.0,49.0
1604475859,57.0,69.0,66.0,69.0,20.0,49.0
1604475860,57.0,69.0,65.0,70.0,20.0,49.0
1604475861,57.0,69.0,65.0,70.0,20.1,49.0
1604475862,57.0,69.0,65.0,70.0,20.1,49.0
1604475863,57.0,69.0,66.0,71.0,20.1,49.0
1604475864,57.0,69.0,66.0,71.0,20.1,49.0
1604475865,57.0,70.0,67.0,71.0,20.1,49.0
1604475866,58.0,70.0,67.0,71.0,20.0,48.9
1604475867,58.0,70.0,68.0,71.0,20.0,48.9
1604475868,58.0,69.0,68.0,71.0,20.0,48.9
1604475869,58.0,69.0,69.0,71.0,20.0,48.9
1604475870,58.0,69.0,69.0,71.0,20.0,48.9
1604475871,58.0,69.0,69.0,71.0,20.1,49.4
1604475872,58.0,69.0,70.0,71.0,20.1,49.4
1604475873,58.0,69.0,69.0,71.0,20.1,49.4
1604475874,58.0,69.0,69.0,71.0,20.1,49.4
1604475875,58.0,69.0,69.0,70.0,20.1,49.4
1604475876,58.0,69.0,69.0,70.0,20.0,49.3
1604475877,58.0,69.0,69.0,70.0,20.0,49.3
1604475878,58.0,69.0,69.0,70.0,20.0,49.3
1604475879,58.0,69.0,68.0,70.0,20.0,49.3
1604475880,58.0,69.0,68.0,70.0,20.0,49.3
1604475881,58.0,69.0,68.0,70.0,20.1,49.4
1604475882,59.0,69.0,68.0,70.0,20.1,49.4
1604475883,59.0,70.0,67.0,70.0,20.1,49.4
1604475884,59.0,70.0,67.0,71.0,20.1,49.4
1604475885,59.0,70.0,67.0,71.0,20.1,49.4
1604475886,59.0,70.0,66.0,71.0,20.1,49.3
1604475887,59.0,70.0,66.0,71.0,20.1,49.3
1604475888,59.0,70.0,66.0,71.0,20.1,49.3
1604475889,59.0,70.0,66.0,70.0,20.1,49.3
1604475890,59.0,70.0,66.0,70.0,20.1,49.3
1604475891,58.0,69.0,66.0,70.0,20.1,49.2
1604475892,57.0,69.0,66.0,70.0,20.1,49.2
1604475893,57.0,69.0,66.0,69.0,20.1,49.2
1604475894,57.0,69.0,66.0,69.0,20.1,49.2
1604475895,57.0,68.0,66.0,69.0,20.1,49.2
1604475896,56.0,68.0,66.0,69.0,20.0,48.8
1604475897,56.0,68.0,66.0,70.0,20.0,48.8
1604475898,56.0,67.0,66.0,70.0,20.0,48.8
1604475899,56.0,67.0,66.0,70.0,20.0,48.8
1604475900,57.0,66.0,66.0,70.0,20.0,48.8
1604475901,57.0,66.0,66.0,71.0,20.1,49.0
1604475902,57.0,66.0,66.0,71.0,20.1,49.0
1604475903,58.0,65.0,66.0,72.0,20.1,49.0
1604475904,58.0,65.0,66.0,72.0,20.1,49.0
1604475905,59.0,65.0,67.0,72.0,20.1,49.0
1604475906,59.0,65.0,67.0,72.0,20.1,49.1
1604475907,60.0,65.0,67.0,72.0,20.1,49.1
1604475908,60.0,65.0,68.0,71.0,20.1,49.1
1604475909,61.0,65.0,69.0,71.0,20.1,49.1
1604475910,61.0,65.0,69.0,71.0,20.1,49.1
1604475911,61.0,65.0,69.0,71.0,20.1,49.2
1604475912,60.0,66.0,70.0,72.0,20.1,49.2
1604475913,60.0,66.0,70.0,71.0,20.1,49.2
1604475914,60.0,66.0,70.0,72.0,20.1,49.2
1604475915,60.0,66.0,70.0,72.0,20.1,49.2
1604475916,60.0,66.0,70.0,72.0,20.1,49.6
1604475917,60.0,66.0,69.0,72.0,20.1,49.6
1604475918,59.0,66.0,69.0,72.0,20.1,49.6
1604475919,59.0,66.0,69.0,72.0,20.1,49.6
1604475920,59.0,66.0,69.0,73.0,20.1,49.6
1604475921,60.0,67.0,68.0,73.0,20.1,49.7
1604475922,60.0,67.0,68.0,73.0,20.1,49.7
1604475923,60.0,67.0,67.0,73.0,20.1,49.7
1604475924,61.0,67.0,67.0,73.0,20.1,49.7
1604475925,61.0,67.0,67.0,73.0,20.1,49.7
1604475926,61.0,67.0,66.0,73.0,20.1,49.8
1604475927,62.0,68.0,66.0,73.0,20.1,49.8
1604475928,62.0,68.0,66.0,73.0,20.1,49.8
1604475929,62.0,68.0,67.0,73.0,20.1,49.8
1604475930,62.0,68.0,67.0,73.0,20.1,49.8
1604475931,62.0,67.0,67.0,73.0,20.1,49.4
1604475932,61.0,67.0,67.0,73.0,20.1,49.4
1604475933,61.0,67.0,68.0,72.0,20.1,49.4
1604475934,61.0,67.0,69.0,72.0,20.1,49.4
1604475935,61.0,66.0,69.0,72.0,20.1,49.4
1604475936,60.0,66.0,70.0,72.0,20.1,49.3
1604475937,60.0,66.0,71.0,71.0,20.1,49.3
1604475938,60.0,66.0,71.0,71.0,20.1,49.3
1604475939,60.0,65.0,72.0,71.0,20.1,49.3
1604475940,60.0,65.0,72.0,71.0,20.1,49.3
1604475941,60.0,65.0,72.0,71.0,20.1,49.3
1604475942,60.0,66.0,72.0,71.0,20.1,49.3
1604475943,59.0,66.0,72.0,71.0,20.1,49.3
1604475944,59.0,66.0,72.0,72.0,20.1,49.3
1604475945,59.0,66.0,72.0,72.0,20.1,49.3
1604475946,59.0,66.0,72.0,72.0,20.1,49.2
1604475947,60.0,66.0,71.0,73.0,20.1,49.2
1604475948,60.0,67.0,71.0,73.0,20.1,49.2
1604475949,59.0,67.0,71.0,73.0,20.1,49.2
1604475950,60.0,67.0,71.0,73.0,20.1,49.2
1604475951,60.0,67.0,70.0,72.0,20.1,49.2
1604475952,60.0,67.0,70.0,72.0,20.1,49.2
1604475953,60.0,67.0,70.0,72.0,20.1,49.2
1604475954,60.0,67.0,70.0,71.0,20.1,49.2
1604475955,60.0,66.0,70.0,71.0,20.1,49.2
1604475956,60.0,66.0,70.0,70.0,20.1,49.0
1604475957,60.0,66.0,70.0,70.0,20.1,49.0
1604475958,60.0,66.0,70.0,70.0,20.1,49.0
1604475959,60.0,66.0,70.0,70.0,20.1,49.0
1604475960,60.0,66.0,70.0,69.0,20.1,49.0
1604475961,60.0,66.0,70.0,69.0,20.1,48.5
1604475962,60.0,66.0,70.0,69.0,20.1,48.5
1604475963,59.0,66.0,70.0,69.0,20.1,48.5
1604475964,59.0,66.0,70.0,69.0,20.1,48.5
1604475965,59.0,66.0,70.0,69.0,20.1,48.5
1604475966,58.0,66.0,70.0,68.0,20.1,48.5
1604475967,58.0,66.0,70.0,68.0,20.1,48.5
1604475968,58.0,66.0,70.0,68.0,20.1,48.5
1604475969,58.0,65.0,69.0,68.0,20.1,48.5
1604475970,58.0,65.0,69.0,68.0,20.1,48.5
1604475971,57.0,65.0,69.0,69.0,20.1,48.4
1604475972,57.0,65.0,69.0,69.0,20.1,48.4
1604475973,57.0,65.0,69.0,69.0,20.1,48.4
1604475974,57.0,65.0,69.0,70.0,20.1,48.4
1604475975,57.0,65.0,69.0,70.0,20.1,48.4
1604475976,56.0,65.0,68.0,70.0,20.1,48.5
1604475977,56.0,64.0,68.0,70.0,20.1,48.5
1604475978,56.0,64.0,68.0,71.0,20.1,48.5
1604475979,56.0,64.0,68.0,71.0,20.1,48.5
1604475980,56.0,63.0,68.0,71.0,20.1,48.5
1604475981,56.0,63.0,68.0,71.0,20.1,48.6
1604475982,56.0,63.0,68.0,71.0,20.1,48.6
1604475983,56.0,63.0,69.0,71.0,20.1,48.6
1604475984,56.0,63.0,69.0,71.0,20.1,48.6
1604475985,56.0,63.0,69.0,71.0,20.1,48.6
1604475986,56.0,63.0,69.0,71.0,20.1,48.7
1604475987,56.0,63.0,69.0,71.0,20.1,48.7
1604475988,56.0,63.0,70.0,71.0,20.1,48.7
1604475989,56.0,63.0,70.0,71.0,20.1,48.7
1604475990,57.0,63.0,70.0,71.0,20.1,48.7
1604475991,57.0,64.0,70.0,71.0,20.1,48.7
1604475992,57.0,64.0,70.0,71.0,20.1,48.7
1604475993,58.0,64.0,70.0,70.0,20.1,48.7
1604475994,58.0,64.0,70.0,70.0,20.1,48.7
1604475995,58.0,64.0,69.0,70.0,20.1,48.7
1604475996,58.0,64.0,69.0,70.0,20.1,48.8
1604475997,58.0,65.0,69.0,70.0,20.1,48.8
1604475998,58.0,65.0,68.0,70.0,20.1,48.8
1604475999,58.0,65.0,68.0,70.0,20.1,48.8
1604476000,58.0,65.0,68.0,69.0,20.1,48.8
1604476001,58.0,64.0,67.0,69.0,20.2,49.0
1604476002,58.0,64.0,67.0,69.0,20.2,49.0
1604476003,58.0,64.0,67.0,69.0,20.2,49.0
1604476004,58.0,64.0,66.0,70.0,20.2,49.0
1604476005,58.0,64.0,66.0,70.0,20.2,49.0
1604476006,58.0,64.0,66.0,70.0,20.2,49.1
1604476007,58.0,64.0,66.0,70.0,20.2,49.1
1604476008,59.0,64.0,66.0,70.0,20.2,49.1
1604476009,58.0,63.0,66.0,70.0,20.2,49.1
1604476010,58.0,63.0,66.0,69.0,20.2,49.1
1604476011,58.0,63.0,66.0,69.0,20.1,49.0
1604476012,58.0,63.0,67.0,69.0,20.1,49.0
1604476013,58.0,63.0,67.0,69.0,20.1,49.0
1604476014,59.0,63.0,66.0,69.0,20.1,49.0
1604476015,59.0,63.0,66.0,68.0,20.1,49.0
1604476016,59.0,62.0,66.0,68.0,20.2,49.2
1604476017,59.0,63.0,66.0,68.0,20.2,49.2
1604476018,59.0,63.0,66.0,68.0,20.2,49.2
1604476019,60.0,64.0,66.0,68.0,20.2,49.2
1604476020,61.0,64.0,66.0,67.0,20.2,49.2
1604476021,60.888888888888886,64.11111111111111,66.0,67.11111111111111,20.2,49.2
1604476022,60.77777777777778,64.22222222222223,66.0,67.22222222222223,20.2,49.2
1604476023,60.66666666666666,64.33333333333333,66.0,67.33333333333333,20.2,49.2
1604476024,60.55555555555556,64.44444444444444,66.0,67.44444444444444,20.2,49.2
1604476025,60.44444444444444,64.55555555555556,66.0,67.55555555555556,20.2,49.2
1604476026,60.333333333333336,64.66666666666667,66.0,67.66666666666667,20.2,49.2
1604476027,60.22222222222222,64.77777777777777,66.0,67.77777777777777,20.2,49.2
1604476028,60.11111111111112,64.88888888888889,66.0,67.88888888888889,20.2,49.2
1604476029,60.0,65.0,66.0,68.0,20.2,49.2
1604476030,60.0,66.0,66.0,68.0,20.2,49.2
1604476031,60.0,66.0,66.0,68.0,20.2,49.2
1604476032,60.0,66.0,66.0,67.0,20.2,49.2
1604476033,60.0,67.0,66.0,67.0,20.2,49.2
1604476034,60.0,67.0,66.0,67.0,20.2,49.3
1604476035,60.0,67.0,65.0,68.0,20.2,49.3
1604476036,60.0,67.0,65.0,68.0,20.2,49.3
1604476037,60.0,67.0,65.0,68.0,20.2,49.3
1604476038,60.0,67.0,65.0,68.0,20.2,49.3
1604476039,60.0,67.0,64.0,68.0,20.2,49.2
1604476040,60.0,67.0,64.0,68.0,20.2,49.2
1604476041,60.0,67.0,64.0,68.0,20.2,49.2
1604476042,59.0,68.0,64.0,68.0,20.2,49.2
1604476043,59.0,68.0,64.0,68.0,20.2,49.2
1604476044,59.0,68.0,64.0,67.0,20.2,49.1
1604476045,59.0,69.0,64.0,67.0,20.2,49.1
1604476046,58.0,69.0,65.0,67.0,20.2,49.1
1604476047,58.0,69.0,65.0,67.0,20.2,49.1
1604476048,58.0,69.0,66.0,67.0,20.2,49.1
1604476049,58.0,68.0,67.0,67.0,20.2,48.9
1604476050,58.0,68.0,68.0,67.0,20.2,48.9
1604476051,58.0,64.0,68.0,68.0,20.2,48.9
1604476052,58.0,64.0,69.0,68.0,20.2,48.9
1604476053,58.0,65.0,69.0,68.0,20.2,48.9
1604476054,58.0,65.0,69.0,68.0,20.2,48.8
1604476055,58.0,65.0,69.0,68.0,20.2,48.8
1604476056,58.0,65.0,69.0,68.0,20.2,48.8
1604476057,58.0,65.0,69.0,68.0,20.2,48.8
1604476058,58.0,65.0,69.0,69.0,20.2,48.8
1604476059,58.0,65.0,69.0,69.0,20.2,48.7
1604476060,58.0,65.0,69.0,69.0,20.2,48.7
1604476061,58.0,65.0,68.0,69.0,20.2,48.7
1604476062,58.0,65.0,68.0,69.0,20.2,48.7
1604476063,58.0,65.0,68.0,69.0,20.2,48.7
1604476064,58.0,65.0,68.0,69.0,20.2,48.7
1604476065,59.0,65.0,68.0,70.0,20.2,48.7
1604476066,59.0,65.0,67.0,70.0,20.2,48.7
1604476067,59.0,65.0,66.0,70.0,20.2,48.7
1604476068,59.0,65.0,66.0,70.0,20.2,48.7
1604476069,58.0,65.0,66.0,70.0,20.2,48.7
1604476070,58.0,65.0,65.0,70.0,20.2,48.7
1604476071,58.0,65.0,65.0,70.0,20.2,48.7
1604476072,58.0,65.0,65.0,69.0,20.2,48.7
1604476073,58.0,65.0,65.0,69.0,20.2,48.7
1604476074,57.0,65.0,65.0,69.0,20.2,48.8
1604476075,57.0,66.0,66.0,69.0,20.2,48.8
1604476076,57.0,66.0,66.0,68.0,20.2,48.8
1604476077,56.0,66.0,67.0,68.0,20.2,48.8
1604476078,56.0,66.0,67.0,69.0,20.2,48.8
1604476079,56.0,66.0,67.0,69.0,20.2,48.9
1604476080,56.0,66.0,67.0,69.0,20.2,48.9
1604476081,56.0,66.0,68.0,68.0,20.2,48.9
1604476082,57.0,66.0,68.0,68.0,20.2,48.9
1604476083,57.0,66.0,68.0,68.0,20.2,48.9
1604476084,57.0,66.0,67.0,68.0,20.2,48.9
1604476085,57.0,65.0,67.0,68.0,20.2,48.9
1604476086,57.0,65.0,67.0,68.0,20.2,48.9
1604476087,57.0,65.0,66.0,68.0,20.2,48.9
1604476088,57.0,65.0,66.0,68.0,20.2,48.9
1604476089,57.0,65.0,66.0,68.0,20.3,49.2
1604476090,57.0,65.0,66.0,68.0,20.3,49.2
1604476091,57.0,65.0,65.0,68.0,20.3,49.2
1604476092,57.0,65.0,65.0,68.0,20.3,49.2
1604476093,57.0,65.0,65.0,69.0,20.3,49.2
1604476094,58.0,65.0,66.0,69.0,20.2,49.2
1604476095,58.0,65.0,66.0,69.0,20.2,49.2
1604476096,58.0,65.0,67.0,69.0,20.2,49.2
1604476097,58.0,66.0,67.0,69.0,20.2,49.2
1604476098,58.0,66.0,68.0,69.0,20.2,49.2
1604476099,58.0,66.0,68.0,69.0,20.3,49.3
1604476100,58.0,66.0,68.0,69.0,20.3,49.3
1604476101,58.0,66.0,69.0,68.0,20.3,49.3
1604476102,58.0,66.0,69.0,68.0,20.3,49.3
1604476103,58.0,66.0,69.0,68.0,20.3,49.3
1604476104,57.0,66.0,68.0,68.0,20.3,49.4
1604476105,57.0,66.0,68.0,67.0,20.3,49.4
1604476106,57.0,66.0,68.0,67.0,20.3,49.4
1604476107,57.0,66.0,68.0,67.0,20.3,49.4
1604476108,56.0,66.0,68.0,67.0,20.3,49.4
1604476109,56.0,65.0,68.0,67.0,20.3,49.4
1604476110,56.0,66.0,68.0,67.0,20.3,49.4
1604476111,56.0,66.0,68.0,67.0,20.3,49.4
1604476112,57.0,66.0,68.0,67.0,20.3,49.4
1604476113,57.0,66.0,68.0,68.0,20.3,49.4
1604476114,57.0,66.0,68.0,68.0,20.3,49.2
1604476115,57.0,67.0,68.0,67.0,20.3,49.2
1604476116,57.0,67.0,68.0,67.0,20.3,49.2
1604476117,58.0,67.0,69.0,67.0,20.3,49.2
1604476118,58.0,67.0,69.0,67.0,20.3,49.2
1604476119,58.0,67.0,69.0,67.0,20.4,49.3
1604476120,58.0,67.0,69.0,66.0,20.4,49.3
1604476121,58.0,67.0,69.0,66.0,20.4,49.3
1604476122,58.0,67.0,69.0,66.0,20.4,49.3
1604476123,58.0,67.0,69.0,66.0,20.4,49.3
1604476124,58.0,66.0,69.0,66.0,20.3,49.2
1604476125,59.0,66.0,70.0,66.0,20.3,49.2
1604476126,58.0,66.0,70.0,66.0,20.3,49.2
1604476127,58.0,66.0,70.0,66.0,20.3,49.2
1604476128,58.0,66.0,70.0,66.0,20.3,49.2
1604476129,58.0,66.0,69.0,66.0,20.3,49.0
1604476130,58.0,66.0,69.0,67.0,20.3,49.0
1604476131,58.0,66.0,69.0,67.0,20.3,49.0
1604476132,59.0,65.0,68.0,67.0,20.3,49.0
1604476133,58.0,66.0,68.0,67.0,20.3,49.0
1604476134,58.0,66.0,68.0,67.0,20.3,48.9
1604476135,58.0,66.0,68.0,68.0,20.3,48.9
1604476136,58.0,66.0,67.0,68.0,20.3,48.9
1604476137,58.0,66.0,67.0,68.0,20.3,48.9
1604476138,58.0,66.0,67.0,68.0,20.3,48.9
1604476139,58.0,66.0,67.0,68.0,20.3,48.7
1604476140,58.0,66.0,67.0,68.0,20.3,48.7
1604476141,58.0,67.0,67.0,69.0,20.3,48.7
1604476142,58.0,67.0,67.0,69.0,20.3,48.7
1604476143,58.0,66.0,67.0,69.0,20.3,48.7
1604476144,58.0,67.0,67.0,68.0,20.4,48.8
1604476145,58.0,66.0,67.0,68.0,20.4,48.8
1604476146,58.0,66.0,67.0,68.0,20.4,48.8
1604476147,58.0,66.0,67.0,68.0,20.4,48.8
1604476148,58.0,66.0,67.0,68.0,20.4,48.8
1604476149,58.0,66.0,68.0,68.0,20.4,48.8
1604476150,58.0,66.0,68.0,68.0,20.4,48.8
1604476151,58.0,66.0,68.0,68.0,20.4,48.8
1604476152,58.0,66.0,68.0,68.0,20.4,48.8
1604476153,58.0,66.0,68.0,68.0,20.4,48.8
1604476154,58.0,66.0,68.0,68.0,20.3,48.7
1604476155,58.0,66.0,68.0,68.0,20.3,48.7
1604476156,57.0,66.0,68.0,69.0,20.3,48.7
1604476157,57.0,66.0,68.0,69.0,20.3,48.7
1604476158,57.0,66.0,68.0,69.0,20.3,48.7
1604476159,57.0,66.0,68.0,68.0,20.3,48.8
1604476160,57.0,67.0,68.0,68.0,20.3,48.8
1604476161,57.0,67.0,69.0,68.0,20.3,48.8
1604476162,57.0,67.0,69.0,68.0,20.3,48.8
1604476163,57.0,67.0,69.0,68.0,20.3,48.8
1604476164,57.0,68.0,69.0,68.0,20.4,48.9
1604476165,56.0,67.0,69.0,68.0,20.4,48.9
1604476166,56.0,67.0,68.0,68.0,20.4,48.9
1604476167,56.0,67.0,68.0,68.0,20.4,48.9
1604476168,56.0,66.0,67.0,68.0,20.4,48.9
1604476169,56.0,66.0,67.0,68.0,20.3,48.8
1604476170,56.0,65.0,67.0,68.0,20.3,48.8
1604476171,56.0,65.0,66.0,68.0,20.3,48.8
1604476172,56.0,64.0,66.0,67.0,20.3,48.8
1604476173,57.0,64.0,66.0,67.0,20.3,48.8
1604476174,57.0,64.0,66.0,67.0,20.3,48.6
1604476175,57.0,64.0,67.0,66.0,20.3,48.6
1604476176,57.0,65.0,67.0,66.0,20.3,48.6
1604476177,57.0,65.0,68.0,66.0,20.3,48.6
1604476178,58.0,65.0,68.0,66.0,20.3,48.6
1604476179,58.0,65.0,68.0,66.0,20.3,48.3
1604476180,58.0,66.0,68.0,65.0,20.3,48.3
1604476181,58.0,67.0,68.0,66.0,20.3,48.3
1604476182,58.0,67.0,67.0,66.0,20.3,48.3
1604476183,58.0,67.0,67.0,66.0,20.3,48.3
1604476184,58.0,67.0,67.0,66.0,20.3,48.0
1604476185,58.0,67.0,67.0,67.0,20.3,48.0
1604476186,58.0,67.0,67.0,67.0,20.3,48.0
1604476187,59.0,67.0,67.0,67.0,20.3,48.0
1604476188,59.0,67.0,66.0,67.0,20.3,48.0
1604476189,59.0,66.0,66.0,67.0,20.3,47.6
1604476190,59.0,66.0,66.0,67.0,20.3,47.6
1604476191,58.0,65.0,67.0,67.0,20.3,47.6
1604476192,58.0,65.0,67.0,67.0,20.3,47.6
1604476193,58.0,65.0,67.0,67.0,20.3,47.6
1604476194,58.0,64.0,67.0,67.0,20.3,47.6
1604476195,59.0,64.0,67.0,67.0,20.3,47.6
1604476196,58.0,64.0,67.0,67.0,20.3,47.6
1604476197,58.0,64.0,67.0,67.0,20.3,47.6
1604476198,58.0,64.0,67.0,67.0,20.3,47.6
1604476199,58.0,64.0,68.0,67.0,20.2,47.4
1604476200,58.0,64.0,68.0,67.0,20.2,47.4
1604476201,58.0,64.0,67.0,67.0,20.2,47.4
1604476202,58.0,64.0,68.0,67.0,20.2,47.4
1604476203,58.0,64.0,68.0,67.0,20.2,47.4
1604476204,57.0,64.0,68.0,67.0,20.3,47.4
1604476205,57.0,64.0,68.0,67.0,20.3,47.4
1604476206,57.0,64.0,68.0,67.0,20.3,47.4
1604476207,57.0,64.0,68.0,67.0,20.3,47.4
1604476208,57.0,64.0,68.0,67.0,20.3,47.4
1604476209,57.0,63.0,67.0,67.0,20.3,47.5
1604476210,57.0,63.0,67.0,67.0,20.3,47.5
1604476211,57.0,63.0,67.0,67.0,20.3,47.5
1604476212,57.0,62.0,66.0,67.0,20.3,47.5
1604476213,58.0,62.0,66.0,66.0,20.3,47.5
1604476214,58.0,62.0,66.0,66.0,20.3,47.3
1604476215,58.0,62.0,65.0,66.0,20.3,47.3
1604476216,58.0,62.0,65.0,66.0,20.3,47.3
1604476217,58.0,62.0,65.0,66.0,20.3,47.3
1604476218,58.0,63.0,64.0,66.0,20.3,47.3
1604476219,58.0,63.0,64.0,66.0,20.2,47.2
1604476220,58.0,64.0,64.0,66.0,20.2,47.2
1604476221,58.0,64.0,64.0,66.0,20.2,47.2
1604476222,58.0,64.0,63.0,67.0,20.2,47.2
1604476223,57.0,65.0,63.0,67.0,20.2,47.2
1604476224,57.0,65.0,62.888888888888886,67.0,20.2,47.21111111111112
1604476225,57.0,65.0,62.77777777777778,67.0,20.2,47.22222222222222
1604476226,57.0,65.0,62.66666666666666,67.0,20.2,47.23333333333333
1604476227,57.0,65.0,62.55555555555556,67.0,20.2,47.24444444444445
1604476228,57.0,65.0,62.44444444444444,67.0,20.2,47.25555555555555
1604476229,57.0,65.0,62.333333333333336,67.0,20.2,47.266666666666666
1604476230,57.0,65.0,62.22222222222222,67.0,20.2,47.27777777777778
1604476231,57.0,65.0,62.11111111111112,67.0,20.2,47.28888888888888
1604476232,57.0,65.0,62.0,67.0,20.2,47.3
1604476233,58.0,65.0,62.0,67.0,20.2,47.3
1604476234,58.0,64.0,62.0,67.0,20.2,47.3
1604476235,58.0,64.0,62.0,67.0,20.2,47.3
1604476236,58.0,63.0,61.0,67.0,20.2,47.3
1604476237,58.0,63.0,61.0,67.0,20.3,47.7
1604476238,58.0,62.0,61.0,67.0,20.3,47.7
1604476239,58.0,62.0,61.0,67.0,20.3,47.7
1604476240,58.0,62.0,61.0,66.0,20.3,47.7
1604476241,58.0,62.0,62.0,66.0,20.3,47.7
1604476242,58.0,62.0,62.0,66.0,20.2,47.7
1604476243,57.0,62.0,62.0,66.0,20.2,47.7
1604476244,57.0,62.0,63.0,66.0,20.2,47.7
1604476245,57.0,63.0,63.0,67.0,20.2,47.7
1604476246,56.0,63.0,64.0,67.0,20.2,47.7
1604476247,56.0,64.0,64.0,67.0,20.2,47.9
1604476248,56.0,64.0,64.0,67.0,20.2,47.9
1604476249,56.0,64.0,65.0,67.0,20.2,47.9
1604476250,56.0,65.0,65.0,68.0,20.2,47.9
1604476251,56.0,64.0,66.0,68.0,20.2,47.9
1604476252,56.0,64.0,66.0,68.0,20.3,48.5
1604476253,56.0,64.0,66.0,69.0,20.3,48.5
1604476254,56.0,63.0,66.0,69.0,20.3,48.5
1604476255,56.0,63.0,66.0,70.0,20.3,48.5
1604476256,56.0,63.0,67.0,70.0,20.3,48.5
1604476257,56.0,62.0,67.0,71.0,20.3,48.7
1604476258,57.0,62.0,68.0,71.0,20.3,48.7
1604476259,57.0,62.0,68.0,71.0,20.3,48.7
1604476260,57.0,61.0,68.0,71.0,20.3,48.7
1604476261,58.0,61.0,68.0,71.0,20.3,48.7
1604476262,58.0,61.0,68.0,71.0,20.3,49.0
1604476263,58.0,61.0,68.0,70.0,20.3,49.0
1604476264,58.0,61.0,68.0,70.0,20.3,49.0
1604476265,57.0,61.0,69.0,69.0,20.3,49.0
1604476266,57.0,61.0,69.0,69.0,20.3,49.0
1604476267,57.0,61.0,68.0,69.0,20.3,49.2
1604476268,57.0,62.0,68.0,68.0,20.3,49.2
1604476269,56.0,62.0,67.0,68.0,20.3,49.2
1604476270,56.0,62.0,67.0,68.0,20.3,49.2
1604476271,56.0,62.0,67.0,68.0,20.3,49.2
1604476272,56.0,62.0,66.0,67.0,20.3,49.4
1604476273,57.0,62.0,66.0,67.0,20.3,49.4
1604476274,57.0,62.0,66.0,67.0,20.3,49.4
1604476275,57.0,62.0,65.0,67.0,20.3,49.4
1604476276,57.0,62.0,64.0,67.0,20.3,49.4
1604476277,57.0,62.0,64.0,67.0,20.3,50.3
1604476278,57.0,61.0,64.0,67.0,20.3,50.3
1604476279,57.0,61.0,64.0,67.0,20.3,50.3
1604476280,57.0,60.0,64.0,68.0,20.3,50.3
1604476281,57.0,60.0,64.0,69.0,20.3,50.3
1604476282,56.0,60.0,64.0,69.0,20.2,50.1
1604476283,56.0,60.0,64.0,69.0,20.2,50.1
1604476284,56.0,60.0,65.0,70.0,20.2,50.1
1604476285,56.0,60.0,65.0,70.0,20.2,50.1
1604476286,56.0,60.0,66.0,70.0,20.2,50.1
1604476287,56.0,60.0,66.0,69.0,20.2,50.1
1604476288,56.0,60.0,66.0,69.0,20.2,50.1
1604476289,56.0,60.0,66.0,69.0,20.2,50.1
1604476290,56.0,61.0,66.0,68.0,20.2,50.1
1604476291,56.0,61.0,67.0,68.0,20.2,50.1
1604476292,56.0,61.0,67.0,67.0,20.2,50.1
1604476293,56.0,61.0,67.0,67.0,20.2,50.1
1604476294,56.0,62.0,67.0,67.0,20.2,50.1
1604476295,56.0,62.0,67.0,67.0,20.2,50.1
1604476296,56.0,62.0,67.0,67.0,20.2,50.1
1604476297,56.0,61.0,67.0,67.0,20.2,49.9
1604476298,57.0,61.0,67.0,67.0,20.2,49.9
1604476299,57.0,61.0,66.0,67.0,20.2,49.9
1604476300,57.0,60.0,66.0,67.0,20.2,49.9
1604476301,58.0,60.0,66.0,67.0,20.2,49.9
1604476302,58.0,60.0,66.0,67.0,20.3,49.8
1604476303,58.0,60.0,66.0,67.0,20.3,49.8
1604476304,58.0,60.0,65.0,67.0,20.3,49.8
1604476305,58.0,60.0,65.0,67.0,20.3,49.8
1604476306,58.0,60.0,64.0,67.0,20.3,49.8
1604476307,57.0,60.0,64.0,67.0,20.3,49.8
1604476308,57.0,60.0,64.0,67.0,20.3,49.8
1604476309,57.0,60.0,64.0,67.0,20.3,49.8
1604476310,57.0,61.0,64.0,67.0,20.3,49.8
1604476311,57.0,61.0,63.0,68.0,20.3,49.8
1604476312,57.0,62.0,63.0,68.0,20.3,49.6
1604476313,57.0,62.0,63.0,68.0,20.3,49.6
1604476314,57.0,62.0,63.0,68.0,20.3,49.6
1604476315,57.0,63.0,64.0,68.0,20.3,49.6
1604476316,57.0,63.0,64.0,68.0,20.3,49.6
1604476317,56.0,63.0,64.0,68.0,20.3,49.8
1604476318,56.0,64.0,64.0,68.0,20.3,49.8
1604476319,56.0,64.0,64.0,68.0,20.3,49.8
1604476320,56.0,64.0,64.0,68.0,20.3,49.8
1604476321,55.0,64.0,64.0,68.0,20.3,49.8
1604476322,55.0,64.0,64.0,68.0,20.2,49.9
1604476323,55.0,64.0,64.0,67.0,20.2,49.9
1604476324,55.0,64.0,63.0,67.0,20.2,49.9
1604476325,54.0,64.0,63.0,67.0,20.2,49.9
1604476326,54.0,64.0,63.0,66.0,20.2,49.9
1604476327,54.0,64.0,63.0,66.0,20.3,50.1
1604476328,55.0,63.0,62.0,66.0,20.3,50.1
1604476329,55.0,62.0,62.0,65.0,20.3,50.1
1604476330,55.0,62.0,62.0,65.0,20.3,50.1
1604476331,56.0,61.0,62.0,65.0,20.3,50.1
1604476332,56.0,60.0,62.0,65.0,20.3,50.3
1604476333,56.0,60.0,63.0,65.0,20.3,50.3
1604476334,56.0,60.0,63.0,65.0,20.3,50.3
1604476335,57.0,59.0,63.0,65.0,20.3,50.3
1604476336,57.0,59.0,63.0,65.0,20.3,50.3
1604476337,57.0,59.0,63.0,65.0,20.3,50.3
1604476338,57.0,59.0,63.0,65.0,20.3,50.3
1604476339,57.0,59.0,64.0,65.0,20.3,50.3
1604476340,56.0,59.0,64.0,65.0,20.3,50.3
1604476341,56.0,60.0,65.0,65.0,20.3,50.3
1604476342,56.0,60.0,65.0,66.0,20.3,50.4
1604476343,55.0,61.0,66.0,66.0,20.3,50.4
1604476344,55.0,61.0,66.0,67.0,20.3,50.4
1604476345,55.0,61.0,67.0,67.0,20.3,50.4
1604476346,55.0,62.0,68.0,68.0,20.3,50.4
1604476347,54.0,62.0,68.0,68.0,20.3,50.5
1604476348,54.0,62.0,68.0,68.0,20.3,50.5
1604476349,54.0,62.0,69.0,68.0,20.3,50.5
1604476350,54.0,63.0,69.0,69.0,20.3,50.5
1604476351,54.0,63.0,69.0,69.0,20.3,50.5
1604476352,54.0,63.0,69.0,70.0,20.3,50.3
1604476353,54.0,62.0,69.0,70.0,20.3,50.3
1604476354,54.0,62.0,69.0,70.0,20.3,50.3
1604476355,54.0,62.0,69.0,70.0,20.3,50.3
1604476356,54.0,62.0,69.0,70.0,20.3,50.3
1604476357,54.0,62.0,69.0,70.0,20.3,50.1
1604476358,55.0,62.0,68.0,70.0,20.3,50.1
1604476359,55.0,62.0,67.0,70.0,20.3,50.1
1604476360,55.0,61.0,66.0,70.0,20.3,50.1
1604476361,55.0,61.0,66.0,70.0,20.3,50.1
1604476362,55.0,61.0,65.0,70.0,20.3,49.9
1604476363,55.0,61.0,64.0,69.0,20.3,49.9
1604476364,55.0,61.0,63.0,69.0,20.3,49.9
1604476365,55.0,61.0,62.0,69.0,20.3,49.9
1604476366,55.0,61.0,62.0,68.0,20.3,49.9
1604476367,55.0,62.0,62.0,68.0,20.3,49.6
1604476368,55.0,62.0,61.0,68.0,20.3,49.6
1604476369,55.0,62.0,61.0,67.0,20.3,49.6
1604476370,55.0,62.0,61.0,67.0,20.3,49.6
1604476371,55.0,62.0,61.0,67.0,20.3,49.6
1604476372,55.0,62.0,62.0,67.0,20.3,48.9
1604476373,55.0,62.0,62.0,66.0,20.3,48.9
1604476374,55.0,62.0,62.0,66.0,20.3,48.9
1604476375,55.0,63.0,63.0,66.0,20.3,48.9
1604476376,55.0,62.0,63.0,66.0,20.3,48.9
1604476377,56.0,62.0,63.0,66.0,20.3,48.8
1604476378,56.0,62.0,63.0,66.0,20.3,48.8
1604476379,56.0,62.0,63.0,66.0,20.3,48.8
1604476380,56.0,62.0,63.0,66.0,20.3,48.8
1604476381,57.0,62.0,63.0,66.0,20.3,48.8
1604476382,57.0,62.0,63.0,66.0,20.3,48.8
1604476383,57.0,62.0,62.0,66.0,20.3,48.8
1604476384,58.0,61.0,62.0,66.0,20.3,48.8
1604476385,58.0,61.0,62.0,66.0,20.3,48.8
1604476386,58.0,61.0,62.0,65.0,20.3,48.8
1604476387,58.0,61.0,62.0,65.0,20.3,48.8
1604476388,58.0,62.0,62.0,65.0,20.3,48.8
1604476389,58.0,62.0,62.0,65.0,20.3,48.8
1604476390,57.0,62.0,62.0,65.0,20.3,48.8
1604476391,57.0,63.0,63.0,65.0,20.3,48.8
1604476392,57.0,63.0,63.0,64.0,20.3,48.8
1604476393,57.0,63.0,64.0,64.0,20.3,48.8
1604476394,56.0,63.0,64.0,64.0,20.3,48.8
1604476395,56.0,63.0,65.0,64.0,20.3,48.8
1604476396,55.0,63.0,65.0,64.0,20.3,48.8
1604476397,55.0,63.0,65.0,64.0,20.3,48.9
1604476398,54.0,63.0,65.0,64.0,20.3,48.9
1604476399,54.0,62.0,66.0,64.0,20.3,48.9
1604476400,53.0,62.0,66.0,64.0,20.3,48.9
1604476401,53.0,62.0,66.0,65.0,20.3,48.9
1604476402,53.0,61.0,66.0,68.0,20.3,49.0
1604476403,53.0,61.0,66.0,67.0,20.3,49.0
1604476404,53.0,61.0,66.0,67.0,20.3,49.0
1604476405,53.0,61.0,66.0,67.0,20.3,49.0
1604476406,53.0,61.0,66.0,67.0,20.3,49.0
1604476407,53.0,61.0,66.0,67.0,20.3,49.1
1604476408,53.0,61.0,66.0,66.0,20.3,49.1
1604476409,53.0,62.0,66.0,66.0,20.3,49.1
1604476410,54.0,61.0,65.0,66.0,20.3,49.1
1604476411,54.0,61.0,65.0,66.0,20.3,49.1
1604476412,54.0,61.0,65.0,66.0,20.3,48.9
1604476413,55.0,61.0,64.0,66.0,20.3,48.9
1604476414,55.0,61.0,64.0,66.0,20.3,48.9
1604476415,56.0,62.0,64.0,65.0,20.3,48.9
1604476416,56.0,61.0,63.0,65.0,20.3,48.9
1604476417,57.0,61.0,63.0,65.0,20.3,48.9
1604476418,57.0,61.0,63.0,65.0,20.3,48.9
1604476419,57.0,61.0,62.0,65.0,20.3,48.9
1604476420,57.0,61.0,62.0,64.0,20.3,48.9
1604476421,57.0,61.0,62.0,64.0,20.3,48.9
1604476422,57.0,60.0,62.0,64.0,20.3,48.9
1604476423,57.0,60.0,62.0,64.0,20.3,48.9
1604476424,57.0,60.0,62.0,64.0,20.3,48.9
1604476425,57.0,59.0,62.0,64.0,20.3,48.9
1604476426,57.0,59.0,62.0,64.0,20.3,48.9
1604476427,56.0,58.0,62.0,64.0,20.3,49.0
1604476428,56.0,58.0,62.0,65.0,20.3,49.0
1604476429,56.0,58.0,62.0,66.0,20.3,49.0
1604476430,55.0,58.0,62.0,66.0,20.3,49.0
1604476431,55.0,58.0,62.0,67.0,20.3,49.0
1604476432,55.11111111111112,58.0,62.11111111111112,67.11111111111111,20.3,49.0
1604476433,55.22222222222222,58.0,62.22222222222222,67.22222222222223,20.3,49.0
1604476434,55.333333333333336,58.0,62.333333333333336,67.33333333333333,20.3,49.0
1604476435,55.44444444444444,58.0,62.44444444444444,67.44444444444444,20.3,49.0
1604476436,55.55555555555556,58.0,62.55555555555556,67.55555555555556,20.3,49.0
1604476437,55.66666666666666,58.0,62.66666666666666,67.66666666666667,20.3,49.0
1604476438,55.77777777777778,58.0,62.77777777777778,67.77777777777777,20.3,49.0
1604476439,55.888888888888886,58.0,62.888888888888886,67.88888888888889,20.3,49.0
1604476440,56.0,58.0,63.0,68.0,20.3,49.0
1604476441,56.0,58.0,63.0,69.0,20.3,49.0
1604476442,57.0,58.0,63.0,69.0,20.3,49.0
1604476443,57.0,58.0,63.0,70.0,20.3,49.0
1604476444,57.0,59.0,63.0,71.0,20.3,49.0
1604476445,57.0,59.0,63.0,71.0,20.3,49.1
1604476446,58.0,59.0,64.0,72.0,20.3,49.1
1604476447,58.0,59.0,64.0,72.0,20.3,49.1
1604476448,58.0,59.0,64.0,72.0,20.3,49.1
1604476449,58.0,59.0,64.0,72.0,20.3,49.1
1604476450,59.0,60.0,64.0,72.0,20.3,49.2
1604476451,59.0,61.0,64.0,71.0,20.3,49.2
1604476452,59.0,61.0,64.0,70.0,20.3,49.2
1604476453,59.0,61.0,64.0,70.0,20.3,49.2
1604476454,59.0,61.0,64.0,69.0,20.3,49.2
1604476455,59.0,61.0,64.0,69.0,20.4,49.3
1604476456,59.0,61.0,64.0,69.0,20.4,49.3
1604476457,59.0,62.0,63.0,68.0,20.4,49.3
1604476458,57.0,62.0,63.0,68.0,20.4,49.3
1604476459,57.0,62.0,63.0,68.0,20.4,49.3
1604476460,57.0,62.0,63.0,68.0,20.4,49.4
1604476461,56.0,62.0,63.0,68.0,20.4,49.4
1604476462,56.0,61.0,63.0,68.0,20.4,49.4
1604476463,56.0,61.0,63.0,67.0,20.4,49.4
1604476464,55.0,61.0,63.0,67.0,20.4,49.4
1604476465,55.0,61.0,63.0,67.0,20.4,49.5
1604476466,55.0,61.0,63.0,67.0,20.4,49.5
1604476467,55.0,61.0,64.0,67.0,20.4,49.5
1604476468,55.0,61.0,64.0,67.0,20.4,49.5
1604476469,55.0,61.0,64.0,67.0,20.4,49.5
1604476470,55.0,61.0,64.0,67.0,20.4,49.7
1604476471,55.0,61.0,64.0,67.0,20.4,49.7
1604476472,56.0,61.0,64.0,67.0,20.4,49.7
1604476473,56.0,61.0,63.0,67.0,20.4,49.7
1604476474,56.0,61.0,63.0,67.0,20.4,49.7
1604476475,56.0,61.0,63.0,66.0,20.4,49.8
1604476476,56.0,61.0,63.0,66.0,20.4,49.8
1604476477,56.0,61.0,63.0,66.0,20.4,49.8
1604476478,56.0,62.0,63.0,66.0,20.4,49.8
1604476479,56.0,62.0,63.0,66.0,20.4,49.8
1604476480,56.0,62.0,64.0,66.0,20.4,50.0
1604476481,56.0,62.0,64.0,66.0,20.4,50.0
1604476482,57.0,62.0,64.0,67.0,20.4,50.0
1604476483,56.0,62.0,64.0,67.0,20.4,50.0
1604476484,56.0,63.0,64.0,67.0,20.4,50.0
1604476485,56.0,63.0,64.0,67.0,20.4,50.1
1604476486,56.0,64.0,64.0,67.0,20.4,50.1
1604476487,56.0,64.0,64.0,67.0,20.4,50.1
1604476488,56.0,64.0,64.0,67.0,20.4,50.1
1604476489,56.0,64.0,63.0,67.0,20.4,50.1
1604476490,56.0,64.0,63.0,67.0,20.4,50.2
1604476491,56.0,64.0,63.0,67.0,20.4,50.2
1604476492,56.0,64.0,63.0,67.0,20.4,50.2
1604476493,56.0,64.0,63.0,67.0,20.4,50.2
1604476494,55.0,64.0,63.0,66.0,20.4,50.2
1604476495,55.0,64.0,63.0,66.0,20.4,50.2
1604476496,55.0,63.0,63.0,66.0,20.4,50.2
1604476497,55.0,63.0,63.0,66.0,20.4,50.2
1604476498,55.0,63.0,63.0,66.0,20.4,50.2
1604476499,55.0,63.0,63.0,67.0,20.4,50.2
1604476500,55.0,63.0,63.0,67.0,20.4,50.1
1604476501,55.0,63.0,64.0,67.0,20.4,50.1
1604476502,55.0,63.0,64.0,68.0,20.4,50.1
1604476503,55.0,63.0,64.0,68.0,20.4,50.1
1604476504,55.0,63.0,64.0,69.0,20.4,50.1
1604476505,56.0,63.0,63.0,69.0,20.4,50.1
1604476506,56.0,63.0,64.0,69.0,20.4,50.1
1604476507,56.0,63.0,64.0,69.0,20.4,50.1
1604476508,57.0,63.0,63.0,69.0,20.4,50.1
1604476509,57.0,63.0,64.0,69.0,20.4,50.1
1604476510,57.0,63.0,64.0,69.0,20.4,50.25
1604476511,57.0,63.0,64.0,69.0,20.4,50.4
1604476512,57.0,64.0,64.0,69.0,20.4,50.4
1604476513,57.0,64.0,65.0,69.0,20.4,50.4
1604476514,57.0,64.0,65.0,69.0,20.4,50.4
1604476515,57.0,64.0,65.0,68.0,20.4,50.4
1604476516,57.0,64.0,66.0,68.0,20.4,50.4
1604476517,57.0,64.0,66.0,68.0,20.4,50.4
1604476518,57.0,63.0,66.0,68.0,20.4,50.4
1604476519,57.0,63.0,66.0,68.0,20.4,50.4
1604476520,57.0,62.0,67.0,68.0,20.4,50.4
1604476521,57.0,61.0,67.0,68.0,20.5,50.5
1604476522,57.0,61.0,67.0,68.0,20.5,50.5
1604476523,57.0,61.0,66.0,68.0,20.5,50.5
1604476524,57.0,60.0,66.0,68.0,20.5,50.5
1604476525,57.0,60.0,65.0,68.0,20.5,50.5
1604476526,57.0,60.0,65.0,68.0,20.4,50.5
1604476527,56.0,60.0,65.0,69.0,20.4,50.5
1604476528,56.0,60.0,65.0,69.0,20.4,50.5
1604476529,56.0,60.0,64.0,69.0,20.4,50.5
1604476530,56.0,60.0,64.0,69.0,20.4,50.5
1604476531,55.0,60.0,64.0,69.0,20.5,50.6
1604476532,55.0,61.0,63.0,69.0,20.5,50.6
1604476533,55.0,61.0,63.0,69.0,20.5,50.6
1604476534,55.0,61.0,63.0,69.0,20.5,50.6
1604476535,55.0,62.0,63.0,69.0,20.5,50.6
1604476536,55.0,62.0,63.0,69.0,20.5,50.6
1604476537,54.0,61.0,63.0,68.0,20.5,50.6
1604476538,54.0,61.0,63.0,68.0,20.5,50.6
1604476539,54.0,61.0,63.0,67.0,20.5,50.6
1604476540,54.0,61.0,63.0,67.0,20.5,50.6
1604476541,54.0,61.0,63.0,66.0,20.5,50.4
1604476542,54.0,61.0,62.0,65.0,20.5,50.4
1604476543,54.0,61.0,62.0,65.0,20.5,50.4
1604476544,54.0,61.0,62.0,64.0,20.5,50.4
1604476545,54.0,61.0,62.0,64.0,20.5,50.4
1604476546,54.0,62.0,63.0,64.0,20.5,50.3
1604476547,54.0,62.0,63.0,64.0,20.5,50.3
1604476548,54.0,63.0,64.0,65.0,20.5,50.3
1604476549,54.0,64.0,64.0,65.0,20.5,50.3
1604476550,54.0,64.0,64.0,65.0,20.5,50.3
1604476551,54.0,64.0,64.0,66.0,20.5,50.3
1604476552,54.0,65.0,65.0,66.0,20.5,50.3
1604476553,55.0,65.0,65.0,66.0,20.5,50.3
1604476554,54.0,65.0,65.0,68.0,20.5,50.3
1604476555,54.0,65.0,64.0,68.0,20.5,50.3
1604476556,54.0,64.0,63.0,68.0,20.5,50.0
1604476557,54.0,64.0,63.0,68.0,20.5,50.0
1604476558,54.0,64.0,64.0,69.0,20.5,50.0
1604476559,53.0,63.0,64.0,69.0,20.5,50.0
1604476560,53.0,63.0,65.0,69.0,20.5,50.0
1604476561,53.0,63.0,65.0,69.0,20.6,49.8
1604476562,52.0,63.0,65.0,69.0,20.6,49.8
1604476563,52.0,63.0,66.0,69.0,20.6,49.8
1604476564,52.0,63.0,66.0,69.0,20.6,49.8
1604476565,52.0,63.0,66.0,68.0,20.6,49.8
1604476566,53.0,62.0,66.0,68.0,20.5,49.5
1604476567,53.0,62.0,66.0,68.0,20.5,49.5
1604476568,53.0,62.0,66.0,67.0,20.5,49.5
1604476569,53.0,62.0,66.0,67.0,20.5,49.5
1604476570,54.0,62.0,67.0,66.0,20.5,49.5
1604476571,54.0,62.0,66.0,66.0,20.5,49.4
1604476572,54.0,62.0,66.0,66.0,20.5,49.4
1604476573,55.0,62.0,66.0,66.0,20.5,49.4
1604476574,55.0,63.0,66.0,66.0,20.5,49.4
1604476575,55.0,63.0,66.0,65.0,20.5,49.4
1604476576,55.0,63.0,65.0,65.0,20.5,49.3
1604476577,55.0,64.0,65.0,65.0,20.5,49.3
1604476578,55.0,64.0,65.0,65.0,20.5,49.3
1604476579,54.0,64.0,64.0,66.0,20.5,49.3
1604476580,54.0,64.0,64.0,66.0,20.5,49.3
1604476581,54.0,64.0,64.0,66.0,20.5,48.9
1604476582,54.0,63.0,64.0,66.0,20.5,48.9
1604476583,54.0,63.0,64.0,66.0,20.5,48.9
1604476584,54.0,63.0,64.0,67.0,20.5,48.9
1604476585,54.0,63.0,64.0,67.0,20.5,48.9
1604476586,54.0,63.0,64.0,67.0,20.5,48.7
1604476587,54.0,63.0,64.0,68.0,20.5,48.7
1604476588,54.0,63.0,64.0,68.0,20.5,48.7
1604476589,53.0,63.0,63.0,68.0,20.5,48.7
1604476590,53.0,63.0,63.0,68.0,20.5,48.7
1604476591,53.0,63.0,63.0,68.0,20.5,48.7
1604476592,53.0,64.0,63.0,68.0,20.5,48.7
1604476593,53.0,64.0,62.0,69.0,20.5,48.7
1604476594,53.0,64.0,61.0,69.0,20.5,48.7
1604476595,53.0,63.0,61.0,69.0,20.5,48.7
1604476596,53.0,63.0,60.0,69.0,20.5,48.6
1604476597,54.0,63.0,60.0,69.0,20.5,48.6
1604476598,54.0,62.0,60.0,69.0,20.5,48.6
1604476599,55.0,62.0,61.0,69.0,20.5,48.6
1604476600,55.0,62.0,61.0,68.0,20.5,48.6
1604476601,56.0,62.0,61.0,68.0,20.4,48.3
1604476602,57.0,61.0,62.0,68.0,20.4,48.3
1604476603,57.0,61.0,63.0,68.0,20.4,48.3
1604476604,57.0,61.0,64.0,67.0,20.4,48.3
1604476605,57.0,61.0,64.0,67.0,20.4,48.3
1604476606,57.0,61.0,64.0,67.0,20.5,48.3
1604476607,56.0,62.0,65.0,67.0,20.5,48.3
1604476608,56.0,62.0,65.0,67.0,20.5,48.3
1604476609,55.0,62.0,65.0,67.0,20.5,48.3
1604476610,54.0,62.0,65.0,68.0,20.5,48.3
1604476611,54.0,62.0,65.0,68.0,20.5,48.2
1604476612,53.0,62.0,64.0,68.0,20.5,48.2
1604476613,52.0,62.0,64.0,68.0,20.5,48.2
1604476614,52.0,63.0,64.0,67.0,20.5,48.2
1604476615,51.0,62.0,63.0,67.0,20.5,48.2
1604476616,51.0,62.0,63.0,67.0,20.5,48.0
1604476617,51.0,62.0,63.0,67.0,20.5,48.0
1604476618,52.0,62.0,63.0,67.0,20.5,48.0
1604476619,52.0,62.0,63.0,67.0,20.5,48.0
1604476620,52.0,62.0,63.0,67.0,20.5,48.0
1604476621,52.0,62.0,62.0,66.0,20.5,47.4
1604476622,53.0,62.0,62.0,66.0,20.5,47.4
1604476623,53.0,62.0,62.0,66.0,20.5,47.4
1604476624,53.0,62.0,61.0,66.0,20.5,47.4
1604476625,54.0,62.0,61.0,66.0,20.5,47.4
1604476626,54.0,62.0,61.0,66.0,20.5,47.8
1604476627,54.0,63.0,61.0,65.0,20.5,47.8
1604476628,54.0,63.0,61.0,65.0,20.5,47.8
1604476629,54.0,63.0,61.0,66.0,20.5,47.8
1604476630,54.0,64.0,61.0,66.0,20.5,47.8
1604476631,54.0,65.0,61.0,66.0,20.5,47.7
1604476632,54.0,65.0,61.0,66.0,20.5,47.7
1604476633,54.0,66.0,61.0,67.0,20.5,47.7
1604476634,55.0,66.0,62.0,66.0,20.5,47.7
1604476635,55.0,66.0,62.0,66.0,20.5,47.7
1604476636,55.0,66.0,63.0,66.0,20.5,47.6
1604476637,55.0,66.0,63.0,65.0,20.5,47.6
1604476638,55.0,66.0,64.0,65.0,20.5,47.6
1604476639,55.0,66.0,64.0,65.0,20.5,47.6
1604476640,55.0,65.0,64.0,65.0,20.5,47.6
1604476641,54.888888888888886,64.88888888888889,64.11111111111111,65.0,20.488888888888887,47.58888888888889
1604476642,54.77777777777778,64.77777777777777,64.22222222222223,65.0,20.477777777777774,47.577777777777776
1604476643,54.66666666666666,64.66666666666667,64.33333333333333,65.0,20.466666666666665,47.56666666666667
1604476644,54.55555555555556,64.55555555555556,64.44444444444444,65.0,20.45555555555556,47.55555555555556
1604476645,54.44444444444444,64.44444444444444,64.55555555555556,65.0,20.444444444444443,47.54444444444445
1604476646,54.333333333333336,64.33333333333333,64.66666666666667,65.0,20.433333333333334,47.53333333333333
1604476647,54.22222222222222,64.22222222222223,64.77777777777777,65.0,20.42222222222222,47.52222222222223
1604476648,54.11111111111112,64.11111111111111,64.88888888888889,65.0,20.41111111111111,47.51111111111111
1604476649,54.0,64.0,65.0,65.0,20.4,47.5
1604476650,54.0,63.0,66.0,65.0,20.4,47.5
1604476651,55.0,63.0,66.0,65.0,20.4,47.5
1604476652,55.0,62.0,66.0,65.0,20.4,47.5
1604476653,55.0,61.0,66.0,65.0,20.4,47.5
1604476654,55.0,60.0,66.0,65.0,20.4,47.5
1604476655,55.0,60.0,66.0,65.0,20.4,47.5
1604476656,55.0,59.0,67.0,65.0,20.4,47.5
1604476657,55.0,59.0,67.0,65.0,20.4,47.5
1604476658,55.0,59.0,67.0,65.0,20.4,47.5
1604476659,56.0,59.0,67.0,65.0,20.4,47.4
1604476660,56.0,59.0,66.0,66.0,20.4,47.4
1604476661,56.0,59.0,67.0,66.0,20.4,47.4
1604476662,56.0,59.0,67.0,66.0,20.4,47.4
1604476663,56.0,59.0,67.0,66.0,20.4,47.4
1604476664,56.0,59.0,66.0,67.0,20.4,47.4
1604476665,57.0,60.0,66.0,67.0,20.4,47.4
1604476666,57.0,60.0,66.0,67.0,20.4,47.4
1604476667,57.0,61.0,66.0,68.0,20.4,47.4
1604476668,57.0,61.0,65.0,68.0,20.4,47.4
1604476669,56.0,61.0,65.0,68.0,20.4,47.4
1604476670,56.0,62.0,65.0,68.0,20.4,47.4
1604476671,56.0,62.0,65.0,68.0,20.4,47.4
1604476672,55.0,62.0,65.0,68.0,20.4,47.4
1604476673,55.0,62.0,65.0,67.0,20.4,47.4
1604476674,55.0,62.0,66.0,67.0,20.4,47.4
1604476675,55.0,62.0,66.0,67.0,20.4,47.4
1604476676,55.0,62.0,66.0,67.0,20.4,47.4
1604476677,55.0,61.0,66.0,67.0,20.4,47.4
1604476678,55.0,61.0,66.0,67.0,20.4,47.4
1604476679,55.0,61.0,67.0,67.0,20.3,47.1
1604476680,55.0,61.0,67.0,67.0,20.3,47.1
1604476681,55.0,61.0,66.0,67.0,20.3,47.1
1604476682,55.0,61.0,66.0,68.0,20.3,47.1
1604476683,55.0,61.0,66.0,68.0,20.3,47.1
1604476684,55.0,62.0,65.0,69.0,20.4,47.2
1604476685,54.0,62.0,65.0,69.0,20.4,47.2
1604476686,54.0,62.0,65.0,69.0,20.4,47.2
1604476687,54.0,62.0,64.0,69.0,20.4,47.2
1604476688,53.0,62.0,64.0,69.0,20.4,47.2
1604476689,53.0,62.0,64.0,69.0,20.3,47.0
1604476690,53.0,62.0,63.0,68.0,20.3,47.0
1604476691,53.0,62.0,63.0,67.0,20.3,47.0
1604476692,53.0,62.0,63.0,67.0,20.3,47.0
1604476693,53.0,62.0,63.0,67.0,20.3,47.0
1604476694,54.0,62.0,64.0,67.0,20.4,47.1
1604476695,54.0,62.0,64.0,66.0,20.4,47.1
1604476696,54.0,62.0,64.0,66.0,20.4,47.1
1604476697,55.0,62.0,65.0,66.0,20.4,47.1
1604476698,55.0,63.0,65.0,66.0,20.4,47.1
1604476699,55.0,63.0,65.0,66.0,20.3,47.0
1604476700,56.0,63.0,65.0,66.0,20.3,47.0
1604476701,56.0,63.0,65.0,66.0,20.3,47.0
1604476702,56.0,63.0,65.0,66.0,20.3,47.0
1604476703,56.0,64.0,65.0,67.0,20.3,47.0
1604476704,56.0,64.0,65.0,67.0,20.3,47.0
1604476705,56.0,64.0,65.0,68.0,20.3,47.0
1604476706,56.0,64.0,66.0,68.0,20.3,47.0
1604476707,56.0,64.0,66.0,68.0,20.3,47.0
1604476708,56.0,64.0,66.0,68.0,20.3,47.0
1604476709,55.0,64.0,66.0,68.0,20.3,47.0
1604476710,55.0,64.0,67.0,69.0,20.3,47.0
1604476711,55.0,63.0,67.0,69.0,20.3,47.0
1604476712,55.0,63.0,66.0,69.0,20.3,47.0
1604476713,55.0,63.0,67.0,69.0,20.3,47.0
1604476714,55.0,63.0,67.0,69.0,20.3,47.1
1604476715,55.0,63.0,67.0,69.0,20.3,47.1
1604476716,56.0,63.0,66.0,69.0,20.3,47.1
1604476717,55.0,63.0,67.0,69.0,20.3,47.1
1604476718,55.0,63.0,67.0,69.0,20.3,47.1
1604476719,55.0,63.0,67.0,69.0,20.3,47.2
1604476720,55.0,63.0,67.0,69.0,20.3,47.2
1604476721,55.0,62.0,67.0,69.0,20.3,47.2
1604476722,55.0,62.0,67.0,69.0,20.3,47.2
1604476723,55.0,62.0,67.0,69.0,20.3,47.2
1604476724,54.0,62.0,67.0,69.0,20.3,47.8
1604476725,54.0,62.0,66.0,69.0,20.3,47.8
1604476726,54.0,61.0,66.0,69.0,20.3,47.8
1604476727,53.0,61.0,65.0,69.0,20.3,47.8
1604476728,53.0,61.0,65.0,69.0,20.3,47.8
1604476729,53.0,61.0,64.0,69.0,20.3,47.7
1604476730,53.0,61.0,64.0,68.0,20.3,47.7
1604476731,53.0,61.0,64.0,68.0,20.3,47.7
1604476732,53.0,61.0,64.0,68.0,20.3,47.7
1604476733,52.0,60.0,63.0,68.0,20.3,47.7
1604476734,53.0,60.0,63.0,67.0,20.3,47.8
1604476735,53.0,60.0,63.0,67.0,20.3,47.8
1604476736,53.0,60.0,63.0,67.0,20.3,47.8
1604476737,53.0,60.0,63.0,66.0,20.3,47.8
1604476738,53.0,60.0,63.0,66.0,20.3,47.8
1604476739,54.0,60.0,63.0,66.0,20.3,47.5
1604476740,54.0,60.0,63.0,65.0,20.3,47.5
1604476741,54.0,61.0,63.0,65.0,20.3,47.5
1604476742,54.0,61.0,63.0,65.0,20.3,47.5
1604476743,53.0,61.0,63.0,65.0,20.3,47.5
1604476744,53.0,61.0,63.0,65.0,20.3,47.5
1604476745,53.0,61.0,63.0,65.0,20.3,47.5
1604476746,53.0,61.0,63.0,65.0,20.3,47.5
1604476747,52.0,61.0,63.0,65.0,20.3,47.5
1604476748,52.0,61.0,63.0,66.0,20.3,47.5
1604476749,52.0,61.0,62.0,66.0,20.3,47.5
1604476750,51.0,61.0,62.0,66.0,20.3,47.5
1604476751,52.0,61.0,62.0,66.0,20.3,47.5
1604476752,52.0,61.0,62.0,67.0,20.3,47.5
1604476753,52.0,61.0,63.0,67.0,20.3,47.5
1604476754,52.0,62.0,63.0,67.0,20.3,47.4
1604476755,52.0,62.0,63.0,67.0,20.3,47.4
1604476756,52.0,62.0,63.0,67.0,20.3,47.4
1604476757,52.0,63.0,63.0,66.0,20.3,47.4
1604476758,52.0,63.0,63.0,66.0,20.3,47.4
1604476759,51.0,63.0,63.0,66.0,20.3,47.4
1604476760,51.0,63.0,64.0,66.0,20.3,47.4
1604476761,51.0,63.0,63.0,66.0,20.3,47.4
1604476762,51.0,62.0,64.0,65.0,20.3,47.4
1604476763,52.0,62.0,64.0,65.0,20.3,47.4
1604476764,52.0,62.0,64.0,65.0,20.3,47.3
1604476765,52.0,61.0,64.0,65.0,20.3,47.3
1604476766,52.0,61.0,64.0,65.0,20.3,47.3
1604476767,53.0,61.0,64.0,65.0,20.3,47.3
1604476768,54.0,61.0,64.0,65.0,20.3,47.3
1604476769,54.0,61.0,64.0,64.0,20.4,47.3
1604476770,55.0,61.0,64.0,64.0,20.4,47.3
1604476771,55.0,61.0,64.0,65.0,20.4,47.3
1604476772,55.0,61.0,64.0,65.0,20.4,47.3
1604476773,56.0,61.0,64.0,65.0,20.4,47.3
1604476774,56.0,61.0,64.0,65.0,20.3,47.2
1604476775,56.0,61.0,64.0,65.0,20.3,47.2
1604476776,56.0,61.0,64.0,66.0,20.3,47.2
1604476777,56.0,62.0,65.0,66.0,20.3,47.2
1604476778,56.0,62.0,65.0,66.0,20.3,47.2
1604476779,56.0,62.0,65.0,67.0,20.4,47.4
1604476780,55.0,62.0,65.0,67.0,20.4,47.4
1604476781,55.0,62.0,66.0,67.0,20.4,47.4
1604476782,55.0,63.0,66.0,67.0,20.4,47.4
1604476783,55.0,62.0,66.0,67.0,20.4,47.4
1604476784,55.0,62.0,65.0,67.0,20.3,47.4
1604476785,55.0,62.0,65.0,67.0,20.3,47.4
1604476786,55.0,62.0,65.0,67.0,20.3,47.4
1604476787,55.0,61.0,65.0,67.0,20.3,47.4
1604476788,56.0,61.0,65.0,67.0,20.3,47.4
1604476789,56.0,61.0,65.0,67.0,20.4,47.6
1604476790,56.0,60.0,64.0,68.0,20.4,47.6
1604476791,56.0,60.0,64.0,68.0,20.4,47.6
1604476792,55.94117647058823,59.94117647058823,64.0,68.0,20.4,47.6
1604476793,55.88235294117647,59.88235294117647,64.0,68.0,20.4,47.6
1604476794,55.8235294117647,59.8235294117647,64.0,68.0,20.4,47.6
1604476795,55.76470588235294,59.76470588235294,64.0,68.0,20.4,47.6
1604476796,55.70588235294117,59.70588235294117,64.0,68.0,20.4,47.6
1604476797,55.64705882352941,59.64705882352941,64.0,68.0,20.4,47.6
1604476798,55.588235294117645,59.588235294117645,64.0,68.0,20.4,47.6
1604476799,55.52941176470589,59.52941176470589,64.0,68.0,20.4,47.6
1604476800,55.47058823529412,59.47058823529412,64.0,68.0,20.4,47.6
1604476801,55.41176470588236,59.41176470588236,64.0,68.0,20.4,47.6
1604476802,55.35294117647059,59.35294117647059,64.0,68.0,20.4,47.6
1604476803,55.294117647058826,59.294117647058826,64.0,68.0,20.4,47.6
1604476804,55.23529411764706,59.23529411764706,64.0,68.0,20.4,47.6
1604476805,55.1764705882353,59.1764705882353,64.0,68.0,20.4,47.6
1604476806,55.11764705882353,59.11764705882353,64.0,68.0,20.4,47.6
1604476807,55.05882352941177,59.05882352941177,64.0,68.0,20.4,47.6
1604476808,55.0,59.0,64.0,68.0,20.4,47.6
1604476809,54.0,59.0,65.0,68.0,20.4,47.6
1604476810,54.0,59.0,65.0,68.0,20.4,47.6
1604476811,54.0,59.0,65.0,68.0,20.4,47.6
1604476812,54.0,59.0,65.0,68.0,20.4,47.6
1604476813,54.0,59.0,65.0,67.0,20.4,47.6
1604476814,54.0,59.0,65.0,67.0,20.4,47.6
1604476815,54.0,59.0,65.0,67.0,20.4,47.6
1604476816,54.0,59.0,65.0,66.0,20.4,47.6
1604476817,54.0,60.0,64.0,66.0,20.4,47.6
1604476818,54.0,60.0,65.0,66.0,20.4,47.6
1604476819,55.0,60.0,65.0,65.0,20.4,47.6
1604476820,55.0,59.0,65.0,65.0,20.4,47.6
1604476821,55.0,59.0,65.0,66.0,20.4,47.6
1604476822,55.0,59.0,65.0,66.0,20.4,47.6
1604476823,55.0,60.0,65.0,66.0,20.4,47.6
1604476824,55.0,60.0,65.0,66.0,20.4,47.6
1604476825,55.0,60.0,65.0,67.0,20.4,47.9
1604476826,55.0,60.0,65.0,67.0,20.4,47.9
1604476827,55.0,60.0,65.0,68.0,20.4,47.9
1604476828,55.0,61.0,65.0,68.0,20.4,47.9
1604476829,55.0,61.0,65.0,68.0,20.4,47.9
1604476830,55.0,62.0,65.0,68.0,20.4,47.9
1604476831,55.0,62.0,65.0,68.0,20.4,47.9
1604476832,54.0,63.0,65.0,68.0,20.4,47.9
1604476833,54.0,63.0,65.0,68.0,20.4,47.9
1604476834,54.0,63.0,65.0,68.0,20.4,47.9
1604476835,54.0,63.0,64.0,67.0,20.4,47.9
1604476836,54.0,63.0,64.0,67.0,20.4,47.9
1604476837,54.0,63.0,64.0,67.0,20.4,47.9
1604476838,53.0,63.0,63.0,66.0,20.4,47.9
1604476839,53.0,64.0,63.0,66.0,20.4,47.9
1604476840,53.0,63.0,63.0,66.0,20.5,48.0
1604476841,53.0,63.0,62.0,65.0,20.5,48.0
1604476842,53.0,63.0,62.0,65.0,20.5,48.0
1604476843,53.0,63.0,62.0,65.0,20.5,48.0
1604476844,54.0,63.0,62.0,65.0,20.5,48.0
1604476845,54.0,63.0,62.0,65.0,20.4,47.8
1604476846,54.0,63.0,62.0,65.0,20.4,47.8
1604476847,54.0,62.875,62.0,65.125,20.4,47.8
1604476848,54.0,62.75,62.0,65.25,20.4,47.8
1604476849,54.0,62.625,62.0,65.375,20.4,47.8
1604476850,54.0,62.5,62.0,65.5,20.4,47.8
1604476851,54.0,62.375,62.0,65.625,20.4,47.8
1604476852,54.0,62.25,62.0,65.75,20.4,47.8
1604476853,54.0,62.125,62.0,65.875,20.4,47.8
1604476854,54.0,62.0,62.0,66.0,20.4,47.8
1604476855,54.0,62.0,62.0,66.0,20.4,47.8
1604476856,54.0,62.0,63.0,67.0,20.4,47.8
1604476857,54.0,62.0,63.0,68.0,20.5,47.8
1604476858,54.0,62.0,63.0,68.0,20.5,47.8
1604476859,54.0,62.0,64.0,68.0,20.5,47.8
1604476860,54.0,62.0,64.0,69.0,20.5,47.8
1604476861,53.0,62.0,64.0,69.0,20.5,47.8
1604476862,53.0,62.0,64.0,69.0,20.5,47.8
1604476863,53.0,62.0,64.0,69.0,20.5,47.8
1604476864,52.0,62.0,64.0,69.0,20.5,47.8
1604476865,52.0,62.0,64.0,70.0,20.5,47.8
1604476866,52.0,62.0,64.0,69.0,20.5,47.8
1604476867,52.0,62.0,64.0,69.0,20.4,47.7
1604476868,52.0,62.0,64.0,70.0,20.4,47.7
1604476869,52.0,62.0,64.0,70.0,20.4,47.7
1604476870,52.0,63.0,63.0,69.0,20.4,47.7
1604476871,53.0,63.0,63.0,69.0,20.4,47.7
1604476872,53.0,63.0,63.0,69.0,20.5,47.9
1604476873,54.0,63.0,63.0,68.0,20.5,47.9
1604476874,54.0,62.0,63.0,68.0,20.5,47.9
1604476875,54.0,62.0,63.0,68.0,20.5,47.9
1604476876,55.0,62.0,62.0,68.0,20.5,47.9
1604476877,55.0,62.0,62.0,67.0,20.5,48.0
1604476878,55.0,62.0,62.0,67.0,20.5,48.0
1604476879,55.0,62.0,62.0,67.0,20.5,48.0
1604476880,55.0,62.0,62.0,66.0,20.5,48.0
1604476881,55.0,62.0,62.0,66.0,20.5,48.0
1604476882,55.0,62.0,61.0,66.0,20.5,47.8
1604476883,55.0,61.0,61.0,66.0,20.5,47.8
1604476884,55.0,61.0,61.0,67.0,20.5,47.8
1604476885,55.0,61.0,61.0,67.0,20.5,47.8
1604476886,54.0,61.0,62.0,67.0,20.5,47.8
1604476887,54.0,61.0,62.0,67.0,20.5,47.7
1604476888,54.0,61.0,62.0,67.0,20.5,47.7
1604476889,53.0,61.0,62.0,68.0,20.5,47.7
1604476890,53.0,61.0,62.0,68.0,20.5,47.7
1604476891,53.0,61.0,63.0,68.0,20.5,47.7
1604476892,53.0,61.0,63.0,68.0,20.5,47.6
1604476893,53.0,61.0,64.0,68.0,20.5,47.6
1604476894,52.0,62.0,64.0,68.0,20.5,47.6
1604476895,52.0,62.0,65.0,68.0,20.5,47.6
1604476896,52.0,62.0,65.0,68.0,20.5,47.6
1604476897,52.0,63.0,65.0,68.0,20.5,47.7
1604476898,52.0,63.0,65.0,68.0,20.5,47.7
1604476899,52.0,63.0,65.0,68.0,20.5,47.7
1604476900,53.0,63.0,65.0,68.0,20.5,47.7
1604476901,53.0,63.0,65.0,68.0,20.5,47.7
1604476902,53.0,63.0,65.0,68.0,20.5,47.6
1604476903,53.0,63.0,65.0,68.0,20.5,47.6
1604476904,53.0,63.0,64.0,70.0,20.5,47.6
1604476905,53.0,63.0,64.0,70.0,20.5,47.6
1604476906,53.0,63.0,64.0,69.0,20.5,47.6
1604476907,54.0,62.0,64.0,69.0,20.5,47.6
1604476908,54.0,62.0,64.0,69.0,20.5,47.6
1604476909,54.0,62.0,64.0,68.0,20.5,47.6
1604476910,54.0,62.0,64.0,68.0,20.5,47.6
1604476911,55.0,62.0,64.0,68.0,20.5,47.6
1604476912,55.0,63.0,64.0,68.0,20.6,47.7
1604476913,55.0,63.0,65.0,68.0,20.6,47.7
1604476914,56.0,63.0,65.0,68.0,20.6,47.7
1604476915,56.0,63.0,66.0,68.0,20.6,47.7
1604476916,56.0,62.0,66.0,68.0,20.6,47.7
1604476917,56.0,62.0,66.0,68.0,20.6,47.7
1604476918,56.0,62.0,66.0,68.0,20.6,47.7
1604476919,56.0,62.0,66.0,68.0,20.6,47.7
1604476920,56.0,62.0,66.0,68.0,20.6,47.7
1604476921,56.0,61.0,66.0,68.0,20.6,47.7
1604476922,56.0,61.0,66.0,68.0,20.6,47.8
1604476923,55.0,61.0,66.0,68.0,20.6,47.8
1604476924,55.0,61.0,65.0,68.0,20.6,47.8
1604476925,55.0,61.0,65.0,68.0,20.6,47.8
1604476926,55.0,61.0,65.0,68.0,20.6,47.8
1604476927,55.0,62.0,64.0,68.0,20.6,48.1
1604476928,54.0,62.0,64.0,68.0,20.6,48.1
1604476929,54.0,62.0,64.0,68.0,20.6,48.1
1604476930,54.0,63.0,64.0,68.0,20.6,48.1
1604476931,54.0,63.0,63.0,68.0,20.6,48.1
1604476932,54.0,63.0,63.0,69.0,20.6,48.2
1604476933,54.0,64.0,63.0,69.0,20.6,48.2
1604476934,54.0,64.0,63.0,69.0,20.6,48.2
1604476935,54.0,64.0,63.0,69.0,20.6,48.2
1604476936,54.0,64.0,63.0,69.0,20.6,48.2
1604476937,53.0,64.0,64.0,69.0,20.6,48.4
1604476938,53.0,63.0,64.0,69.0,20.6,48.4
1604476939,53.0,63.0,65.0,69.0,20.6,48.4
1604476940,53.0,63.0,65.0,69.0,20.6,48.4
1604476941,54.0,62.0,66.0,69.0,20.6,48.4
1604476942,54.0,62.0,67.0,69.0,20.7,48.8
1604476943,54.0,62.0,68.0,68.0,20.7,48.8
1604476944,55.0,61.0,68.0,69.0,20.7,48.8
1604476945,55.0,61.0,68.0,69.0,20.7,48.8
1604476946,56.0,61.0,68.0,69.0,20.7,48.8
1604476947,56.0,60.0,69.0,69.0,20.7,48.8
1604476948,57.0,60.0,68.0,69.0,20.7,48.8
1604476949,57.0,61.0,68.0,70.0,20.7,48.8
1604476950,57.0,61.0,68.0,70.0,20.7,48.8
1604476951,57.0,61.0,67.0,70.0,20.7,48.8
1604476952,57.0,62.0,66.0,70.0,20.7,48.9
1604476953,57.0,62.0,66.0,70.0,20.7,48.9
1604476954,57.0,62.0,65.0,70.0,20.7,48.9
1604476955,56.0,62.0,65.0,70.0,20.7,48.9
1604476956,56.0,62.0,64.0,70.0,20.7,48.9
1604476957,56.0,63.0,64.0,70.0,20.7,49.0
1604476958,55.0,63.0,63.0,70.0,20.7,49.0
1604476959,54.0,63.0,63.0,70.0,20.7,49.0
1604476960,53.0,63.0,62.0,70.0,20.7,49.0
1604476961,53.0,63.0,62.0,70.0,20.7,49.0
1604476962,53.0,62.0,62.0,70.0,20.7,49.1
1604476963,52.0,62.0,62.0,70.0,20.7,49.1
1604476964,52.0,61.0,62.0,70.0,20.7,49.1
1604476965,52.0,61.0,62.0,70.0,20.7,49.1
1604476966,52.0,61.0,62.0,70.0,20.7,49.1
1604476967,52.0,60.0,62.0,70.0,20.7,49.1
1604476968,52.0,60.0,62.0,70.0,20.7,49.1
1604476969,52.0,60.0,63.0,70.0,20.7,49.1
1604476970,53.0,60.0,63.0,69.0,20.7,49.1
1604476971,53.0,60.0,64.0,69.0,20.7,49.1
1604476972,53.0,60.0,64.0,69.0,20.8,49.2
1604476973,53.0,59.0,64.0,69.0,20.8,49.2
1604476974,54.0,59.0,64.0,69.0,20.8,49.2
1604476975,54.0,60.0,64.0,69.0,20.8,49.2
1604476976,55.0,60.0,64.0,69.0,20.8,49.2
1604476977,55.0,59.0,63.0,69.0,20.7,49.0
1604476978,55.0,59.0,63.0,68.0,20.7,49.0
1604476979,56.0,59.0,63.0,68.0,20.7,49.0
1604476980,56.0,59.0,63.0,68.0,20.7,49.0
1604476981,56.0,60.0,63.0,67.0,20.7,49.0
1604476982,56.0,61.0,63.0,67.0,20.7,49.1
1604476983,56.0,62.0,63.0,66.0,20.7,49.1
1604476984,56.0,65.0,64.0,66.0,20.7,49.1
1604476985,56.0,65.0,64.0,66.0,20.7,49.1
1604476986,56.0,66.0,65.0,65.0,20.7,49.1
1604476987,56.0,66.0,65.0,65.0,20.7,49.3
1604476988,55.0,65.0,66.0,65.0,20.7,49.3
1604476989,55.0,65.0,67.0,66.0,20.7,49.3
1604476990,55.0,65.0,67.0,66.0,20.7,49.3
1604476991,55.0,65.0,68.0,66.0,20.7,49.3
1604476992,55.0,65.0,68.0,66.0,20.8,49.6
1604476993,55.0,64.0,68.0,66.0,20.8,49.6
1604476994,55.0,64.0,68.0,67.0,20.8,49.6
1604476995,55.0,64.0,68.0,67.0,20.8,49.6
1604476996,55.0,64.0,68.0,67.0,20.8,49.6
1604476997,55.0,64.0,68.0,67.0,20.8,49.3
1604476998,55.0,64.0,67.0,67.0,20.8,49.3
1604476999,55.0,64.0,66.0,67.0,20.8,49.3
1604477000,55.0,64.0,66.0,68.0,20.8,49.3
1604477001,55.0,64.0,65.0,68.0,20.8,49.3
1604477002,56.0,65.0,64.0,67.0,20.8,49.0
1604477003,56.0,65.0,64.0,67.0,20.8,49.0
1604477004,56.0,65.0,64.0,67.0,20.8,49.0
1604477005,56.0,65.0,63.0,67.0,20.8,49.0
1604477006,56.0,65.0,63.0,67.0,20.8,49.0
1604477007,56.0,65.0,63.0,67.0,20.8,49.3
1604477008,56.0,65.0,63.0,67.0,20.8,49.3
1604477009,56.0,65.0,63.0,67.0,20.8,49.3
1604477010,56.0,65.0,63.0,66.0,20.8,49.3
1604477011,56.0,65.0,63.0,66.0,20.8,49.3
1604477012,56.0,65.0,63.0,66.0,20.8,49.5
1604477013,56.0,64.0,63.0,66.0,20.8,49.5
1604477014,56.0,64.0,63.0,66.0,20.8,49.5
1604477015,56.0,64.0,63.0,66.0,20.8,49.5
1604477016,57.0,64.0,63.0,66.0,20.8,49.5
1604477017,57.0,63.0,63.0,67.0,20.8,49.5
1604477018,57.0,63.0,63.0,67.0,20.8,49.5
1604477019,57.0,63.0,62.0,67.0,20.8,49.5
1604477020,56.0,63.0,62.0,67.0,20.8,49.5
1604477021,56.0,63.0,61.0,67.0,20.8,49.5
1604477022,56.0,63.0,61.0,67.0,20.8,49.5
1604477023,55.0,63.0,61.0,67.0,20.8,49.5
1604477024,55.0,63.0,61.0,67.0,20.8,49.5
1604477025,55.0,64.0,61.0,67.0,20.8,49.5
1604477026,55.0,64.0,61.0,67.0,20.8,49.5
1604477027,55.0,64.0,61.0,66.0,20.8,49.7
1604477028,55.0,64.0,61.0,66.0,20.8,49.7
1604477029,55.0,64.0,61.0,65.0,20.8,49.7
1604477030,55.0,64.0,61.0,65.0,20.8,49.7
1604477031,56.0,63.0,62.0,65.0,20.8,49.7
1604477032,56.0,63.0,62.0,65.0,20.8,49.1
1604477033,57.0,63.0,63.0,65.0,20.8,49.1
1604477034,57.0,63.0,63.0,65.0,20.8,49.1
1604477035,57.0,63.0,63.0,65.0,20.8,49.1
1604477036,57.0,63.0,63.0,65.0,20.8,49.1
1604477037,56.0,63.0,63.0,66.0,20.9,49.0
1604477038,56.0,63.0,63.0,66.0,20.9,49.0
1604477039,56.0,64.0,64.0,66.0,20.9,49.0
1604477040,56.0,64.0,63.0,66.0,20.9,49.0
1604477041,56.0,64.0,63.0,66.0,20.9,49.0
1604477042,55.0,64.0,63.0,66.0,20.9,49.0
1604477043,55.0,64.0,63.0,66.0,20.9,49.0
1604477044,55.0,64.0,63.0,66.0,20.9,49.0
1604477045,55.0,65.0,63.0,66.0,20.9,49.0
1604477046,55.0,65.0,63.0,66.0,20.9,49.0
1604477047,54.0,65.0,63.0,65.0,20.8,48.7
1604477048,54.0,65.0,63.0,65.0,20.8,48.7
1604477049,54.0,65.0,63.0,65.0,20.8,48.7
1604477050,54.0,65.0,63.0,65.0,20.8,48.7
1604477051,54.0,65.0,63.0,65.0,20.8,48.7
1604477052,54.0,65.0,63.0,65.0,20.9,48.6
1604477053,54.0,65.0,63.0,65.0,20.9,48.6
1604477054,54.0,65.0,63.0,65.0,20.9,48.6
1604477055,54.375,65.0,63.0,65.0,20.9,48.6
1604477056,54.75,65.0,63.0,65.0,20.9,48.6
1604477057,55.125,65.0,63.0,65.0,20.9,48.6
1604477058,55.5,65.0,63.0,65.0,20.9,48.6
1604477059,55.875,65.0,63.0,65.0,20.9,48.6
1604477060,56.25,65.0,63.0,65.0,20.9,48.6
1604477061,56.625,65.0,63.0,65.0,20.9,48.6
1604477062,57.0,65.0,63.0,65.0,20.9,48.6
1604477063,57.0,64.0,64.0,65.0,20.9,48.6
1604477064,57.0,64.0,65.0,66.0,20.9,48.4
1604477065,57.0,64.0,65.0,66.0,20.9,48.4
1604477066,57.0,64.0,65.0,66.0,20.9,48.4
1604477067,57.0,64.0,66.0,66.0,20.9,48.4
1604477068,56.0,64.0,66.0,67.0,20.9,48.4
1604477069,55.0,64.0,66.0,67.0,20.9,48.2
1604477070,55.0,63.0,67.0,67.0,20.9,48.2
1604477071,54.0,63.0,67.0,67.0,20.9,48.2
1604477072,54.0,64.0,67.0,67.0,20.9,48.2
1604477073,54.0,64.0,67.0,67.0,20.9,48.2
1604477074,54.0,64.0,67.0,67.0,20.9,48.6
1604477075,54.0,64.0,67.0,67.0,20.9,48.6
1604477076,54.0,64.0,67.0,66.0,20.9,48.6
1604477077,54.0,64.0,68.0,66.0,20.9,48.6
1604477078,54.0,65.0,67.0,66.0,20.9,48.6
1604477079,55.0,65.0,67.0,66.0,20.9,48.8
1604477080,55.0,66.0,67.0,67.0,20.9,48.8
1604477081,55.0,66.0,67.0,67.0,20.9,48.8
1604477082,54.0,66.0,67.0,67.0,20.9,48.8
1604477083,54.0,65.0,67.0,67.0,20.9,48.8
1604477084,54.0,65.0,67.0,68.0,20.9,49.3
1604477085,54.0,65.0,66.0,68.0,20.9,49.3
1604477086,53.0,65.0,66.0,68.0,20.9,49.3
1604477087,53.0,65.0,66.0,68.0,20.9,49.3
1604477088,53.0,64.0,67.0,69.0,20.9,49.3
1604477089,52.0,64.0,67.0,69.0,20.9,49.3
1604477090,52.0,65.0,67.0,69.0,20.9,49.3
1604477091,52.0,65.0,67.0,69.0,20.9,49.3
1604477092,52.0,66.0,66.0,69.0,20.9,49.3
1604477093,52.0,66.0,67.0,69.0,20.9,49.3
1604477094,52.0,67.0,67.0,69.0,20.9,49.1
1604477095,52.0,68.0,68.0,69.0,20.9,49.1
1604477096,52.0,68.0,68.0,69.0,20.9,49.1
1604477097,52.0,69.0,69.0,69.0,20.9,49.1
1604477098,52.0,69.0,69.0,68.0,20.9,49.1
1604477099,53.0,69.0,69.0,69.0,20.9,49.1
1604477100,54.0,69.0,70.0,69.0,20.9,49.1
1604477101,54.0,68.0,70.0,68.0,20.9,49.1
1604477102,54.0,68.0,70.0,68.0,20.9,49.1
1604477103,55.0,68.0,70.0,68.0,20.9,49.1
1604477104,55.0,67.0,69.0,68.0,20.9,49.1
1604477105,55.0,67.0,69.0,68.0,20.9,49.1
1604477106,56.0,67.0,69.0,68.0,20.9,49.1
1604477107,57.0,67.0,69.0,68.0,20.9,49.1
1604477108,57.0,67.0,69.0,68.0,20.9,49.1
1604477109,57.0,68.0,69.0,68.0,20.9,48.6
1604477110,57.0,68.0,69.0,68.0,20.9,48.6
1604477111,57.0,69.0,68.0,68.0,20.9,48.6
1604477112,57.0,70.0,68.0,68.0,20.9,48.6
1604477113,57.0,70.0,68.0,68.0,20.9,48.6
1604477114,57.0,70.0,67.0,68.0,20.9,48.2
1604477115,57.0,70.0,67.0,68.0,20.9,48.2
1604477116,57.0,70.0,67.0,68.0,20.9,48.2
1604477117,57.0,70.0,66.0,67.0,20.9,48.2
1604477118,56.0,69.0,66.0,67.0,20.9,48.2
1604477119,56.0,69.0,65.0,67.0,20.9,48.2
1604477120,56.0,69.0,65.0,67.0,20.9,48.2
1604477121,56.0,68.0,65.0,67.0,20.9,48.2
1604477122,56.0,68.0,65.0,67.0,20.9,48.2
1604477123,56.0,67.0,65.0,67.0,20.9,48.2
1604477124,56.0,67.0,65.0,67.0,20.9,48.4
1604477125,56.0,67.0,65.0,67.0,20.9,48.4
1604477126,57.0,67.0,65.0,67.0,20.9,48.4
1604477127,57.0,66.0,65.0,67.0,20.9,48.4
1604477128,57.0,66.0,66.0,67.0,20.9,48.4
1604477129,57.0,66.0,66.0,67.0,20.9,48.3
1604477130,57.0,66.0,67.0,67.0,20.9,48.3
1604477131,57.0,66.0,67.0,67.0,20.9,48.3
1604477132,57.0,65.0,68.0,67.0,20.9,48.3
1604477133,56.0,65.0,68.0,67.0,20.9,48.3
1604477134,56.0,65.0,68.0,67.0,20.9,48.2
1604477135,55.0,65.0,68.0,67.0,20.9,48.2
1604477136,55.0,65.0,68.0,67.0,20.9,48.2
1604477137,54.0,65.0,68.0,67.0,20.9,48.2
1604477138,54.0,65.0,67.0,67.0,20.9,48.2
1604477139,53.0,65.0,67.0,67.0,20.9,48.1
1604477140,53.0,65.0,66.0,67.0,20.9,48.1
1604477141,52.0,65.0,66.0,67.0,20.9,48.1
1604477142,52.0,65.0,66.0,67.0,20.9,48.1
1604477143,52.0,65.0,65.0,68.0,20.9,48.1
1604477144,52.0,65.0,65.0,68.0,20.9,48.1
1604477145,52.0,66.0,65.0,68.0,20.9,48.1
1604477146,52.0,66.0,65.0,68.0,20.9,48.1
1604477147,52.0,67.0,65.0,69.0,20.9,48.1
1604477148,52.0,67.0,65.0,69.0,20.9,48.1
1604477149,52.0,67.0,65.0,69.0,20.9,48.0
1604477150,52.0,67.0,66.0,69.0,20.9,48.0
1604477151,52.0,67.0,66.0,69.0,20.9,48.0
1604477152,52.0,66.0,67.0,68.0,20.9,48.0
1604477153,52.0,66.0,66.0,68.0,20.9,48.0
1604477154,52.0,66.0,66.0,68.0,20.8,47.7
1604477155,53.0,66.0,66.0,68.0,20.8,47.7
1604477156,53.0,65.0,66.0,69.0,20.8,47.7
1604477157,53.0,65.0,66.0,69.0,20.8,47.7
1604477158,53.0,65.0,66.0,69.0,20.8,47.7
1604477159,53.0,65.0,66.0,69.0,20.9,47.8
1604477160,54.0,65.0,66.0,69.0,20.9,47.8
1604477161,54.0,65.0,66.0,69.0,20.9,47.8
1604477162,55.0,65.0,67.0,69.0,20.9,47.8
1604477163,55.0,66.0,67.0,69.0,20.9,47.8
1604477164,55.0,66.0,68.0,69.0,20.9,47.7
1604477165,56.0,66.0,68.0,69.0,20.9,47.7
1604477166,56.0,66.0,68.0,69.0,20.9,47.7
1604477167,56.0,67.0,68.0,69.0,20.9,47.7
1604477168,56.0,67.0,68.0,69.0,20.9,47.7
1604477169,56.0,67.0,68.0,69.0,20.9,47.7
1604477170,56.0,67.0,68.0,69.0,20.9,47.7
1604477171,56.0,67.0,68.0,69.0,20.9,47.7
1604477172,55.0,67.0,67.0,69.0,20.9,47.7
1604477173,55.0,67.0,67.0,69.0,20.9,47.7
1604477174,55.0,67.0,67.0,68.0,20.9,47.7
1604477175,55.0,66.0,67.0,68.0,20.9,47.7
1604477176,54.0,66.0,67.0,68.0,20.9,47.7
1604477177,54.0,66.0,67.0,67.0,20.9,47.7
1604477178,54.0,65.0,67.0,67.0,20.9,47.7
1604477179,54.0,65.0,67.0,67.0,20.9,47.6
1604477180,53.0,65.0,67.0,66.0,20.9,47.6
1604477181,53.0,65.0,67.0,66.0,20.9,47.6
1604477182,53.0,64.0,66.0,66.0,20.9,47.6
1604477183,52.0,64.0,66.0,66.0,20.9,47.6
1604477184,52.0,64.0,66.0,66.0,20.9,47.3
1604477185,52.0,64.0,66.0,66.0,20.9,47.3
1604477186,52.0,64.0,66.0,65.0,20.9,47.3
1604477187,52.0,64.0,66.0,65.0,20.9,47.3
1604477188,52.0,65.0,66.0,65.0,20.9,47.3
1604477189,52.0,65.0,66.0,65.0,20.9,47.2
1604477190,52.0,65.0,66.0,65.0,20.9,47.2
1604477191,53.0,66.0,66.0,65.0,20.9,47.2
1604477192,53.5,66.0,66.0,65.5,20.9,47.2
1604477193,54.0,66.0,66.0,66.0,20.9,47.2
1604477194,54.0,67.0,67.0,66.0,20.9,47.2
1604477195,55.0,67.0,67.0,66.0,20.8,47.0
1604477196,55.0,67.0,67.0,66.0,20.8,47.0
1604477197,56.0,67.0,66.0,67.0,20.8,47.0
1604477198,56.0,67.0,66.0,67.0,20.8,47.0
1604477199,58.0,66.0,66.0,67.0,20.8,47.0
1604477200,58.0,66.0,65.0,67.0,20.9,47.0
1604477201,58.0,66.0,65.0,67.0,20.9,47.0
1604477202,58.0,66.0,64.0,67.0,20.9,47.0
1604477203,58.0,66.0,64.0,67.0,20.9,47.0
1604477204,58.0,66.0,63.0,67.0,20.9,47.0
1604477205,58.0,66.0,62.0,67.0,20.8,46.9
1604477206,58.0,66.0,62.0,67.0,20.8,46.9
1604477207,57.0,66.0,62.0,67.0,20.8,46.9
1604477208,57.0,66.0,62.0,67.0,20.8,46.9
1604477209,57.0,66.0,62.0,67.0,20.8,46.9
1604477210,57.0,66.0,61.0,67.0,20.8,46.9
1604477211,57.0,67.0,61.0,67.0,20.8,46.9
1604477212,57.0,67.0,61.0,67.0,20.8,46.9
1604477213,57.0,67.0,61.0,67.0,20.8,46.9
1604477214,57.0,67.0,61.0,67.0,20.8,46.9
1604477215,57.0,67.0,62.0,67.0,20.8,47.1
1604477216,57.0,67.0,62.0,67.0,20.8,47.1
1604477217,57.0,67.0,62.0,67.0,20.8,47.1
1604477218,56.0,67.0,63.0,67.0,20.8,47.1
1604477219,56.0,66.0,64.0,67.0,20.8,47.1
1604477220,56.0,66.0,65.0,67.0,20.8,47.0
1604477221,56.0,66.0,65.0,66.0,20.8,47.0
1604477222,56.0,66.0,65.0,66.0,20.8,47.0
1604477223,56.0,65.0,66.0,66.0,20.8,47.0
1604477224,56.0,65.0,66.0,66.0,20.8,47.0
1604477225,56.0,65.0,66.0,66.0,20.8,47.0
1604477226,56.0,64.0,66.0,66.0,20.8,47.0
1604477227,56.0,64.0,65.0,65.0,20.8,47.0
1604477228,56.0,64.0,65.0,65.0,20.8,47.0
1604477229,56.0,64.0,64.0,65.0,20.8,47.0
1604477230,56.0,64.0,63.0,65.0,20.8,47.1
1604477231,56.0,64.0,63.0,64.0,20.8,47.1
1604477232,56.0,64.0,62.0,64.0,20.8,47.1
1604477233,56.0,64.0,61.0,64.0,20.8,47.1
1604477234,56.0,64.0,60.0,64.0,20.8,47.1
1604477235,56.0,64.0,60.0,64.0,20.9,46.9
1604477236,56.0,65.0,59.0,64.0,20.9,46.9
1604477237,56.0,65.0,59.0,64.0,20.9,46.9
1604477238,56.0,65.0,59.0,64.0,20.9,46.9
1604477239,56.0,65.0,59.0,64.0,20.9,46.9
1604477240,56.0,65.0,60.0,64.0,20.8,46.8
1604477241,57.0,65.0,60.0,64.0,20.8,46.8
1604477242,57.0,65.0,61.0,65.0,20.8,46.8
1604477243,57.0,65.0,61.0,65.0,20.8,46.8
1604477244,57.0,66.0,62.0,65.0,20.8,46.8
1604477245,58.0,66.0,63.0,65.0,20.9,46.8
1604477246,58.0,66.0,63.0,66.0,20.9,46.8
1604477247,58.0,66.0,63.0,66.0,20.9,46.8
1604477248,58.0,65.0,63.0,66.0,20.9,46.8
1604477249,58.0,65.0,63.0,66.0,20.9,46.8
1604477250,59.0,65.0,63.0,66.0,20.8,46.5
1604477251,58.0,66.0,63.0,65.0,20.8,46.5
1604477252,58.0,66.0,63.0,65.0,20.8,46.5
1604477253,58.0,66.0,62.0,63.0,20.8,46.5
1604477254,58.0,66.0,62.0,63.0,20.8,46.5
1604477255,58.0,66.0,62.0,63.0,20.8,46.5
1604477256,57.0,66.0,62.0,62.0,20.8,46.5
1604477257,57.0,66.0,62.0,61.0,20.8,46.5
1604477258,57.0,66.0,63.0,61.0,20.8,46.5
1604477259,57.0,66.0,64.0,60.0,20.8,46.5
1604477260,57.0,66.0,64.0,60.0,20.8,46.3
1604477261,57.11111111111112,66.0,64.11111111111111,60.0,20.8,46.3
1604477262,57.22222222222222,66.0,64.22222222222223,60.0,20.8,46.3
1604477263,57.333333333333336,66.0,64.33333333333333,60.0,20.8,46.3
1604477264,57.44444444444444,66.0,64.44444444444444,60.0,20.8,46.3
1604477265,57.55555555555556,66.0,64.55555555555556,60.0,20.8,46.3
1604477266,57.66666666666666,66.0,64.66666666666667,60.0,20.8,46.3
1604477267,57.77777777777778,66.0,64.77777777777777,60.0,20.8,46.3
1604477268,57.888888888888886,66.0,64.88888888888889,60.0,20.8,46.3
1604477269,58.0,66.0,65.0,60.0,20.8,46.3
1604477270,58.0,66.0,65.0,60.0,20.8,46.3
1604477271,58.0,66.0,66.0,60.0,20.8,46.3
1604477272,58.0,66.0,66.0,61.0,20.8,46.3
1604477273,57.0,66.0,67.0,61.0,20.8,46.3
1604477274,57.0,66.0,67.0,61.0,20.8,46.3
1604477275,57.0,66.0,67.0,61.0,20.8,46.3
1604477276,57.0,66.0,66.0,60.0,20.8,46.3
1604477277,57.0,66.0,66.0,60.0,20.8,46.3
1604477278,57.0,66.0,66.0,60.0,20.8,46.2
1604477279,56.0,66.0,65.0,60.0,20.8,46.2
1604477280,57.0,66.0,64.0,60.0,20.8,46.2
1604477281,57.0,65.0,64.0,59.0,20.8,46.2
1604477282,57.0,65.0,63.0,59.0,20.8,46.2
1604477283,57.0,66.0,63.0,59.0,20.9,46.2
1604477284,57.0,66.0,62.0,59.0,20.9,46.2
1604477285,57.0,66.0,62.0,58.0,20.9,46.2
1604477286,57.0,66.0,62.0,58.0,20.9,46.2
1604477287,57.0,66.0,62.0,58.0,20.9,46.2
1604477288,57.0,66.0,62.0,58.0,20.8,46.0
1604477289,57.0,66.0,62.0,58.0,20.8,46.0
1604477290,57.0,67.0,62.0,58.0,20.8,46.0
1604477291,57.0,67.0,62.0,58.0,20.8,46.0
1604477292,57.0,67.0,62.0,57.0,20.8,46.0
1604477293,57.0,67.0,62.0,57.0,20.8,46.1
1604477294,57.0,67.0,63.0,57.0,20.8,46.1
1604477295,57.0,66.0,63.0,57.0,20.8,46.1
1604477296,57.0,66.0,63.0,57.0,20.8,46.1
1604477297,57.0,66.0,63.0,57.0,20.8,46.1
1604477298,57.0,66.0,63.0,57.0,20.8,46.2
1604477299,58.0,66.0,63.0,57.0,20.8,46.2
1604477300,58.0,65.0,63.0,57.0,20.8,46.2
1604477301,58.0,64.0,63.0,57.0,20.8,46.2
1604477302,58.0,64.0,63.0,57.0,20.8,46.2
1604477303,58.0,64.0,63.0,57.0,20.8,46.2
1604477304,59.0,63.0,63.0,58.0,20.8,46.2
1604477305,59.0,63.0,64.0,59.0,20.8,46.2
1604477306,59.0,63.0,64.0,59.0,20.8,46.2
1604477307,58.0,63.0,64.0,59.0,20.8,46.2
1604477308,58.0,63.0,65.0,60.0,20.8,46.1
1604477309,58.0,63.0,65.0,60.0,20.8,46.1
1604477310,58.0,63.0,65.0,60.0,20.8,46.1
1604477311,57.0,63.0,66.0,60.0,20.8,46.1
1604477312,57.0,63.0,66.0,60.0,20.8,46.1
1604477313,57.0,63.0,66.0,60.0,20.8,46.0
1604477314,56.0,62.0,66.0,59.0,20.8,46.0
1604477315,55.0,62.0,66.0,59.0,20.8,46.0
1604477316,55.0,61.0,66.0,58.0,20.8,46.0
1604477317,54.0,61.0,66.0,58.0,20.8,46.0
1604477318,53.0,61.0,66.0,58.0,20.8,46.0
1604477319,53.0,60.0,65.0,58.0,20.8,46.0
1604477320,53.0,60.0,65.0,58.0,20.8,46.0
1604477321,53.0,60.0,65.0,57.0,20.8,46.0
1604477322,53.0,60.0,65.0,57.0,20.8,46.0
1604477323,53.0,60.0,65.0,56.0,20.8,46.1
1604477324,54.0,61.0,65.0,56.0,20.8,46.1
1604477325,55.0,61.0,65.0,56.0,20.8,46.1
1604477326,55.0,61.0,65.0,56.0,20.8,46.1
1604477327,55.0,62.0,65.0,56.0,20.8,46.1
1604477328,56.0,62.0,65.0,55.0,20.8,46.2
1604477329,56.0,62.0,65.0,55.0,20.8,46.2
1604477330,56.0,62.0,65.0,55.0,20.8,46.2
1604477331,55.0,62.0,65.0,55.0,20.8,46.2
1604477332,55.0,63.0,64.0,56.0,20.8,46.2
1604477333,55.0,63.0,64.0,56.0,20.8,46.3
1604477334,55.0,63.0,63.0,56.0,20.8,46.3
1604477335,55.0,63.0,63.0,55.0,20.8,46.3
1604477336,56.0,63.0,63.0,55.0,20.8,46.3
1604477337,56.0,64.0,63.0,55.0,20.8,46.3
1604477338,56.0,64.0,62.0,54.0,20.8,46.3
1604477339,57.0,64.0,62.0,54.0,20.8,46.3
1604477340,57.0,64.0,62.0,54.0,20.8,46.3
1604477341,57.0,64.0,62.0,53.0,20.8,46.3
1604477342,58.0,65.0,62.0,53.0,20.8,46.3
1604477343,58.0,65.0,62.0,53.0,20.8,46.2
1604477344,58.0,65.0,62.0,52.0,20.8,46.2
1604477345,58.0,65.0,62.0,52.0,20.8,46.2
1604477346,57.0,65.0,62.0,52.0,20.8,46.2
1604477347,57.0,66.0,62.0,52.0,20.8,46.2
1604477348,57.0,66.0,62.0,52.0,20.9,46.4
1604477349,57.0,66.0,63.0,52.0,20.9,46.4
1604477350,57.0,66.0,63.0,53.0,20.9,46.4
1604477351,56.0,66.0,63.0,53.0,20.9,46.4
1604477352,56.0,66.0,63.0,53.0,20.9,46.4
1604477353,56.0,66.0,63.0,53.0,20.9,46.2
1604477354,56.0,66.0,63.0,53.0,20.9,46.2
1604477355,55.0,65.0,63.0,53.0,20.9,46.2
1604477356,55.0,65.0,63.0,53.0,20.9,46.2
1604477357,55.0,65.0,63.0,53.0,20.9,46.2
1604477358,55.0,65.0,62.0,54.0,20.9,46.3
1604477359,55.0,65.0,62.0,54.0,20.9,46.3
1604477360,55.0,65.0,61.0,54.0,20.9,46.3
1604477361,55.0,65.0,62.0,54.0,20.9,46.3
1604477362,56.0,65.0,62.0,55.0,20.9,46.3
1604477363,56.0,65.0,63.0,55.0,20.9,46.3
1604477364,56.0,65.0,64.0,55.0,20.9,46.3
1604477365,56.0,66.0,64.0,55.0,20.9,46.3
1604477366,55.0,66.0,64.0,56.0,20.9,46.3
1604477367,55.0,66.0,64.0,57.0,20.9,46.3
1604477368,55.0,66.0,64.0,57.0,20.9,46.3
1604477369,55.0,66.0,64.0,57.0,20.9,46.3
1604477370,55.0,66.0,64.0,57.0,20.9,46.3
1604477371,54.0,65.0,64.0,57.0,20.9,46.3
1604477372,54.0,65.0,64.0,57.0,20.9,46.3
1604477373,53.0,65.0,64.0,57.0,20.9,46.2
1604477374,53.0,64.0,63.0,56.0,20.9,46.2
1604477375,53.0,64.0,62.0,56.0,20.9,46.2
1604477376,53.0,63.0,62.0,56.0,20.9,46.2
1604477377,53.0,63.0,62.0,55.0,20.9,46.2
1604477378,53.0,63.0,62.0,55.0,20.9,46.2
1604477379,53.0,62.0,62.0,55.0,20.9,46.2
1604477380,53.0,62.0,62.0,55.0,20.9,46.2
1604477381,53.0,62.0,62.0,54.0,20.9,46.2
1604477382,53.0,62.0,62.0,53.0,20.9,46.2
1604477383,53.0,62.0,62.0,53.0,20.9,46.3
1604477384,53.0,62.0,63.0,53.0,20.9,46.3
1604477385,53.0,63.0,63.0,53.0,20.9,46.3
1604477386,53.0,63.0,63.0,53.0,20.9,46.3
1604477387,53.0,64.0,63.0,53.0,20.9,46.3
1604477388,54.0,64.0,63.0,53.0,20.9,46.5
1604477389,54.0,65.0,63.0,54.0,20.9,46.5
1604477390,54.0,65.0,63.0,54.0,20.9,46.5
1604477391,55.0,65.0,63.0,54.0,20.9,46.5
1604477392,55.0,65.0,63.0,54.0,20.9,46.5
1604477393,55.0,65.0,63.0,54.0,20.9,46.6
1604477394,56.0,65.0,63.0,54.0,20.9,46.6
1604477395,56.0,65.0,63.0,54.0,20.9,46.6
1604477396,56.0,65.0,63.0,53.0,20.9,46.6
1604477397,56.0,65.0,63.0,53.0,20.9,46.6
1604477398,55.0,64.0,63.0,53.0,20.9,46.6
1604477399,55.0,64.0,63.0,52.0,20.9,46.6
1604477400,55.0,64.0,63.0,52.0,20.9,46.6
1604477401,54.0,64.0,63.0,51.0,20.9,46.6
1604477402,54.0,64.0,63.0,51.0,20.9,46.6
1604477403,54.0,64.0,62.0,50.0,20.9,46.7
1604477404,54.0,64.0,62.0,50.0,20.9,46.7
1604477405,53.0,64.0,63.0,50.0,20.9,46.7
1604477406,53.0,64.0,63.0,51.0,20.9,46.7
1604477407,53.0,64.0,63.0,52.0,20.9,46.7
1604477408,53.0,64.0,62.0,52.0,20.9,46.7
1604477409,52.0,64.0,63.0,52.0,20.9,46.7
1604477410,52.0,64.0,63.0,53.0,20.9,46.7
1604477411,53.0,64.0,63.0,53.0,20.9,46.7
1604477412,53.0,64.0,63.0,53.0,20.9,46.7
1604477413,53.0,65.0,63.0,54.0,20.9,46.6
1604477414,53.0,65.0,63.0,53.0,20.9,46.6
1604477415,53.0,65.0,63.0,53.0,20.9,46.6
1604477416,53.0,66.0,63.0,53.0,20.9,46.6
1604477417,54.0,66.0,63.0,53.0,20.9,46.6
1604477418,54.0,66.0,62.0,53.0,20.9,46.7
1604477419,54.0,66.0,62.0,53.0,20.9,46.7
1604477420,54.0,65.0,62.0,52.0,20.9,46.7
1604477421,54.0,65.0,61.0,52.0,20.9,46.7
1604477422,54.0,65.0,61.0,52.0,20.9,46.7
1604477423,54.0,65.0,61.0,52.0,20.9,46.7
1604477424,54.0,65.0,61.0,52.0,20.9,46.7
1604477425,53.0,65.0,61.0,52.0,20.9,46.7
1604477426,53.0,65.0,60.0,51.0,20.9,46.7
1604477427,53.0,64.0,60.0,51.0,20.9,46.7
1604477428,53.0,64.0,60.0,51.0,20.9,47.1
1604477429,53.0,65.0,61.0,51.0,20.9,47.1
1604477430,53.0,65.0,61.0,51.0,20.9,47.1
1604477431,53.0,65.0,61.0,51.0,20.9,47.1
1604477432,53.0,65.0,61.0,51.0,20.9,47.1
1604477433,53.0,64.0,61.0,51.0,20.9,47.2
1604477434,53.0,64.0,61.0,50.0,20.9,47.2
1604477435,54.0,65.0,61.0,50.0,20.9,47.2
1604477436,54.0,65.0,61.0,50.0,20.9,47.2
1604477437,54.0,64.0,61.0,50.0,20.9,47.2
1604477438,54.0,63.0,61.0,50.0,20.9,47.2
1604477439,54.0,63.0,61.0,50.0,20.9,47.2
1604477440,55.0,64.0,61.0,50.0,20.9,47.2
1604477441,55.0,64.0,61.0,50.0,20.9,47.2
1604477442,55.0,63.0,61.0,50.0,20.9,47.2
1604477443,55.0,63.0,61.0,50.0,21.0,47.3
1604477444,55.0,63.0,61.0,50.0,21.0,47.3
1604477445,55.0,63.0,61.0,50.0,21.0,47.3
1604477446,55.0,64.0,61.0,51.0,21.0,47.3
1604477447,55.0,64.0,61.0,51.0,21.0,47.3
1604477448,55.0,64.0,61.0,51.0,21.0,47.3
1604477449,55.0,64.0,61.0,51.0,21.0,47.3
1604477450,54.0,64.0,61.0,52.0,21.0,47.3
1604477451,54.0,64.0,61.0,52.0,21.0,47.3
1604477452,54.0,64.0,61.0,53.0,21.0,47.3
1604477453,53.0,64.0,61.0,53.0,21.0,47.1
1604477454,53.0,64.0,60.0,53.0,21.0,47.1
1604477455,53.0,64.0,60.0,53.0,21.0,47.1
1604477456,52.0,64.0,60.0,53.0,21.0,47.1
1604477457,52.0,64.0,59.0,53.0,21.0,47.1
1604477458,52.0,65.0,59.0,53.0,21.0,47.0
1604477459,52.0,65.0,59.0,53.0,21.0,47.0
1604477460,52.0,65.0,58.0,53.0,21.0,47.0
1604477461,52.0,65.0,58.0,53.0,21.0,47.0
1604477462,52.0,65.0,58.0,53.0,21.0,47.0
1604477463,52.0,64.0,58.0,53.0,21.0,46.9
1604477464,52.0,64.0,58.0,53.0,21.0,46.9
1604477465,52.0,64.0,58.0,53.0,21.0,46.9
1604477466,52.0,63.0,58.0,52.0,21.0,46.9
1604477467,52.0,63.0,58.0,52.0,21.0,46.9
1604477468,52.0,63.0,57.0,52.0,21.0,46.8
1604477469,51.0,62.0,57.0,52.0,21.0,46.8
1604477470,51.0,62.0,57.0,52.0,21.0,46.8
1604477471,51.0,62.0,56.0,51.0,21.0,46.8
1604477472,51.44444444444444,62.0,56.0,51.0,21.0,46.8
1604477473,51.888888888888886,62.0,56.0,51.0,21.0,46.8
1604477474,52.333333333333336,62.0,56.0,51.0,21.0,46.8
1604477475,52.77777777777778,62.0,56.0,51.0,21.0,46.8
1604477476,53.22222222222222,62.0,56.0,51.0,21.0,46.8
1604477477,53.66666666666666,62.0,56.0,51.0,21.0,46.8
1604477478,54.11111111111112,62.0,56.0,51.0,21.0,46.8
1604477479,54.55555555555556,62.0,56.0,51.0,21.0,46.8
1604477480,55.0,62.0,56.0,51.0,21.0,46.8
1604477481,56.0,62.0,56.0,51.0,21.0,46.7
1604477482,56.0,62.0,55.0,51.0,21.0,46.7
1604477483,56.0,62.0,55.0,51.0,21.0,46.7
1604477484,57.0,62.0,55.0,51.0,21.0,46.7
1604477485,57.0,62.0,54.0,52.0,21.0,46.7
1604477486,57.0,62.0,54.0,52.0,21.0,46.8
1604477487,56.0,62.0,55.0,52.0,21.0,46.8
1604477488,56.0,62.0,55.0,52.0,21.0,46.8
1604477489,56.0,62.0,55.0,52.0,21.0,46.8
1604477490,56.0,62.0,55.0,52.0,21.0,46.8
1604477491,55.0,62.0,55.0,52.0,21.0,47.0
1604477492,55.0,63.0,55.0,52.0,21.0,47.0
1604477493,55.0,63.0,55.0,51.0,21.0,47.0
1604477494,55.0,63.0,54.0,51.0,21.0,47.0
1604477495,55.0,63.0,54.0,51.0,21.0,47.0
1604477496,55.0,64.0,54.0,51.0,21.0,47.0
1604477497,56.0,64.0,53.0,51.0,21.0,47.0
1604477498,56.0,64.0,53.0,51.0,21.0,47.0
1604477499,56.0,64.0,53.0,51.0,21.0,47.0
1604477500,56.0,64.0,53.0,51.0,21.0,47.0
1604477501,56.0,64.0,53.0,52.0,21.0,47.1
1604477502,56.0,63.0,53.0,52.0,21.0,47.1
1604477503,56.0,63.0,53.0,52.0,21.0,47.1
1604477504,55.0,63.0,54.0,53.0,21.0,47.1
1604477505,55.0,63.0,54.0,53.0,21.0,47.1
1604477506,55.0,62.0,54.0,53.0,21.0,47.2
1604477507,54.0,62.0,54.0,54.0,21.0,47.2
1604477508,54.0,63.0,54.0,54.0,21.0,47.2
1604477509,54.0,63.0,54.0,55.0,21.0,47.2
1604477510,54.0,63.0,54.0,55.0,21.0,47.2
1604477511,54.0,64.0,55.0,55.0,21.1,47.2
1604477512,55.0,65.0,55.0,55.0,21.1,47.2
1604477513,55.0,65.0,54.0,55.0,21.1,47.2
1604477514,55.0,65.0,54.0,55.0,21.1,47.2
1604477515,55.0,65.0,54.0,54.0,21.1,47.2
1604477516,55.0,66.0,55.0,54.0,21.1,46.9
1604477517,56.0,65.0,55.0,54.0,21.1,46.9
1604477518,56.0,65.0,55.0,53.0,21.1,46.9
1604477519,56.0,65.0,55.0,53.0,21.1,46.9
1604477520,55.0,64.0,55.0,52.0,21.1,46.9
1604477521,55.0,63.0,55.0,52.0,21.1,46.6
1604477522,55.0,62.0,55.0,52.0,21.1,46.6
1604477523,55.0,62.0,55.0,51.0,21.1,46.6
1604477524,55.0,61.0,55.0,51.0,21.1,46.6
1604477525,55.0,61.0,55.0,51.0,21.1,46.6
1604477526,55.0,60.0,55.0,51.0,21.1,46.4
1604477527,55.0,60.0,55.0,51.0,21.1,46.4
1604477528,54.0,60.0,54.0,51.0,21.1,46.4
1604477529,55.0,61.0,54.0,52.0,21.1,46.4
1604477530,55.0,61.0,54.0,52.0,21.1,46.4
1604477531,55.0,61.0,54.0,52.0,21.1,45.6
1604477532,55.0,62.0,53.0,52.0,21.1,45.6
1604477533,55.0,62.0,53.0,52.0,21.1,45.6
1604477534,55.0,62.0,53.0,52.0,21.1,45.6
1604477535,55.0,62.0,53.0,52.0,21.1,45.6
1604477536,55.0,62.0,52.0,51.0,21.1,45.6
1604477537,55.0,62.0,52.0,51.0,21.1,45.6
1604477538,55.0,62.0,52.0,51.0,21.1,45.6
1604477539,55.0,62.0,51.0,51.0,21.1,45.6
1604477540,55.0,62.0,51.0,51.0,21.1,45.6
1604477541,55.0,62.0,51.0,51.0,21.1,45.5
1604477542,55.0,62.0,51.0,51.0,21.1,45.5
1604477543,55.0,62.0,51.0,51.0,21.1,45.5
1604477544,55.0,62.0,51.0,51.0,21.1,45.5
1604477545,55.0,62.0,51.0,51.0,21.1,45.5
1604477546,55.0,62.0,50.0,51.0,21.1,45.3
1604477547,55.0,62.0,50.0,52.0,21.1,45.3
1604477548,56.0,62.0,51.0,51.0,21.1,45.3
1604477549,56.0,62.0,51.0,51.0,21.1,45.3
1604477550,56.0,62.0,51.0,51.0,21.1,45.3
1604477551,56.0,62.0,51.0,52.0,21.1,45.3
1604477552,56.0,61.0,51.0,52.0,21.1,45.3
1604477553,56.0,61.0,51.0,52.0,21.1,45.3
1604477554,56.0,61.0,51.0,53.0,21.1,45.3
1604477555,56.0,61.0,52.0,53.0,21.1,45.3
1604477556,56.0,61.0,52.0,53.0,21.1,45.1
1604477557,56.0,61.0,52.0,53.0,21.1,45.1
1604477558,56.0,61.0,52.0,54.0,21.1,45.1
1604477559,55.0,61.0,52.0,54.0,21.1,45.1
1604477560,55.0,61.0,52.0,55.0,21.1,45.1
1604477561,55.0,61.0,52.0,54.0,21.1,45.1
1604477562,54.0,61.0,52.0,54.0,21.1,45.1
1604477563,54.0,62.0,52.0,54.0,21.1,45.1
1604477564,53.0,62.0,52.0,54.0,21.1,45.1
1604477565,53.0,62.0,52.0,53.0,21.1,45.1
1604477566,53.0,62.0,52.0,53.0,21.1,45.1
1604477567,52.0,62.0,52.0,53.0,21.1,45.1
1604477568,51.0,62.0,52.0,52.0,21.1,45.1
1604477569,51.0,62.0,52.0,52.0,21.1,45.1
1604477570,50.0,61.0,52.0,52.0,21.1,45.1
1604477571,50.0,61.0,52.0,52.0,21.1,45.0
1604477572,50.0,61.0,52.0,52.0,21.1,45.0
1604477573,49.0,60.0,52.0,51.0,21.1,45.0
1604477574,49.0,60.0,53.0,52.0,21.1,45.0
1604477575,49.0,60.0,53.0,52.0,21.1,45.0
1604477576,49.0,60.0,53.0,52.0,21.1,45.0
1604477577,50.0,61.0,53.0,52.0,21.1,45.0
1604477578,50.0,61.0,54.0,52.0,21.1,45.0
1604477579,50.0,62.0,54.0,52.0,21.1,45.0
1604477580,50.0,62.0,55.0,53.0,21.1,45.0
1604477581,51.0,63.0,55.0,53.0,21.1,45.0
1604477582,51.0,63.0,55.0,54.0,21.1,45.0
1604477583,51.0,63.0,55.0,54.0,21.1,45.0
1604477584,51.0,65.0,55.0,54.0,21.1,45.0
1604477585,51.0,66.0,55.0,54.0,21.1,45.0
1604477586,51.0,67.0,54.0,54.0,21.1,45.0
1604477587,51.0,67.0,54.0,54.0,21.1,45.0
1604477588,50.0,68.0,54.0,54.0,21.1,45.0
1604477589,50.0,68.0,54.0,54.0,21.1,45.0
1604477590,50.0,69.0,54.0,54.0,21.1,45.0
1604477591,50.0,69.0,54.0,54.0,21.2,45.2
1604477592,50.0,70.0,54.0,54.0,21.2,45.2
1604477593,50.0,70.0,54.0,54.0,21.2,45.2
1604477594,50.0,70.0,54.0,54.0,21.2,45.2
1604477595,50.0,69.0,53.0,54.0,21.2,45.2
1604477596,50.0,69.0,53.0,54.0,21.0,44.9
1604477597,50.0,68.0,53.0,53.0,21.0,44.9
1604477598,50.0,67.0,51.0,53.0,21.0,44.9
1604477599,50.0,66.0,50.0,53.0,21.0,44.9
1604477600,50.0,65.0,50.0,52.0,21.0,44.9
1604477601,50.0,64.0,49.0,52.0,21.1,45.0
1604477602,50.0,63.0,49.0,52.0,21.1,45.0
1604477603,50.0,63.0,48.0,51.0,21.1,45.0
1604477604,50.0,63.0,48.0,51.0,21.1,45.0
1604477605,50.0,62.0,48.0,51.0,21.1,45.0
1604477606,49.0,61.0,48.0,51.0,21.1,45.0
1604477607,49.0,61.0,49.0,51.0,21.1,45.0
1604477608,50.0,61.0,49.0,52.0,21.1,45.0
1604477609,50.0,62.0,49.0,52.0,21.1,45.0
1604477610,50.0,62.0,49.0,52.0,21.1,45.0
1604477611,49.0,62.0,50.0,52.0,21.2,45.0
1604477612,49.0,62.0,50.0,52.0,21.2,45.0
1604477613,49.0,62.0,51.0,52.0,21.2,45.0
1604477614,49.0,63.0,51.0,52.0,21.2,45.0
1604477615,49.0,63.0,51.0,52.0,21.2,45.0
1604477616,49.0,63.0,51.0,51.0,21.1,44.9
1604477617,49.0,63.0,51.0,51.0,21.1,44.9
1604477618,49.0,63.0,51.0,51.0,21.1,44.9
1604477619,48.0,63.0,51.0,51.0,21.1,44.9
1604477620,48.0,63.0,50.0,50.0,21.1,44.9
1604477621,48.0,62.0,46.0,50.0,21.1,44.9
1604477622,48.0,62.0,46.0,50.0,21.1,44.9
1604477623,48.0,62.0,46.0,50.0,21.1,44.9
1604477624,48.0,62.0,46.0,50.0,21.1,44.9
1604477625,48.0,62.0,46.0,50.0,21.1,44.9
1604477626,48.0,62.0,47.0,50.0,21.1,45.0
1604477627,48.0,62.0,47.0,49.0,21.1,45.0
1604477628,48.0,62.0,47.0,49.0,21.1,45.0
1604477629,48.0,62.0,47.0,49.0,21.1,45.0
1604477630,49.0,63.0,47.0,49.0,21.1,45.0
1604477631,49.0,63.0,47.0,49.0,21.1,45.0
1604477632,49.0,63.0,48.0,49.0,21.1,45.0
1604477633,49.0,63.0,48.0,49.0,21.1,45.0
1604477634,49.0,63.0,48.0,49.0,21.1,45.0
1604477635,49.0,62.0,48.0,49.0,21.1,45.0
1604477636,50.0,62.0,48.0,49.0,21.1,44.9
1604477637,50.0,62.0,48.0,49.0,21.1,44.9
1604477638,50.0,61.0,48.0,49.0,21.1,44.9
1604477639,50.0,61.0,48.0,49.0,21.1,44.9
1604477640,49.0,60.0,49.0,49.0,21.1,44.9
1604477641,49.0,60.0,49.0,50.0,21.2,45.0
1604477642,49.0,59.0,49.0,50.0,21.2,45.0
1604477643,49.0,59.0,49.0,50.0,21.2,45.0
1604477644,49.0,59.0,49.0,50.0,21.2,45.0
1604477645,49.0,59.0,49.0,50.0,21.2,45.0
1604477646,49.0,59.0,50.0,50.0,21.2,44.9
1604477647,49.0,59.0,50.0,50.0,21.2,44.9
1604477648,49.0,60.0,50.0,50.0,21.2,44.9
1604477649,49.0,60.0,50.0,49.0,21.2,44.9
1604477650,49.0,61.0,49.0,49.0,21.2,44.9
1604477651,49.0,61.0,49.0,48.0,21.2,44.9
1604477652,49.0,61.0,49.0,48.0,21.2,44.9
1604477653,48.0,61.0,48.0,48.0,21.2,44.9
1604477654,48.0,61.0,48.0,48.0,21.2,44.9
1604477655,48.0,61.0,48.0,49.0,21.2,44.9
1604477656,48.0,61.0,48.0,49.0,21.2,44.9
1604477657,48.0,61.0,47.0,49.0,21.2,44.9
1604477658,47.0,61.0,47.0,49.0,21.2,44.9
1604477659,47.0,61.0,47.0,49.0,21.2,44.9
1604477660,47.0,61.0,47.0,49.0,21.2,44.9
1604477661,47.0,62.0,47.0,50.0,21.1,44.9
1604477662,46.0,62.0,48.0,50.0,21.1,44.9
1604477663,46.0,62.0,48.0,49.0,21.1,44.9
1604477664,46.0,63.0,48.0,49.0,21.1,44.9
1604477665,45.0,63.0,48.0,49.0,21.1,44.9
1604477666,45.0,63.0,49.0,49.0,21.2,45.1
1604477667,45.0,62.0,49.0,49.0,21.2,45.1
1604477668,44.0,62.0,49.0,49.0,21.2,45.1
1604477669,44.0,61.0,50.0,49.0,21.2,45.1
1604477670,44.0,61.0,50.0,49.0,21.2,45.1
1604477671,44.0,61.0,51.0,49.0,21.2,45.7
1604477672,43.0,61.0,51.0,49.0,21.2,45.7
1604477673,43.0,61.0,51.0,49.0,21.2,45.7
1604477674,43.0,61.0,51.0,50.0,21.2,45.7
1604477675,43.0,61.0,51.0,50.0,21.2,45.7
1604477676,43.0,62.0,51.0,50.0,21.1,45.7
1604477677,43.0,62.0,51.0,50.0,21.1,45.7
1604477678,43.0,62.0,50.0,51.0,21.1,45.7
1604477679,43.0,62.0,50.0,51.0,21.1,45.7
1604477680,43.0,62.0,50.0,51.0,21.1,45.7
1604477681,43.0,63.0,49.0,51.0,21.2,45.7
1604477682,43.11111111111112,62.888888888888886,49.0,51.0,21.2,45.7
1604477683,43.22222222222222,62.77777777777778,49.0,51.0,21.2,45.7
1604477684,43.333333333333336,62.66666666666666,49.0,51.0,21.2,45.7
1604477685,43.44444444444444,62.55555555555556,49.0,51.0,21.2,45.7
1604477686,43.55555555555556,62.44444444444444,49.0,51.0,21.2,45.7
1604477687,43.66666666666666,62.333333333333336,49.0,51.0,21.2,45.7
1604477688,43.77777777777778,62.22222222222222,49.0,51.0,21.2,45.7
1604477689,43.888888888888886,62.11111111111112,49.0,51.0,21.2,45.7
1604477690,44.0,62.0,49.0,51.0,21.2,45.7
1604477691,44.0,62.0,49.0,51.0,21.2,45.7
1604477692,44.0,62.0,48.0,51.0,21.2,45.7
1604477693,44.0,62.0,48.0,51.0,21.2,45.7
1604477694,44.0,62.0,48.0,51.0,21.2,45.7
1604477695,44.0,62.0,49.0,51.0,21.2,45.7
1604477696,44.0,62.0,49.0,51.0,21.2,45.7
1604477697,44.0,61.0,49.0,50.0,21.2,45.7
1604477698,44.0,61.0,49.0,50.0,21.2,45.7
1604477699,44.0,61.0,49.0,50.0,21.2,45.7
1604477700,44.0,60.0,49.0,50.0,21.2,45.7
1604477701,44.0,60.0,49.0,50.0,21.2,45.7
1604477702,44.0,60.0,48.0,50.0,21.2,45.7
1604477703,44.0,60.0,48.0,49.0,21.2,45.7
1604477704,44.0,60.0,48.0,49.0,21.1,45.9
1604477705,44.0,60.0,48.0,49.0,21.1,45.9
1604477706,44.0,60.0,49.0,48.0,21.1,45.9
1604477707,44.0,60.0,49.0,48.0,21.1,45.9
1604477708,44.0,60.0,49.0,48.0,21.1,45.9
1604477709,45.0,61.0,49.0,48.0,21.2,46.1
1604477710,45.0,61.0,49.0,48.0,21.2,46.1
1604477711,45.0,62.0,49.0,48.0,21.2,46.1
1604477712,45.0,62.0,49.0,48.0,21.2,46.1
1604477713,45.0,63.0,49.0,48.0,21.2,46.1
1604477714,46.0,63.0,49.0,48.0,21.1,46.0
1604477715,46.0,64.0,49.0,49.0,21.1,46.0
1604477716,46.0,64.0,49.0,49.0,21.1,46.0
1604477717,46.0,65.0,48.0,49.0,21.1,46.0
1604477718,46.0,65.0,48.0,49.0,21.1,46.0
1604477719,45.0,65.0,48.0,48.0,21.1,46.1
1604477720,45.0,65.0,48.0,48.0,21.1,46.1
1604477721,45.0,65.0,48.0,48.0,21.1,46.1
1604477722,45.0,65.0,48.0,48.0,21.1,46.1
1604477723,44.0,64.0,48.0,48.0,21.1,46.1
1604477724,44.0,64.0,48.0,48.0,21.2,46.3
1604477725,44.0,63.0,49.0,48.0,21.2,46.3
1604477726,44.0,63.0,50.0,48.0,21.2,46.3
1604477727,43.0,62.0,50.0,49.0,21.2,46.3
1604477728,43.0,62.0,50.0,49.0,21.2,46.3
1604477729,43.0,61.0,50.0,49.0,21.1,46.1
1604477730,43.0,61.0,50.0,50.0,21.1,46.1
1604477731,42.0,61.0,49.0,50.0,21.1,46.1
1604477732,42.0,60.0,49.0,50.0,21.1,46.1
1604477733,42.0,60.0,49.0,50.0,21.1,46.1
1604477734,43.0,59.0,49.0,49.0,21.1,46.1
1604477735,43.0,59.0,49.0,49.0,21.1,46.1
1604477736,43.0,59.0,49.0,49.0,21.1,46.1
1604477737,43.0,58.0,49.0,49.0,21.1,46.1
1604477738,43.0,58.0,49.0,48.0,21.1,46.1
1604477739,43.0,58.0,49.0,48.0,21.1,46.1
1604477740,44.0,58.0,49.0,48.0,21.1,46.1
1604477741,44.0,58.0,49.0,46.0,21.1,46.1
1604477742,44.0,59.0,49.0,46.0,21.1,46.1
1604477743,44.0,60.0,49.0,45.0,21.1,46.1
1604477744,44.0,61.0,48.0,44.0,21.1,46.1
1604477745,43.0,61.0,48.0,43.0,21.1,46.1
1604477746,43.0,62.0,47.0,43.0,21.1,46.1
1604477747,43.0,62.0,47.0,42.0,21.1,46.1
1604477748,43.0,62.0,47.0,41.0,21.1,46.1
1604477749,43.0,62.0,47.0,41.0,21.1,46.2
1604477750,43.0,63.0,47.0,40.0,21.1,46.2
1604477751,43.0,63.0,47.0,39.0,21.1,46.2
1604477752,42.0,63.0,47.0,39.0,21.1,46.2
1604477753,42.0,63.0,47.0,38.0,21.1,46.2
1604477754,43.0,63.0,47.0,38.0,21.1,46.4
1604477755,43.0,63.0,48.0,38.0,21.1,46.4
1604477756,43.0,63.0,49.0,37.0,21.1,46.4
1604477757,43.0,63.0,49.0,37.0,21.1,46.4
1604477758,43.0,63.0,49.0,37.0,21.1,46.4
1604477759,43.0,64.0,49.0,36.0,21.1,46.4
1604477760,44.0,64.0,49.0,36.0,21.1,46.4
1604477761,44.0,64.0,49.0,36.0,21.1,46.4
1604477762,44.0,64.0,49.0,35.0,21.1,46.4
1604477763,44.0,64.0,49.0,35.0,21.1,46.4
1604477764,44.0,64.0,50.0,35.0,21.1,46.4
1604477765,43.0,64.0,50.0,35.0,21.1,46.4
1604477766,43.0,64.0,50.0,34.0,21.1,46.4
1604477767,43.0,64.0,50.0,34.0,21.1,46.4
1604477768,43.0,64.0,50.0,34.0,21.1,46.4
1604477769,43.0,64.0,51.0,34.0,21.1,46.6
1604477770,43.0,65.0,51.0,35.0,21.1,46.6
1604477771,43.0,65.0,51.0,35.0,21.1,46.6
1604477772,43.0,65.0,51.0,35.0,21.1,46.6
1604477773,43.0,65.0,51.0,35.0,21.1,46.6
1604477774,43.0,65.0,50.0,35.0,21.1,47.0
1604477775,44.0,65.0,50.0,35.0,21.1,47.0
1604477776,44.0,65.0,50.0,35.0,21.1,47.0
1604477777,44.0,64.0,49.0,35.0,21.1,47.0
1604477778,44.0,64.0,49.0,36.0,21.1,47.0
1604477779,44.0,63.0,48.0,36.0,21.1,47.2
1604477780,44.0,63.0,48.0,36.0,21.1,47.2
1604477781,45.0,62.0,48.0,36.0,21.1,47.2
1604477782,45.0,62.0,48.0,36.0,21.1,47.2
1604477783,45.0,62.0,48.0,36.0,21.1,47.2
1604477784,45.0,61.0,48.0,36.0,21.0,47.1
1604477785,45.0,61.0,48.0,36.0,21.0,47.1
1604477786,45.0,60.0,48.0,35.0,21.0,47.1
1604477787,45.0,60.0,49.0,35.0,21.0,47.1
1604477788,45.0,60.0,49.0,35.0,21.0,47.1
1604477789,44.0,60.0,49.0,35.0,21.1,47.0
1604477790,44.0,60.0,49.0,35.0,21.1,47.0
1604477791,44.0,60.0,49.0,35.0,21.1,47.0
1604477792,44.0,60.0,50.0,34.0,21.1,47.0
1604477793,44.0,60.0,50.0,34.0,21.1,47.0
1604477794,44.0,61.0,50.0,34.0,21.0,46.3
1604477795,44.0,61.0,50.0,34.0,21.0,46.3
1604477796,44.0,61.0,50.0,34.0,21.0,46.3
1604477797,45.0,61.0,50.0,34.0,21.0,46.3
1604477798,45.0,61.0,50.0,34.0,21.0,46.3
1604477799,45.0,61.0,50.0,33.0,21.0,46.4
1604477800,45.0,61.0,50.0,33.0,21.0,46.4
1604477801,45.0,61.0,50.0,33.0,21.0,46.4
1604477802,45.0,61.0,50.0,33.0,21.0,46.4
1604477803,45.0,61.0,50.0,32.0,21.0,46.4
1604477804,44.0,61.0,50.0,32.0,21.0,45.0
1604477805,44.0,62.0,49.0,32.0,21.0,45.0
1604477806,44.0,62.0,49.0,32.0,21.0,45.0
1604477807,44.0,62.0,49.0,32.0,21.0,45.0
1604477808,43.0,62.0,48.0,31.0,21.0,45.0
1604477809,43.0,63.0,48.0,31.0,21.1,44.9
1604477810,42.0,63.0,48.0,31.0,21.1,44.9
1604477811,42.0,63.0,48.0,31.0,21.1,44.9
1604477812,42.0,63.0,48.0,31.0,21.1,44.9
1604477813,41.0,64.0,48.0,31.0,21.1,44.9
1604477814,41.0,64.0,48.0,31.0,21.0,44.7
1604477815,40.0,63.0,49.0,32.0,21.0,44.7
1604477816,40.0,63.0,49.0,32.0,21.0,44.7
1604477817,40.0,63.0,49.0,32.0,21.0,44.7
1604477818,40.0,63.0,50.0,32.0,21.0,44.7
1604477819,40.0,63.0,50.0,32.0,21.0,44.8
1604477820,40.0,62.0,50.0,32.0,21.0,44.8
1604477821,40.0,62.0,50.0,33.0,21.0,44.8
1604477822,41.0,62.0,50.0,33.0,21.0,44.8
1604477823,41.0,62.0,50.0,34.0,21.0,44.8
1604477824,41.0,62.0,50.0,34.0,21.1,44.9
1604477825,41.0,62.0,50.0,34.0,21.1,44.9
1604477826,42.0,62.0,50.0,35.0,21.1,44.9
1604477827,42.0,62.0,50.0,35.0,21.1,44.9
1604477828,43.0,61.0,49.0,36.0,21.1,44.9
1604477829,43.0,61.0,49.0,36.0,21.1,45.0
1604477830,43.0,61.0,49.0,36.0,21.1,45.0
1604477831,43.0,61.0,49.0,36.0,21.1,45.0
1604477832,43.0,61.0,49.0,36.0,21.1,45.0
1604477833,43.0,60.0,49.0,36.0,21.1,45.0
1604477834,43.0,60.0,49.0,35.0,21.1,45.2
1604477835,43.0,60.0,49.0,35.0,21.1,45.2
1604477836,43.0,60.0,49.0,35.0,21.1,45.2
1604477837,43.0,60.0,49.0,35.0,21.1,45.2
1604477838,43.0,60.0,49.0,34.0,21.1,45.2
1604477839,43.0,61.0,49.0,34.0,21.1,45.3
1604477840,43.0,61.0,49.0,34.0,21.1,45.3
1604477841,43.0,61.0,50.0,34.0,21.1,45.3
1604477842,43.0,61.0,50.0,34.0,21.1,45.3
1604477843,43.0,62.0,50.0,34.0,21.1,45.3
1604477844,43.0,62.0,50.0,34.0,21.0,45.3
1604477845,43.0,63.0,50.0,34.0,21.0,45.3
1604477846,43.0,63.0,50.0,35.0,21.0,45.3
1604477847,43.0,63.0,49.0,35.0,21.0,45.3
1604477848,43.0,64.0,49.0,35.0,21.0,45.3
1604477849,43.0,64.0,49.0,35.0,21.1,45.2
1604477850,43.0,64.0,49.0,35.0,21.1,45.2
1604477851,43.0,64.0,49.0,36.0,21.1,45.2
1604477852,44.0,63.0,49.0,36.0,21.1,45.2
1604477853,44.0,63.0,49.0,36.0,21.1,45.2
1604477854,44.0,62.0,49.0,36.0,21.1,45.3
1604477855,44.0,62.0,49.0,35.0,21.1,45.3
1604477856,44.0,61.0,50.0,35.0,21.1,45.3
1604477857,44.0,61.0,50.0,35.0,21.1,45.3
1604477858,44.0,61.0,50.0,35.0,21.1,45.3
1604477859,44.0,60.0,50.0,35.0,21.1,45.1
1604477860,44.0,60.0,50.0,35.0,21.1,45.1
1604477861,44.0,61.0,50.0,35.0,21.1,45.1
1604477862,44.0,61.0,50.0,35.0,21.1,45.1
1604477863,43.0,61.0,49.0,35.0,21.1,45.1
1604477864,43.0,61.0,49.0,35.0,21.1,45.1
1604477865,43.0,62.0,49.0,35.0,21.1,45.1
1604477866,43.0,62.0,49.0,35.0,21.1,45.1
1604477867,43.0,62.0,48.0,35.0,21.1,45.1
1604477868,43.0,62.0,48.0,35.0,21.1,45.1
1604477869,43.0,62.0,48.0,34.0,21.1,45.1
1604477870,43.0,62.0,48.0,34.0,21.1,45.1
1604477871,43.0,62.0,48.0,34.0,21.1,45.1
1604477872,43.0,62.0,48.0,34.0,21.1,45.1
1604477873,42.0,62.0,48.0,34.0,21.1,45.1
1604477874,42.0,63.0,48.0,35.0,21.2,45.3
1604477875,42.0,63.0,48.0,35.0,21.2,45.3
1604477876,42.0,63.0,47.0,35.0,21.2,45.3
1604477877,42.0,64.0,47.0,35.0,21.2,45.3
1604477878,42.0,64.0,47.0,35.0,21.2,45.3
1604477879,42.0,64.0,47.0,35.0,21.2,45.3
1604477880,42.0,64.0,47.0,35.0,21.2,45.3
1604477881,42.0,64.0,47.0,35.0,21.2,45.3
1604477882,42.0,64.0,47.0,36.0,21.2,45.3
1604477883,43.0,64.0,46.0,36.0,21.2,45.3
1604477884,43.0,64.0,49.0,36.0,21.2,45.3
1604477885,44.0,64.0,49.0,35.0,21.2,45.1
1604477886,44.0,64.0,49.0,35.0,21.2,45.1
1604477887,44.0,64.0,49.0,35.0,21.2,45.1
1604477888,45.0,63.0,49.0,35.0,21.2,45.1
1604477889,45.0,63.0,50.0,35.0,21.2,45.1
1604477890,44.0,63.0,49.0,35.0,21.2,44.8
1604477891,44.0,63.0,49.0,35.0,21.2,44.8
1604477892,44.0,63.0,49.0,35.0,21.2,44.8
1604477893,43.888888888888886,63.0,48.888888888888886,35.0,21.2,44.8
1604477894,43.77777777777778,63.0,48.77777777777778,35.0,21.2,44.8
1604477895,43.66666666666666,63.0,48.66666666666666,35.0,21.2,44.8
1604477896,43.55555555555556,63.0,48.55555555555556,35.0,21.2,44.8
1604477897,43.44444444444444,63.0,48.44444444444444,35.0,21.2,44.8
1604477898,43.333333333333336,63.0,48.333333333333336,35.0,21.2,44.8
1604477899,43.22222222222222,63.0,48.22222222222222,35.0,21.2,44.8
1604477900,43.11111111111112,63.0,48.11111111111112,35.0,21.2,44.8
1604477901,43.0,63.0,48.0,35.0,21.2,44.8
1604477902,44.0,62.0,48.0,35.0,21.2,44.8
1604477903,44.0,62.0,48.0,35.0,21.1,44.8
1604477904,44.0,62.0,47.0,35.0,21.1,44.8
1604477905,44.0,63.0,47.0,35.0,21.1,44.8
1604477906,44.0,64.0,47.0,35.0,21.1,44.8
1604477907,44.0,64.0,47.0,36.0,21.1,44.8
1604477908,44.0,64.0,47.0,36.0,21.2,44.6
1604477909,44.0,64.0,47.0,36.0,21.2,44.6
1604477910,44.0,64.0,47.0,38.0,21.2,44.6
1604477911,44.0,64.0,47.0,38.0,21.2,44.6
1604477912,44.0,64.0,47.0,37.0,21.2,44.6
1604477913,44.0,64.0,47.0,37.0,21.2,44.5
1604477914,44.0,64.0,47.0,37.0,21.2,44.5
1604477915,44.0,64.0,47.0,36.0,21.2,44.5
1604477916,43.0,64.0,48.0,36.0,21.2,44.5
1604477917,43.0,63.0,48.0,36.0,21.2,44.5
1604477918,43.0,63.0,48.0,36.0,21.2,44.7
1604477919,43.0,63.0,48.0,36.0,21.2,44.7
1604477920,43.0,63.0,48.0,36.0,21.2,44.7
1604477921,43.0,63.0,48.0,36.0,21.2,44.7
1604477922,43.0,63.0,48.0,36.0,21.2,44.7
1604477923,43.0,62.0,48.0,36.0,21.2,44.8
1604477924,43.0,62.0,48.0,35.0,21.2,44.8
1604477925,43.0,62.0,48.0,35.0,21.2,44.8
1604477926,43.0,61.0,48.0,35.0,21.2,44.8
1604477927,43.0,61.0,47.0,35.0,21.2,44.8
1604477928,44.0,61.0,46.0,35.0,21.2,44.7
1604477929,44.0,61.0,46.0,35.0,21.2,44.7
1604477930,43.0,60.0,46.0,35.0,21.2,44.7
1604477931,43.0,60.0,45.0,35.0,21.2,44.7
1604477932,43.0,60.0,46.0,35.0,21.2,44.7
1604477933,43.0,60.0,46.0,35.0,21.2,44.3
1604477934,43.0,60.0,46.0,35.0,21.2,44.3
1604477935,43.0,60.0,46.0,35.0,21.2,44.3
1604477936,42.0,60.0,47.0,35.0,21.2,44.3
1604477937,42.0,60.0,47.0,35.0,21.2,44.3
1604477938,42.0,60.0,47.0,36.0,21.2,44.3
1604477939,42.0,60.0,47.0,36.0,21.2,44.3
1604477940,42.0,59.0,48.0,36.0,21.2,44.3
1604477941,42.0,59.0,48.0,36.0,21.2,44.3
1604477942,42.0,59.0,48.0,36.0,21.2,44.3
1604477943,42.0,59.0,48.0,36.0,21.2,44.2
1604477944,42.0,59.0,48.0,37.0,21.2,44.2
1604477945,42.0,59.0,47.0,37.0,21.2,44.2
1604477946,42.0,59.0,47.0,37.0,21.2,44.2
1604477947,42.0,58.0,47.0,37.0,21.2,44.2
1604477948,42.0,58.0,47.0,37.0,21.2,44.2
1604477949,42.0,58.0,46.0,37.0,21.2,44.2
1604477950,42.0,57.0,45.0,37.0,21.2,44.2
1604477951,42.0,57.0,45.0,37.0,21.2,44.2
1604477952,42.0,57.0,45.0,37.0,21.2,44.2
1604477953,42.0,58.0,44.0,37.0,21.2,44.4
1604477954,42.0,58.0,44.0,37.0,21.2,44.4
1604477955,42.0,58.0,42.0,37.0,21.2,44.4
1604477956,42.0,59.0,42.0,37.0,21.2,44.4
1604477957,42.0,59.0,40.0,37.0,21.2,44.4
1604477958,42.0,59.0,39.0,36.0,21.2,44.4
1604477959,43.0,60.0,38.0,36.0,21.2,44.4
1604477960,43.0,60.0,38.0,36.0,21.2,44.4
1604477961,43.0,60.0,37.0,36.0,21.2,44.4
1604477962,43.0,60.0,36.0,36.0,21.2,44.4
1604477963,43.0,60.0,35.0,36.0,21.3,44.4
1604477964,43.0,60.0,35.0,36.0,21.3,44.4
1604477965,43.0,60.0,34.0,36.0,21.3,44.4
1604477966,42.0,60.0,34.0,36.0,21.3,44.4
1604477967,42.0,60.0,34.0,37.0,21.3,44.4
1604477968,42.0,60.0,34.0,37.0,21.2,44.2
1604477969,42.0,60.0,34.0,37.0,21.2,44.2
1604477970,42.0,59.0,33.0,37.0,21.2,44.2
1604477971,42.0,59.0,33.0,37.0,21.2,44.2
1604477972,42.0,59.0,33.0,37.0,21.2,44.2
1604477973,42.0,59.0,33.0,37.0,21.2,44.5
1604477974,42.0,59.0,33.0,37.0,21.2,44.5
1604477975,42.0,62.0,33.0,36.0,21.2,44.5
1604477976,42.0,62.0,33.0,36.0,21.2,44.5
1604477977,42.0,62.0,33.0,36.0,21.2,44.5
1604477978,42.0,62.0,32.0,36.0,21.2,44.7
1604477979,42.0,62.0,32.0,36.0,21.2,44.7
1604477980,42.0,63.0,32.0,35.0,21.2,44.7
1604477981,42.0,63.0,32.0,35.0,21.2,44.7
1604477982,43.0,63.0,32.0,35.0,21.2,44.7
1604477983,43.0,64.0,32.0,35.0,21.2,44.8
1604477984,43.0,64.0,32.0,35.0,21.2,44.8
1604477985,43.0,64.0,32.0,35.0,21.2,44.8
1604477986,43.0,64.0,32.0,35.0,21.2,44.8
1604477987,43.0,64.0,32.0,35.0,21.2,44.8
1604477988,43.0,64.0,33.0,35.0,21.3,44.9
1604477989,42.0,63.0,33.0,35.0,21.3,44.9
1604477990,42.0,63.0,33.0,35.0,21.3,44.9
1604477991,42.0,62.0,34.0,35.0,21.3,44.9
1604477992,42.0,61.0,34.0,35.0,21.3,44.9
1604477993,42.0,61.0,34.0,35.0,21.2,44.8
1604477994,42.0,61.0,35.0,35.0,21.2,44.8
1604477995,42.0,60.0,35.0,35.0,21.2,44.8
1604477996,42.0,59.0,35.0,36.0,21.2,44.8
1604477997,42.0,59.0,35.0,36.0,21.2,44.8
1604477998,42.0,59.0,35.0,36.0,21.2,44.9
1604477999,42.0,59.0,35.0,36.0,21.2,44.9
1604478000,42.0,59.0,35.0,37.0,21.2,44.9
1604478001,42.0,59.0,35.0,37.0,21.2,44.9
1604478002,42.0,59.0,34.0,37.0,21.2,44.9
1604478003,42.0,60.0,34.0,37.0,21.3,44.9
1604478004,42.0,60.0,34.0,37.0,21.3,44.9
1604478005,42.0,60.0,34.0,37.0,21.3,44.9
1604478006,42.0,60.0,33.0,37.0,21.3,44.9
1604478007,42.0,60.0,33.0,36.0,21.3,44.9
1604478008,42.0,61.0,32.0,36.0,21.3,44.5
1604478009,43.0,61.0,32.0,36.0,21.3,44.5
1604478010,43.0,61.0,31.0,37.0,21.3,44.5
1604478011,43.0,61.0,31.0,37.0,21.3,44.5
1604478012,43.0,61.0,31.0,37.0,21.3,44.5
1604478013,43.0,61.0,30.0,37.0,21.3,44.3
1604478014,43.0,60.0,30.0,37.0,21.3,44.3
1604478015,43.0,60.0,30.0,37.0,21.3,44.3
1604478016,43.0,60.0,30.0,37.0,21.3,44.3
1604478017,43.0,60.0,30.0,37.0,21.3,44.3
1604478018,43.0,61.0,30.0,37.0,21.3,44.2
1604478019,43.0,61.0,30.0,37.0,21.3,44.2
1604478020,43.0,61.0,29.0,37.0,21.3,44.2
1604478021,43.0,61.0,29.0,36.0,21.3,44.2
1604478022,43.0,61.0,29.0,36.0,21.3,44.2
1604478023,43.0,61.0,29.0,35.0,21.3,44.1
1604478024,43.0,62.0,30.0,35.0,21.3,44.1
1604478025,43.0,62.0,30.0,35.0,21.3,44.1
1604478026,43.0,62.0,30.0,35.0,21.3,44.1
1604478027,42.0,62.0,30.0,35.0,21.3,44.1
1604478028,42.0,62.0,30.0,35.0,21.3,44.1
1604478029,42.0,62.0,31.0,35.0,21.3,44.1
1604478030,42.0,62.0,31.0,35.0,21.3,44.1
1604478031,42.0,62.0,31.0,35.0,21.3,44.1
1604478032,42.0,62.0,32.0,36.0,21.3,44.1
1604478033,42.0,62.0,32.0,36.0,21.3,44.1
1604478034,42.0,62.0,33.0,36.0,21.3,44.1
1604478035,42.0,63.0,33.0,36.0,21.3,44.1
1604478036,42.0,63.0,33.0,37.0,21.3,44.1
1604478037,42.0,63.0,34.0,37.0,21.3,44.1
1604478038,42.0,63.0,34.0,37.0,21.3,44.1
1604478039,42.0,63.0,34.0,37.0,21.3,44.1
1604478040,42.0,63.0,34.0,37.0,21.3,44.1
1604478041,42.0,62.0,34.0,37.0,21.3,44.1
1604478042,42.0,63.0,34.0,37.0,21.3,44.1
1604478043,42.0,62.0,34.0,36.0,21.3,43.9
1604478044,42.0,62.0,34.0,36.0,21.3,43.9
1604478045,42.0,62.0,34.0,36.0,21.3,43.9
1604478046,42.0,62.0,34.0,36.0,21.3,43.9
1604478047,42.0,62.0,34.0,36.0,21.3,43.9
1604478048,42.0,62.0,34.0,36.0,21.3,44.3
1604478049,42.0,62.0,34.0,36.0,21.3,44.3
1604478050,42.0,62.0,34.0,36.0,21.3,44.3
1604478051,42.0,62.0,34.0,36.0,21.3,44.3
1604478052,42.0,63.0,34.0,36.0,21.3,44.3
1604478053,42.0,63.0,34.0,36.0,21.3,44.3
1604478054,42.0,63.0,34.0,36.0,21.3,44.3
1604478055,42.0,63.0,34.0,36.0,21.3,44.3
1604478056,41.0,64.0,33.0,36.0,21.3,44.3
1604478057,41.0,64.0,33.0,36.0,21.3,44.3
1604478058,41.0,64.0,33.0,37.0,21.3,44.4
1604478059,41.0,64.0,33.0,37.0,21.3,44.4
1604478060,41.0,64.0,33.0,37.0,21.3,44.4
1604478061,41.0,63.0,33.0,37.0,21.3,44.4
1604478062,41.0,63.0,33.0,37.0,21.3,44.4
1604478063,41.0,62.0,33.0,37.0,21.3,44.4
1604478064,42.0,62.0,33.0,37.0,21.3,44.4
1604478065,42.0,62.0,33.0,37.0,21.3,44.4
1604478066,42.0,61.0,34.0,37.0,21.3,44.4
1604478067,43.0,60.0,34.0,37.0,21.3,44.4
1604478068,43.0,60.0,33.0,36.0,21.3,44.5
1604478069,43.0,60.0,33.0,36.0,21.3,44.5
1604478070,43.0,59.0,33.0,36.0,21.3,44.5
1604478071,43.0,59.0,33.0,36.0,21.3,44.5
1604478072,43.0,59.0,34.0,36.0,21.3,44.5
1604478073,43.0,59.0,34.0,36.0,21.3,44.5
1604478074,42.0,59.0,34.0,35.0,21.3,44.5
1604478075,42.0,59.0,34.0,35.0,21.3,44.5
1604478076,41.0,59.0,34.0,35.0,21.3,44.5
1604478077,41.0,58.0,34.0,35.0,21.3,44.5
1604478078,40.0,58.0,35.0,35.0,21.3,44.4
1604478079,40.0,58.0,35.0,36.0,21.3,44.4
1604478080,39.0,59.0,35.0,36.0,21.3,44.4
1604478081,39.0,59.0,35.0,36.0,21.3,44.4
1604478082,38.0,59.0,35.0,36.0,21.3,44.4
1604478083,38.0,59.0,35.0,35.0,21.4,44.3
1604478084,37.0,60.0,35.0,35.0,21.4,44.3
1604478085,37.0,60.0,35.0,35.0,21.4,44.3
1604478086,36.0,61.0,35.0,35.0,21.4,44.3
1604478087,35.0,61.0,35.0,35.0,21.4,44.3
1604478088,35.0,61.0,35.0,35.0,21.3,44.3
1604478089,34.0,62.0,34.0,35.0,21.3,44.3
1604478090,34.0,62.0,34.0,35.0,21.3,44.3
1604478091,33.0,62.0,34.0,35.0,21.3,44.3
1604478092,33.0,62.0,34.0,35.0,21.3,44.3
1604478093,33.0,62.0,35.0,35.0,21.3,44.3
1604478094,32.0,62.0,35.0,35.0,21.3,44.3
1604478095,32.0,62.0,35.0,35.0,21.3,44.3
1604478096,32.0,62.0,35.0,35.0,21.3,44.3
1604478097,31.0,62.0,35.0,35.0,21.3,44.3
1604478098,31.0,62.0,35.0,35.0,21.3,44.7
1604478099,30.9,62.0,35.1,35.0,21.3,44.7
1604478100,30.8,62.0,35.2,35.0,21.3,44.7
1604478101,30.7,62.0,35.3,35.0,21.3,44.7
1604478102,30.6,62.0,35.4,35.0,21.3,44.7
1604478103,30.5,62.0,35.5,35.0,21.3,44.7
1604478104,30.4,62.0,35.6,35.0,21.3,44.7
1604478105,30.3,62.0,35.7,35.0,21.3,44.7
1604478106,30.2,62.0,35.8,35.0,21.3,44.7
1604478107,30.1,62.0,35.9,35.0,21.3,44.7
1604478108,30.0,62.0,36.0,35.0,21.3,44.7
1604478109,30.0,62.0,36.0,35.0,21.3,44.7
1604478110,30.0,62.0,36.0,35.0,21.3,44.7
1604478111,30.0,62.0,36.0,35.0,21.3,44.7
1604478112,30.0,62.0,35.0,35.0,21.3,44.9
1604478113,30.0,62.0,36.0,35.0,21.3,44.9
1604478114,30.0,62.0,35.0,35.0,21.3,44.9
1604478115,30.0,62.0,35.0,36.0,21.3,44.9
1604478116,30.0,62.0,35.0,36.0,21.3,44.9
1604478117,30.0,62.0,35.0,36.0,21.3,45.2
1604478118,30.0,62.0,35.0,36.0,21.3,45.2
1604478119,30.0,62.0,35.0,36.0,21.3,45.2
1604478120,30.0,62.0,35.0,36.0,21.3,45.2
1604478121,31.0,62.0,35.0,36.0,21.3,45.2
1604478122,31.0,61.0,35.0,35.0,21.3,45.2
1604478123,31.0,61.0,35.0,35.0,21.3,45.2
1604478124,31.0,61.0,35.0,35.0,21.3,45.2
1604478125,31.0,61.0,35.0,35.0,21.3,45.2
1604478126,30.0,60.0,35.0,35.0,21.3,45.2
1604478127,31.0,60.0,35.0,34.0,21.3,45.1
1604478128,31.0,60.0,35.0,34.0,21.3,45.1
1604478129,31.0,60.0,35.0,34.0,21.3,45.1
1604478130,31.0,60.0,35.0,34.0,21.3,45.1
1604478131,30.0,60.0,35.0,33.0,21.3,45.1
1604478132,30.0,60.0,35.0,33.0,21.3,45.1
1604478133,30.0,60.0,35.0,33.0,21.3,45.1
1604478134,30.0,60.0,36.0,33.0,21.3,45.1
1604478135,30.0,60.0,36.0,33.0,21.3,45.1
1604478136,30.0,60.0,36.0,33.0,21.3,45.1
1604478137,29.0,60.0,36.0,33.0,21.3,45.0
1604478138,29.0,60.0,36.0,33.0,21.3,45.0
1604478139,29.0,60.0,36.0,33.0,21.3,45.0
1604478140,28.0,60.0,36.0,34.0,21.3,45.0
1604478141,28.0,60.0,36.0,34.0,21.3,45.0
1604478142,28.0,60.0,36.0,34.0,21.4,45.0
1604478143,28.0,60.0,36.0,34.0,21.4,45.0
1604478144,28.0,60.0,36.0,34.0,21.4,45.0
1604478145,28.0,60.0,36.0,34.0,21.4,45.0
1604478146,28.0,60.0,36.0,34.0,21.4,45.0
1604478147,28.0,60.0,35.0,34.0,21.4,45.1
1604478148,28.0,60.0,35.0,34.0,21.4,45.1
1604478149,28.0,60.0,35.0,34.0,21.4,45.1
1604478150,28.0,60.0,35.0,34.0,21.4,45.1
1604478151,28.0,60.0,35.0,34.0,21.4,45.1
1604478152,28.0,60.0,35.0,34.0,21.4,45.1
1604478153,28.0,60.0,35.0,35.0,21.4,45.1
1604478154,28.0,60.0,35.0,35.0,21.4,45.1
1604478155,28.0,60.0,35.0,35.0,21.4,45.1
1604478156,27.0,61.0,36.0,35.0,21.4,45.1
1604478157,27.0,61.0,36.0,36.0,21.4,45.2
1604478158,27.0,61.0,36.0,36.0,21.4,45.2
1604478159,27.0,62.0,35.0,36.0,21.4,45.2
1604478160,26.0,62.0,35.0,36.0,21.4,45.2
1604478161,26.0,62.0,35.0,36.0,21.4,45.2
1604478162,27.0,62.0,35.0,36.0,21.4,45.2
1604478163,27.0,61.0,35.0,36.0,21.4,45.2
1604478164,27.0,61.0,35.0,37.0,21.4,45.2
1604478165,27.0,61.0,35.0,37.0,21.4,45.2
1604478166,28.0,61.0,35.0,37.0,21.4,45.2
1604478167,28.0,60.0,35.0,36.0,21.4,45.1
1604478168,29.0,60.0,35.0,36.0,21.4,45.1
1604478169,29.0,60.0,35.0,36.0,21.4,45.1
1604478170,30.0,60.0,35.0,35.0,21.4,45.1
1604478171,30.0,59.0,35.0,35.0,21.4,45.1
1604478172,30.0,59.0,35.0,35.0,21.4,44.8
1604478173,30.0,59.0,35.0,35.0,21.4,44.8
1604478174,30.0,59.0,35.0,34.0,21.4,44.8
1604478175,30.0,59.0,35.0,35.0,21.4,44.8
1604478176,30.0,60.0,35.0,35.0,21.4,44.8
1604478177,30.0,60.0,35.0,35.0,21.4,44.8
1604478178,30.0,60.0,35.0,35.0,21.4,44.8
1604478179,30.0,60.0,35.0,35.0,21.4,44.8
1604478180,29.0,61.0,35.0,35.0,21.4,44.8
1604478181,29.0,61.0,35.0,36.0,21.4,44.8
1604478182,29.0,61.0,35.0,36.0,21.4,44.9
1604478183,29.0,61.0,35.0,36.0,21.4,44.9
1604478184,29.0,62.0,35.0,36.0,21.4,44.9
1604478185,29.0,62.0,35.0,36.0,21.4,44.9
1604478186,29.0,62.0,35.0,36.0,21.4,44.9
1604478187,29.0,62.0,35.0,36.0,21.4,45.0
1604478188,29.0,62.0,35.0,35.0,21.4,45.0
1604478189,29.0,62.0,35.0,35.0,21.4,45.0
1604478190,29.0,62.0,35.0,35.0,21.4,45.0
1604478191,29.0,62.0,35.0,35.0,21.4,45.0
1604478192,29.0,62.0,35.0,35.0,21.4,45.5
1604478193,29.0,62.0,34.0,35.0,21.4,45.5
1604478194,29.0,62.0,34.0,34.0,21.4,45.5
1604478195,29.0,62.0,34.0,35.0,21.4,45.5
1604478196,29.0,62.0,34.0,35.0,21.4,45.5
1604478197,29.0,62.0,35.0,35.0,21.4,45.6
1604478198,29.0,62.0,35.0,35.0,21.4,45.6
1604478199,29.0,62.0,35.0,35.0,21.4,45.6
1604478200,29.0,62.0,35.0,35.0,21.4,45.6
1604478201,29.0,62.0,35.0,35.0,21.4,45.6
1604478202,29.0,62.0,35.0,35.0,21.4,45.7
1604478203,29.0,62.0,35.0,35.0,21.4,45.7
1604478204,29.0,62.0,35.0,35.0,21.4,45.7
1604478205,29.0,63.0,35.0,35.0,21.4,45.7
1604478206,29.0,63.0,35.0,35.0,21.4,45.7
1604478207,28.0,63.0,35.0,34.0,21.4,45.8
1604478208,28.0,63.0,35.0,34.0,21.4,45.8
1604478209,28.0,63.0,35.0,34.0,21.4,45.8
1604478210,28.0,63.0,35.0,34.0,21.4,45.8
1604478211,28.0,63.0,35.0,34.0,21.4,45.8
1604478212,28.0,63.0,34.0,34.0,21.4,45.8
1604478213,28.0,63.0,34.0,34.0,21.4,45.8
1604478214,28.0,63.0,34.0,34.0,21.4,45.8
1604478215,28.0,63.0,35.0,34.0,21.4,45.8
1604478216,28.0,63.0,35.0,34.0,21.4,45.8
1604478217,29.0,63.0,35.0,34.0,21.4,45.9
1604478218,29.0,63.0,35.0,34.0,21.4,45.9
1604478219,29.0,63.0,35.0,35.0,21.4,45.9
1604478220,29.0,63.0,35.0,35.0,21.4,45.9
1604478221,30.0,63.0,35.0,35.0,21.4,45.9
1604478222,30.0,62.0,35.0,35.0,21.4,45.8
1604478223,30.0,62.0,35.0,35.0,21.4,45.8
1604478224,30.0,62.0,35.0,35.0,21.4,45.8
1604478225,30.0,62.0,35.0,35.0,21.4,45.8
1604478226,30.0,62.0,35.0,35.0,21.4,45.8
1604478227,30.0,62.0,36.0,35.0,21.4,45.8
1604478228,30.0,62.0,36.0,35.0,21.4,45.8
1604478229,30.0,61.0,36.0,35.0,21.4,45.8
1604478230,30.0,61.0,36.0,35.0,21.4,45.8
1604478231,30.0,61.0,36.0,36.0,21.4,45.8
1604478232,30.0,61.0,37.0,36.0,21.4,46.0
1604478233,30.0,61.0,37.0,36.0,21.4,46.0
1604478234,30.0,61.0,37.0,36.0,21.4,46.0
1604478235,30.0,61.0,36.0,36.0,21.4,46.0
1604478236,30.0,61.0,36.0,36.0,21.4,46.0
1604478237,30.0,61.0,36.0,36.0,21.4,46.4
1604478238,30.0,61.0,36.0,36.0,21.4,46.4
1604478239,30.0,61.0,36.0,36.0,21.4,46.4
1604478240,30.0,61.0,35.0,36.0,21.4,46.4
1604478241,30.0,61.0,35.0,36.0,21.4,46.4
1604478242,30.0,60.0,35.0,36.0,21.4,46.5
1604478243,30.0,60.0,35.0,36.0,21.4,46.5
1604478244,30.0,60.0,35.0,36.0,21.4,46.5
1604478245,30.0,60.0,35.0,36.0,21.4,46.5
1604478246,30.0,60.0,35.0,36.0,21.4,46.5
1604478247,30.0,60.0,35.0,36.0,21.4,46.7
1604478248,30.0,60.0,36.0,36.0,21.4,46.7
1604478249,30.0,60.0,36.0,36.0,21.4,46.7
1604478250,30.0,61.0,36.0,35.0,21.4,46.7
1604478251,30.0,61.0,36.0,35.0,21.4,46.7
1604478252,30.0,61.0,36.0,35.0,21.4,46.9
1604478253,30.0,62.0,36.0,34.0,21.4,46.9
1604478254,30.0,62.0,36.0,34.0,21.4,46.9
1604478255,30.0,62.0,36.0,34.0,21.4,46.9
1604478256,30.0,62.0,36.0,34.0,21.4,46.9
1604478257,30.0,62.0,36.0,34.0,21.4,47.1
1604478258,30.0,62.0,36.0,34.0,21.4,47.1
1604478259,30.0,61.0,35.0,34.0,21.4,47.1
1604478260,30.0,61.0,35.0,34.0,21.4,47.1
1604478261,30.0,60.0,35.0,34.0,21.4,47.1
1604478262,31.0,60.0,35.0,34.0,21.4,47.0
1604478263,31.0,59.0,35.0,34.0,21.4,47.0
1604478264,31.0,59.0,35.0,34.0,21.4,47.0
1604478265,31.0,59.0,35.0,34.0,21.4,47.0
1604478266,31.0,59.0,36.0,34.0,21.4,47.0
1604478267,31.0,59.0,36.0,34.0,21.4,47.5
1604478268,31.0,59.0,36.0,35.0,21.4,47.5
1604478269,31.0,59.0,36.0,35.0,21.4,47.5
1604478270,31.0,58.0,36.0,35.0,21.4,47.5
1604478271,30.0,59.0,37.0,36.0,21.4,47.5
1604478272,30.0,59.0,37.0,36.0,21.5,47.7
1604478273,30.0,59.0,37.0,36.0,21.5,47.7
1604478274,30.0,59.0,37.0,36.0,21.5,47.7
1604478275,31.0,59.0,37.0,36.0,21.5,47.7
1604478276,31.0,59.0,36.0,36.0,21.5,47.7
1604478277,31.0,59.0,36.0,36.0,21.4,47.5
1604478278,31.0,60.0,36.0,35.0,21.4,47.5
1604478279,31.0,60.0,35.0,35.0,21.4,47.5
1604478280,31.0,60.0,35.0,35.0,21.4,47.5
1604478281,31.0,60.0,35.0,34.0,21.4,47.5
1604478282,32.0,60.0,34.0,34.0,21.5,47.5
1604478283,32.0,60.0,34.0,34.0,21.5,47.5
1604478284,32.0,60.0,34.0,33.0,21.5,47.5
1604478285,32.0,60.0,34.0,33.0,21.5,47.5
1604478286,32.0,60.0,33.0,34.0,21.5,47.5
1604478287,32.0,60.0,34.0,34.0,21.4,47.5
1604478288,31.0,60.0,34.0,34.0,21.4,47.5
1604478289,31.0,60.0,34.0,34.0,21.4,47.5
1604478290,31.0,60.0,34.0,35.0,21.4,47.5
1604478291,31.0,60.0,34.0,35.0,21.4,47.5
1604478292,31.0,60.0,34.0,35.0,21.5,46.0
1604478293,31.0,60.0,35.0,35.0,21.5,46.0
1604478294,31.0,60.0,35.0,36.0,21.5,46.0
1604478295,31.0,60.0,35.0,36.0,21.5,46.0
1604478296,31.0,60.0,35.0,36.0,21.5,46.0
1604478297,31.0,59.0,35.0,36.0,21.4,45.9
1604478298,31.0,59.0,35.0,36.0,21.4,45.9
1604478299,31.0,60.0,35.0,36.0,21.4,45.9
1604478300,30.0,60.0,34.0,36.0,21.4,45.9
1604478301,30.0,60.0,34.0,35.0,21.4,45.9
1604478302,30.0,59.0,34.0,35.0,21.4,46.1
1604478303,30.0,59.0,34.0,35.0,21.4,46.1
1604478304,31.0,60.0,34.0,35.0,21.4,46.1
1604478305,31.0,60.0,34.0,35.0,21.4,46.1
1604478306,31.0,60.0,33.0,35.0,21.4,46.1
1604478307,31.0,60.0,33.0,35.0,21.4,46.3
1604478308,31.0,60.0,33.0,35.0,21.4,46.3
1604478309,31.0,60.0,33.0,35.0,21.4,46.3
1604478310,31.0,60.0,33.0,35.0,21.4,46.3
1604478311,31.0,60.0,33.0,35.0,21.4,46.3
1604478312,31.0,60.0,33.0,35.0,21.5,45.4
1604478313,31.0,60.0,33.0,35.0,21.5,45.4
1604478314,31.0,60.0,33.0,35.0,21.5,45.4
1604478315,31.0,60.0,33.0,35.0,21.5,45.4
1604478316,31.0,60.0,33.0,35.0,21.5,45.4
1604478317,31.0,60.0,33.0,35.0,21.5,45.4
1604478318,31.0,60.0,33.0,35.0,21.5,45.4
1604478319,31.0,60.0,33.0,35.0,21.5,45.4
1604478320,31.0,60.0,33.0,35.0,21.5,45.4
1604478321,31.0,60.0,33.0,35.0,21.5,45.4
1604478322,30.0,60.0,33.0,35.0,21.5,45.4
1604478323,30.0,60.0,32.0,35.0,21.5,45.4
1604478324,30.0,60.0,32.0,35.0,21.5,45.4
1604478325,30.0,60.0,32.0,35.0,21.5,45.1
1604478326,30.0,60.0,32.0,35.0,21.5,45.1
1604478327,30.0,60.0,32.0,35.0,21.5,45.1
1604478328,30.0,60.0,32.0,34.0,21.5,45.1
1604478329,31.0,59.0,32.0,34.0,21.5,45.1
1604478330,31.0,59.0,31.0,34.0,21.5,44.8
1604478331,31.0,59.0,31.0,34.0,21.5,44.8
1604478332,31.0,58.0,31.0,34.0,21.5,44.8
1604478333,31.0,58.0,31.0,34.0,21.5,44.8
1604478334,31.0,58.0,32.0,34.0,21.5,44.8
1604478335,31.0,58.0,32.0,34.0,21.5,44.6
1604478336,31.0,58.0,32.0,34.0,21.5,44.6
1604478337,31.0,58.0,32.0,34.0,21.5,44.6
1604478338,31.0,59.0,32.0,34.0,21.5,44.6
1604478339,31.0,59.0,32.0,33.0,21.5,44.6
1604478340,31.0,59.0,32.0,33.0,21.5,44.4
1604478341,31.0,59.0,32.0,34.0,21.5,44.4
1604478342,31.0,59.0,32.0,34.0,21.5,44.4
1604478343,31.0,60.0,32.0,34.0,21.5,44.4
1604478344,31.0,60.0,32.0,34.0,21.5,44.4
1604478345,31.0,60.0,32.0,34.0,21.5,44.2
1604478346,31.0,60.0,31.0,34.0,21.5,44.2
1604478347,31.0,60.0,31.0,34.0,21.5,44.2
1604478348,31.0,60.0,31.0,34.0,21.5,44.2
1604478349,31.0,61.0,31.0,35.0,21.5,44.2
1604478350,31.0,61.0,31.0,35.0,21.5,44.2
1604478351,30.0,61.0,31.0,35.0,21.5,44.2
1604478352,30.0,61.0,31.0,35.0,21.5,44.2
1604478353,30.0,61.0,32.0,35.0,21.5,44.2
1604478354,30.0,61.0,32.0,35.0,21.5,44.2
1604478355,30.0,60.0,32.0,35.0,21.5,44.2
1604478356,30.0,60.0,33.0,35.0,21.5,44.2
1604478357,30.0,60.0,33.0,34.0,21.5,44.2
1604478358,29.0,59.0,33.0,34.0,21.5,44.2
1604478359,29.0,59.0,34.0,34.0,21.5,44.2
1604478360,29.0,59.0,34.0,34.0,21.5,44.2
1604478361,29.0,59.0,34.0,34.0,21.5,44.2
1604478362,30.0,59.0,34.0,34.0,21.5,44.2
1604478363,30.0,59.0,35.0,34.0,21.5,44.2
1604478364,30.0,59.0,35.0,33.0,21.5,44.2
1604478365,30.0,60.0,34.0,33.0,21.5,44.4
1604478366,30.0,60.0,34.0,33.0,21.5,44.4
1604478367,30.0,60.0,34.0,33.0,21.5,44.4
1604478368,31.0,60.0,34.0,33.0,21.5,44.4
1604478369,31.0,60.0,34.0,32.0,21.5,44.4
1604478370,31.0,60.0,33.0,32.0,21.5,44.7
1604478371,31.0,61.0,33.0,32.0,21.5,44.7
1604478372,32.0,61.0,33.0,32.0,21.5,44.7
1604478373,32.0,61.0,33.0,32.0,21.5,44.7
1604478374,32.0,61.0,33.0,32.0,21.5,44.7
1604478375,32.0,61.0,33.0,32.0,21.5,44.8
1604478376,31.0,62.0,33.0,32.0,21.5,44.8
1604478377,31.0,62.0,33.0,32.0,21.5,44.8
1604478378,31.0,62.0,33.0,32.0,21.5,44.8
1604478379,31.0,62.0,33.0,33.0,21.5,44.8
1604478380,30.0,62.0,32.0,33.0,21.5,45.0
1604478381,30.0,63.0,32.0,33.0,21.5,45.0
1604478382,30.0,63.0,32.0,33.0,21.5,45.0
1604478383,30.0,63.0,32.0,34.0,21.5,45.0
1604478384,30.0,63.0,32.0,34.0,21.5,45.0
1604478385,30.0,63.0,33.0,34.0,21.5,45.0
1604478386,29.0,64.0,33.0,34.0,21.5,45.0
1604478387,29.0,64.0,33.0,34.0,21.5,45.0
1604478388,29.0,64.0,33.0,34.0,21.5,45.0
1604478389,29.0,64.0,33.0,34.0,21.5,45.0
1604478390,29.0,64.0,33.0,34.0,21.5,45.2
1604478391,29.0,65.0,33.0,34.0,21.5,45.2
1604478392,29.0,65.0,33.0,34.0,21.5,45.2
1604478393,29.0,64.0,33.0,34.0,21.5,45.2
1604478394,29.0,64.0,33.0,34.0,21.5,45.2
1604478395,29.0,64.0,33.0,33.0,21.5,45.3
1604478396,29.0,64.0,33.0,33.0,21.5,45.3
1604478397,29.0,64.0,33.0,33.0,21.5,45.3
1604478398,29.0,64.0,32.0,33.0,21.5,45.3
1604478399,30.0,64.0,32.0,33.0,21.5,45.3
1604478400,30.0,64.0,32.0,34.0,21.5,45.2
1604478401,30.0,64.0,32.0,34.0,21.5,45.2
1604478402,30.0,64.0,32.0,34.0,21.5,45.2
1604478403,30.0,64.0,32.0,34.0,21.5,45.2
1604478404,30.0,64.0,32.0,35.0,21.5,45.2
1604478405,30.0,64.0,32.0,35.0,21.5,45.1
1604478406,30.0,64.0,32.0,36.0,21.5,45.1
1604478407,30.0,63.0,32.0,36.0,21.5,45.1
1604478408,30.0,63.0,33.0,36.0,21.5,45.1
1604478409,30.0,63.0,33.0,36.0,21.5,45.1
1604478410,30.0,63.0,33.0,36.0,21.5,45.0
1604478411,30.0,63.0,33.0,36.0,21.5,45.0
1604478412,30.0,64.0,32.0,36.0,21.5,45.0
1604478413,30.0,64.0,32.0,36.0,21.5,45.0
1604478414,30.0,64.0,32.0,36.0,21.5,45.0
1604478415,30.0,64.0,32.0,36.0,21.5,44.9
1604478416,30.0,63.0,32.0,35.0,21.5,44.9
1604478417,30.0,64.0,32.0,36.0,21.5,44.9
1604478418,30.0,64.0,31.0,36.0,21.5,44.9
1604478419,30.0,64.0,31.0,36.0,21.5,44.9
1604478420,30.0,64.0,31.0,36.0,21.4,44.7
1604478421,30.0,64.0,31.0,35.0,21.4,44.7
1604478422,30.0,64.0,31.0,35.0,21.4,44.7
1604478423,30.0,64.0,32.0,35.0,21.4,44.7
1604478424,30.0,65.0,34.0,35.0,21.4,44.7
1604478425,30.0,65.0,33.0,35.0,21.4,44.7
1604478426,30.0,65.0,33.0,36.0,21.4,44.7
1604478427,30.0,65.0,33.0,36.0,21.4,44.7
1604478428,29.0,65.0,33.0,36.0,21.4,44.7
1604478429,29.0,64.0,33.0,36.0,21.4,44.7
1604478430,29.0,64.0,33.0,36.0,21.4,44.7
1604478431,29.0,63.0,33.0,36.0,21.4,44.7
1604478432,29.0,63.0,33.0,36.0,21.4,44.7
1604478433,29.0,63.0,32.0,36.0,21.4,44.7
1604478434,29.0,62.0,32.0,35.0,21.4,44.7
1604478435,28.0,62.0,33.0,35.0,21.5,45.0
1604478436,28.0,62.0,33.0,35.0,21.5,45.0
1604478437,28.0,61.0,32.0,34.0,21.5,45.0
1604478438,28.0,61.0,32.0,34.0,21.5,45.0
1604478439,28.0,62.0,32.0,34.0,21.5,45.0
1604478440,29.0,62.0,32.0,34.0,21.5,44.9
1604478441,29.0,62.0,32.0,34.0,21.5,44.9
1604478442,29.0,62.0,33.0,34.0,21.5,44.9
1604478443,29.0,63.0,33.0,35.0,21.5,44.9
1604478444,29.0,63.0,33.0,35.0,21.5,44.9
1604478445,29.0,63.0,32.0,35.0,21.4,44.7
1604478446,29.0,64.0,32.0,36.0,21.4,44.7
1604478447,29.0,64.0,32.0,36.0,21.4,44.7
1604478448,29.0,64.0,33.0,36.0,21.4,44.7
1604478449,28.0,65.0,33.0,36.0,21.4,44.7
1604478450,28.0,65.0,33.0,36.0,21.4,44.7
1604478451,28.0,65.0,33.0,36.0,21.4,44.7
1604478452,28.0,65.0,33.0,36.0,21.4,44.7
1604478453,28.0,65.0,33.0,36.0,21.4,44.7
1604478454,28.0,65.0,33.0,36.0,21.4,44.7
1604478455,28.0,65.0,33.0,36.0,21.4,44.6
1604478456,28.0,64.0,33.0,36.0,21.4,44.6
1604478457,28.0,64.0,33.0,37.0,21.4,44.6
1604478458,28.0,64.0,33.0,37.0,21.4,44.6
1604478459,28.0,64.0,33.0,37.0,21.4,44.6
1604478460,28.0,64.0,33.0,37.0,21.4,44.5
1604478461,28.0,64.0,33.0,37.0,21.4,44.5
1604478462,28.0,64.0,33.0,37.0,21.4,44.5
1604478463,28.0,64.0,33.0,37.0,21.4,44.5
1604478464,28.0,64.0,33.0,37.0,21.4,44.5
1604478465,28.0,64.0,33.0,37.0,21.4,44.5
1604478466,28.0,64.0,33.0,37.0,21.4,44.5
1604478467,28.0,64.0,33.0,36.0,21.4,44.5
1604478468,28.0,63.0,33.0,36.0,21.4,44.5
1604478469,28.0,63.0,33.0,36.0,21.4,44.5
1604478470,28.0,63.0,33.0,36.0,21.4,44.4
1604478471,28.0,63.0,33.0,36.0,21.4,44.4
1604478472,29.0,62.0,32.0,36.0,21.4,44.4
1604478473,29.0,62.0,32.0,36.0,21.4,44.4
1604478474,29.0,62.0,32.0,36.0,21.4,44.4
1604478475,29.0,62.0,32.0,36.0,21.4,44.3
1604478476,29.0,61.0,32.0,36.0,21.4,44.3
1604478477,28.0,61.0,32.0,36.0,21.4,44.3
1604478478,28.0,61.0,32.0,36.0,21.4,44.3
1604478479,28.0,60.0,32.0,36.0,21.4,44.3
1604478480,27.0,60.0,32.0,36.0,21.4,44.1
1604478481,27.0,60.0,32.0,36.0,21.4,44.1
1604478482,27.0,60.0,32.0,36.0,21.4,44.1
1604478483,27.0,60.0,32.0,36.0,21.4,44.1
1604478484,27.0,60.0,32.0,35.0,21.4,44.1
1604478485,27.0,60.0,32.0,35.0,21.4,44.0
1604478486,27.0,61.0,32.0,35.0,21.4,44.0
1604478487,28.0,61.0,32.0,34.0,21.4,44.0
1604478488,28.0,61.0,31.0,34.0,21.4,44.0
1604478489,28.0,62.0,31.0,34.0,21.4,44.0
1604478490,29.0,62.0,31.0,34.0,21.5,44.0
1604478491,29.0,62.0,31.0,34.0,21.5,44.0
1604478492,29.0,62.0,31.0,34.0,21.5,44.0
1604478493,29.0,62.0,31.0,35.0,21.5,44.0
1604478494,30.0,63.0,32.0,35.0,21.5,44.0
1604478495,30.0,63.0,32.0,35.0,21.5,43.9
1604478496,30.0,63.0,32.0,36.0,21.5,43.9
1604478497,30.0,63.0,32.0,36.0,21.5,43.9
1604478498,30.0,63.0,33.0,36.0,21.5,43.9
1604478499,30.0,63.0,33.0,37.0,21.5,43.9
1604478500,30.0,63.0,33.0,37.0,21.4,43.7
1604478501,30.0,63.0,34.0,37.0,21.4,43.7
1604478502,30.0,64.0,34.0,37.0,21.4,43.7
1604478503,30.0,64.0,34.0,36.0,21.4,43.7
1604478504,30.0,65.0,35.0,36.0,21.4,43.7
1604478505,30.0,65.0,35.0,36.0,21.4,43.7
1604478506,30.0,65.0,35.0,36.0,21.4,43.7
1604478507,30.0,65.0,36.0,35.0,21.4,43.7
1604478508,30.0,65.0,36.0,35.0,21.4,43.7
1604478509,30.0,64.0,36.0,35.0,21.4,43.7
1604478510,30.0,64.0,36.0,34.0,21.4,43.7
1604478511,30.0,63.0,36.0,34.0,21.4,43.7
1604478512,30.0,62.0,35.0,34.0,21.4,43.7
1604478513,30.0,62.0,35.0,34.0,21.4,43.7
1604478514,30.0,62.0,35.0,34.0,21.4,43.7
1604478515,30.0,61.0,34.0,35.0,21.4,43.6
1604478516,30.0,61.0,34.0,35.0,21.4,43.6
1604478517,30.0,60.0,34.0,35.0,21.4,43.6
1604478518,31.0,60.0,33.0,35.0,21.4,43.6
1604478519,31.0,60.0,32.0,35.0,21.4,43.6
1604478520,31.0,59.0,32.0,36.0,21.4,43.8
1604478521,31.0,59.0,32.0,36.0,21.4,43.8
1604478522,31.0,60.0,32.0,36.0,21.4,43.8
1604478523,31.0,59.0,32.0,36.0,21.4,43.8
1604478524,31.0,59.11111111111112,32.0,36.0,21.4,43.8
1604478525,31.0,59.22222222222222,32.0,36.0,21.4,43.8
1604478526,31.0,59.333333333333336,32.0,36.0,21.4,43.8
1604478527,31.0,59.44444444444444,32.0,36.0,21.4,43.8
1604478528,31.0,59.55555555555556,32.0,36.0,21.4,43.8
1604478529,31.0,59.66666666666666,32.0,36.0,21.4,43.8
1604478530,31.0,59.77777777777778,32.0,36.0,21.4,43.8
1604478531,31.0,59.888888888888886,32.0,36.0,21.4,43.8
1604478532,31.0,60.0,32.0,36.0,21.4,43.8
1604478533,31.0,60.0,32.0,36.0,21.4,43.9
1604478534,30.0,60.0,32.0,36.0,21.4,43.9
1604478535,30.0,60.0,32.0,36.0,21.4,43.9
1604478536,30.0,60.0,33.0,35.0,21.4,43.9
1604478537,29.0,61.0,33.0,35.0,21.4,43.9
1604478538,29.0,61.0,33.0,35.0,21.4,43.9
1604478539,28.0,61.0,33.0,35.0,21.4,43.9
1604478540,28.0,61.0,33.0,35.0,21.4,43.9
1604478541,28.0,62.0,33.0,34.0,21.4,43.9
1604478542,28.0,62.0,33.0,34.0,21.4,43.9
1604478543,28.0,62.0,33.0,35.0,21.5,44.0
1604478544,28.0,62.0,33.0,35.0,21.5,44.0
1604478545,28.0,62.0,33.0,35.0,21.5,44.0
1604478546,29.0,62.0,33.0,35.0,21.5,44.0
1604478547,29.0,62.0,33.0,35.0,21.5,44.0
1604478548,29.0,62.0,33.0,35.0,21.4,43.8
1604478549,29.0,61.0,33.0,35.0,21.4,43.8
1604478550,29.0,61.0,33.0,35.0,21.4,43.8
1604478551,29.0,61.0,33.0,35.0,21.4,43.8
1604478552,29.0,60.0,33.0,35.0,21.4,43.8
1604478553,29.0,60.0,33.0,35.0,21.45,43.9
1604478554,29.0,60.0,33.0,35.0,21.5,44.0
1604478555,29.0,59.0,32.0,35.0,21.5,44.0
1604478556,29.0,59.0,32.0,35.0,21.5,44.0
1604478557,29.0,59.0,32.0,35.0,21.5,44.0
1604478558,29.0,59.0,32.0,35.0,21.5,44.0
1604478559,29.0,58.0,32.0,35.0,21.4,44.2
1604478560,29.0,58.0,32.0,35.0,21.4,44.2
1604478561,29.0,59.0,31.0,35.0,21.4,44.2
1604478562,29.0,59.0,31.0,35.0,21.4,44.2
1604478563,29.0,59.0,31.0,35.0,21.4,44.2
1604478564,29.0,59.0,31.0,35.0,21.4,44.1
1604478565,29.0,60.0,31.0,35.0,21.4,44.1
1604478566,29.0,60.0,32.0,35.0,21.4,44.1
1604478567,29.0,60.0,32.0,35.0,21.4,44.1
1604478568,29.0,60.0,33.0,35.0,21.4,44.1
1604478569,29.0,60.0,33.0,35.0,21.4,44.2
1604478570,29.0,60.0,33.0,35.0,21.4,44.2
1604478571,29.0,60.0,33.0,35.0,21.4,44.2
1604478572,29.0,61.0,34.0,35.0,21.4,44.2
1604478573,29.0,61.0,34.0,35.0,21.4,44.2
1604478574,29.0,61.0,34.0,35.0,21.5,44.3
1604478575,29.0,61.0,34.0,35.0,21.5,44.3
1604478576,29.0,61.0,34.0,35.0,21.5,44.3
1604478577,29.0,61.0,34.0,35.0,21.5,44.3
1604478578,29.0,60.0,33.0,35.0,21.5,44.3
1604478579,29.0,60.0,33.0,35.0,21.5,44.4
1604478580,29.0,60.0,33.0,35.0,21.5,44.4
1604478581,29.0,60.0,33.0,35.0,21.5,44.4
1604478582,29.0,59.0,33.0,35.0,21.5,44.4
1604478583,29.0,59.0,33.0,35.0,21.5,44.4
1604478584,29.0,60.0,33.0,34.0,21.5,44.5
1604478585,29.0,60.0,32.0,34.0,21.5,44.5
1604478586,29.0,60.0,32.0,34.0,21.5,44.5
1604478587,29.0,60.0,32.0,35.0,21.5,44.5
1604478588,29.0,61.0,32.0,35.0,21.5,44.5
1604478589,29.0,61.0,32.0,35.0,21.5,44.6
1604478590,29.0,61.0,32.0,35.0,21.5,44.6
1604478591,29.0,62.0,31.0,35.0,21.5,44.6
1604478592,29.0,62.0,31.0,35.0,21.5,44.6
1604478593,28.0,62.0,31.0,36.0,21.5,44.6
1604478594,28.0,62.0,31.0,36.0,21.5,44.8
1604478595,28.0,62.0,31.0,35.0,21.5,44.8
1604478596,28.0,62.0,31.0,35.0,21.5,44.8
1604478597,28.0,62.0,31.0,35.0,21.5,44.8
1604478598,28.0,62.0,30.0,35.0,21.5,44.8
1604478599,28.0,61.0,31.0,35.0,21.5,44.9
1604478600,28.0,61.0,31.0,34.0,21.5,44.9
1604478601,28.0,61.0,31.0,34.0,21.5,44.9
1604478602,28.0,61.0,31.0,34.0,21.5,44.9
1604478603,28.0,61.0,31.0,34.0,21.5,44.9
1604478604,29.0,61.0,31.0,34.0,21.5,45.0
1604478605,29.0,61.0,31.0,34.0,21.5,45.0
1604478606,29.0,61.0,32.0,34.0,21.5,45.0
1604478607,29.0,61.0,32.0,34.0,21.5,45.0
1604478608,29.0,61.0,32.0,34.0,21.5,45.0
1604478609,29.0,61.0,32.0,34.0,21.5,44.9
1604478610,29.0,61.0,33.0,34.0,21.5,44.9
1604478611,29.0,61.0,33.0,35.0,21.5,44.9
1604478612,29.0,61.0,33.0,35.0,21.5,44.9
1604478613,29.0,61.0,33.0,35.0,21.5,44.9
1604478614,29.0,61.0,34.0,36.0,21.5,44.8
1604478615,29.0,61.0,34.0,36.0,21.5,44.8
1604478616,29.0,61.0,34.0,36.0,21.5,44.8
1604478617,29.0,61.0,34.0,37.0,21.5,44.8
1604478618,29.0,60.0,34.0,37.0,21.5,44.8
1604478619,29.0,61.0,34.0,38.0,21.5,44.8
1604478620,29.0,60.0,34.0,38.0,21.5,44.8
1604478621,29.0,61.0,34.0,38.0,21.5,44.8
1604478622,29.0,61.0,34.0,38.0,21.5,44.8
1604478623,29.0,61.0,34.0,38.0,21.5,44.8
1604478624,29.0,61.0,34.0,38.0,21.5,44.6
1604478625,29.0,61.0,34.0,38.0,21.5,44.6
1604478626,29.0,61.0,34.0,38.0,21.5,44.6
1604478627,29.0,61.0,35.0,38.0,21.5,44.6
1604478628,30.0,61.0,35.0,38.0,21.5,44.6
1604478629,30.0,61.0,35.0,38.0,21.5,44.5
1604478630,30.0,61.0,35.0,37.0,21.5,44.5
1604478631,31.0,61.0,35.0,37.0,21.5,44.5
1604478632,31.0,60.0,35.0,37.0,21.5,44.5
1604478633,31.0,60.0,35.0,36.0,21.5,44.5
1604478634,31.0,60.0,35.0,36.0,21.5,44.5
1604478635,31.0,60.0,34.0,36.0,21.5,44.5
1604478636,31.0,60.0,34.0,36.0,21.5,44.5
1604478637,31.0,60.0,34.0,35.0,21.5,44.5
1604478638,31.0,60.0,33.0,35.0,21.5,44.5
1604478639,31.0,60.0,33.0,34.0,21.5,44.6
1604478640,30.0,60.0,33.0,34.0,21.5,44.6
1604478641,30.0,60.0,33.0,34.0,21.5,44.6
1604478642,30.0,60.0,32.0,34.0,21.5,44.6
1604478643,30.0,60.0,32.0,34.0,21.5,44.6
1604478644,29.0,61.0,32.0,34.0,21.5,44.7
1604478645,29.0,61.0,32.0,34.0,21.5,44.7
1604478646,29.0,61.0,33.0,35.0,21.5,44.7
1604478647,29.0,61.0,33.0,35.0,21.5,44.7
1604478648,29.0,61.0,33.0,35.0,21.5,44.7
1604478649,29.0,61.0,33.0,35.0,21.5,44.8
1604478650,29.0,61.0,33.0,35.0,21.5,44.8
1604478651,29.0,61.0,33.0,35.0,21.5,44.8
1604478652,29.0,61.0,33.0,36.0,21.5,44.8
1604478653,29.0,61.0,33.0,36.0,21.5,44.8
1604478654,29.0,61.0,33.0,36.0,21.5,45.0
1604478655,29.0,60.0,33.0,36.0,21.5,45.0
1604478656,29.0,60.0,33.0,36.0,21.5,45.0
1604478657,29.0,59.0,33.0,36.0,21.5,45.0
1604478658,29.0,59.0,33.0,36.0,21.5,45.0
1604478659,29.0,59.0,34.0,36.0,21.5,45.1
1604478660,29.0,59.0,34.0,36.0,21.5,45.1
1604478661,29.0,59.0,34.0,37.0,21.5,45.1
1604478662,29.0,59.0,34.0,37.0,21.5,45.1
1604478663,29.0,59.0,34.0,37.0,21.5,45.1
1604478664,29.0,60.0,34.0,37.0,21.5,45.1
1604478665,29.0,61.0,34.0,37.0,21.5,45.1
1604478666,29.0,61.0,34.0,37.0,21.5,45.1
1604478667,29.0,61.0,34.0,37.0,21.5,45.1
1604478668,29.0,61.0,34.0,37.0,21.5,45.1
1604478669,29.0,61.0,34.0,37.0,21.5,45.1
1604478670,29.0,61.0,34.0,37.0,21.5,45.1
1604478671,29.0,61.0,34.0,36.0,21.5,45.1
1604478672,29.0,61.0,34.0,36.0,21.5,45.1
1604478673,29.0,60.0,34.0,36.0,21.5,45.1
1604478674,29.0,60.0,35.0,36.0,21.5,45.1
1604478675,29.0,60.0,35.0,36.0,21.5,45.1
1604478676,30.0,59.0,35.0,36.0,21.5,45.1
1604478677,30.0,59.0,35.0,37.0,21.5,45.1
1604478678,30.0,59.0,35.0,37.0,21.5,45.1
1604478679,30.0,60.0,35.0,37.0,21.6,45.3
1604478680,30.0,60.0,35.0,37.0,21.6,45.3
1604478681,30.0,60.0,35.0,37.0,21.6,45.3
1604478682,30.0,61.0,36.0,37.0,21.6,45.3
1604478683,30.0,61.0,36.0,37.0,21.6,45.3
1604478684,31.0,61.0,35.0,37.0,21.6,45.2
1604478685,31.0,61.0,35.0,37.0,21.6,45.2
1604478686,31.0,61.0,35.0,37.0,21.6,45.2
1604478687,31.0,61.0,34.0,37.0,21.6,45.2
1604478688,31.0,61.0,34.0,37.0,21.6,45.2
1604478689,31.0,61.0,34.0,37.0,21.5,45.1
1604478690,31.0,61.0,34.0,37.0,21.5,45.1
1604478691,31.0,61.0,33.0,37.0,21.5,45.1
1604478692,31.0,61.0,33.0,37.0,21.5,45.1
1604478693,31.0,61.0,33.0,37.0,21.5,45.1
1604478694,30.0,61.0,33.0,37.0,21.6,45.2
1604478695,30.0,61.0,34.0,37.0,21.6,45.2
1604478696,30.0,62.0,34.0,37.0,21.6,45.2
1604478697,30.0,62.0,34.0,37.0,21.6,45.2
1604478698,29.0,63.0,35.0,38.0,21.6,45.2
1604478699,29.0,63.0,35.0,38.0,21.6,44.7
1604478700,29.0,63.0,35.0,38.0,21.6,44.7
1604478701,29.0,63.0,35.0,38.0,21.6,44.7
1604478702,29.0,63.0,35.0,38.0,21.6,44.7
1604478703,28.0,63.0,35.0,38.0,21.6,44.7
1604478704,28.0,62.0,35.0,38.0,21.6,44.6
1604478705,28.0,61.0,35.0,38.0,21.6,44.6
1604478706,28.0,61.0,35.0,38.0,21.6,44.6
1604478707,28.0,61.0,35.0,38.0,21.6,44.6
1604478708,28.0,60.0,35.0,38.0,21.6,44.6
1604478709,28.0,60.0,34.0,38.0,21.6,44.5
1604478710,28.0,60.0,34.0,38.0,21.6,44.5
1604478711,28.0,60.0,34.0,38.0,21.6,44.5
1604478712,28.0,60.0,34.0,38.0,21.6,44.5
1604478713,28.0,60.0,34.0,37.0,21.6,44.5
1604478714,29.0,60.0,34.0,37.0,21.6,44.4
1604478715,29.0,60.0,34.0,37.0,21.6,44.4
1604478716,30.0,60.0,34.0,37.0,21.6,44.4
1604478717,30.0,60.0,34.0,37.0,21.6,44.4
1604478718,30.0,60.0,34.0,37.0,21.6,44.4
1604478719,30.0,61.0,34.0,37.0,21.6,43.9
1604478720,30.0,61.0,34.0,37.0,21.6,43.9
1604478721,30.0,61.0,34.0,37.0,21.6,43.9
1604478722,29.0,62.0,33.0,37.0,21.6,43.9
1604478723,29.0,62.0,34.0,37.0,21.6,43.9
1604478724,29.0,62.0,34.0,36.0,21.6,43.8
1604478725,29.0,62.0,34.0,36.0,21.6,43.8
1604478726,29.0,63.0,34.0,36.0,21.6,43.8
1604478727,29.0,62.0,34.0,36.0,21.6,43.8
1604478728,29.0,62.0,34.0,37.0,21.6,43.8
1604478729,30.0,61.0,34.0,37.0,21.6,43.8
1604478730,30.0,61.0,34.0,37.0,21.6,43.8
1604478731,30.0,60.0,34.0,37.0,21.6,43.8
1604478732,30.0,60.0,34.0,37.0,21.6,43.8
1604478733,30.0,60.0,34.0,37.0,21.6,43.8
1604478734,30.0,59.0,34.0,37.0,21.6,43.9
1604478735,30.0,59.0,34.0,37.0,21.6,43.9
1604478736,30.0,59.0,34.0,37.0,21.6,43.9
1604478737,30.0,59.0,34.0,37.0,21.6,43.9
1604478738,30.0,59.0,34.0,37.0,21.6,43.9
1604478739,30.0,59.0,34.0,37.0,21.6,43.9
1604478740,30.0,59.0,34.0,37.0,21.6,43.9
1604478741,30.0,59.0,34.0,37.0,21.6,43.9
1604478742,30.0,59.0,34.0,37.0,21.6,43.9
1604478743,30.0,59.0,34.0,37.0,21.6,43.9
1604478744,30.0,58.0,33.0,37.0,21.6,43.9
1604478745,30.0,58.0,33.0,37.0,21.6,43.9
1604478746,30.0,58.0,33.0,37.0,21.6,43.9
1604478747,30.0,58.0,33.0,37.0,21.6,43.8
1604478748,30.0,59.0,33.0,37.0,21.6,43.8
1604478749,30.0,58.0,33.0,37.0,21.6,43.8
1604478750,30.0,58.0,33.0,37.0,21.6,43.8
1604478751,30.0,58.0,33.0,37.0,21.6,43.8
1604478752,30.0,57.0,33.0,37.0,21.6,43.8
1604478753,30.0,57.0,33.0,37.0,21.6,43.8
1604478754,30.0,57.0,33.0,37.0,21.6,43.8
1604478755,30.0,57.0,33.0,36.0,21.6,43.8
1604478756,30.0,56.0,34.0,36.0,21.6,43.8
1604478757,30.0,56.0,34.0,36.0,21.6,43.9
1604478758,30.0,56.0,34.0,36.0,21.6,43.9
1604478759,30.0,56.0,34.0,37.0,21.6,43.9
1604478760,30.0,55.0,34.0,37.0,21.6,43.9
1604478761,30.0,55.0,34.0,36.0,21.6,43.9
1604478762,30.0,55.0,34.0,36.0,21.6,44.0
1604478763,29.0,55.0,34.0,36.0,21.6,44.0
1604478764,29.0,55.0,34.0,36.0,21.6,44.0
1604478765,29.0,55.0,33.0,36.0,21.6,44.0
1604478766,29.0,55.0,33.0,36.0,21.6,44.0
1604478767,29.0,55.0,33.0,36.0,21.6,44.0
1604478768,29.0,55.0,33.0,36.0,21.6,44.0
1604478769,29.0,56.0,32.0,36.0,21.6,44.0
1604478770,29.0,56.0,32.0,36.0,21.6,44.0
1604478771,29.0,56.0,32.0,36.0,21.6,44.0
1604478772,29.0,57.0,32.0,36.0,21.7,44.1
1604478773,29.0,57.0,32.0,37.0,21.7,44.1
1604478774,29.0,57.0,32.0,37.0,21.7,44.1
1604478775,30.0,58.0,32.0,37.0,21.7,44.1
1604478776,30.0,58.0,33.0,37.0,21.7,44.1
1604478777,30.0,58.0,33.0,37.0,21.6,44.0
1604478778,30.0,58.0,34.0,37.0,21.6,44.0
1604478779,30.0,58.0,34.0,37.0,21.6,44.0
1604478780,30.0,57.0,34.0,37.0,21.6,44.0
1604478781,30.0,57.0,35.0,37.0,21.6,44.0
1604478782,30.0,57.0,35.0,37.0,21.6,44.1
1604478783,30.0,56.0,35.0,37.0,21.6,44.1
1604478784,30.0,56.0,36.0,37.0,21.6,44.1
1604478785,30.0,55.0,36.0,36.0,21.6,44.1
1604478786,30.0,55.0,36.0,36.0,21.6,44.1
1604478787,30.0,54.0,36.0,36.0,21.6,44.1
1604478788,30.0,54.0,36.0,35.0,21.6,44.1
1604478789,30.0,54.0,36.0,35.0,21.6,44.1
1604478790,30.0,53.0,35.0,35.0,21.6,44.1
1604478791,30.0,53.0,34.0,35.0,21.6,44.1
1604478792,30.0,53.0,34.0,35.0,21.7,44.4
1604478793,30.0,53.0,34.0,35.0,21.7,44.4
1604478794,30.0,53.0,32.0,35.0,21.7,44.4
1604478795,30.0,53.0,32.0,35.0,21.7,44.4
1604478796,30.0,53.0,32.0,35.0,21.7,44.4
1604478797,30.0,53.0,31.0,35.0,21.6,44.5
1604478798,30.0,53.0,31.0,36.0,21.6,44.5
1604478799,30.0,54.0,31.0,36.0,21.6,44.5
1604478800,30.0,53.0,32.0,36.0,21.6,44.5
1604478801,30.0,53.0,32.0,36.0,21.6,44.5
1604478802,30.0,53.0,32.0,37.0,21.7,44.2
1604478803,30.0,53.0,33.0,37.0,21.7,44.2
1604478804,30.0,53.0,33.0,37.0,21.7,44.2
1604478805,30.0,54.0,33.0,37.0,21.7,44.2
1604478806,30.0,54.0,34.0,37.0,21.7,44.2
1604478807,30.0,54.0,34.0,37.0,21.7,44.5
1604478808,30.0,54.0,34.0,37.0,21.7,44.5
1604478809,30.0,54.0,34.0,37.0,21.7,44.5
1604478810,30.0,54.0,34.0,37.0,21.7,44.5
1604478811,30.0,54.0,34.0,37.0,21.7,44.5
1604478812,30.0,54.0,34.0,37.0,21.7,44.6
1604478813,30.0,54.0,34.0,37.0,21.7,44.6
1604478814,30.0,54.0,34.0,37.0,21.7,44.6
1604478815,30.0,55.0,34.0,36.0,21.7,44.6
1604478816,30.0,55.0,35.0,36.0,21.7,44.6
1604478817,30.0,55.0,35.0,36.0,21.7,44.6
1604478818,30.0,55.0,35.0,36.0,21.7,44.6
1604478819,30.0,55.0,36.0,36.0,21.7,44.6
1604478820,30.0,55.0,36.0,36.0,21.7,44.6
1604478821,30.0,55.0,36.0,36.0,21.7,44.6
1604478822,30.0,55.0,36.0,36.0,21.7,44.6
1604478823,30.0,55.0,36.0,36.0,21.7,44.6
1604478824,30.0,55.0,36.0,36.0,21.7,44.6
1604478825,30.0,55.0,36.0,37.0,21.7,44.6
1604478826,30.0,54.0,36.0,37.0,21.7,44.6
1604478827,30.0,54.0,36.0,37.0,21.7,44.6
1604478828,30.0,53.0,35.0,37.0,21.7,44.6
1604478829,30.0,53.0,35.0,37.0,21.7,44.6
1604478830,30.0,52.0,35.0,37.0,21.7,44.6
1604478831,30.0,51.0,34.0,37.0,21.7,44.6
1604478832,30.0,51.0,34.0,37.0,21.7,44.6
1604478833,30.0,49.0,34.0,37.0,21.7,44.6
1604478834,30.0,49.0,34.0,37.0,21.7,44.6
1604478835,30.0,48.0,34.0,37.0,21.7,44.6
1604478836,29.0,48.0,34.0,37.0,21.7,44.6
1604478837,29.0,48.0,34.0,37.0,21.7,44.6
1604478838,29.0,47.0,34.0,38.0,21.7,44.6
1604478839,29.0,47.0,34.0,38.0,21.7,44.6
1604478840,29.0,47.0,34.0,38.0,21.7,44.6
1604478841,29.0,47.0,34.0,38.0,21.7,44.6
1604478842,29.0,47.0,34.0,38.0,21.7,44.6
1604478843,29.0,47.0,34.0,38.0,21.7,44.6
1604478844,29.0,47.0,34.0,38.0,21.7,44.6
1604478845,30.0,47.0,34.0,38.0,21.7,44.6
1604478846,30.0,47.0,34.0,37.0,21.7,44.6
1604478847,30.0,47.0,34.0,38.0,21.7,44.6
1604478848,30.0,48.0,35.0,38.0,21.7,44.6
1604478849,30.0,48.0,35.0,37.0,21.7,44.6
1604478850,30.0,48.0,35.0,37.0,21.7,44.6
1604478851,30.0,48.0,35.0,37.0,21.7,44.6
1604478852,30.0,49.0,35.0,37.0,21.7,44.6
1604478853,30.0,49.0,36.0,37.0,21.7,44.6
1604478854,30.0,49.0,36.0,36.0,21.7,44.6
1604478855,30.0,50.0,36.0,36.0,21.7,44.6
1604478856,30.0,50.0,36.0,36.0,21.7,44.6
1604478857,30.0,51.0,37.0,36.0,21.7,44.7
1604478858,30.0,51.0,36.0,36.0,21.7,44.7
1604478859,30.0,51.0,36.0,36.0,21.7,44.7
1604478860,30.0,51.0,36.0,36.0,21.7,44.7
1604478861,30.0,51.0,36.0,36.0,21.7,44.7
1604478862,30.0,51.0,36.0,37.0,21.8,45.0
1604478863,30.0,51.0,36.0,37.0,21.8,45.0
1604478864,30.0,51.0,36.0,37.0,21.8,45.0
1604478865,29.0,51.0,36.0,37.0,21.8,45.0
1604478866,29.0,51.0,35.0,37.0,21.8,45.0
1604478867,29.0,51.0,35.0,37.0,21.7,45.0
1604478868,29.0,51.0,35.0,37.0,21.7,45.0
1604478869,29.0,51.0,35.0,38.0,21.7,45.0
1604478870,29.0,51.0,35.0,38.0,21.7,45.0
1604478871,28.0,51.0,35.0,38.0,21.7,45.0
1604478872,28.0,51.0,35.0,38.0,21.7,45.1
1604478873,28.0,51.0,35.0,38.0,21.7,45.1
1604478874,28.0,51.0,35.0,38.0,21.7,45.1
1604478875,28.0,51.0,35.0,38.0,21.7,45.1
1604478876,28.0,50.0,35.0,38.0,21.7,45.1
1604478877,29.0,50.0,35.0,38.0,21.8,45.2
1604478878,29.0,50.0,35.0,37.0,21.8,45.2
1604478879,29.0,50.0,35.0,37.0,21.8,45.2
1604478880,29.0,50.0,35.0,37.0,21.8,45.2
1604478881,29.0,49.0,35.0,37.0,21.8,45.2
1604478882,30.0,49.0,35.0,37.0,21.8,45.6
1604478883,30.0,49.0,35.0,37.0,21.8,45.6
1604478884,30.0,49.0,35.0,37.0,21.8,45.6
1604478885,31.0,49.0,36.0,37.0,21.8,45.6
1604478886,31.0,49.0,36.0,37.0,21.8,45.6
1604478887,31.0,50.0,36.0,37.0,21.8,45.9
1604478888,31.0,50.0,36.0,37.0,21.8,45.9
1604478889,31.0,50.0,36.0,37.0,21.8,45.9
1604478890,31.0,50.0,36.0,37.0,21.8,45.9
1604478891,31.0,50.0,36.0,37.0,21.8,45.9
1604478892,31.0,50.0,36.0,37.0,21.8,46.3
1604478893,31.0,49.0,36.0,37.0,21.8,46.3
1604478894,30.0,49.0,37.0,37.0,21.8,46.3
1604478895,30.0,48.0,37.0,37.0,21.8,46.3
1604478896,30.0,48.0,36.0,37.0,21.8,46.3
1604478897,29.0,48.0,37.0,37.0,21.8,46.5
1604478898,29.0,47.0,37.0,37.0,21.8,46.5
1604478899,29.0,47.0,37.0,38.0,21.8,46.5
1604478900,29.0,47.0,37.0,38.0,21.8,46.5
1604478901,28.0,46.0,37.0,38.0,21.8,46.5
1604478902,28.0,46.0,37.0,38.0,21.8,46.7
1604478903,28.0,47.0,37.0,38.0,21.8,46.7
1604478904,28.0,47.0,36.0,38.0,21.8,46.7
1604478905,27.0,47.0,36.0,38.0,21.8,46.7
1604478906,27.0,47.0,36.0,38.0,21.8,46.7
1604478907,27.0,47.0,36.0,38.0,21.8,46.7
1604478908,27.0,47.0,35.0,38.0,21.8,46.7
1604478909,28.0,47.0,35.0,38.0,21.8,46.7
1604478910,28.0,47.0,35.0,38.0,21.8,46.7
1604478911,28.0,48.0,35.0,37.0,21.8,46.7
1604478912,28.0,48.0,35.0,37.0,21.9,46.9
1604478913,28.0,48.0,35.0,37.0,21.9,46.9
1604478914,28.0,48.0,35.0,37.0,21.9,46.9
1604478915,28.0,49.0,35.0,37.0,21.9,46.9
1604478916,28.0,49.0,35.0,37.0,21.9,46.9
1604478917,28.0,49.0,36.0,37.0,21.8,46.7
1604478918,28.0,49.0,36.0,38.0,21.8,46.7
1604478919,29.0,49.0,36.0,37.0,21.8,46.7
1604478920,29.0,50.0,36.0,37.0,21.8,46.7
1604478921,29.0,50.0,36.0,37.0,21.8,46.7
1604478922,29.0,49.0,36.0,37.0,21.8,46.7
1604478923,29.0,49.0,36.0,37.0,21.8,46.7
1604478924,29.0,49.0,36.0,37.0,21.8,46.7
1604478925,29.0,49.0,36.0,37.0,21.8,46.7
1604478926,29.0,48.0,36.0,37.0,21.8,46.7
1604478927,30.0,48.0,36.0,37.0,21.9,46.7
1604478928,30.0,48.0,36.0,37.0,21.9,46.7
1604478929,30.0,48.0,36.0,37.0,21.9,46.7
1604478930,30.0,47.0,36.0,37.0,21.9,46.7
1604478931,30.0,47.0,36.0,37.0,21.9,46.7
1604478932,30.0,47.0,36.0,37.0,21.9,46.7
1604478933,30.0,47.0,36.0,37.0,21.9,46.7
1604478934,30.0,47.0,35.0,37.0,21.9,46.7
1604478935,30.0,47.0,35.0,37.0,21.9,46.7
1604478936,30.0,47.0,35.0,37.0,21.9,46.7
1604478937,30.0,47.0,35.0,37.0,21.9,46.7
1604478938,30.0,47.0,35.0,37.0,21.9,46.7
1604478939,31.0,47.0,35.0,37.0,21.9,46.7
1604478940,31.0,47.0,34.0,37.0,21.9,46.7
1604478941,31.0,47.0,34.0,37.0,21.9,46.7
1604478942,31.0,47.0,34.0,37.0,21.9,46.6
1604478943,31.0,47.0,34.0,37.0,21.9,46.6
1604478944,31.0,48.0,34.0,37.0,21.9,46.6
1604478945,30.0,48.0,34.0,37.0,21.9,46.6
1604478946,30.0,48.0,34.0,37.0,21.9,46.6
1604478947,30.0,48.0,34.0,37.0,21.9,46.6
1604478948,30.0,48.0,34.0,37.0,21.9,46.6
1604478949,30.0,48.0,34.0,37.0,21.9,46.6
1604478950,30.0,48.0,34.0,37.0,21.9,46.6
1604478951,30.0,48.0,34.0,37.0,21.9,46.6
1604478952,30.0,48.0,34.0,37.0,21.9,46.6
1604478953,30.0,48.0,34.0,37.0,21.9,46.6
1604478954,30.0,48.0,34.0,37.0,21.9,46.6
1604478955,30.0,48.0,35.0,37.0,21.9,46.6
1604478956,30.0,48.0,35.0,38.0,21.9,46.6
1604478957,30.0,48.0,35.0,38.0,21.9,46.6
1604478958,30.0,48.0,35.0,38.0,21.9,46.6
1604478959,31.0,48.0,35.0,38.0,21.9,46.6
1604478960,30.0,48.0,35.0,38.0,21.9,46.3
1604478961,30.0,48.0,35.0,38.0,21.9,46.3
1604478962,30.0,48.0,35.0,38.0,21.9,46.3
1604478963,30.0,48.0,35.0,38.0,21.9,46.3
1604478964,30.0,47.0,35.0,38.0,21.9,46.3
1604478965,30.0,47.0,35.0,38.0,21.9,46.3
1604478966,30.0,47.0,35.0,38.0,21.9,46.3
1604478967,30.0,47.0,35.0,37.0,21.9,46.3
1604478968,30.0,47.0,35.0,37.0,21.9,46.3
1604478969,30.0,47.0,35.0,37.0,21.9,46.3
1604478970,30.0,47.0,35.0,37.0,21.9,46.3
1604478971,31.0,47.0,35.0,37.0,21.9,46.3
1604478972,31.0,48.0,35.0,36.0,21.9,46.3
1604478973,31.0,48.0,35.0,36.0,21.9,46.3
1604478974,31.0,48.0,35.0,37.0,21.9,46.3
1604478975,32.0,48.0,35.0,37.0,21.9,46.2
1604478976,32.0,48.0,35.0,37.0,21.9,46.2
1604478977,32.0,48.0,35.0,37.0,21.9,46.2
1604478978,32.0,48.0,35.0,37.0,21.9,46.2
1604478979,32.0,48.0,35.0,37.0,21.9,46.2
1604478980,32.0,48.0,35.0,37.0,21.9,46.2
1604478981,32.0,48.0,35.0,37.0,21.9,46.2
1604478982,32.0,48.0,36.0,37.0,21.9,46.2
1604478983,32.0,48.0,36.0,37.0,21.9,46.2
1604478984,32.0,47.0,36.0,37.0,21.9,46.2
1604478985,32.0,47.0,36.0,37.0,22.0,46.3
1604478986,32.0,47.0,36.0,37.0,22.0,46.3
1604478987,32.0,47.0,36.0,37.0,22.0,46.3
1604478988,33.0,47.0,36.0,37.0,22.0,46.3
1604478989,33.0,46.0,36.0,38.0,22.0,46.3
1604478990,33.0,46.0,36.0,38.0,22.0,46.4
1604478991,33.0,47.0,36.0,38.0,22.0,46.4
1604478992,33.0,47.0,35.0,38.0,22.0,46.4
1604478993,33.0,47.0,35.0,38.0,22.0,46.4
1604478994,33.0,47.0,35.0,38.0,22.0,46.4
1604478995,33.0,47.0,35.0,38.0,22.0,46.3
1604478996,33.0,48.0,34.0,37.0,22.0,46.3
1604478997,33.0,48.0,34.0,37.0,22.0,46.3
1604478998,33.0,48.0,34.0,37.0,22.0,46.3
1604478999,33.0,48.0,34.0,36.0,22.0,46.3
1604479000,33.0,48.0,34.0,36.0,22.0,45.9
1604479001,32.0,48.0,34.0,36.0,22.0,45.9
1604479002,32.0,48.0,34.0,36.0,22.0,45.9
1604479003,32.0,48.0,35.0,36.0,22.0,45.9
1604479004,32.0,48.0,35.0,36.0,22.0,45.9
1604479005,31.0,48.0,35.0,36.0,22.0,45.1
1604479006,31.0,48.0,35.0,36.0,22.0,45.1
1604479007,31.0,48.0,35.0,36.0,22.0,45.1
1604479008,31.0,47.0,35.0,36.0,22.0,45.1
1604479009,31.0,47.0,35.0,37.0,22.0,45.1
1604479010,31.0,47.0,35.0,37.0,22.0,44.8
1604479011,31.0,46.0,35.0,37.0,22.0,44.8
1604479012,31.0,46.0,35.0,37.0,22.0,44.8
1604479013,30.0,46.0,35.0,37.0,22.0,44.8
1604479014,30.0,46.0,35.0,37.0,22.0,44.8
1604479015,30.0,46.0,35.0,38.0,22.0,44.6
1604479016,30.0,46.0,35.0,38.0,22.0,44.6
1604479017,30.0,46.0,35.0,38.0,22.0,44.6
1604479018,30.0,46.0,35.0,37.0,22.0,44.6
1604479019,30.0,46.0,35.0,37.0,22.0,44.6
1604479020,30.0,47.0,35.0,37.0,22.0,44.1
1604479021,30.0,47.0,35.0,37.0,22.0,44.1
1604479022,30.0,47.0,35.0,37.0,22.0,44.1
1604479023,30.0,46.0,35.0,37.0,22.0,44.1
1604479024,30.0,46.0,35.0,37.0,22.0,44.1
1604479025,31.0,46.0,36.0,37.0,22.0,44.1
1604479026,31.0,46.0,36.0,37.0,22.0,44.1
1604479027,31.0,46.0,36.0,37.0,22.0,44.1
1604479028,31.0,46.0,36.0,37.0,22.0,44.1
1604479029,31.0,46.0,36.0,37.0,22.0,44.1
1604479030,31.0,46.0,36.0,37.0,22.0,44.1
1604479031,32.0,46.0,36.0,37.0,22.0,44.1
1604479032,32.0,48.0,36.0,37.0,22.0,44.1
1604479033,32.0,48.0,36.0,37.0,22.0,44.1
1604479034,32.0,48.0,36.0,37.0,22.0,44.1
1604479035,32.0,49.0,36.0,37.0,22.0,44.2
1604479036,32.0,49.0,36.0,37.0,22.0,44.2
1604479037,32.0,49.0,35.0,37.0,22.0,44.2
1604479038,32.0,49.0,35.0,37.0,22.0,44.2
1604479039,32.0,50.0,35.0,37.0,22.0,44.2
1604479040,32.0,50.0,36.0,37.0,22.0,44.4
1604479041,32.0,50.0,36.0,36.0,22.0,44.4
1604479042,32.0,49.0,37.0,36.0,22.0,44.4
1604479043,32.0,49.0,37.0,36.0,22.0,44.4
1604479044,32.0,49.0,37.0,36.0,22.0,44.4
1604479045,32.0,49.0,37.0,36.0,22.0,44.4
1604479046,31.0,49.0,37.0,36.0,22.0,44.4
1604479047,31.0,49.0,37.0,36.0,22.0,44.4
1604479048,31.0,49.0,38.0,36.0,22.0,44.4
1604479049,31.0,49.0,38.0,36.0,22.0,44.4
1604479050,31.0,49.0,37.0,37.0,22.0,44.4
1604479051,31.0,49.0,37.0,37.0,22.0,44.4
1604479052,30.0,49.0,37.0,37.0,22.0,44.4
1604479053,30.0,49.0,37.0,37.0,22.0,44.4
1604479054,31.0,49.0,37.0,38.0,22.0,44.4
1604479055,31.0,49.0,36.0,38.0,22.0,44.4
1604479056,31.0,48.0,36.0,38.0,22.0,44.4
1604479057,31.0,48.0,36.0,38.0,22.0,44.4
1604479058,32.0,47.0,35.0,38.0,22.0,44.4
1604479059,32.0,47.0,35.0,38.0,22.0,44.4
1604479060,32.0,47.0,35.0,38.0,22.0,44.3
1604479061,32.0,46.0,35.0,38.0,22.0,44.3
1604479062,33.0,46.0,35.0,38.0,22.0,44.3
1604479063,33.0,46.0,35.0,38.0,22.0,44.3
1604479064,33.0,46.0,35.0,38.0,22.0,44.3
1604479065,33.0,46.0,35.0,38.0,22.0,44.3
1604479066,33.0,46.0,35.0,38.0,22.0,44.3
1604479067,33.0,46.0,35.0,38.0,22.0,44.3
1604479068,32.0,46.0,35.0,38.0,22.0,44.3
1604479069,32.0,46.0,35.0,38.0,22.0,44.3
1604479070,32.0,47.0,35.0,38.0,22.0,44.1
1604479071,32.0,47.0,35.0,38.0,22.0,44.1
1604479072,32.0,47.0,35.0,38.0,22.0,44.1
1604479073,32.0,47.0,35.0,38.0,22.0,44.1
1604479074,32.0,47.0,35.0,38.0,22.0,44.1
1604479075,32.0,47.0,35.0,38.0,21.9,43.4
1604479076,32.0,47.0,35.0,39.0,21.9,43.4
1604479077,32.0,47.0,35.0,39.0,21.9,43.4
1604479078,32.0,47.0,35.0,38.0,21.9,43.4
1604479079,32.0,47.0,36.0,38.0,21.9,43.4
1604479080,32.0,48.0,36.0,38.0,22.0,43.8
1604479081,32.0,48.0,36.0,38.0,22.0,43.8
1604479082,32.0,47.0,36.0,38.0,22.0,43.8
1604479083,32.0,47.0,36.0,38.0,22.0,43.8
1604479084,31.0,47.0,36.0,38.0,22.0,43.8
1604479085,31.0,47.0,37.0,38.0,22.0,43.8
1604479086,31.0,47.0,37.0,37.0,22.0,43.8
1604479087,31.0,47.0,37.0,37.0,22.0,43.8
1604479088,31.0,47.0,37.0,37.0,22.0,43.8
1604479089,31.0,46.0,37.0,37.0,22.0,43.8
1604479090,31.0,46.0,36.0,38.0,21.9,43.7
1604479091,31.0,46.0,36.0,38.0,21.9,43.7
1604479092,31.0,46.0,36.0,38.0,21.9,43.7
1604479093,31.0,46.0,36.0,38.0,21.9,43.7
1604479094,32.0,46.0,36.0,38.0,21.9,43.7
1604479095,32.0,46.0,36.0,38.0,22.0,43.9
1604479096,32.0,47.0,36.0,39.0,22.0,43.9
1604479097,32.0,47.0,36.0,39.0,22.0,43.9
1604479098,32.0,47.0,36.0,39.0,22.0,43.9
1604479099,31.0,47.0,36.0,39.0,22.0,43.9
1604479100,31.0,47.0,36.0,39.0,22.0,43.9
1604479101,31.0,47.0,35.0,39.0,22.0,43.9
1604479102,31.0,47.0,35.0,39.0,22.0,43.9
1604479103,31.0,47.0,35.0,39.0,22.0,43.9
1604479104,30.0,47.0,35.0,39.0,22.0,43.9
1604479105,31.0,47.0,35.0,38.0,22.0,44.0
1604479106,31.0,47.0,35.0,38.0,22.0,44.0
1604479107,31.0,47.0,35.0,38.0,22.0,44.0
1604479108,31.0,47.0,35.0,38.0,22.0,44.0
1604479109,32.0,46.0,35.0,38.0,22.0,44.0
1604479110,32.0,46.0,35.0,38.0,22.0,44.0
1604479111,32.0,47.0,35.0,38.0,22.0,44.0
1604479112,32.0,47.0,35.0,38.0,22.0,44.0
1604479113,32.0,47.0,35.0,38.0,22.0,44.0
1604479114,33.0,48.0,35.0,38.0,22.0,44.0
1604479115,32.0,48.0,35.0,38.0,21.9,43.7
1604479116,32.0,48.0,35.0,38.0,21.9,43.7
1604479117,32.0,49.0,35.0,38.0,21.9,43.7
1604479118,32.0,49.0,35.0,38.0,21.9,43.7
1604479119,32.0,49.0,35.0,38.0,21.9,43.7
1604479120,32.0,49.0,34.0,38.0,21.9,43.6
1604479121,32.0,50.0,34.0,38.0,21.9,43.6
1604479122,32.0,50.0,34.0,38.0,21.9,43.6
1604479123,32.0,50.0,34.0,38.0,21.9,43.6
1604479124,32.0,50.0,35.0,38.0,21.9,43.6
1604479125,32.0,50.0,35.0,38.0,21.9,43.4
1604479126,32.0,50.0,35.0,38.0,21.9,43.4
1604479127,31.0,49.0,35.0,38.0,21.9,43.4
1604479128,31.0,49.0,35.0,38.0,21.9,43.4
1604479129,31.0,48.0,35.0,38.0,21.9,43.4
1604479130,31.0,48.0,36.0,38.0,21.9,43.4
1604479131,30.0,47.0,36.0,37.0,21.9,43.4
1604479132,30.0,47.0,36.0,37.0,21.9,43.4
1604479133,30.0,46.0,36.0,37.0,21.9,43.4
1604479134,30.0,46.0,36.0,37.0,21.9,43.4
1604479135,30.0,45.0,36.0,37.0,22.0,43.3
1604479136,30.0,45.0,36.0,37.0,22.0,43.3
1604479137,30.0,45.0,36.0,37.0,22.0,43.3
1604479138,30.0,45.0,37.0,37.0,22.0,43.3
1604479139,30.0,45.0,37.0,37.0,22.0,43.3
1604479140,30.0,45.0,37.0,37.0,21.9,43.0
1604479141,30.0,45.0,37.0,37.0,21.9,43.0
1604479142,31.0,46.0,38.0,37.0,21.9,43.0
1604479143,31.0,46.0,38.0,37.0,21.9,43.0
1604479144,31.0,46.0,38.0,37.0,21.9,43.0
1604479145,31.0,46.0,38.0,37.0,21.9,42.8
1604479146,32.0,46.0,38.0,37.0,21.9,42.8
1604479147,32.0,46.0,37.0,37.0,21.9,42.8
1604479148,32.0,46.0,37.0,37.0,21.9,42.8
1604479149,32.0,46.0,37.0,37.0,21.9,42.8
1604479150,33.0,46.0,36.0,37.0,21.9,42.9
1604479151,33.0,46.0,36.0,37.0,21.9,42.9
1604479152,33.0,46.0,35.0,37.0,21.9,42.9
1604479153,33.0,46.0,35.0,37.0,21.9,42.9
1604479154,33.0,46.0,35.0,37.0,21.9,42.9
1604479155,33.0,46.0,35.0,37.0,21.9,42.9
1604479156,33.0,47.0,35.0,37.0,21.9,42.9
1604479157,33.0,47.0,35.0,37.0,21.9,42.9
1604479158,33.0,47.0,36.0,36.0,21.9,42.9
1604479159,33.0,47.0,36.0,36.0,21.9,42.9
1604479160,33.0,47.0,36.0,36.0,21.9,42.9
1604479161,33.0,48.0,36.0,37.0,21.9,42.9
1604479162,33.125,48.0,36.0,37.0,21.9,42.9
1604479163,33.25,48.0,36.0,37.0,21.9,42.9
1604479164,33.375,48.0,36.0,37.0,21.9,42.9
1604479165,33.5,48.0,36.0,37.0,21.9,42.9
1604479166,33.625,48.0,36.0,37.0,21.9,42.9
1604479167,33.75,48.0,36.0,37.0,21.9,42.9
1604479168,33.875,48.0,36.0,37.0,21.9,42.9
1604479169,34.0,48.0,36.0,37.0,21.9,42.9
1604479170,34.0,48.0,36.0,37.0,21.9,42.9
1604479171,34.0,47.0,36.0,37.0,21.9,42.9
1604479172,34.0,47.0,36.0,37.0,21.9,42.9
1604479173,34.0,47.0,36.0,37.0,21.9,42.9
1604479174,34.0,47.0,36.0,36.0,21.9,42.9
1604479175,34.0,46.0,36.0,36.0,21.9,42.9
1604479176,34.0,46.0,36.0,36.0,21.9,42.9
1604479177,34.0,46.0,36.0,36.0,21.8,42.8
1604479178,33.0,46.0,36.0,36.0,21.8,42.8
1604479179,33.0,46.0,36.0,36.0,21.8,42.8
1604479180,33.0,46.0,36.0,36.0,21.8,42.8
1604479181,33.0,46.0,35.0,37.0,21.8,42.8
1604479182,33.0,46.0,35.0,37.0,21.9,42.8
1604479183,33.0,46.0,35.0,37.0,21.9,42.8
1604479184,33.0,47.0,35.0,37.0,21.9,42.8
1604479185,33.0,47.0,35.0,37.0,21.9,42.8
1604479186,33.0,47.0,36.0,38.0,21.9,42.8
1604479187,33.0,47.0,36.0,38.0,21.9,42.6
1604479188,33.0,47.0,36.0,38.0,21.9,42.6
1604479189,33.0,47.0,36.0,38.0,21.9,42.6
1604479190,33.0,46.0,36.0,38.0,21.9,42.6
1604479191,33.0,46.0,36.0,38.0,21.9,42.6
1604479192,33.0,46.0,36.0,38.0,21.8,42.5
1604479193,33.0,46.0,36.0,37.0,21.8,42.5
1604479194,33.0,46.0,36.0,37.0,21.8,42.5
1604479195,33.0,45.0,36.0,37.0,21.8,42.5
1604479196,32.0,46.0,36.0,37.0,21.8,42.5
1604479197,32.0,46.0,36.0,37.0,21.8,42.5
1604479198,32.0,46.0,35.0,37.0,21.8,42.5
1604479199,32.0,46.0,35.0,37.0,21.8,42.5
1604479200,32.0,46.0,35.0,37.0,21.8,42.5
1604479201,31.0,46.0,35.0,38.0,21.8,42.5
1604479202,31.0,46.0,35.0,38.0,21.8,42.5
1604479203,31.0,47.0,35.0,38.0,21.8,42.5
1604479204,31.0,47.0,35.0,37.0,21.8,42.5
1604479205,31.0,47.0,35.0,37.0,21.8,42.5
1604479206,31.0,47.0,35.0,37.0,21.8,42.5
1604479207,31.0,47.0,35.0,37.0,21.8,42.5
1604479208,32.0,47.0,35.0,37.0,21.8,42.5
1604479209,32.0,47.0,36.0,36.0,21.8,42.5
1604479210,32.0,47.0,36.0,36.0,21.8,42.5
1604479211,32.0,47.0,36.0,36.0,21.8,42.5
1604479212,32.0,47.0,36.0,36.0,21.8,42.5
1604479213,33.0,47.0,36.0,36.0,21.8,42.5
1604479214,33.0,46.0,35.0,36.0,21.8,42.5
1604479215,33.0,46.0,35.0,36.0,21.8,42.5
1604479216,33.0,46.0,35.0,36.0,21.8,42.5
1604479217,33.0,46.0,35.0,36.0,21.7,42.4
1604479218,32.0,45.0,35.0,36.0,21.7,42.4
1604479219,32.0,45.0,35.0,36.0,21.7,42.4
1604479220,32.0,44.0,35.0,37.0,21.7,42.4
1604479221,32.0,44.0,35.0,37.0,21.7,42.4
1604479222,32.0,44.0,35.0,37.0,21.7,42.4
1604479223,32.0,44.0,35.0,37.0,21.7,42.4
1604479224,32.0,44.0,36.0,37.0,21.7,42.4
1604479225,33.0,43.0,36.0,37.0,21.7,42.4
1604479226,33.0,43.0,36.0,37.0,21.7,42.4
1604479227,33.0,43.0,36.0,38.0,21.7,42.4
1604479228,33.0,44.0,36.0,38.0,21.7,42.4
1604479229,33.0,44.0,37.0,38.0,21.7,42.4
1604479230,34.0,44.0,37.0,38.0,21.7,42.4
1604479231,33.0,44.0,36.0,38.0,21.7,42.4
1604479232,33.0,44.0,36.0,38.0,21.7,42.4
1604479233,33.0,45.0,37.0,38.0,21.7,42.4
1604479234,33.0,45.0,37.0,38.0,21.7,42.4
1604479235,33.0,45.0,37.0,37.0,21.7,42.4
1604479236,33.0,46.0,37.0,37.0,21.7,42.4
1604479237,32.0,46.0,36.0,37.0,21.7,42.8
1604479238,32.0,46.0,36.0,37.0,21.7,42.8
1604479239,32.0,46.0,36.0,37.0,21.7,42.8
1604479240,32.0,46.0,36.0,37.0,21.7,42.8
1604479241,31.0,46.0,36.0,37.0,21.7,42.8
1604479242,32.0,46.0,35.0,37.0,21.8,42.9
1604479243,32.0,46.0,35.0,38.0,21.8,42.9
1604479244,32.0,46.0,35.0,38.0,21.8,42.9
1604479245,32.0,46.0,35.0,38.0,21.8,42.9
1604479246,32.0,45.0,35.0,38.0,21.8,42.9
1604479247,32.0,45.0,35.0,38.0,21.8,42.9
1604479248,32.0,45.0,35.0,38.0,21.7,42.8
1604479249,32.0,44.0,35.0,38.0,21.7,42.8
1604479250,32.0,44.0,35.0,38.0,21.7,42.8
1604479251,32.0,44.0,35.0,38.0,21.7,42.8
1604479252,32.0,43.0,36.0,38.0,21.7,42.8
1604479253,32.0,43.0,36.0,38.0,21.7,43.3
1604479254,32.0,43.0,36.0,38.0,21.7,43.3
1604479255,31.0,42.0,36.0,38.0,21.7,43.3
1604479256,31.0,35.0,36.0,38.0,21.7,43.3
1604479257,31.0,34.0,36.0,38.0,21.7,43.3
1604479258,31.0,34.0,36.0,38.0,21.7,43.3
1604479259,31.0,34.0,36.0,38.0,21.7,43.3
1604479260,31.0,34.0,36.0,38.0,21.7,43.3
1604479261,30.0,34.0,36.0,38.0,21.7,43.3
1604479262,30.0,34.0,36.0,38.0,21.7,43.3
1604479263,30.0,33.0,36.0,38.0,21.7,43.3
1604479264,31.0,33.0,36.0,38.0,21.7,43.3
1604479265,31.0,32.0,36.0,38.0,21.7,43.3
1604479266,31.0,32.0,36.0,38.0,21.7,43.3
1604479267,31.0,31.0,36.0,38.0,21.7,43.3
1604479268,31.0,31.0,37.0,38.0,21.7,43.4
1604479269,31.0,31.0,36.0,38.0,21.7,43.4
1604479270,31.0,30.0,36.0,38.0,21.7,43.4
1604479271,31.0,30.0,36.0,38.0,21.7,43.4
1604479272,31.0,30.0,36.0,38.0,21.7,43.4
1604479273,31.0,30.0,36.0,38.0,21.8,43.6
1604479274,31.0,30.0,36.0,38.0,21.8,43.6
1604479275,31.0,30.0,36.0,38.0,21.8,43.6
1604479276,31.0,31.0,36.0,38.0,21.8,43.6
1604479277,31.0,31.0,36.0,38.0,21.8,43.6
1604479278,31.0,31.0,35.0,38.0,21.7,43.4
1604479279,31.0,32.0,35.0,38.0,21.7,43.4
1604479280,31.0,32.0,35.0,37.0,21.7,43.4
1604479281,31.0,33.0,35.0,37.0,21.7,43.4
1604479282,31.0,33.0,35.0,37.0,21.7,43.4
1604479283,31.0,34.0,35.0,37.0,21.8,43.5
1604479284,31.0,34.0,35.0,37.0,21.8,43.5
1604479285,31.0,35.0,35.0,37.0,21.8,43.5
1604479286,31.0,35.0,35.0,37.0,21.8,43.5
1604479287,31.0,35.0,35.0,37.0,21.8,43.5
1604479288,31.0,35.0,36.0,37.0,21.8,43.0
1604479289,31.0,36.0,36.0,37.0,21.8,43.0
1604479290,31.0,36.0,36.0,37.0,21.8,43.0
1604479291,31.0,36.0,36.0,37.0,21.8,43.0
1604479292,31.0,36.0,36.0,37.0,21.8,43.0
1604479293,31.0,36.0,36.0,37.0,21.8,43.4
1604479294,32.0,36.0,36.0,37.0,21.8,43.4
1604479295,32.0,35.0,36.0,37.0,21.8,43.4
1604479296,32.0,35.0,36.0,37.0,21.8,43.4
1604479297,32.0,35.0,36.0,37.0,21.8,43.4
1604479298,32.0,34.0,36.0,37.0,21.7,43.3
1604479299,32.0,34.0,36.0,37.0,21.7,43.3
1604479300,32.0,33.0,36.0,37.0,21.7,43.3
1604479301,32.0,33.0,36.0,37.0,21.7,43.3
1604479302,32.0,33.0,36.0,37.0,21.7,43.3
1604479303,32.0,32.0,36.0,37.0,21.7,43.3
1604479304,32.0,31.0,36.0,37.0,21.7,43.3
1604479305,32.0,31.0,36.0,38.0,21.7,43.3
1604479306,32.0,30.0,36.0,38.0,21.7,43.3
1604479307,31.0,30.0,36.0,38.0,21.7,43.3
1604479308,31.0,30.0,36.0,38.0,21.7,43.4
1604479309,31.0,29.0,36.0,38.0,21.7,43.4
1604479310,31.0,29.0,36.0,39.0,21.7,43.4
1604479311,32.0,28.0,37.0,39.0,21.7,43.4
1604479312,32.0,28.0,37.0,39.0,21.7,43.4
1604479313,32.0,28.0,37.0,39.0,21.8,43.4
1604479314,32.0,28.0,37.0,39.0,21.8,43.4
1604479315,32.0,28.0,37.0,39.0,21.8,43.4
1604479316,32.0,28.0,37.0,39.0,21.8,43.4
1604479317,32.0,28.0,38.0,39.0,21.8,43.4
1604479318,32.0,29.0,38.0,39.0,21.7,43.4
1604479319,32.0,29.0,38.0,39.0,21.7,43.4
1604479320,33.0,29.0,38.0,38.0,21.7,43.4
1604479321,32.0,29.0,37.0,38.0,21.7,43.4
1604479322,32.0,29.0,37.0,38.0,21.7,43.4
1604479323,32.0,29.0,37.0,38.0,21.7,43.4
1604479324,33.0,29.0,36.0,37.0,21.7,43.4
1604479325,32.0,29.0,36.0,37.0,21.7,43.4
1604479326,32.0,29.0,35.0,37.0,21.7,43.4
1604479327,32.0,29.0,35.0,37.0,21.7,43.4
1604479328,32.0,30.0,35.0,37.0,21.7,43.2
1604479329,32.0,30.0,34.0,37.0,21.7,43.2
1604479330,32.0,29.0,34.0,36.0,21.7,43.2
1604479331,32.0,30.0,34.0,36.0,21.7,43.2
1604479332,32.0,30.0,34.0,36.0,21.7,43.2
1604479333,32.0,30.0,34.0,36.0,21.7,43.1
1604479334,33.0,30.0,34.0,36.0,21.7,43.1
1604479335,33.0,30.0,34.0,36.0,21.7,43.1
1604479336,33.0,31.0,34.0,36.0,21.7,43.1
1604479337,33.0,31.0,34.0,36.0,21.7,43.1
1604479338,33.0,31.0,35.0,36.0,21.7,43.0
1604479339,33.0,32.0,35.0,36.0,21.7,43.0
1604479340,33.0,32.0,35.0,36.0,21.7,43.0
1604479341,33.0,32.0,35.0,36.0,21.7,43.0
1604479342,32.0,32.0,35.0,36.0,21.7,43.0
1604479343,32.0,32.0,35.0,36.0,21.7,42.9
1604479344,32.0,33.0,36.0,36.0,21.7,42.9
1604479345,32.0,33.0,36.0,36.0,21.7,42.9
1604479346,32.0,33.0,36.0,37.0,21.7,42.9
1604479347,32.0,33.0,36.0,37.0,21.7,42.9
1604479348,32.0,32.0,36.0,37.0,21.7,42.8
1604479349,32.0,32.0,36.0,37.0,21.7,42.8
1604479350,32.0,32.0,36.0,38.0,21.7,42.8
1604479351,32.0,32.0,36.0,38.0,21.7,42.8
1604479352,32.0,32.0,36.0,38.0,21.7,42.8
1604479353,32.0,32.0,36.0,38.0,21.7,43.0
1604479354,32.0,32.0,36.0,37.0,21.7,43.0
1604479355,32.0,32.0,37.0,37.0,21.7,43.0
1604479356,32.0,32.0,37.0,37.0,21.7,43.0
1604479357,32.0,32.0,37.0,37.0,21.7,43.0
1604479358,32.0,33.0,37.0,37.0,21.7,42.9
1604479359,32.0,33.0,37.0,36.0,21.7,42.9
1604479360,32.0,33.0,37.0,36.0,21.7,42.9
1604479361,32.0,33.0,37.0,36.0,21.7,42.9
1604479362,32.0,33.0,37.0,36.0,21.7,42.9
1604479363,31.0,33.0,38.0,36.0,21.7,42.9
1604479364,31.0,33.0,37.0,36.0,21.7,42.9
1604479365,31.0,32.0,37.0,36.0,21.7,42.9
1604479366,31.0,32.0,37.0,37.0,21.7,42.9
1604479367,31.0,32.0,37.0,37.0,21.7,42.9
1604479368,31.0,32.0,36.0,37.0,21.8,42.9
1604479369,31.0,32.0,36.0,37.0,21.8,42.9
1604479370,31.0,32.0,36.0,37.0,21.8,42.9
1604479371,31.0,32.0,36.0,37.0,21.8,42.9
1604479372,31.0,32.0,35.0,37.0,21.8,42.9
1604479373,31.22222222222222,32.0,35.0,37.0,21.788888888888888,42.888888888888886
1604479374,31.444444444444443,32.0,35.0,37.0,21.77777777777778,42.87777777777777
1604479375,31.666666666666668,32.0,35.0,37.0,21.766666666666666,42.86666666666667
1604479376,31.88888888888889,32.0,35.0,37.0,21.75555555555556,42.855555555555554
1604479377,32.111111111111114,32.0,35.0,37.0,21.744444444444444,42.84444444444444
1604479378,32.333333333333336,32.0,35.0,37.0,21.73333333333333,42.83333333333333
1604479379,32.55555555555556,32.0,35.0,37.0,21.72222222222222,42.82222222222222
1604479380,32.77777777777778,32.0,35.0,37.0,21.711111111111112,42.81111111111111
1604479381,33.0,32.0,35.0,37.0,21.7,42.8
1604479382,33.0,32.0,35.0,37.0,21.7,42.8
1604479383,33.0,32.0,35.0,37.0,21.7,42.8
1604479384,33.0,32.0,34.0,37.0,21.7,42.8
1604479385,33.0,32.0,34.0,37.0,21.7,42.8
1604479386,33.0,33.0,35.0,37.0,21.7,42.8
1604479387,33.0,33.0,35.0,37.0,21.7,42.8
1604479388,33.0,33.0,35.0,37.0,21.7,42.8
1604479389,33.0,33.0,35.0,37.0,21.7,42.8
1604479390,33.0,33.0,35.0,37.0,21.7,42.8
1604479391,33.0,33.0,35.0,37.0,21.8,43.0
1604479392,33.0,33.0,35.0,37.0,21.8,43.0
1604479393,32.0,33.0,35.0,38.0,21.8,43.0
1604479394,32.0,33.0,35.0,38.0,21.8,43.0
1604479395,32.0,32.0,35.0,38.0,21.8,43.0
1604479396,32.0,32.0,35.0,38.0,21.7,42.9
1604479397,32.0,32.0,35.0,38.0,21.7,42.9
1604479398,32.0,32.0,35.0,38.0,21.7,42.9
1604479399,32.0,32.0,35.0,38.0,21.7,42.9
1604479400,32.0,32.0,35.0,38.0,21.7,42.9
1604479401,32.0,32.0,35.0,38.0,21.8,43.2
1604479402,32.0,32.0,35.0,39.0,21.8,43.2
1604479403,32.0,31.0,35.0,39.0,21.8,43.2
1604479404,32.0,31.0,35.0,39.0,21.8,43.2
1604479405,32.0,31.0,35.0,39.0,21.8,43.2
1604479406,32.0,31.0,36.0,39.0,21.8,43.2
1604479407,32.0,31.0,36.0,39.0,21.8,43.2
1604479408,32.0,31.0,36.0,39.0,21.8,43.2
1604479409,32.0,31.0,36.0,39.0,21.8,43.2
1604479410,32.0,32.0,36.0,39.0,21.8,43.2
1604479411,31.0,32.0,36.0,39.0,21.8,43.4
1604479412,31.0,32.0,36.0,39.0,21.8,43.4
1604479413,31.0,32.0,36.0,39.0,21.8,43.4
1604479414,31.0,32.0,37.0,39.0,21.8,43.4
1604479415,31.0,32.0,36.0,39.0,21.8,43.4
1604479416,31.0,32.0,36.0,39.0,21.8,43.4
1604479417,31.0,32.0,36.0,39.0,21.8,43.4
1604479418,31.0,33.0,35.0,39.0,21.8,43.4
1604479419,31.0,33.0,35.0,39.0,21.8,43.4
1604479420,31.0,33.0,35.0,39.0,21.8,43.4
1604479421,31.0,33.0,35.0,38.0,21.8,43.4
1604479422,31.0,33.0,35.0,38.0,21.8,43.4
1604479423,31.0,33.0,35.0,37.0,21.8,43.4
1604479424,31.0,33.0,35.0,36.0,21.8,43.4
1604479425,32.0,33.0,34.0,36.0,21.8,43.4
1604479426,32.0,33.0,34.0,36.0,21.8,43.5
1604479427,32.0,33.0,34.0,37.0,21.8,43.5
1604479428,32.0,33.0,34.0,37.0,21.8,43.5
1604479429,32.0,33.0,34.0,37.0,21.8,43.5
1604479430,32.0,33.0,34.0,37.0,21.8,43.5
1604479431,31.0,33.0,34.0,37.0,21.8,43.6
1604479432,31.0,33.0,34.0,37.0,21.8,43.6
1604479433,32.0,33.0,34.0,38.0,21.8,43.6
1604479434,32.0,33.0,34.0,38.0,21.8,43.6
1604479435,32.0,33.0,34.0,38.0,21.8,43.6
1604479436,32.0,33.0,34.0,38.0,21.8,43.9
1604479437,32.0,33.0,34.0,38.0,21.8,43.9
1604479438,32.0,33.0,34.0,38.0,21.8,43.9
1604479439,32.0,33.0,34.0,38.0,21.8,43.9
1604479440,32.0,33.0,34.0,38.0,21.8,43.9
1604479441,32.0,33.0,34.0,38.0,21.9,44.0
1604479442,32.0,33.0,34.0,38.0,21.9,44.0
1604479443,32.0,33.0,35.0,38.0,21.9,44.0
1604479444,32.0,33.0,35.0,38.0,21.9,44.0
1604479445,32.0,33.0,35.0,38.0,21.9,44.0
1604479446,32.0,33.0,35.0,38.0,21.9,44.1
1604479447,32.0,33.0,34.0,38.0,21.9,44.1
1604479448,32.0,33.0,34.0,38.0,21.9,44.1
1604479449,32.0,33.0,34.0,38.0,21.9,44.1
1604479450,31.0,33.0,34.0,38.0,21.9,44.1
1604479451,31.0,33.0,34.0,38.0,21.9,44.1
1604479452,31.0,34.0,34.0,37.0,21.9,44.1
1604479453,31.0,34.0,34.0,37.0,21.9,44.1
1604479454,31.0,34.0,35.0,37.0,21.9,44.1
1604479455,31.0,35.0,35.0,37.0,21.9,44.1
1604479456,31.0,35.0,35.0,37.0,21.9,44.0
1604479457,31.0,35.0,35.0,37.0,21.9,44.0
1604479458,31.0,35.0,35.0,37.0,21.9,44.0
1604479459,31.0,35.0,36.0,37.0,21.9,44.0
1604479460,31.0,35.0,36.0,37.0,21.9,44.0
1604479461,32.0,35.0,36.0,37.0,21.9,43.9
1604479462,32.0,35.0,37.0,37.0,21.9,43.9
1604479463,32.0,35.0,36.0,38.0,21.9,43.9
1604479464,33.0,35.0,36.0,38.0,21.9,43.9
1604479465,33.0,34.0,36.0,38.0,21.9,43.9
1604479466,33.0,34.0,36.0,38.0,21.9,43.9
1604479467,33.0,34.0,36.0,39.0,21.9,43.9
1604479468,33.0,34.0,36.0,39.0,21.9,43.9
1604479469,33.0,34.0,35.0,39.0,21.9,43.9
1604479470,33.0,34.0,35.0,39.0,21.9,43.9
1604479471,33.0,34.0,35.0,39.0,21.9,43.9
1604479472,33.0,34.0,35.0,39.0,21.9,43.9
1604479473,33.0,34.0,35.0,39.0,21.9,43.9
1604479474,33.0,34.0,35.0,39.0,21.9,43.9
1604479475,32.0,33.0,35.0,39.0,21.9,43.9
1604479476,32.0,33.0,35.0,39.0,21.9,44.0
1604479477,32.0,33.0,35.0,38.0,21.9,44.0
1604479478,31.0,33.0,35.0,38.0,21.9,44.0
1604479479,31.0,33.0,35.0,38.0,21.9,44.0
1604479480,31.0,33.0,35.0,38.0,21.9,44.0
1604479481,31.0,33.0,36.0,38.0,21.9,44.0
1604479482,31.0,32.0,36.0,38.0,21.9,44.0
1604479483,30.0,32.0,36.0,38.0,21.9,44.0
1604479484,30.0,32.0,36.0,38.0,21.9,44.0
1604479485,30.0,32.0,36.0,38.0,21.9,44.0
1604479486,31.0,33.0,37.0,37.0,21.9,44.2
1604479487,31.0,33.0,37.0,37.0,21.9,44.2
1604479488,32.0,33.0,37.0,37.0,21.9,44.2
1604479489,32.0,33.0,37.0,37.0,21.9,44.2
1604479490,32.0,33.0,37.0,37.0,21.9,44.2
1604479491,32.0,33.0,37.0,36.0,22.0,44.6
1604479492,32.0,33.0,37.0,36.0,22.0,44.6
1604479493,32.0,33.0,38.0,36.0,22.0,44.6
1604479494,32.0,33.0,38.0,36.0,22.0,44.6
1604479495,32.0,33.0,38.0,36.0,22.0,44.6
1604479496,31.0,33.0,38.0,36.0,22.0,43.9
1604479497,31.0,33.0,38.0,36.0,22.0,43.9
1604479498,31.0,33.0,37.0,36.0,22.0,43.9
1604479499,31.0,33.0,38.0,36.0,22.0,43.9
1604479500,30.0,33.0,38.0,36.0,22.0,43.9
1604479501,30.0,33.0,38.0,36.0,22.0,43.8
1604479502,30.0,33.0,38.0,37.0,22.0,43.8
1604479503,30.0,33.0,38.0,37.0,22.0,43.8
1604479504,30.0,33.0,38.0,37.0,22.0,43.8
1604479505,29.0,33.0,38.0,37.0,22.0,43.8
1604479506,29.0,33.0,38.0,37.0,22.0,43.8
1604479507,29.0,33.0,38.0,38.0,22.0,43.8
1604479508,30.0,33.0,38.0,38.0,22.0,43.8
1604479509,30.0,33.0,37.0,38.0,22.0,43.8
1604479510,30.0,33.0,37.0,38.0,22.0,43.8
1604479511,30.0,33.0,35.0,38.0,22.0,43.8
1604479512,30.0,33.0,36.0,38.0,22.0,43.8
1604479513,31.0,33.0,36.0,38.0,22.0,43.8
1604479514,31.0,33.0,36.0,38.0,22.0,43.8
1604479515,31.0,33.0,36.0,38.0,22.0,43.8
1604479516,32.0,33.0,37.0,38.0,22.0,43.9
1604479517,32.0,33.0,37.0,38.0,22.0,43.9
1604479518,32.0,33.0,37.0,38.0,22.0,43.9
1604479519,32.0,33.0,37.0,38.0,22.0,43.9
1604479520,32.0,33.0,37.0,38.0,22.0,43.9
1604479521,32.0,33.0,37.0,38.0,22.0,43.8
1604479522,32.0,33.0,37.0,38.0,22.0,43.8
1604479523,32.0,33.0,37.0,38.0,22.0,43.8
1604479524,32.0,32.0,38.0,38.0,22.0,43.8
1604479525,32.0,32.0,38.0,38.0,22.0,43.8
1604479526,31.0,32.0,38.0,38.0,22.0,43.8
1604479527,31.0,32.0,39.0,38.0,22.0,43.8
1604479528,31.0,32.0,39.0,38.0,22.0,43.8
1604479529,31.0,32.0,39.0,37.0,22.0,43.8
1604479530,31.0,32.0,39.0,37.0,22.0,43.8
1604479531,31.0,32.0,39.0,37.0,22.0,43.9
1604479532,31.0,32.0,39.0,37.0,22.0,43.9
1604479533,31.0,32.0,39.0,37.0,22.0,43.9
1604479534,31.0,32.0,39.0,37.0,22.0,43.9
1604479535,31.0,33.0,39.0,37.0,22.0,43.9
1604479536,31.0,33.0,39.0,38.0,22.0,43.5
1604479537,31.0,33.0,39.0,38.0,22.0,43.5
1604479538,31.0,33.0,38.0,38.0,22.0,43.5
1604479539,32.0,33.0,38.0,38.0,22.0,43.5
1604479540,32.0,33.0,38.0,38.0,22.0,43.5
1604479541,32.0,33.0,37.0,38.0,22.0,43.3
1604479542,32.0,32.0,37.0,38.0,22.0,43.3
1604479543,32.0,32.0,37.0,38.0,22.0,43.3
1604479544,32.0,32.0,37.0,38.0,22.0,43.3
1604479545,32.0,32.0,36.0,38.0,22.0,43.3
1604479546,32.0,32.0,36.0,38.0,22.1,43.3
1604479547,31.0,32.0,36.0,37.0,22.1,43.3
1604479548,31.0,32.0,36.0,37.0,22.1,43.3
1604479549,31.0,32.0,35.0,37.0,22.1,43.3
1604479550,31.0,32.0,35.0,37.0,22.1,43.3
1604479551,31.0,32.0,35.0,37.0,22.1,43.1
1604479552,31.0,33.0,35.0,37.0,22.1,43.1
1604479553,31.0,33.0,35.0,37.0,22.1,43.1
1604479554,31.0,33.0,35.0,37.0,22.1,43.1
1604479555,31.0,33.0,35.0,37.0,22.1,43.1
1604479556,30.0,33.0,35.0,37.0,22.1,42.9
1604479557,30.0,33.0,35.0,38.0,22.1,42.9
1604479558,30.0,33.0,35.0,38.0,22.1,42.9
1604479559,30.0,33.0,35.0,38.0,22.1,42.9
1604479560,30.0,33.0,35.0,38.0,22.1,42.9
1604479561,30.0,32.0,36.0,38.0,22.0,42.6
1604479562,30.0,32.0,36.0,38.0,22.0,42.6
1604479563,30.0,32.0,36.0,38.0,22.0,42.6
1604479564,30.0,32.0,37.0,38.0,22.0,42.6
1604479565,30.0,32.0,37.0,39.0,22.0,42.6
1604479566,30.0,32.0,37.0,39.0,22.0,42.8
1604479567,31.0,32.0,37.0,39.0,22.0,42.8
1604479568,31.0,32.0,37.0,39.0,22.0,42.8
1604479569,31.0,33.0,38.0,39.0,22.0,42.8
1604479570,31.0,33.0,38.0,39.0,22.0,42.8
1604479571,31.0,33.0,38.0,39.0,22.1,42.6
1604479572,31.0,33.0,38.0,39.0,22.1,42.6
1604479573,31.0,34.0,38.0,39.0,22.1,42.6
1604479574,31.0,34.0,38.0,39.0,22.1,42.6
1604479575,31.0,34.0,38.0,39.0,22.1,42.6
1604479576,31.0,34.0,37.0,39.0,22.1,42.5
1604479577,31.0,34.0,37.0,39.0,22.1,42.5
1604479578,31.0,34.0,37.0,39.0,22.1,42.5
1604479579,31.0,34.0,37.0,39.0,22.1,42.5
1604479580,31.0,34.0,37.0,39.0,22.1,42.5
1604479581,31.0,34.0,36.0,39.0,22.1,42.7
1604479582,31.0,34.0,36.0,39.0,22.1,42.7
1604479583,31.0,34.0,36.0,40.0,22.1,42.7
1604479584,31.0,33.0,36.0,40.0,22.1,42.7
1604479585,31.0,33.0,35.875,40.0,22.1,42.7
1604479586,31.0,33.0,35.75,40.0,22.1,42.7
1604479587,31.0,33.0,35.625,40.0,22.1,42.7
1604479588,31.0,33.0,35.5,40.0,22.1,42.7
1604479589,31.0,33.0,35.375,40.0,22.1,42.7
1604479590,31.0,33.0,35.25,40.0,22.1,42.7
1604479591,31.0,33.0,35.125,40.0,22.1,42.7
1604479592,31.0,33.0,35.0,40.0,22.1,42.7
1604479593,31.0,33.0,35.0,40.0,22.1,42.8
1604479594,31.0,33.0,35.0,40.0,22.1,42.8
1604479595,31.0,32.0,35.0,40.0,22.1,42.8
1604479596,31.0,32.0,35.0,41.0,22.1,42.8
1604479597,31.0,32.0,35.0,41.0,22.1,42.8
1604479598,31.0,32.0,35.0,41.0,22.1,42.9
1604479599,31.0,32.0,35.0,41.0,22.1,42.9
1604479600,31.0,32.0,35.0,41.0,22.1,42.9
1604479601,31.0,31.0,35.0,41.0,22.1,42.9
1604479602,31.0,31.0,36.0,41.0,22.1,42.9
1604479603,32.0,31.0,36.0,41.0,22.1,43.1
1604479604,32.0,31.0,36.0,41.0,22.1,43.1
1604479605,32.0,31.0,36.0,41.0,22.1,43.1
1604479606,32.0,31.0,36.0,40.0,22.1,43.1
1604479607,32.0,30.0,36.0,40.0,22.1,43.1
1604479608,32.0,30.0,36.0,40.0,22.1,43.1
1604479609,32.0,30.0,36.0,40.0,22.1,43.1
1604479610,32.0,30.0,36.0,39.0,22.1,43.1
1604479611,32.0,30.0,37.0,39.0,22.1,43.1
1604479612,31.0,30.0,37.0,39.0,22.1,43.1
1604479613,31.0,30.0,37.0,39.0,22.1,43.3
1604479614,31.0,31.0,36.0,39.0,22.1,43.3
1604479615,31.0,31.0,36.0,39.0,22.1,43.3
1604479616,31.0,31.0,36.0,39.0,22.1,43.3
1604479617,31.0,32.0,36.0,39.0,22.1,43.3
1604479618,31.0,32.0,36.0,40.0,22.1,43.3
1604479619,31.0,32.0,36.0,40.0,22.1,43.3
1604479620,31.0,32.0,36.0,40.0,22.1,43.3
1604479621,32.0,32.0,36.0,39.0,22.1,43.3
1604479622,32.0,33.0,36.0,39.0,22.1,43.3
1604479623,32.0,33.0,36.0,39.0,22.1,43.4
1604479624,32.0,33.0,37.0,39.0,22.1,43.4
1604479625,33.0,33.0,37.0,39.0,22.1,43.4
1604479626,33.0,33.0,37.0,39.0,22.1,43.4
1604479627,33.0,33.0,37.0,38.0,22.1,43.4
1604479628,33.0,32.0,37.0,38.0,22.1,43.3
1604479629,33.0,32.0,37.0,38.0,22.1,43.3
1604479630,33.0,32.0,37.0,38.0,22.1,43.3
1604479631,33.0,33.0,37.0,38.0,22.1,43.3
1604479632,32.0,33.0,37.0,38.0,22.1,43.3
1604479633,32.0,33.0,37.0,38.0,22.1,43.1
1604479634,32.0,33.0,36.0,38.0,22.1,43.1
1604479635,32.0,33.0,36.0,38.0,22.1,43.1
1604479636,32.0,33.0,36.0,38.0,22.1,43.1
1604479637,32.0,33.0,36.0,39.0,22.1,43.1
1604479638,32.0,33.0,36.0,39.0,22.1,43.0
1604479639,32.0,33.0,36.0,39.0,22.1,43.0
1604479640,32.0,33.0,36.0,39.0,22.1,43.0
1604479641,32.0,32.0,36.0,39.0,22.1,43.0
1604479642,32.0,32.0,36.0,40.0,22.1,43.0
1604479643,32.0,32.0,36.0,40.0,22.1,42.9
1604479644,32.0,32.0,36.0,40.0,22.1,42.9
1604479645,32.0,32.0,36.0,40.0,22.1,42.9
1604479646,31.0,32.0,37.0,40.0,22.1,42.9
1604479647,31.0,32.0,36.0,40.0,22.1,42.9
1604479648,31.0,32.0,36.0,40.0,22.1,42.9
1604479649,31.0,33.0,36.0,40.0,22.1,42.9
1604479650,31.0,33.0,36.0,39.0,22.1,42.9
1604479651,31.0,33.0,36.0,39.0,22.1,42.9
1604479652,31.0,34.0,35.0,39.0,22.1,42.9
1604479653,31.0,34.0,35.0,39.0,22.1,42.9
1604479654,31.0,34.0,35.0,38.0,22.1,42.9
1604479655,31.0,34.0,35.0,38.0,22.1,42.9
1604479656,31.0,34.0,35.0,38.0,22.1,42.9
1604479657,31.0,33.0,35.0,38.0,22.1,42.9
1604479658,31.0,33.0,35.0,38.0,22.1,42.9
1604479659,31.0,33.0,35.0,38.0,22.1,42.9
1604479660,32.0,33.0,35.0,38.0,22.1,42.9
1604479661,32.0,32.0,35.0,38.0,22.1,42.9
1604479662,32.0,32.0,35.0,38.0,22.1,42.9
1604479663,33.0,32.0,35.0,38.0,22.2,43.0
1604479664,33.0,32.0,35.0,38.0,22.2,43.0
1604479665,33.0,32.0,35.0,38.0,22.2,43.0
1604479666,33.0,32.0,34.0,39.0,22.2,43.0
1604479667,33.0,32.0,34.0,39.0,22.2,43.0
1604479668,33.0,33.0,34.0,39.0,22.1,42.8
1604479669,32.0,33.0,34.0,39.0,22.1,42.8
1604479670,32.0,33.0,34.0,39.0,22.1,42.8
1604479671,32.0,34.0,35.0,40.0,22.1,42.8
1604479672,31.0,34.0,35.0,40.0,22.1,42.8
1604479673,31.0,34.0,35.0,40.0,22.2,42.9
1604479674,31.0,34.0,35.0,38.0,22.2,42.9
1604479675,30.0,34.0,35.0,38.0,22.2,42.9
1604479676,30.0,34.0,35.0,38.0,22.2,42.9
1604479677,30.0,34.0,35.0,38.0,22.2,42.9
1604479678,30.0,34.0,35.0,38.0,22.1,43.3
1604479679,30.0,34.0,35.0,38.0,22.1,43.3
1604479680,30.0,34.0,35.0,38.0,22.1,43.3
1604479681,30.0,34.0,35.0,38.0,22.1,43.3
1604479682,30.0,34.0,35.0,38.0,22.1,43.3
1604479683,30.0,34.0,35.0,38.0,22.2,43.6
1604479684,31.0,34.0,34.0,38.0,22.2,43.6
1604479685,31.0,34.0,34.0,39.0,22.2,43.6
1604479686,31.0,34.0,34.0,39.0,22.2,43.6
1604479687,31.0,34.0,34.0,39.0,22.2,43.6
1604479688,31.0,34.0,34.0,39.0,22.2,43.8
1604479689,31.0,34.0,34.0,39.0,22.2,43.8
1604479690,31.0,34.0,34.0,40.0,22.2,43.8
1604479691,32.0,34.0,34.0,40.0,22.2,43.8
1604479692,32.0,34.0,34.0,40.0,22.2,43.8
1604479693,32.0,34.0,34.0,40.0,22.2,43.9
1604479694,32.0,34.0,34.0,40.0,22.2,43.9
1604479695,32.0,34.0,35.0,40.0,22.2,43.9
1604479696,32.0,35.0,35.0,40.0,22.2,43.9
1604479697,32.0,35.0,35.0,40.0,22.2,43.9
1604479698,32.0,35.0,35.0,40.0,22.2,43.9
1604479699,32.0,35.0,35.0,39.0,22.2,43.9
1604479700,32.0,34.0,35.0,38.0,22.2,43.9
1604479701,32.0,34.0,36.0,38.0,22.2,43.9
1604479702,32.0,34.0,36.0,38.0,22.2,43.9
1604479703,32.0,34.0,36.0,38.0,22.2,43.6
1604479704,32.0,34.0,36.0,38.0,22.2,43.6
1604479705,32.0,34.0,36.0,38.0,22.2,43.6
1604479706,32.0,33.0,36.0,38.0,22.2,43.6
1604479707,32.0,33.0,36.0,38.0,22.2,43.6
1604479708,32.0,33.0,36.0,38.0,22.2,43.4
1604479709,32.0,33.0,36.0,39.0,22.2,43.4
1604479710,32.0,33.0,36.0,39.0,22.2,43.4
1604479711,32.0,33.0,37.0,39.0,22.2,43.4
1604479712,32.0,33.0,37.0,39.0,22.2,43.4
1604479713,32.0,33.0,37.0,39.0,22.2,43.2
1604479714,32.0,32.0,37.0,39.0,22.2,43.2
1604479715,32.0,32.0,37.0,39.0,22.2,43.2
1604479716,32.0,32.0,37.0,39.0,22.2,43.2
1604479717,31.0,32.0,38.0,39.0,22.2,43.2
1604479718,31.0,32.0,38.0,38.0,22.2,43.4
1604479719,31.0,31.0,38.0,38.0,22.2,43.4
1604479720,31.0,31.0,38.0,38.0,22.2,43.4
1604479721,31.0,31.0,38.0,38.0,22.2,43.4
1604479722,31.0,31.0,38.0,37.0,22.2,43.4
1604479723,31.0,31.0,38.0,37.0,22.2,43.7
1604479724,31.0,31.0,38.0,37.0,22.2,43.7
1604479725,31.0,31.0,38.0,36.0,22.2,43.7
1604479726,32.0,31.0,38.0,36.0,22.2,43.7
1604479727,32.0,31.0,38.0,36.0,22.2,43.7
1604479728,32.0,32.0,38.0,36.0,22.2,43.7
1604479729,32.0,32.0,38.0,36.0,22.2,43.7
1604479730,32.0,32.0,38.0,36.0,22.2,43.7
1604479731,33.0,32.0,38.0,37.0,22.2,43.7
1604479732,33.0,32.0,38.0,37.0,22.2,43.7
1604479733,33.0,32.0,37.0,37.0,22.2,43.3
1604479734,33.0,33.0,37.0,37.0,22.2,43.3
1604479735,33.0,32.0,37.0,37.0,22.2,43.3
1604479736,33.0,32.0,37.0,38.0,22.2,43.3
1604479737,33.0,32.0,37.0,38.0,22.2,43.3
1604479738,33.0,32.0,37.0,39.0,22.2,43.2
1604479739,32.0,32.0,37.0,39.0,22.2,43.2
1604479740,32.0,32.0,37.0,39.0,22.2,43.2
1604479741,32.0,32.0,36.0,39.0,22.2,43.2
1604479742,31.0,31.0,36.0,39.0,22.2,43.2
1604479743,31.0,31.0,36.0,39.0,22.2,43.2
1604479744,31.0,31.0,36.0,39.0,22.2,43.2
1604479745,31.0,31.0,35.0,39.0,22.2,43.2
1604479746,31.0,31.0,35.0,38.0,22.2,43.2
1604479747,31.0,31.0,35.0,38.0,22.2,43.2
1604479748,31.0,31.0,35.0,38.0,22.2,43.2
1604479749,31.0,31.0,35.0,38.0,22.2,43.2
1604479750,31.0,31.0,35.0,38.0,22.2,43.2
1604479751,31.0,32.0,35.0,38.0,22.2,43.2
1604479752,31.0,33.0,35.0,38.0,22.2,43.2
1604479753,31.0,33.0,35.0,38.0,22.2,42.8
1604479754,31.0,33.0,35.0,38.0,22.2,42.8
1604479755,31.0,34.0,36.0,38.0,22.2,42.8
1604479756,31.0,34.0,37.0,38.0,22.2,42.8
1604479757,31.0,34.0,37.0,38.0,22.2,42.8
1604479758,31.0,34.0,37.0,38.0,22.1,42.7
1604479759,31.0,34.0,37.0,38.0,22.1,42.7
1604479760,31.0,34.0,37.0,38.0,22.1,42.7
1604479761,31.0,33.0,38.0,38.0,22.1,42.7
1604479762,31.0,33.0,38.0,38.0,22.1,42.7
1604479763,31.0,33.0,38.0,38.0,22.1,42.9
1604479764,31.0,33.0,37.0,38.0,22.1,42.9
1604479765,31.0,33.0,37.0,38.0,22.1,42.9
1604479766,31.0,32.0,37.0,38.0,22.1,42.9
1604479767,31.0,32.0,37.0,38.0,22.1,42.9
1604479768,31.0,32.0,37.0,38.0,22.2,43.0
1604479769,31.0,32.0,38.0,38.0,22.2,43.0
1604479770,30.0,32.0,37.0,38.0,22.2,43.0
1604479771,30.0,32.0,37.0,39.0,22.2,43.0
1604479772,30.0,32.0,37.0,39.0,22.2,43.0
1604479773,30.0,32.0,37.0,39.0,22.1,42.9
1604479774,30.0,32.0,37.0,39.0,22.1,42.9
1604479775,30.0,32.0,37.0,39.0,22.1,42.9
1604479776,30.0,32.0,36.0,39.0,22.1,42.9
1604479777,31.0,32.0,36.0,39.0,22.1,42.9
1604479778,31.0,32.0,36.0,39.0,22.1,42.9
1604479779,32.0,32.0,36.0,39.0,22.1,42.9
1604479780,32.0,32.0,36.0,39.0,22.1,42.9
1604479781,33.0,32.0,36.0,39.0,22.1,42.9
1604479782,33.0,32.0,36.0,39.0,22.1,42.9
1604479783,33.0,32.0,36.0,39.0,22.2,43.1
1604479784,34.0,32.0,36.0,38.0,22.2,43.1
1604479785,34.0,32.0,36.0,38.0,22.2,43.1
1604479786,34.0,32.0,37.0,38.0,22.2,43.1
1604479787,34.0,32.0,37.0,38.0,22.2,43.1
1604479788,34.0,32.0,37.0,37.0,22.1,42.9
1604479789,34.0,32.0,36.0,37.0,22.1,42.9
1604479790,33.0,32.0,36.0,37.0,22.1,42.9
1604479791,32.0,32.0,36.0,37.0,22.1,42.9
1604479792,32.0,32.0,36.0,37.0,22.1,42.9
1604479793,32.0,32.0,36.0,37.0,22.2,43.1
1604479794,31.0,32.0,36.0,37.0,22.2,43.1
1604479795,31.0,33.0,36.0,38.0,22.2,43.1
1604479796,30.0,33.0,36.0,38.0,22.2,43.1
1604479797,30.22222222222222,33.0,36.0,38.0,22.2,43.1
1604479798,30.444444444444443,33.0,36.0,38.0,22.2,43.1
1604479799,30.666666666666668,33.0,36.0,38.0,22.2,43.1
1604479800,30.88888888888889,33.0,36.0,38.0,22.2,43.1
1604479801,31.11111111111111,33.0,36.0,38.0,22.2,43.1
1604479802,31.33333333333333,33.0,36.0,38.0,22.2,43.1
1604479803,31.55555555555556,33.0,36.0,38.0,22.2,43.1
1604479804,31.77777777777778,33.0,36.0,38.0,22.2,43.1
1604479805,32.0,33.0,36.0,38.0,22.2,43.1
1604479806,32.0,33.0,36.0,38.0,22.2,43.2
1604479807,32.0,33.0,36.0,38.0,22.2,43.2
1604479808,32.0,33.0,36.0,38.0,22.2,43.2
1604479809,33.0,33.0,36.0,38.0,22.2,43.2
1604479810,33.0,33.0,37.0,38.0,22.2,43.2
1604479811,33.0,33.0,37.0,38.0,22.2,43.2
1604479812,33.0,33.0,37.0,38.0,22.2,43.2
1604479813,33.0,33.0,37.0,37.0,22.2,43.2
1604479814,33.0,33.0,37.0,37.0,22.2,43.2
1604479815,32.0,33.0,37.0,37.0,22.2,43.2
1604479816,32.0,33.0,37.0,37.0,22.2,43.3
1604479817,32.0,33.0,37.0,36.0,22.2,43.3
1604479818,32.0,33.0,37.0,36.0,22.2,43.3
1604479819,31.0,32.0,37.0,36.0,22.2,43.3
1604479820,31.0,32.0,37.0,36.0,22.2,43.3
1604479821,31.0,32.0,37.0,36.0,22.2,43.4
1604479822,30.0,32.0,37.0,36.0,22.2,43.4
1604479823,30.0,32.0,37.0,36.0,22.2,43.4
1604479824,30.0,32.0,37.0,36.0,22.2,43.4
1604479825,30.0,32.0,37.0,36.0,22.2,43.4
1604479826,30.0,32.0,37.0,36.0,22.2,43.6
1604479827,30.0,32.0,37.0,36.0,22.2,43.6
1604479828,31.0,33.0,37.0,37.0,22.2,43.6
1604479829,31.0,33.0,37.0,37.0,22.2,43.6
1604479830,31.0,33.0,37.0,37.0,22.2,43.6
1604479831,31.0,33.0,37.0,37.0,22.2,43.7
1604479832,32.0,33.0,37.0,37.0,22.2,43.7
1604479833,32.0,32.0,37.0,37.0,22.2,43.7
1604479834,32.0,32.0,37.0,37.0,22.2,43.7
1604479835,32.0,32.0,37.0,37.0,22.2,43.7
1604479836,32.0,32.0,37.0,37.0,22.1,43.6
1604479837,32.0,32.0,37.0,37.0,22.1,43.6
1604479838,32.0,32.0,38.0,37.0,22.1,43.6
1604479839,32.0,32.0,38.0,37.0,22.1,43.6
1604479840,32.0,32.0,38.0,37.0,22.1,43.6
1604479841,32.0,32.0,38.0,37.0,22.2,43.6
1604479842,32.0,32.0,38.0,37.0,22.2,43.6
1604479843,32.0,32.0,38.0,37.0,22.2,43.6
1604479844,32.0,32.0,38.0,37.0,22.2,43.6
1604479845,32.0,32.0,38.0,37.0,22.2,43.6
1604479846,32.0,31.0,38.0,37.0,22.2,42.9
1604479847,33.0,31.0,37.0,37.0,22.2,42.9
1604479848,33.0,31.0,37.0,37.0,22.2,42.9
1604479849,33.0,31.0,37.0,38.0,22.2,42.9
1604479850,33.0,31.0,37.0,38.0,22.2,42.9
1604479851,33.0,31.0,37.0,38.0,22.2,43.2
1604479852,33.0,31.0,37.0,38.0,22.2,43.2
1604479853,33.0,31.0,37.0,38.0,22.2,43.2
1604479854,33.0,31.0,37.0,38.0,22.2,43.2
1604479855,33.0,31.0,37.0,38.0,22.2,43.2
1604479856,33.0,31.0,37.0,38.0,22.2,43.1
1604479857,33.0,31.0,37.0,38.0,22.2,43.1
1604479858,33.0,31.0,37.0,38.0,22.2,43.1
1604479859,33.0,31.0,37.0,38.0,22.2,43.1
1604479860,33.0,31.0,37.0,38.0,22.2,43.1
1604479861,33.0,31.0,37.0,38.0,22.2,43.1
1604479862,33.0,31.0,37.0,38.0,22.2,43.1
1604479863,32.0,31.0,37.0,38.0,22.2,43.1
1604479864,32.0,31.0,37.0,38.0,22.2,43.1
1604479865,32.0,31.0,37.0,38.0,22.2,43.1
1604479866,32.0,31.0,36.0,37.0,22.2,43.0
1604479867,31.0,31.0,36.0,37.0,22.2,43.0
1604479868,31.0,31.0,36.0,37.0,22.2,43.0
1604479869,31.0,31.0,36.0,37.0,22.2,43.0
1604479870,31.0,31.0,36.0,37.0,22.2,43.0
1604479871,31.0,32.0,35.0,37.0,22.2,43.0
1604479872,31.0,32.0,35.0,37.0,22.2,43.0
1604479873,31.0,32.0,35.0,37.0,22.2,43.0
1604479874,32.0,32.0,34.0,37.0,22.2,43.0
1604479875,32.0,32.0,34.0,37.0,22.2,43.0
1604479876,32.0,32.0,34.0,37.0,22.2,43.0
1604479877,33.0,32.0,34.0,37.0,22.2,43.0
1604479878,33.0,32.0,34.0,37.0,22.2,43.0
1604479879,33.0,32.0,34.0,37.0,22.2,43.0
1604479880,33.0,32.0,34.0,38.0,22.2,43.0
1604479881,34.0,32.0,35.0,38.0,22.2,42.9
1604479882,34.0,32.0,35.0,38.0,22.2,42.9
1604479883,33.0,32.0,35.0,38.0,22.2,42.9
1604479884,33.0,32.0,35.0,38.0,22.2,42.9
1604479885,33.0,31.0,35.0,38.0,22.2,42.9
1604479886,32.0,31.0,35.0,37.0,22.1,43.0
1604479887,32.0,31.0,36.0,37.0,22.1,43.0
1604479888,32.0,31.0,36.0,37.0,22.1,43.0
1604479889,32.0,31.0,36.0,37.0,22.1,43.0
1604479890,31.0,31.0,36.0,37.0,22.1,43.0
1604479891,31.0,31.0,36.0,36.0,22.2,43.1
1604479892,31.0,31.0,36.0,36.0,22.2,43.1
1604479893,32.0,31.0,36.0,36.0,22.2,43.1
1604479894,32.0,31.0,36.0,36.0,22.2,43.1
1604479895,32.0,31.0,36.0,36.0,22.2,43.1
1604479896,32.0,31.0,36.0,36.0,22.1,43.0
1604479897,32.0,31.0,36.0,36.0,22.1,43.0
1604479898,33.0,31.0,37.0,36.0,22.1,43.0
1604479899,33.0,31.0,37.0,37.0,22.1,43.0
1604479900,33.0,31.0,37.0,38.0,22.1,43.0
1604479901,33.0,32.0,37.0,38.0,22.2,43.1
1604479902,34.0,32.0,37.0,38.0,22.2,43.1
1604479903,34.0,32.0,36.0,39.0,22.2,43.1
1604479904,33.0,32.0,36.0,39.0,22.2,43.1
1604479905,33.0,32.0,36.0,39.0,22.2,43.1
1604479906,33.0,32.0,36.0,39.0,22.2,43.2
1604479907,33.0,32.0,36.0,39.0,22.2,43.2
1604479908,33.0,32.0,36.0,39.0,22.2,43.2
1604479909,32.0,32.0,36.0,39.0,22.2,43.2
1604479910,32.0,32.0,36.0,38.0,22.2,43.2
1604479911,31.0,33.0,36.0,38.0,22.1,42.9
1604479912,31.0,33.0,36.0,38.0,22.1,42.9
1604479913,31.0,33.0,36.5,38.0,22.1,42.9
1604479914,31.0,33.0,37.0,38.0,22.1,42.9
1604479915,31.0,33.0,37.0,38.0,22.1,42.9
1604479916,31.0,33.0,37.0,38.0,22.1,42.9
1604479917,31.0,33.0,37.0,38.0,22.2,43.0
1604479918,31.0,34.0,37.0,38.0,22.2,43.0
1604479919,31.0,34.0,37.0,38.0,22.2,43.0
1604479920,31.0,34.0,37.0,38.0,22.2,43.0
1604479921,31.0,35.0,36.0,38.0,22.2,43.0
1604479922,31.0,34.0,36.0,39.0,22.1,42.7
1604479923,32.0,34.0,36.0,39.0,22.1,42.7
1604479924,32.0,34.0,36.0,39.0,22.1,42.7
1604479925,32.0,34.0,36.0,39.0,22.1,42.7
1604479926,32.0,34.0,36.0,39.0,22.1,42.7
1604479927,32.0,34.0,36.0,38.0,22.2,43.2
1604479928,32.0,33.0,36.0,37.0,22.2,43.2
1604479929,32.0,33.0,36.0,37.0,22.2,43.2
1604479930,32.0,32.0,36.0,37.0,22.2,43.2
1604479931,32.0,32.0,36.0,37.0,22.2,43.2
1604479932,32.0,32.0,36.0,37.0,22.2,43.3
1604479933,32.0,32.0,36.0,37.0,22.2,43.3
1604479934,31.0,32.0,37.0,37.0,22.2,43.3
1604479935,31.0,32.0,37.0,36.0,22.2,43.3
1604479936,31.0,33.0,37.0,36.0,22.2,43.3
1604479937,32.0,33.0,36.0,36.0,22.2,43.4
1604479938,32.0,33.0,36.0,36.0,22.2,43.4
1604479939,32.0,34.0,36.0,36.0,22.2,43.4
1604479940,32.0,34.0,36.0,36.0,22.2,43.4
1604479941,32.0,34.0,35.0,36.0,22.2,43.4
1604479942,33.0,35.0,35.0,37.0,22.1,43.4
1604479943,33.0,35.0,35.0,37.0,22.1,43.4
1604479944,34.0,35.0,35.0,37.0,22.1,43.4
1604479945,34.0,35.0,35.0,37.0,22.1,43.4
1604479946,34.0,33.0,35.0,38.0,22.1,43.4
1604479947,34.0,33.0,35.0,38.0,22.2,43.4
1604479948,34.0,32.0,35.0,38.0,22.2,43.4
1604479949,35.0,32.0,35.0,38.0,22.2,43.4
1604479950,35.0,32.0,35.0,38.0,22.2,43.4
1604479951,34.0,32.0,35.0,38.0,22.2,43.4
1604479952,34.0,32.0,34.0,38.0,22.2,43.4
1604479953,34.0,32.0,34.0,38.0,22.2,43.4
1604479954,34.0,32.0,34.0,38.0,22.2,43.4
1604479955,34.0,32.0,34.0,38.0,22.2,43.4
1604479956,34.0,33.0,34.0,38.0,22.2,43.4
1604479957,34.0,33.0,34.0,38.0,22.3,43.4
1604479958,34.0,33.0,34.0,38.0,22.3,43.4
1604479959,33.0,33.0,34.0,38.0,22.3,43.4
1604479960,33.0,33.0,34.0,38.0,22.3,43.4
1604479961,33.0,33.0,35.0,38.0,22.3,43.4
1604479962,33.0,33.0,35.0,37.0,22.2,43.4
1604479963,33.0,33.0,35.0,37.0,22.2,43.4
1604479964,32.0,33.0,35.0,37.0,22.2,43.4
1604479965,32.0,33.0,35.0,37.0,22.2,43.4
1604479966,32.0,33.0,35.0,38.0,22.2,43.4
1604479967,32.0,33.0,36.0,38.0,22.2,43.5
1604479968,32.0,34.0,36.0,38.0,22.2,43.5
1604479969,32.0,33.0,36.0,38.0,22.2,43.5
1604479970,32.0,33.0,36.0,38.0,22.2,43.5
1604479971,32.0,33.0,36.0,38.0,22.2,43.5
1604479972,32.0,33.0,36.0,38.0,22.2,43.6
1604479973,33.0,33.0,36.0,38.0,22.2,43.6
1604479974,33.0,33.0,36.0,38.0,22.2,43.6
1604479975,33.0,33.0,36.0,38.0,22.2,43.6
1604479976,34.0,33.0,36.0,38.0,22.2,43.6
1604479977,34.0,32.0,36.0,38.0,22.3,43.7
1604479978,34.0,32.0,36.0,38.0,22.3,43.7
1604479979,34.0,32.0,36.0,38.0,22.3,43.7
1604479980,34.0,32.0,37.0,38.0,22.3,43.7
1604479981,34.0,32.0,37.0,38.0,22.3,43.7
1604479982,34.0,32.0,37.0,38.0,22.3,43.7
1604479983,34.0,32.0,37.0,38.0,22.3,43.7
1604479984,33.0,32.0,37.0,38.0,22.3,43.7
1604479985,33.0,32.0,36.0,38.0,22.3,43.7
1604479986,33.0,32.0,36.0,38.0,22.3,43.7
1604479987,32.0,32.0,36.0,38.0,22.3,43.6
1604479988,32.0,33.0,36.0,38.0,22.3,43.6
1604479989,32.0,33.0,36.0,38.0,22.3,43.6
1604479990,32.0,33.0,35.0,38.0,22.3,43.6
1604479991,32.0,33.0,35.0,38.0,22.3,43.6
1604479992,32.0,33.0,35.0,39.0,22.2,43.5
1604479993,32.0,33.0,35.0,39.0,22.2,43.5
1604479994,32.0,33.0,34.0,39.0,22.2,43.5
1604479995,32.0,33.0,34.0,39.0,22.2,43.5
1604479996,32.0,33.0,34.0,39.0,22.2,43.5
1604479997,32.0,33.0,34.0,40.0,22.3,43.5
1604479998,32.0,33.0,34.0,40.0,22.3,43.5
1604479999,32.0,33.0,34.0,40.0,22.3,43.5
1604480000,32.0,33.0,35.0,40.0,22.3,43.5
1604480001,32.0,33.0,35.0,39.0,22.3,43.5
1604480002,32.0,33.0,36.0,39.0,22.3,43.4
1604480003,32.0,32.0,36.0,39.0,22.3,43.4
1604480004,32.0,32.0,36.0,39.0,22.3,43.4
1604480005,32.0,32.0,36.0,38.0,22.3,43.4
1604480006,32.0,32.0,36.0,38.0,22.3,43.4
1604480007,32.0,32.0,37.0,38.0,22.3,43.4
1604480008,32.0,32.0,36.0,37.0,22.3,43.4
1604480009,32.0,33.0,36.0,37.0,22.3,43.4
1604480010,32.0,33.0,36.0,37.0,22.3,43.4
1604480011,32.0,33.0,36.0,38.0,22.3,43.4
1604480012,31.9,33.0,36.0,38.0,22.3,43.39
1604480013,31.8,33.0,36.0,38.0,22.3,43.38
1604480014,31.7,33.0,36.0,38.0,22.3,43.37
1604480015,31.6,33.0,36.0,38.0,22.3,43.36
1604480016,31.5,33.0,36.0,38.0,22.3,43.35
1604480017,31.4,33.0,36.0,38.0,22.3,43.34
1604480018,31.3,33.0,36.0,38.0,22.3,43.33
1604480019,31.2,33.0,36.0,38.0,22.3,43.32
1604480020,31.1,33.0,36.0,38.0,22.3,43.31
1604480021,31.0,33.0,36.0,38.0,22.3,43.3
1604480022,31.0,33.0,36.0,38.0,22.3,43.3
1604480023,31.0,33.0,36.0,39.0,22.3,43.3
1604480024,31.0,33.0,36.0,39.0,22.3,43.3
1604480025,31.0,33.0,36.0,39.0,22.3,43.3
1604480026,31.0,33.0,36.0,39.0,22.3,43.0
1604480027,31.0,33.0,35.0,40.0,22.3,43.0
1604480028,31.0,33.0,35.0,40.0,22.3,43.0
1604480029,32.0,33.0,35.0,40.0,22.3,43.0
1604480030,32.0,34.0,35.0,40.0,22.3,43.0
1604480031,32.0,34.0,35.0,39.0,22.3,42.7
1604480032,32.0,34.0,35.0,39.0,22.3,42.7
1604480033,33.0,34.0,35.0,39.0,22.3,42.7
1604480034,33.0,34.0,35.0,38.0,22.3,42.7
1604480035,32.0,34.0,34.0,38.0,22.3,42.7
1604480036,32.0,34.0,34.0,38.0,22.3,42.5
1604480037,32.0,34.0,35.0,37.0,22.3,42.5
1604480038,32.0,34.0,35.0,37.0,22.3,42.5
1604480039,32.0,34.0,35.0,37.0,22.3,42.5
1604480040,32.0,34.0,35.0,37.0,22.3,42.5
1604480041,32.0,34.0,35.0,37.0,22.3,42.5
1604480042,32.0,33.0,34.0,37.0,22.3,42.5
1604480043,32.0,33.0,34.0,37.0,22.3,42.5
1604480044,32.0,33.0,34.0,38.0,22.3,42.5
1604480045,32.0,33.0,34.0,38.0,22.3,42.5
1604480046,32.0,33.0,34.0,38.0,22.4,42.6
1604480047,32.0,33.0,34.0,39.0,22.4,42.6
1604480048,32.0,33.0,35.0,39.0,22.4,42.6
1604480049,32.0,33.0,35.0,39.0,22.4,42.6
1604480050,32.0,34.0,35.0,39.0,22.4,42.6
1604480051,32.0,34.0,35.0,39.0,22.4,42.5
1604480052,32.0,34.0,35.0,39.0,22.4,42.5
1604480053,32.0,34.0,35.0,39.0,22.4,42.5
1604480054,32.0,34.0,35.0,39.0,22.4,42.5
1604480055,32.0,34.0,35.0,39.0,22.4,42.5
1604480056,32.0,34.0,35.0,38.0,22.4,42.5
1604480057,32.0,34.0,35.0,39.0,22.4,42.5
1604480058,32.0,34.0,35.0,38.0,22.4,42.5
1604480059,32.0,34.0,35.0,38.0,22.4,42.5
1604480060,32.0,34.0,35.0,38.0,22.4,42.5
1604480061,32.0,34.0,35.0,39.0,22.3,42.4
1604480062,32.0,34.0,35.0,39.0,22.3,42.4
1604480063,32.0,34.0,35.0,39.0,22.3,42.4
1604480064,32.0,34.0,35.0,39.0,22.3,42.4
1604480065,32.0,34.0,35.0,39.0,22.3,42.4
1604480066,32.0,34.0,35.0,39.0,22.3,42.4
1604480067,32.0,34.0,35.0,39.0,22.3,42.4
1604480068,32.0,34.0,35.0,39.0,22.3,42.4
1604480069,31.0,34.0,35.0,39.0,22.3,42.4
1604480070,31.0,34.0,35.0,39.0,22.3,42.4
1604480071,31.0,33.0,35.0,39.0,22.4,42.5
1604480072,31.0,33.0,34.0,39.0,22.4,42.5
1604480073,31.0,33.0,34.0,39.0,22.4,42.5
1604480074,31.0,33.0,34.0,39.0,22.4,42.5
1604480075,31.0,33.0,34.0,39.0,22.4,42.5
1604480076,31.0,32.0,33.0,39.0,22.4,42.5
1604480077,31.0,32.0,33.0,39.0,22.4,42.5
1604480078,31.0,32.0,33.0,39.0,22.4,42.5
1604480079,31.0,32.0,34.0,39.0,22.4,42.5
1604480080,31.0,32.0,34.0,39.0,22.4,42.5
1604480081,32.0,32.0,34.0,39.0,22.4,42.5
1604480082,32.0,32.0,34.0,38.0,22.4,42.5
1604480083,32.0,32.0,35.0,38.0,22.4,42.5
1604480084,32.0,32.0,35.0,38.0,22.4,42.5
1604480085,32.0,32.0,36.0,38.0,22.4,42.5
1604480086,32.0,32.0,36.0,38.0,22.3,42.3
1604480087,33.0,32.0,36.0,37.0,22.3,42.3
1604480088,33.0,33.0,36.0,37.0,22.3,42.3
1604480089,33.0,33.0,36.0,37.0,22.3,42.3
1604480090,33.0,33.0,36.0,37.0,22.3,42.3
1604480091,32.0,33.0,36.0,37.0,22.3,41.9
1604480092,32.0,33.0,36.0,37.0,22.3,41.9
1604480093,32.0,33.0,35.0,37.0,22.3,41.9
1604480094,32.0,33.0,35.0,37.0,22.3,41.9
1604480095,32.0,33.0,35.0,37.0,22.3,41.9
1604480096,32.0,33.0,35.0,37.0,22.4,41.9
1604480097,32.0,33.0,35.0,37.0,22.4,41.9
1604480098,32.0,33.0,35.0,37.0,22.4,41.9
1604480099,32.0,33.0,35.0,37.0,22.4,41.9
1604480100,32.0,33.0,35.0,37.0,22.4,41.9
1604480101,32.0,33.0,35.0,37.0,22.3,41.7
1604480102,32.0,33.0,35.0,36.0,22.3,41.7
1604480103,33.0,33.0,35.0,36.0,22.3,41.7
1604480104,33.0,33.0,36.0,36.0,22.3,41.7
1604480105,33.0,33.0,36.0,36.0,22.3,41.7
1604480106,33.0,33.0,36.0,36.0,22.4,41.7
1604480107,33.0,33.0,36.0,36.0,22.4,41.7
1604480108,33.0,33.0,37.0,37.0,22.4,41.7
1604480109,34.0,33.0,38.0,37.0,22.4,41.7
1604480110,34.0,33.0,38.0,37.0,22.4,41.7
1604480111,33.0,33.0,38.0,37.0,22.3,41.5
1604480112,33.0,33.0,38.0,37.0,22.3,41.5
1604480113,33.0,33.0,38.0,37.0,22.3,41.5
1604480114,33.0,33.0,39.0,38.0,22.3,41.5
1604480115,32.0,32.0,38.0,38.0,22.3,41.5
1604480116,32.0,32.0,38.0,38.0,22.4,41.6
1604480117,32.0,32.0,38.0,38.0,22.4,41.6
1604480118,31.0,32.0,38.0,38.0,22.4,41.6
1604480119,31.0,32.0,38.0,38.0,22.4,41.6
1604480120,31.0,32.0,37.0,39.0,22.4,41.6
1604480121,31.0,32.0,37.0,38.0,22.4,41.7
1604480122,31.0,32.0,37.0,38.0,22.4,41.7
1604480123,31.0,32.0,36.0,38.0,22.4,41.7
1604480124,31.0,33.0,36.0,38.0,22.4,41.7
1604480125,31.0,33.0,36.0,38.0,22.4,41.7
1604480126,31.0,33.0,36.0,38.0,22.3,41.8
1604480127,31.0,33.0,36.0,37.0,22.3,41.8
1604480128,32.0,33.0,36.0,37.0,22.3,41.8
1604480129,32.0,34.0,36.0,37.0,22.3,41.8
1604480130,32.0,34.0,36.0,37.0,22.3,41.8
1604480131,32.0,34.0,36.0,37.0,22.3,41.8
1604480132,33.0,34.0,36.0,37.0,22.3,41.8
1604480133,33.0,34.0,36.0,37.0,22.3,41.8
1604480134,33.0,34.0,36.0,38.0,22.3,41.8
1604480135,33.0,34.0,36.0,38.0,22.3,41.8
1604480136,33.0,34.0,36.0,38.0,22.3,41.9
1604480137,33.0,34.0,36.0,38.0,22.3,41.9
1604480138,33.0,34.0,36.0,38.0,22.3,41.9
1604480139,33.0,34.0,36.0,38.0,22.3,41.9
1604480140,33.0,34.0,35.0,38.0,22.3,41.9
1604480141,33.0,33.0,35.0,37.0,22.4,42.1
1604480142,33.0,33.0,35.0,37.0,22.4,42.1
1604480143,33.0,34.0,35.0,37.0,22.4,42.1
1604480144,33.0,34.0,35.0,37.0,22.4,42.1
1604480145,33.0,34.0,35.0,37.0,22.4,42.1
1604480146,33.0,34.0,35.0,37.0,22.3,42.5
1604480147,33.0,34.0,36.0,36.0,22.3,42.5
1604480148,33.0,34.0,36.0,36.0,22.3,42.5
1604480149,33.0,35.0,36.0,36.0,22.3,42.5
1604480150,33.0,35.0,36.0,36.0,22.3,42.5
1604480151,33.0,35.0,36.0,37.0,22.3,42.6
1604480152,33.0,36.0,36.0,37.0,22.3,42.6
1604480153,32.0,36.0,36.0,37.0,22.3,42.6
1604480154,32.0,36.0,37.0,37.0,22.3,42.6
1604480155,32.0,37.0,37.0,37.0,22.3,42.6
1604480156,32.0,37.0,37.0,37.0,22.3,42.8
1604480157,32.0,37.0,37.0,37.0,22.3,42.8
1604480158,32.0,37.0,37.0,37.0,22.3,42.8
1604480159,32.0,37.0,37.0,37.0,22.3,42.8
1604480160,32.0,36.0,37.0,36.0,22.3,42.8
1604480161,32.0,36.0,37.0,36.0,22.4,43.0
1604480162,32.0,35.0,37.0,36.0,22.4,43.0
1604480163,32.0,35.0,37.0,36.0,22.4,43.0
1604480164,32.0,34.0,37.0,36.0,22.4,43.0
1604480165,32.0,34.0,37.0,36.0,22.4,43.0
1604480166,32.0,34.0,37.0,36.0,22.4,42.8
1604480167,32.0,34.0,37.0,36.0,22.4,42.8
1604480168,32.0,34.0,37.0,36.0,22.4,42.8
1604480169,32.0,34.0,37.0,36.0,22.4,42.8
1604480170,32.0,35.0,37.0,36.0,22.4,42.8
1604480171,32.0,35.0,37.0,36.0,22.3,42.8
1604480172,32.0,35.0,37.0,36.0,22.3,42.8
1604480173,32.0,35.0,37.0,36.0,22.3,42.8
1604480174,32.0,36.0,37.0,36.0,22.3,42.8
1604480175,31.0,35.0,37.0,36.0,22.3,42.8
1604480176,31.0,35.0,37.0,36.0,22.4,43.0
1604480177,31.0,35.0,37.0,36.0,22.4,43.0
1604480178,31.0,34.0,37.0,36.0,22.4,43.0
1604480179,31.0,34.0,37.0,37.0,22.4,43.0
1604480180,30.0,34.0,37.0,37.0,22.4,43.0
1604480181,30.0,34.0,37.0,37.0,22.4,43.0
1604480182,30.0,33.0,37.0,37.0,22.4,43.0
1604480183,30.0,33.0,37.0,37.0,22.4,43.0
1604480184,30.0,33.0,37.0,38.0,22.4,43.0
1604480185,30.0,33.0,37.0,38.0,22.4,43.0
1604480186,30.0,33.0,37.0,38.0,22.4,42.8
1604480187,30.0,33.0,38.0,38.0,22.4,42.8
1604480188,30.0,33.0,38.0,38.0,22.4,42.8
1604480189,30.0,33.0,38.0,38.0,22.4,42.8
1604480190,30.0,33.0,38.0,37.0,22.4,42.8
1604480191,30.0,33.0,38.0,37.0,22.3,42.6
1604480192,30.0,33.0,38.0,37.0,22.3,42.6
1604480193,30.0,33.0,38.0,37.0,22.3,42.6
1604480194,30.0,33.0,38.0,37.0,22.3,42.6
1604480195,30.0,33.0,38.0,37.0,22.3,42.6
1604480196,30.0,33.0,38.0,37.0,22.4,42.6
1604480197,31.0,34.0,38.0,37.0,22.4,42.6
1604480198,31.0,34.0,37.0,36.0,22.4,42.6
1604480199,31.0,34.0,37.0,36.0,22.4,42.6
1604480200,31.0,34.0,37.0,37.0,22.4,42.6
1604480201,31.0,34.0,37.0,37.0,22.4,42.5
1604480202,32.0,34.0,36.0,37.0,22.4,42.5
1604480203,32.0,34.0,36.0,37.0,22.4,42.5
1604480204,32.0,34.0,36.0,37.0,22.4,42.5
1604480205,31.0,33.0,35.0,37.0,22.4,42.5
1604480206,31.0,33.0,35.0,37.0,22.4,42.5
1604480207,31.0,33.0,35.0,37.0,22.4,42.5
1604480208,31.0,33.0,35.0,37.0,22.4,42.5
1604480209,31.0,33.0,35.0,37.0,22.4,42.5
1604480210,31.0,33.0,35.0,37.0,22.4,42.5
1604480211,31.0,33.0,35.0,37.0,22.4,42.6
1604480212,31.0,33.0,36.0,37.0,22.4,42.6
1604480213,31.0,33.0,36.0,37.0,22.4,42.6
1604480214,31.0,33.0,37.0,37.0,22.4,42.6
1604480215,31.0,33.0,37.0,37.0,22.4,42.6
1604480216,31.0,33.0,37.0,37.0,22.4,42.7
1604480217,31.0,33.0,37.0,37.0,22.4,42.7
1604480218,32.0,33.0,38.0,37.0,22.4,42.7
1604480219,32.0,33.0,38.0,37.0,22.4,42.7
1604480220,32.0,33.0,38.0,37.0,22.4,42.7
1604480221,33.0,33.0,38.0,37.0,22.4,42.7
1604480222,33.0,33.0,38.0,38.0,22.4,42.7
1604480223,33.0,33.0,37.0,38.0,22.4,42.7
1604480224,33.0,33.0,37.0,38.0,22.4,42.7
1604480225,33.0,33.0,37.0,38.0,22.4,42.7
1604480226,33.0,34.0,37.0,38.0,22.4,42.8
1604480227,33.0,34.0,36.0,38.0,22.4,42.8
1604480228,33.0,34.0,36.0,39.0,22.4,42.8
1604480229,33.0,34.0,36.0,39.0,22.4,42.8
1604480230,33.0,34.0,36.0,39.0,22.4,42.8
1604480231,32.888888888888886,34.0,36.11111111111112,39.0,22.4,42.82222222222222
1604480232,32.77777777777778,34.0,36.22222222222222,39.0,22.4,42.84444444444444
1604480233,32.666666666666664,34.0,36.333333333333336,39.0,22.4,42.86666666666667
1604480234,32.55555555555556,34.0,36.44444444444444,39.0,22.4,42.888888888888886
1604480235,32.44444444444444,34.0,36.55555555555556,39.0,22.4,42.91111111111111
1604480236,32.333333333333336,34.0,36.66666666666666,39.0,22.4,42.93333333333333
1604480237,32.22222222222222,34.0,36.77777777777778,39.0,22.4,42.95555555555556
1604480238,32.111111111111114,34.0,36.888888888888886,39.0,22.4,42.977777777777774
1604480239,32.0,34.0,37.0,39.0,22.4,43.0
1604480240,32.0,34.0,37.0,39.0,22.4,43.0
1604480241,32.0,34.0,37.0,39.0,22.4,43.0
1604480242,32.0,35.0,37.0,39.0,22.4,43.0
1604480243,32.0,35.0,37.0,38.0,22.4,43.0
1604480244,31.0,35.0,36.0,38.0,22.5,43.3
1604480245,31.0,35.0,36.0,38.0,22.5,43.3
1604480246,31.0,35.0,36.0,38.0,22.5,43.3
1604480247,31.0,35.0,36.0,38.0,22.5,43.3
1604480248,31.0,35.0,36.0,38.0,22.5,43.3
1604480249,31.0,35.0,35.0,37.0,22.4,43.2
1604480250,31.0,35.0,35.0,37.0,22.4,43.2
1604480251,31.0,34.0,35.0,37.0,22.4,43.2
1604480252,31.0,34.0,35.0,37.0,22.4,43.2
1604480253,31.0,34.0,36.0,37.0,22.4,43.2
1604480254,32.0,34.0,36.0,37.0,22.5,43.1
1604480255,32.0,34.0,36.0,37.0,22.5,43.1
1604480256,32.0,34.0,36.0,37.0,22.5,43.1
1604480257,32.0,34.0,37.0,37.0,22.5,43.1
1604480258,32.0,34.0,37.0,37.0,22.5,43.1
1604480259,32.0,34.0,37.0,37.0,22.5,43.1
1604480260,32.0,34.0,37.0,37.0,22.5,43.1
1604480261,33.0,35.0,37.0,37.0,22.5,43.1
1604480262,33.0,35.0,37.0,37.0,22.5,43.1
1604480263,33.0,35.0,37.0,37.0,22.5,43.1
1604480264,33.0,35.0,37.0,37.0,22.4,42.8
1604480265,33.0,35.0,37.0,36.0,22.4,42.8
1604480266,33.0,35.0,37.0,36.0,22.4,42.8
1604480267,33.0,35.0,37.0,36.0,22.4,42.8
1604480268,32.0,36.0,37.0,36.0,22.4,42.8
1604480269,32.0,36.0,37.0,36.0,22.5,43.0
1604480270,32.0,36.0,37.0,36.0,22.5,43.0
1604480271,32.0,36.0,37.0,36.0,22.5,43.0
1604480272,32.0,36.0,37.0,36.0,22.5,43.0
1604480273,32.0,36.0,37.0,36.0,22.5,43.0
1604480274,32.0,36.0,37.0,36.0,22.4,42.8
1604480275,32.0,36.0,36.0,36.0,22.4,42.8
1604480276,32.0,36.0,37.0,37.0,22.4,42.8
1604480277,32.0,35.0,37.0,37.0,22.4,42.8
1604480278,32.0,35.0,37.0,37.0,22.4,42.8
1604480279,32.0,35.0,37.0,37.0,22.4,42.8
1604480280,32.0,35.0,37.0,38.0,22.4,42.8
1604480281,32.0,35.0,37.0,38.0,22.4,42.8
1604480282,32.0,35.0,38.0,38.0,22.4,42.8
1604480283,31.0,35.0,38.0,38.0,22.4,42.8
1604480284,31.0,34.0,38.0,38.0,22.5,42.8
1604480285,31.0,34.0,38.0,38.0,22.5,42.8
1604480286,31.0,34.0,38.0,38.0,22.5,42.8
1604480287,31.0,34.0,39.0,38.0,22.5,42.8
1604480288,31.0,34.0,39.0,37.0,22.5,42.8
1604480289,31.0,34.0,39.0,37.0,22.5,42.9
1604480290,31.0,34.0,39.0,37.0,22.5,42.9
1604480291,31.0,34.0,39.0,36.0,22.5,42.9
1604480292,31.0,34.0,39.0,36.0,22.5,42.9
1604480293,32.0,34.0,39.0,35.0,22.5,42.9
1604480294,32.0,34.0,39.0,35.0,22.5,43.1
1604480295,32.0,34.0,39.0,35.0,22.5,43.1
1604480296,33.0,34.0,39.0,35.0,22.5,43.1
1604480297,33.0,34.0,39.0,34.0,22.5,43.1
1604480298,33.0,34.0,38.0,35.0,22.5,43.1
1604480299,33.0,34.0,37.0,35.0,22.5,43.1
1604480300,33.0,34.0,37.0,37.0,22.5,43.1
1604480301,33.0,34.0,37.0,37.0,22.5,43.1
1604480302,33.0,34.0,36.0,37.0,22.5,43.1
1604480303,33.0,34.0,36.0,37.0,22.5,43.1
1604480304,33.0,34.0,35.0,37.0,22.5,43.4
1604480305,33.0,34.0,35.0,36.0,22.5,43.4
1604480306,34.0,34.0,35.0,36.0,22.5,43.4
1604480307,34.0,34.0,35.0,36.0,22.5,43.4
1604480308,34.0,34.0,35.0,36.0,22.5,43.4
1604480309,34.0,34.0,35.0,37.0,22.5,43.7
1604480310,34.0,35.0,35.0,37.0,22.5,43.7
1604480311,34.0,35.0,35.0,37.0,22.5,43.7
1604480312,34.0,36.0,36.0,37.0,22.5,43.7
1604480313,33.0,36.0,36.0,37.0,22.5,43.7
1604480314,33.0,36.0,36.0,36.0,22.5,43.7
1604480315,33.0,37.0,36.0,37.0,22.5,43.7
1604480316,33.0,37.0,36.0,37.0,22.5,43.7
1604480317,33.0,37.0,36.0,37.0,22.5,43.7
1604480318,32.0,37.0,36.0,37.0,22.5,43.7
1604480319,32.0,37.0,36.0,36.0,22.5,43.7
1604480320,32.0,37.0,36.0,37.0,22.5,43.7
1604480321,32.0,36.0,36.0,37.0,22.5,43.7
1604480322,32.0,36.0,36.0,37.0,22.5,43.7
1604480323,32.0,36.0,36.0,37.0,22.5,43.7
1604480324,32.0,36.0,36.0,37.0,22.5,43.8
1604480325,32.0,35.0,36.0,37.0,22.5,43.8
1604480326,32.0,35.0,36.0,37.0,22.5,43.8
1604480327,32.0,35.0,36.0,37.0,22.5,43.8
1604480328,32.0,35.0,36.0,37.0,22.5,43.8
1604480329,32.0,35.0,36.0,37.0,22.5,43.1
1604480330,32.0,35.0,37.0,37.0,22.5,43.1
1604480331,32.0,35.0,37.0,36.0,22.5,43.1
1604480332,32.0,35.0,37.0,36.0,22.5,43.1
1604480333,32.0,35.0,37.0,36.0,22.5,43.1
1604480334,32.0,35.0,37.0,36.0,22.5,43.1
1604480335,32.0,35.0,37.0,36.0,22.5,43.1
1604480336,32.0,35.0,37.0,37.0,22.5,43.1
1604480337,32.0,35.0,37.0,37.0,22.5,43.1
1604480338,32.0,35.0,37.0,37.0,22.5,43.1
1604480339,32.0,35.0,37.0,37.0,22.5,42.9
1604480340,32.0,35.0,37.0,37.0,22.5,42.9
1604480341,32.0,35.0,37.0,37.0,22.5,42.9
1604480342,32.0,35.0,36.0,37.0,22.5,42.9
1604480343,33.0,35.0,36.0,37.0,22.5,42.9
1604480344,33.0,35.0,36.0,37.0,22.5,42.8
1604480345,33.0,35.0,36.0,37.0,22.5,42.8
1604480346,33.0,34.0,36.0,37.0,22.5,42.8
1604480347,34.0,34.0,36.0,37.0,22.5,42.8
1604480348,34.0,34.0,36.0,37.0,22.5,42.8
1604480349,34.0,34.0,37.0,37.0,22.6,42.9
1604480350,33.0,34.0,37.0,37.0,22.6,42.9
1604480351,33.0,34.0,37.0,37.0,22.6,42.9
1604480352,33.0,34.0,37.0,37.0,22.6,42.9
1604480353,32.0,34.0,37.0,37.0,22.6,42.9
1604480354,32.0,34.0,37.0,38.0,22.6,43.1
1604480355,31.0,34.0,37.0,37.0,22.6,43.1
1604480356,31.0,35.0,37.0,37.0,22.6,43.1
1604480357,31.0,35.0,37.0,37.0,22.6,43.1
1604480358,30.0,35.0,37.0,37.0,22.6,43.1
1604480359,30.0,35.0,36.0,37.0,22.5,43.1
1604480360,30.0,35.0,36.0,37.0,22.5,43.1
1604480361,30.0,36.0,36.0,37.0,22.5,43.1
1604480362,30.0,36.0,35.0,36.0,22.5,43.1
1604480363,31.0,36.0,35.0,36.0,22.5,43.1
1604480364,31.0,36.0,35.0,36.0,22.6,43.4
1604480365,31.0,35.0,35.0,36.0,22.6,43.4
1604480366,32.0,35.0,35.0,37.0,22.6,43.4
1604480367,32.0,35.0,35.0,37.0,22.6,43.4
1604480368,32.0,35.0,34.0,37.0,22.6,43.4
1604480369,33.0,35.0,35.0,37.0,22.6,43.6
1604480370,33.0,35.0,35.0,37.0,22.6,43.6
1604480371,33.0,34.0,35.0,38.0,22.6,43.6
1604480372,32.0,34.0,35.0,38.0,22.6,43.6
1604480373,32.0,34.0,35.0,38.0,22.6,43.6
1604480374,32.0,35.0,36.0,37.0,22.6,43.7
1604480375,32.0,35.0,36.0,37.0,22.6,43.7
1604480376,31.0,35.0,36.0,37.0,22.6,43.7
1604480377,31.0,35.0,36.0,37.0,22.6,43.7
1604480378,31.0,35.0,36.0,37.0,22.6,43.7
1604480379,31.03333333333333,35.0,36.0,37.0,22.6,43.71666666666667
1604480380,31.066666666666663,35.0,36.0,37.0,22.6,43.73333333333333
1604480381,31.1,35.0,36.0,37.0,22.6,43.75
1604480382,31.133333333333333,35.0,36.0,37.0,22.6,43.76666666666667
1604480383,31.166666666666668,35.0,36.0,37.0,22.6,43.78333333333334
1604480384,31.2,35.0,36.0,37.0,22.6,43.8
1604480385,31.23333333333333,35.0,36.0,37.0,22.6,43.81666666666667
1604480386,31.266666666666666,35.0,36.0,37.0,22.6,43.833333333333336
1604480387,31.3,35.0,36.0,37.0,22.6,43.85
1604480388,31.33333333333333,35.0,36.0,37.0,22.6,43.86666666666667
1604480389,31.366666666666667,35.0,36.0,37.0,22.6,43.88333333333333
1604480390,31.4,35.0,36.0,37.0,22.6,43.900000000000006
1604480391,31.433333333333334,35.0,36.0,37.0,22.6,43.91666666666667
1604480392,31.466666666666665,35.0,36.0,37.0,22.6,43.93333333333334
1604480393,31.5,35.0,36.0,37.0,22.6,43.95
1604480394,31.53333333333333,35.0,36.0,37.0,22.6,43.96666666666667
1604480395,31.566666666666663,35.0,36.0,37.0,22.6,43.98333333333333
1604480396,31.6,35.0,36.0,37.0,22.6,44.0
1604480397,31.633333333333333,35.0,36.0,37.0,22.6,44.01666666666667
1604480398,31.666666666666668,35.0,36.0,37.0,22.6,44.03333333333334
1604480399,31.7,35.0,36.0,37.0,22.6,44.05
1604480400,31.73333333333333,35.0,36.0,37.0,22.6,44.06666666666667
1604480401,31.766666666666666,35.0,36.0,37.0,22.6,44.083333333333336
1604480402,31.8,35.0,36.0,37.0,22.6,44.1
1604480403,31.83333333333333,35.0,36.0,37.0,22.6,44.11666666666667
1604480404,31.866666666666667,35.0,36.0,37.0,22.6,44.13333333333333
1604480405,31.9,35.0,36.0,37.0,22.6,44.150000000000006
1604480406,31.933333333333334,35.0,36.0,37.0,22.6,44.16666666666667
1604480407,31.966666666666665,35.0,36.0,37.0,22.6,44.18333333333334
1604480408,32.0,35.0,36.0,37.0,22.6,44.2
1604480409,32.0,35.0,36.0,36.0,22.6,44.2
1604480410,32.0,35.0,36.0,36.0,22.6,44.2
1604480411,32.0,35.0,36.0,36.0,22.6,44.2
1604480412,32.0,35.0,36.0,36.0,22.6,44.2
1604480413,32.0,35.0,36.0,36.0,22.6,44.6
1604480414,32.0,35.0,36.0,36.0,22.6,44.6
1604480415,33.0,35.0,36.0,36.0,22.6,44.6
1604480416,33.0,35.0,36.0,36.0,22.6,44.6
1604480417,33.0,34.0,36.0,36.0,22.6,44.6
1604480418,33.0,34.0,36.0,36.0,22.6,44.8
1604480419,33.0,34.0,36.0,37.0,22.6,44.8
1604480420,33.0,34.0,36.0,37.0,22.6,44.8
1604480421,33.0,35.0,35.0,37.0,22.6,44.8
1604480422,33.0,35.0,35.0,37.0,22.6,44.8
1604480423,33.0,35.0,35.0,37.0,22.6,44.8
1604480424,33.0,35.0,35.0,37.0,22.6,44.8
1604480425,33.0,35.0,35.0,37.0,22.6,44.8
1604480426,33.0,36.0,35.0,37.0,22.6,44.8
1604480427,33.0,36.0,36.0,37.0,22.6,44.8
1604480428,33.0,36.0,36.0,37.0,22.7,45.0
1604480429,33.0,36.0,36.0,37.0,22.7,45.0
1604480430,33.0,36.0,36.0,37.0,22.7,45.0
1604480431,33.0,36.0,36.0,37.0,22.7,45.0
1604480432,33.0,34.0,36.0,37.0,22.7,45.0
1604480433,33.0,34.0,37.0,37.0,22.7,45.0
1604480434,33.0,35.0,37.0,37.0,22.7,45.0
1604480435,33.0,34.0,37.0,37.0,22.7,45.0
1604480436,33.0,34.0,37.0,37.0,22.7,45.0
1604480437,33.0,34.0,37.0,37.0,22.7,45.0
1604480438,33.0,34.0,37.0,37.0,22.7,44.9
1604480439,33.0,34.0,37.0,36.0,22.7,44.9
1604480440,33.0,34.0,37.0,36.0,22.7,44.9
1604480441,33.0,34.0,37.0,36.0,22.7,44.9
1604480442,32.0,34.0,36.0,36.0,22.7,44.9
1604480443,32.0,34.0,36.0,36.0,22.7,44.9
1604480444,32.0,34.0,35.0,36.0,22.7,44.9
1604480445,31.0,34.0,35.0,36.0,22.7,44.9
1604480446,31.0,34.0,35.0,36.0,22.7,44.9
1604480447,31.0,34.0,34.0,36.0,22.7,44.9
1604480448,31.0,35.0,34.0,36.0,22.7,45.0
1604480449,31.0,35.0,34.0,36.0,22.7,45.0
1604480450,31.0,35.0,35.0,36.0,22.7,45.0
1604480451,32.0,35.0,35.0,36.0,22.7,45.0
1604480452,32.0,35.0,35.0,37.0,22.7,45.0
1604480453,32.0,35.0,35.0,37.0,22.7,45.0
1604480454,32.0,35.0,35.0,37.0,22.7,45.0
1604480455,32.0,34.0,35.0,37.0,22.7,45.0
1604480456,32.0,34.0,35.0,37.0,22.7,45.0
1604480457,32.0,34.0,35.0,37.0,22.7,45.0
1604480458,32.0,34.0,35.0,37.0,22.7,45.2
1604480459,32.0,34.0,35.0,37.0,22.7,45.2
1604480460,32.0,34.0,35.0,37.0,22.7,45.2
1604480461,32.0,34.0,35.0,37.0,22.7,45.2
1604480462,32.0,34.0,35.0,37.0,22.7,45.2
1604480463,32.0,34.0,36.0,37.0,22.7,45.3
1604480464,32.0,34.0,36.0,37.0,22.7,45.3
1604480465,32.0,34.0,36.0,37.0,22.7,45.3
1604480466,32.0,34.0,36.0,37.0,22.7,45.3
1604480467,32.0,34.0,36.0,37.0,22.7,45.3
1604480468,32.0,34.0,36.0,37.0,22.7,45.4
1604480469,32.0,34.0,36.0,37.0,22.7,45.4
1604480470,32.0,33.0,36.0,37.0,22.7,45.4
1604480471,32.0,33.0,36.0,37.0,22.7,45.4
1604480472,32.0,33.0,37.0,37.0,22.7,45.4
1604480473,31.0,33.0,37.0,37.0,22.7,45.6
1604480474,31.0,33.0,37.0,37.0,22.7,45.6
1604480475,31.0,33.0,37.0,37.0,22.7,45.6
1604480476,31.0,33.0,37.0,37.0,22.7,45.6
1604480477,31.0,33.0,37.0,37.0,22.7,45.6
1604480478,31.0,33.0,37.0,37.0,22.7,45.8
1604480479,31.0,33.0,37.0,37.0,22.7,45.8
1604480480,31.0,32.0,37.0,36.0,22.7,45.8
1604480481,31.0,32.0,37.0,36.0,22.7,45.8
1604480482,31.0,33.0,37.0,36.0,22.7,45.8
1604480483,32.0,33.0,37.0,36.0,22.7,45.9
1604480484,32.0,33.0,36.0,36.0,22.7,45.9
1604480485,32.0,33.0,36.0,36.0,22.7,45.9
1604480486,32.0,33.0,36.0,36.0,22.7,45.9
1604480487,33.0,33.0,36.0,36.0,22.7,45.9
1604480488,33.0,33.0,36.0,36.0,22.7,45.9
1604480489,33.0,33.0,35.0,37.0,22.7,45.9
1604480490,33.0,34.0,35.0,37.0,22.7,45.9
1604480491,33.0,34.0,35.0,37.0,22.7,45.9
1604480492,33.0,34.0,36.0,37.0,22.7,45.9
1604480493,33.0,34.0,36.0,37.0,22.7,45.9
1604480494,33.0,35.0,36.0,37.0,22.7,45.9
1604480495,33.0,35.0,36.0,37.0,22.7,45.9
1604480496,33.0,35.0,36.0,37.0,22.7,45.9
1604480497,33.0,35.0,36.0,37.0,22.7,45.9
1604480498,33.0,35.0,36.0,36.0,22.7,45.8
1604480499,33.0,35.0,36.0,36.0,22.7,45.8
1604480500,33.0,35.0,36.0,36.0,22.7,45.8
1604480501,32.0,35.0,36.0,37.0,22.7,45.8
1604480502,32.0,35.0,36.0,37.0,22.7,45.8
1604480503,32.0,35.0,36.0,37.0,22.7,45.8
1604480504,32.0,35.0,36.0,37.0,22.7,45.8
1604480505,32.0,34.0,36.0,37.0,22.7,45.8
1604480506,32.0,34.0,36.0,37.0,22.7,45.8
1604480507,32.0,34.0,36.0,37.0,22.7,45.8
1604480508,32.0,34.0,36.0,38.0,22.7,45.7
1604480509,32.0,34.0,36.0,38.0,22.7,45.7
1604480510,32.0,34.0,36.0,38.0,22.7,45.7
1604480511,32.0,34.0,36.0,38.0,22.7,45.7
1604480512,32.0,35.0,35.0,38.0,22.7,45.7
1604480513,32.0,35.0,35.0,38.0,22.8,45.6
1604480514,32.0,35.0,35.0,38.0,22.8,45.6
1604480515,32.0,35.0,35.0,38.0,22.8,45.6
1604480516,32.0,35.0,35.0,38.0,22.8,45.6
1604480517,32.0,36.0,35.0,38.0,22.8,45.6
1604480518,32.0,36.0,35.0,38.0,22.7,45.5
1604480519,32.0,36.0,35.0,38.0,22.7,45.5
1604480520,32.0,36.0,35.0,38.0,22.7,45.5
1604480521,32.0,36.0,35.0,38.0,22.7,45.5
1604480522,32.0,36.0,35.0,38.0,22.7,45.5
1604480523,32.0,35.0,35.0,38.0,22.8,45.0
1604480524,32.0,35.0,35.0,38.0,22.8,45.0
1604480525,32.0,35.0,35.0,38.0,22.8,45.0
1604480526,32.0,35.0,35.0,37.0,22.8,45.0
1604480527,32.0,35.0,35.0,37.0,22.8,45.0
1604480528,32.0,35.0,35.0,37.0,22.7,44.7
1604480529,32.0,35.0,35.0,37.0,22.7,44.7
1604480530,32.0,35.0,35.0,37.0,22.7,44.7
1604480531,32.0,35.0,35.0,37.0,22.7,44.7
1604480532,32.0,36.0,36.0,37.0,22.7,44.7
1604480533,32.0,36.0,36.0,37.0,22.8,44.6
1604480534,32.0,36.0,36.0,37.0,22.8,44.6
1604480535,32.0,36.0,36.0,37.0,22.8,44.6
1604480536,32.0,36.0,37.0,37.0,22.8,44.6
1604480537,32.0,36.0,37.0,37.0,22.8,44.6
1604480538,32.0,36.0,37.0,38.0,22.8,44.4
1604480539,32.0,36.0,37.0,38.0,22.8,44.4
1604480540,32.0,36.0,37.0,38.0,22.8,44.4
1604480541,33.0,36.0,36.0,38.0,22.8,44.4
1604480542,33.0,35.0,36.0,38.0,22.8,44.4
1604480543,33.0,35.0,36.0,38.0,22.8,43.6
1604480544,33.0,35.0,36.0,38.0,22.8,43.6
1604480545,33.0,35.0,36.0,38.0,22.8,43.6
1604480546,33.0,34.0,36.0,38.0,22.8,43.6
1604480547,32.0,34.0,36.0,38.0,22.8,43.6
1604480548,32.0,34.0,36.0,39.0,22.8,43.6
1604480549,32.0,34.0,36.0,39.0,22.8,43.6
1604480550,32.0,34.0,36.0,39.0,22.8,43.6
1604480551,32.0,34.0,36.0,38.0,22.8,43.6
1604480552,32.0,34.0,36.0,38.0,22.8,43.6
1604480553,32.0,34.0,36.0,38.0,22.8,43.6
1604480554,32.0,34.0,37.0,38.0,22.8,43.6
1604480555,32.0,35.0,37.0,38.0,22.8,43.6
1604480556,31.0,35.0,37.0,38.0,22.8,43.6
1604480557,31.0,35.0,37.0,38.0,22.8,43.6
1604480558,31.0,35.0,38.0,38.0,22.8,43.7
1604480559,31.0,35.0,38.0,38.0,22.8,43.7
1604480560,31.0,35.0,38.0,38.0,22.8,43.7
1604480561,31.0,35.0,38.0,38.0,22.8,43.7
1604480562,31.0,35.0,38.0,38.0,22.8,43.7
1604480563,31.0,36.0,39.0,39.0,22.9,44.1
1604480564,31.0,35.0,39.0,39.0,22.9,44.1
1604480565,31.0,35.0,39.0,39.0,22.9,44.1
1604480566,31.0,35.0,39.0,39.0,22.9,44.1
1604480567,31.0,35.0,39.0,39.0,22.9,44.1
1604480568,31.0,35.0,39.0,39.0,22.9,44.1
1604480569,31.0,35.0,39.0,39.0,22.9,44.1
1604480570,31.0,35.0,39.0,39.0,22.9,44.1
1604480571,31.0,35.0,39.0,39.0,22.9,44.1
1604480572,31.0,35.0,39.0,39.0,22.9,44.1
1604480573,31.0,35.0,39.0,39.0,22.9,44.1
1604480574,31.0,35.0,39.0,39.0,22.9,44.1
1604480575,31.0,35.0,38.0,40.0,22.9,44.1
1604480576,31.0,35.0,38.0,40.0,22.9,44.0
1604480577,31.0,35.0,38.0,40.0,22.9,44.0
1604480578,31.0,35.0,37.0,40.0,22.9,44.0
1604480579,31.0,35.0,37.0,40.0,22.9,44.0
1604480580,31.0,35.0,37.0,40.0,22.9,44.0
1604480581,31.0,34.0,36.0,40.0,22.8,43.9
1604480582,31.0,34.0,36.0,40.0,22.8,43.9
1604480583,31.0,34.0,35.0,39.0,22.8,43.9
1604480584,31.0,34.0,35.0,39.0,22.8,43.9
1604480585,31.0,34.0,35.0,39.0,22.8,43.9
1604480586,31.0,34.0,35.0,39.0,22.9,43.6
1604480587,31.0,34.0,35.0,39.0,22.9,43.6
1604480588,32.0,34.0,34.0,39.0,22.9,43.6
1604480589,32.0,34.0,34.0,39.0,22.9,43.6
1604480590,32.0,34.0,34.0,38.0,22.9,43.6
1604480591,32.0,34.0,34.0,38.0,22.9,43.5
1604480592,32.0,34.0,34.0,38.0,22.9,43.5
1604480593,31.0,35.0,35.0,38.0,22.9,43.5
1604480594,31.0,35.0,35.0,38.0,22.9,43.5
1604480595,31.0,35.0,35.0,37.0,22.9,43.5
1604480596,31.0,35.0,35.0,37.0,22.9,43.5
1604480597,31.0,35.0,35.0,37.0,22.9,43.5
1604480598,30.0,35.0,35.0,36.0,22.9,43.5
1604480599,30.0,35.0,35.0,36.0,22.9,43.5
1604480600,30.0,35.0,36.0,36.0,22.9,43.5
1604480601,30.0,35.0,36.0,36.0,22.9,43.5
1604480602,30.0,35.0,36.0,36.0,22.9,43.5
1604480603,30.0,35.0,36.0,36.0,22.9,43.5
1604480604,30.0,35.0,36.0,36.0,22.9,43.5
1604480605,30.0,35.0,36.0,37.0,22.9,43.5
1604480606,31.0,35.0,35.0,37.0,22.9,43.7
1604480607,31.0,35.0,35.0,37.0,22.9,43.7
1604480608,31.0,35.0,35.0,37.0,22.9,43.7
1604480609,31.0,35.0,35.0,37.0,22.9,43.7
1604480610,32.0,35.0,34.0,37.0,22.9,43.7
1604480611,32.0,36.0,34.0,37.0,22.9,43.6
1604480612,32.0,36.0,34.0,36.0,22.9,43.6
1604480613,32.0,36.0,33.0,36.0,22.9,43.6
1604480614,32.0,36.0,33.0,36.0,22.9,43.6
1604480615,32.0,36.0,34.0,36.0,22.9,43.6
1604480616,32.0,36.0,34.0,37.0,23.0,43.7
1604480617,32.0,36.0,34.0,37.0,23.0,43.7
1604480618,32.0,36.0,34.0,37.0,23.0,43.7
1604480619,32.0,36.0,35.0,37.0,23.0,43.7
1604480620,32.0,36.0,35.0,37.0,23.0,43.7
1604480621,32.0,35.0,36.0,37.0,22.9,44.0
1604480622,32.0,35.0,36.0,37.0,22.9,44.0
1604480623,31.0,34.0,37.0,37.0,22.9,44.0
1604480624,31.0,34.0,37.0,37.0,22.9,44.0
1604480625,31.0,34.0,37.0,37.0,22.9,44.0
1604480626,31.0,34.0,37.0,37.0,22.9,43.9
1604480627,31.0,34.0,37.0,37.0,22.9,43.9
1604480628,31.0,34.0,37.0,37.0,22.9,43.9
1604480629,31.0,34.0,37.0,37.0,22.9,43.9
1604480630,31.0,34.0,37.0,37.0,22.9,43.9
1604480631,31.0,34.0,36.0,37.0,22.9,44.0
1604480632,31.0,34.0,36.0,36.0,22.9,44.0
1604480633,31.0,34.0,36.0,36.0,22.9,44.0
1604480634,30.0,34.0,36.0,36.0,22.9,44.0
1604480635,30.0,34.0,36.0,36.0,22.9,44.0
1604480636,30.0,34.0,36.0,36.0,23.0,44.0
1604480637,30.0,34.0,36.0,36.0,23.0,44.0
1604480638,31.0,34.0,36.0,36.0,23.0,44.0
1604480639,31.0,34.0,35.0,36.0,23.0,44.0
1604480640,30.0,34.0,35.0,36.0,23.0,44.0
1604480641,30.0,34.0,35.0,36.0,23.0,43.9
1604480642,30.0,34.0,35.0,36.0,23.0,43.9
1604480643,30.0,34.0,35.0,36.0,23.0,43.9
1604480644,31.0,34.0,35.0,37.0,23.0,43.9
1604480645,31.0,34.0,35.0,37.0,23.0,43.9
1604480646,31.0,34.0,35.0,37.0,23.0,43.9
1604480647,31.0,35.0,35.0,37.0,23.0,43.9
1604480648,31.0,35.0,35.0,37.0,23.0,43.9
1604480649,31.0,35.0,35.0,38.0,23.0,43.9
1604480650,31.0,35.0,35.0,38.0,23.0,43.9
1604480651,30.0,35.0,35.0,38.0,23.0,43.6
1604480652,31.0,35.0,36.0,38.0,23.0,43.6
1604480653,31.0,35.0,36.0,38.0,23.0,43.6
1604480654,31.0,35.0,36.0,38.0,23.0,43.6
1604480655,31.0,37.0,36.0,38.0,23.0,43.6
1604480656,31.0,37.0,36.0,38.0,23.0,43.5
1604480657,31.0,37.0,36.0,38.0,23.0,43.5
1604480658,31.0,37.0,36.0,38.0,23.0,43.5
1604480659,32.0,36.0,36.0,38.0,23.0,43.5
1604480660,32.0,36.0,36.0,38.0,23.0,43.5
1604480661,32.0,36.0,36.0,38.0,23.0,43.5
1604480662,32.0,36.0,36.0,38.0,23.0,43.5
1604480663,32.0,36.0,36.0,38.0,23.0,43.5
1604480664,32.0,36.0,36.0,38.0,23.0,43.5
1604480665,32.0,36.0,35.0,37.0,23.0,43.5
1604480666,32.0,36.0,35.0,37.0,23.0,43.5
1604480667,32.0,37.0,35.0,37.0,23.0,43.5
1604480668,32.0,37.0,35.0,37.0,23.0,43.5
1604480669,32.0,37.0,35.0,36.0,23.0,43.5
1604480670,32.0,36.0,35.0,36.0,23.0,43.5
1604480671,32.0,36.0,35.0,36.0,23.0,43.5
1604480672,32.0,36.0,35.0,36.0,23.0,43.5
1604480673,32.0,36.0,36.0,35.0,23.0,43.5
1604480674,32.0,36.0,36.0,35.0,23.0,43.5
1604480675,33.0,36.0,36.0,35.0,23.0,43.5
1604480676,33.0,36.0,37.0,35.0,23.1,43.6
1604480677,33.0,36.0,37.0,35.0,23.1,43.6
1604480678,33.0,36.0,37.0,35.0,23.1,43.6
1604480679,33.0,36.0,38.0,35.0,23.1,43.6
1604480680,33.0,36.0,38.0,35.0,23.1,43.6
1604480681,32.0,36.0,38.0,35.0,23.0,43.5
1604480682,32.0,35.0,38.0,36.0,23.0,43.5
1604480683,32.0,35.0,38.0,36.0,23.0,43.5
1604480684,32.0,35.0,38.0,36.0,23.0,43.5
1604480685,32.0,35.0,38.0,36.0,23.0,43.5
1604480686,32.0,35.0,38.0,36.0,23.1,43.7
1604480687,32.0,35.0,38.0,36.0,23.1,43.7
1604480688,32.0,35.0,38.0,37.0,23.1,43.7
1604480689,32.0,35.0,37.0,37.0,23.1,43.7
1604480690,32.0,35.0,37.0,37.0,23.1,43.7
1604480691,32.0,35.0,37.0,37.0,23.0,43.6
1604480692,32.0,35.0,37.0,37.0,23.0,43.6
1604480693,32.0,35.0,36.0,37.0,23.0,43.6
1604480694,32.0,35.0,36.0,37.0,23.0,43.6
1604480695,32.0,35.0,36.0,37.0,23.0,43.6
1604480696,32.0,35.0,36.0,37.0,23.1,43.6
1604480697,32.0,35.0,36.0,38.0,23.1,43.6
1604480698,32.0,35.0,36.0,38.0,23.1,43.6
1604480699,32.0,35.0,36.0,38.0,23.1,43.6
1604480700,33.0,35.0,36.0,38.0,23.1,43.6
1604480701,33.0,35.0,35.0,38.0,23.1,43.6
1604480702,33.0,35.0,35.0,38.0,23.1,43.6
1604480703,33.0,36.0,35.0,38.0,23.1,43.6
1604480704,33.0,36.0,35.0,38.0,23.1,43.6
1604480705,33.0,36.0,35.0,38.0,23.1,43.6
1604480706,34.0,36.0,36.0,38.0,23.1,43.7
1604480707,34.0,36.0,36.0,37.0,23.1,43.7
1604480708,34.0,36.0,36.0,37.0,23.1,43.7
1604480709,34.0,36.0,36.0,37.0,23.1,43.7
1604480710,33.0,36.0,36.0,37.0,23.1,43.7
1604480711,33.0,36.0,36.0,37.0,23.1,43.8
1604480712,33.0,35.0,36.0,37.0,23.1,43.8
1604480713,32.0,35.0,37.0,37.0,23.1,43.8
1604480714,32.0,34.0,37.0,37.0,23.1,43.8
1604480715,32.0,34.0,37.0,37.0,23.1,43.8
1604480716,32.0,34.0,37.0,37.0,23.1,43.8
1604480717,31.0,33.0,37.0,37.0,23.1,43.8
1604480718,31.0,33.0,37.0,37.0,23.1,43.8
1604480719,31.0,32.0,34.0,37.0,23.1,43.8
1604480720,31.0,32.0,34.0,37.0,23.1,43.8
1604480721,31.0,32.0,35.0,37.0,23.1,43.8
1604480722,31.0,32.0,35.0,37.0,23.1,43.8
1604480723,32.0,32.0,35.0,36.0,23.1,43.8
1604480724,32.0,32.0,35.0,36.0,23.1,43.8
1604480725,32.0,33.0,35.0,36.0,23.1,43.8
1604480726,32.0,33.0,35.0,36.0,23.1,44.2
1604480727,32.0,33.0,35.0,36.0,23.1,44.2
1604480728,32.0,33.0,36.0,35.0,23.1,44.2
1604480729,32.0,34.0,36.0,35.0,23.1,44.2
1604480730,32.0,34.0,36.0,35.0,23.1,44.2
1604480731,31.0,34.0,36.0,35.0,23.1,44.0
1604480732,31.0,34.0,36.0,35.0,23.1,44.0
1604480733,31.0,35.0,36.0,35.0,23.1,44.0
1604480734,31.0,35.0,36.0,35.0,23.1,44.0
1604480735,31.0,35.0,37.0,35.0,23.1,44.0
1604480736,31.0,35.0,37.0,35.0,23.1,44.2
1604480737,31.0,35.0,37.0,35.0,23.1,44.2
1604480738,31.0,35.0,37.0,36.0,23.1,44.2
1604480739,31.0,35.0,37.0,36.0,23.1,44.2
1604480740,31.0,35.0,37.0,36.0,23.1,44.2
1604480741,31.0,34.0,37.0,36.0,23.1,44.3
1604480742,31.0,34.0,37.0,36.0,23.1,44.3
1604480743,31.0,34.0,37.0,36.0,23.1,44.3
1604480744,31.0,34.0,37.0,37.0,23.1,44.3
1604480745,31.0,34.0,37.0,37.0,23.1,44.3
1604480746,32.0,34.0,37.0,37.0,23.1,44.4
1604480747,32.0,34.0,36.0,37.0,23.1,44.4
1604480748,32.0,34.0,36.0,37.0,23.1,44.4
1604480749,32.0,35.0,36.0,37.0,23.1,44.4
1604480750,32.0,35.0,36.0,37.0,23.1,44.4
1604480751,32.0,35.0,35.0,37.0,23.1,44.4
1604480752,32.0,35.0,35.0,37.0,23.1,44.4
1604480753,32.0,36.0,35.0,37.0,23.1,44.4
1604480754,31.0,36.0,35.0,37.0,23.1,44.4
1604480755,31.0,35.0,35.0,37.0,23.1,44.4
1604480756,31.0,36.0,35.0,36.0,23.1,44.4
1604480757,31.0,36.0,35.0,36.0,23.1,44.4
1604480758,31.0,36.0,35.0,36.0,23.1,44.4
1604480759,31.0,36.0,35.0,36.0,23.1,44.4
1604480760,31.0,36.0,35.0,36.0,23.1,44.4
1604480761,31.0,36.0,36.0,36.0,23.2,44.5
1604480762,31.0,36.0,36.0,36.0,23.2,44.5
1604480763,32.0,36.0,36.0,36.0,23.2,44.5
1604480764,32.0,36.0,37.0,36.0,23.2,44.5
1604480765,32.0,37.0,37.0,36.0,23.2,44.5
1604480766,32.0,37.0,37.0,36.0,23.2,44.5
1604480767,32.0,37.0,37.0,36.0,23.2,44.5
1604480768,32.0,37.0,38.0,36.0,23.2,44.5
1604480769,32.0,37.0,38.0,36.0,23.2,44.5
1604480770,32.0,37.0,38.0,36.0,23.2,44.5
1604480771,32.0,37.0,39.0,36.0,23.2,44.5
1604480772,32.0,36.0,39.0,36.0,23.2,44.5
1604480773,32.0,36.0,39.0,36.0,23.2,44.5
1604480774,32.0,36.0,39.0,36.0,23.2,44.5
1604480775,32.0,36.0,39.0,36.0,23.2,44.5
1604480776,32.0,36.0,39.0,36.0,23.2,44.3
1604480777,32.0,36.0,39.0,36.0,23.2,44.3
1604480778,31.0,35.0,39.0,36.0,23.2,44.3
1604480779,31.0,35.0,38.0,36.0,23.2,44.3
1604480780,31.0,35.0,38.0,36.0,23.2,44.3
1604480781,30.0,35.0,38.0,36.0,23.2,44.3
1604480782,30.0,35.0,37.0,36.0,23.2,44.3
1604480783,30.0,35.0,37.0,36.0,23.2,44.3
1604480784,30.0,35.0,37.0,36.0,23.2,44.3
1604480785,30.0,35.0,36.0,36.0,23.2,44.3
1604480786,30.0,35.0,36.0,36.0,23.2,44.1
1604480787,30.0,35.0,36.0,36.0,23.2,44.1
1604480788,30.0,35.0,36.0,36.0,23.2,44.1
1604480789,30.0,35.0,36.0,36.0,23.2,44.1
1604480790,30.0,35.0,36.0,36.0,23.2,44.1
1604480791,30.0,35.0,36.0,36.0,23.2,44.1
1604480792,30.0,35.0,36.0,36.0,23.2,44.1
1604480793,30.0,35.0,36.0,36.0,23.2,44.1
1604480794,30.0,35.0,36.0,36.0,23.2,44.1
1604480795,30.0,35.0,36.0,36.0,23.2,44.1
1604480796,30.0,35.0,36.0,36.0,23.2,44.1
1604480797,31.0,35.0,36.0,36.0,23.2,44.1
1604480798,31.0,35.0,36.0,36.0,23.2,44.1
1604480799,31.0,35.0,36.0,36.0,23.2,44.1
1604480800,31.0,34.0,36.0,36.0,23.2,44.1
1604480801,31.0,34.0,36.0,36.0,23.2,44.1
1604480802,32.0,34.0,36.0,35.0,23.2,44.1
1604480803,32.0,33.0,35.0,35.0,23.2,44.1
1604480804,31.0,33.0,35.0,35.0,23.2,44.2
1604480805,31.0,33.0,35.0,35.0,23.2,44.2
1604480806,31.0,33.0,35.0,35.0,23.2,44.2
1604480807,31.0,33.0,35.0,34.0,23.2,44.2
1604480808,31.0,34.0,35.0,34.0,23.2,44.2
1604480809,31.0,34.0,35.0,34.0,23.2,44.1
1604480810,31.0,34.0,35.0,34.0,23.2,44.1
1604480811,31.0,34.0,35.0,34.0,23.2,44.1
1604480812,31.0,35.0,35.0,35.0,23.2,44.1
1604480813,31.0,35.0,35.0,35.0,23.2,44.1
1604480814,31.0,35.0,35.0,35.0,23.2,43.9
1604480815,31.0,35.0,35.0,35.0,23.2,43.9
1604480816,31.0,35.0,36.0,35.0,23.2,43.9
1604480817,31.0,35.0,36.0,35.0,23.2,43.9
1604480818,32.0,35.0,36.0,35.0,23.2,43.9
1604480819,32.0,35.0,36.0,35.0,23.2,43.7
1604480820,32.0,35.0,36.0,35.0,23.2,43.7
1604480821,32.0,35.0,36.0,35.0,23.2,43.7
1604480822,32.0,35.0,36.0,35.0,23.2,43.7
1604480823,32.0,35.0,36.0,35.0,23.2,43.7
1604480824,32.0,36.0,36.0,35.0,23.2,43.5
1604480825,32.0,36.0,36.0,35.0,23.2,43.5
1604480826,32.0,36.0,36.0,35.0,23.2,43.5
1604480827,32.0,36.0,36.0,35.0,23.2,43.5
1604480828,32.0,36.0,36.0,35.0,23.2,43.5
1604480829,32.0,36.0,36.0,35.0,23.2,43.3
1604480830,32.0,36.0,36.0,35.0,23.2,43.3
1604480831,32.0,35.0,36.0,35.0,23.2,43.3
1604480832,32.0,35.0,36.0,35.0,23.2,43.3
1604480833,32.0,35.0,36.0,35.0,23.2,43.3
1604480834,32.0,35.0,36.0,35.0,23.2,43.1
1604480835,32.0,35.0,36.0,35.0,23.2,43.1
1604480836,32.0,34.0,36.0,35.0,23.2,43.1
1604480837,32.0,34.0,36.0,35.0,23.2,43.1
1604480838,32.0,35.0,36.0,36.0,23.2,43.1
1604480839,32.0,35.0,36.0,36.0,23.2,43.0
1604480840,32.0,35.0,36.0,36.0,23.2,43.0
1604480841,32.0,35.0,36.0,36.0,23.2,43.0
1604480842,32.0,36.0,35.0,36.0,23.2,43.0
1604480843,32.0,36.0,35.0,36.0,23.2,43.0
1604480844,32.0,37.0,35.0,37.0,23.2,42.9
1604480845,32.0,37.0,36.0,36.0,23.2,42.9
1604480846,32.0,37.0,36.0,36.0,23.2,42.9
1604480847,32.0,38.0,36.0,36.0,23.2,42.9
1604480848,31.0,38.0,36.0,36.0,23.2,42.9
1604480849,31.0,38.0,36.0,35.0,23.2,42.8
1604480850,31.0,38.0,36.0,35.0,23.2,42.8
1604480851,31.0,38.0,36.0,35.0,23.2,42.8
1604480852,30.0,38.0,37.0,35.0,23.2,42.8
1604480853,30.0,38.0,37.0,35.0,23.2,42.8
1604480854,30.0,38.0,38.0,35.0,23.2,43.0
1604480855,30.0,38.0,38.0,35.0,23.2,43.0
1604480856,30.0,37.0,38.0,35.0,23.2,43.0
1604480857,30.0,37.0,38.0,35.0,23.2,43.0
1604480858,31.0,37.0,39.0,35.0,23.2,43.0
1604480859,31.0,36.0,39.0,35.0,23.2,42.8
1604480860,31.0,36.0,39.0,35.0,23.2,42.8
1604480861,31.0,36.0,38.0,35.0,23.2,42.8
1604480862,31.0,35.0,38.0,35.0,23.2,42.8
1604480863,31.0,35.0,38.0,35.0,23.2,42.8
1604480864,31.0,35.0,37.0,35.0,23.2,42.6
1604480865,31.0,35.0,36.0,36.0,23.2,42.6
1604480866,32.0,35.0,35.0,36.0,23.2,42.6
1604480867,32.0,35.0,35.0,36.0,23.2,42.6
1604480868,32.0,35.0,34.0,36.0,23.2,42.6
1604480869,32.0,35.0,33.0,36.0,23.2,42.7
1604480870,32.0,35.0,33.0,36.0,23.2,42.7
1604480871,32.0,35.0,32.0,36.0,23.2,42.7
1604480872,33.0,35.0,32.0,36.0,23.2,42.7
1604480873,33.0,35.0,32.0,35.0,23.2,42.7
1604480874,33.0,35.0,33.0,35.0,23.2,42.8
1604480875,33.0,35.0,33.0,35.0,23.2,42.8
1604480876,33.0,35.0,33.0,35.0,23.2,42.8
1604480877,33.0,35.0,33.0,35.0,23.2,42.8
1604480878,33.0,35.0,34.0,35.0,23.2,42.8
1604480879,33.0,35.0,34.0,35.0,23.2,43.0
1604480880,33.0,35.0,35.0,35.0,23.2,43.0
1604480881,33.0,35.0,35.0,35.0,23.2,43.0
1604480882,32.0,35.0,35.0,35.0,23.2,43.0
1604480883,32.0,35.0,36.0,35.0,23.2,43.0
1604480884,32.0,35.0,36.0,35.0,23.2,43.1
1604480885,32.0,33.0,36.0,35.0,23.2,43.1
1604480886,32.0,33.0,36.0,36.0,23.2,43.1
1604480887,32.0,33.0,36.0,36.0,23.2,43.1
1604480888,32.0,33.0,36.0,36.0,23.2,43.1
1604480889,32.0,33.0,36.0,36.0,23.2,42.9
1604480890,32.0,34.0,36.0,37.0,23.2,42.9
1604480891,32.0,34.0,36.0,37.0,23.2,42.9
1604480892,32.0,34.0,35.0,37.0,23.2,42.9
1604480893,32.0,34.0,35.0,37.0,23.2,42.9
1604480894,32.0,34.0,35.0,37.0,23.2,42.8
1604480895,32.0,34.0,35.0,37.0,23.2,42.8
1604480896,32.0,34.0,35.0,37.0,23.2,42.8
1604480897,32.0,34.0,35.0,36.0,23.2,42.8
1604480898,32.0,34.0,35.0,36.0,23.2,42.8
1604480899,32.0,34.0,35.0,36.0,23.2,42.8
1604480900,32.0,34.0,35.0,36.0,23.2,42.8
1604480901,32.0,34.0,35.0,35.0,23.2,42.8
1604480902,32.0,34.0,35.0,35.0,23.2,42.8
1604480903,32.0,34.0,35.0,35.0,23.2,42.8
1604480904,32.0,34.0,35.0,34.0,23.2,42.8
1604480905,31.0,34.0,35.0,34.0,23.2,42.8
1604480906,31.0,34.0,35.0,34.0,23.2,42.8
1604480907,31.0,34.0,35.0,33.0,23.2,42.8
1604480908,31.0,34.0,34.0,33.0,23.2,42.8
1604480909,31.0,35.0,34.0,32.0,23.2,42.9
1604480910,31.0,35.0,35.0,32.0,23.2,42.9
1604480911,32.0,35.0,35.0,32.0,23.2,42.9
1604480912,32.0,35.0,35.0,31.0,23.2,42.9
1604480913,32.0,36.0,35.0,31.0,23.2,42.9
1604480914,33.0,36.0,36.0,31.0,23.3,43.0
1604480915,33.0,36.0,36.0,31.0,23.3,43.0
1604480916,33.0,36.0,36.0,30.0,23.3,43.0
1604480917,33.0,36.0,36.0,30.0,23.3,43.0
1604480918,33.0,36.0,37.0,30.0,23.3,43.0
1604480919,33.0,36.0,37.0,30.0,23.3,43.0
1604480920,33.0,36.0,37.0,30.0,23.3,43.0
1604480921,32.0,36.0,37.0,30.0,23.3,43.0
1604480922,32.0,35.0,37.0,30.0,23.3,43.0
1604480923,32.0,35.0,37.0,30.0,23.3,43.0
1604480924,31.0,35.0,37.0,30.0,23.3,43.0
1604480925,31.0,35.0,38.0,30.0,23.3,43.0
1604480926,31.0,35.0,38.0,30.0,23.3,43.0
1604480927,31.0,34.0,38.0,30.0,23.3,43.0
1604480928,31.0,34.0,38.0,30.0,23.3,43.0
1604480929,31.0,34.0,38.0,30.0,23.2,43.0
1604480930,31.0,34.0,38.0,30.0,23.2,43.0
1604480931,31.0,34.0,38.0,29.0,23.2,43.0
1604480932,31.0,34.0,38.0,29.0,23.2,43.0
1604480933,32.0,34.0,38.0,29.0,23.2,43.0
1604480934,32.0,35.0,38.0,29.0,23.3,43.0
1604480935,32.0,35.0,37.0,28.0,23.3,43.0
1604480936,32.0,35.0,37.0,28.0,23.3,43.0
1604480937,32.0,35.0,37.0,28.0,23.3,43.0
1604480938,32.0,35.0,36.0,28.0,23.3,43.0
1604480939,32.0,35.0,36.0,28.0,23.3,42.5
1604480940,32.0,35.0,36.0,28.0,23.3,42.5
1604480941,32.0,35.0,36.0,28.0,23.3,42.5
1604480942,31.0,35.0,36.0,27.0,23.3,42.5
1604480943,31.0,35.0,36.0,27.0,23.3,42.5
1604480944,31.0,35.0,36.0,27.0,23.3,42.3
1604480945,31.0,35.0,36.0,27.0,23.3,42.3
1604480946,31.0,35.0,36.0,27.0,23.3,42.3
1604480947,31.0,35.0,36.0,28.0,23.3,42.3
1604480948,31.0,35.0,35.0,28.0,23.3,42.3
1604480949,31.0,35.0,35.0,28.0,23.3,42.2
1604480950,31.0,35.0,34.0,28.0,23.3,42.2
1604480951,31.0,35.0,34.0,29.0,23.3,42.2
1604480952,31.0,35.0,34.0,29.0,23.3,42.2
1604480953,31.0,35.0,34.0,30.0,23.3,42.2
1604480954,31.0,35.0,33.0,30.0,23.3,41.9
1604480955,31.0,35.0,33.0,30.0,23.3,41.9
1604480956,32.0,35.0,33.0,31.0,23.3,41.9
1604480957,32.0,35.0,34.0,31.0,23.3,41.9
1604480958,32.0,34.0,34.0,31.0,23.3,41.9
1604480959,32.0,34.0,34.0,31.0,23.3,41.9
1604480960,32.0,34.0,35.0,31.0,23.3,41.9
1604480961,32.0,34.0,36.0,31.0,23.3,41.9
1604480962,32.0,34.0,36.0,30.0,23.3,41.9
1604480963,32.0,34.0,37.0,30.0,23.3,41.9
1604480964,31.0,34.0,37.0,30.0,23.4,41.9
1604480965,31.0,34.0,38.0,30.0,23.4,41.9
1604480966,31.0,35.0,38.0,30.0,23.4,41.9
1604480967,30.0,35.0,38.0,30.0,23.4,41.9
1604480968,30.0,35.0,38.0,30.0,23.4,41.9
1604480969,30.0,35.0,39.0,30.0,23.3,41.7
1604480970,30.0,35.0,38.0,30.0,23.3,41.7
1604480971,30.0,35.0,38.0,30.0,23.3,41.7
1604480972,30.0,35.0,38.0,31.0,23.3,41.7
1604480973,30.0,35.0,37.0,31.0,23.3,41.7
1604480974,30.0,35.0,37.0,31.0,23.3,41.7
1604480975,31.0,34.0,37.0,32.0,23.3,41.7
1604480976,31.0,34.0,36.0,32.0,23.3,41.7
1604480977,31.0,34.0,36.0,32.0,23.3,41.7
1604480978,31.0,34.0,36.0,32.0,23.3,41.7
1604480979,31.0,34.0,36.0,33.0,23.3,41.7
1604480980,31.0,34.0,35.0,33.0,23.3,41.7
1604480981,31.0,34.0,35.0,33.0,23.3,41.7
1604480982,31.0,34.0,35.0,33.0,23.3,41.7
1604480983,30.0,34.0,35.0,33.0,23.3,41.7
1604480984,30.0,34.0,35.0,33.0,23.4,42.0
1604480985,30.0,34.0,35.0,33.0,23.4,42.0
1604480986,30.0,35.0,35.0,33.0,23.4,42.0
1604480987,30.0,35.0,35.0,33.0,23.4,42.0
1604480988,30.0,35.0,35.0,32.0,23.4,42.0
1604480989,29.0,35.0,35.0,32.0,23.4,42.0
1604480990,30.0,35.0,35.0,32.0,23.4,42.0
1604480991,30.0,35.0,35.0,32.0,23.4,42.0
1604480992,30.0,35.0,35.0,32.0,23.4,42.0
1604480993,30.0,35.0,35.0,32.0,23.4,42.0
1604480994,30.0,35.0,35.0,32.0,23.4,42.0
1604480995,30.0,34.0,35.0,32.0,23.4,42.0
1604480996,30.0,34.0,35.0,32.0,23.4,42.0
1604480997,30.0,34.0,35.0,32.0,23.4,42.0
1604480998,30.0,34.0,35.0,32.0,23.4,42.0
1604480999,30.0,33.0,35.0,32.0,23.4,42.0
1604481000,30.0,33.0,34.0,32.0,23.4,42.1
1604481001,30.0,32.0,34.0,32.0,23.4,42.1
1604481002,30.0,32.0,34.0,33.0,23.4,42.1
1604481003,30.0,32.0,34.0,33.0,23.4,42.1
1604481004,29.0,32.0,33.0,33.0,23.4,42.1
1604481005,29.0,32.0,33.0,33.0,23.4,42.4
1604481006,29.0,33.0,33.0,33.0,23.4,42.4
1604481007,29.0,33.0,33.0,33.0,23.4,42.4
1604481008,29.0,33.0,33.0,33.0,23.4,42.4
1604481009,29.0,33.0,33.0,33.0,23.4,42.4
1604481010,30.0,34.0,34.0,33.0,23.4,42.4
1604481011,30.11111111111111,34.0,34.0,33.0,23.4,42.4
1604481012,30.22222222222222,34.0,34.0,33.0,23.4,42.4
1604481013,30.33333333333333,34.0,34.0,33.0,23.4,42.4
1604481014,30.444444444444443,34.0,34.0,33.0,23.4,42.4
1604481015,30.55555555555556,34.0,34.0,33.0,23.4,42.4
1604481016,30.666666666666668,34.0,34.0,33.0,23.4,42.4
1604481017,30.77777777777778,34.0,34.0,33.0,23.4,42.4
1604481018,30.88888888888889,34.0,34.0,33.0,23.4,42.4
1604481019,31.0,34.0,34.0,33.0,23.4,42.4
1604481020,31.0,34.0,34.0,33.0,23.4,42.4
1604481021,31.0,34.0,34.0,33.0,23.4,42.4
1604481022,31.0,35.0,34.0,33.0,23.4,42.4
1604481023,31.0,35.0,34.0,33.0,23.4,42.4
1604481024,31.0,35.0,34.0,34.0,23.4,42.4
1604481025,31.0,35.0,34.0,34.0,23.4,42.4
1604481026,31.0,35.0,34.0,34.0,23.4,42.4
1604481027,31.0,35.0,34.0,34.0,23.4,42.4
1604481028,32.0,35.0,34.0,33.0,23.4,42.7
1604481029,32.0,35.0,34.0,33.0,23.4,42.7
1604481030,32.0,35.0,34.0,33.0,23.4,42.7
1604481031,32.0,35.0,34.0,33.0,23.4,42.7
1604481032,32.0,35.0,34.0,33.0,23.4,42.7
1604481033,32.0,35.0,34.0,33.0,23.4,42.9
1604481034,31.0,35.0,34.0,33.0,23.4,42.9
1604481035,31.0,35.0,34.0,33.0,23.4,42.9
1604481036,31.0,35.0,34.0,33.0,23.4,42.9
1604481037,31.0,36.0,34.0,33.0,23.4,42.9
1604481038,31.0,36.0,34.0,33.0,23.4,43.2
1604481039,31.0,36.0,34.0,33.0,23.4,43.2
1604481040,31.0,36.0,34.0,33.0,23.4,43.2
1604481041,31.0,36.0,34.0,33.0,23.4,43.2
1604481042,30.0,36.0,34.0,33.0,23.4,43.2
1604481043,30.0,36.0,34.0,33.0,23.4,43.3
1604481044,30.0,36.0,34.0,33.0,23.4,43.3
1604481045,30.0,36.0,34.0,33.0,23.4,43.3
1604481046,30.0,36.0,34.0,33.0,23.4,43.3
1604481047,30.0,36.0,34.0,33.0,23.4,43.3
1604481048,30.0,36.0,34.0,33.0,23.5,42.9
1604481049,30.0,36.0,33.0,33.0,23.5,42.9
1604481050,30.0,36.0,33.0,33.0,23.5,42.9
1604481051,31.0,36.0,33.0,33.0,23.5,42.9
1604481052,31.0,36.0,33.0,33.0,23.5,42.9
1604481053,31.0,36.0,33.0,33.0,23.5,42.7
1604481054,31.0,36.0,33.0,33.0,23.5,42.7
1604481055,31.0,37.0,33.0,33.0,23.5,42.7
1604481056,32.0,37.0,33.0,33.0,23.5,42.7
1604481057,32.0,37.0,34.0,33.0,23.5,42.7
1604481058,32.0,37.0,34.0,33.0,23.5,42.6
1604481059,32.0,37.0,34.0,33.0,23.5,42.6
1604481060,32.0,37.0,35.0,33.0,23.5,42.6
1604481061,32.0,37.0,35.0,34.0,23.5,42.6
1604481062,32.0,37.0,35.0,34.0,23.5,42.6
1604481063,32.0,37.0,35.0,33.0,23.5,42.6
1604481064,32.0,36.0,35.0,33.0,23.5,42.6
1604481065,31.0,36.0,35.0,34.0,23.5,42.6
1604481066,31.0,36.0,35.0,34.0,23.5,42.6
1604481067,31.0,35.0,35.0,34.0,23.5,42.6
1604481068,31.0,35.0,35.0,34.0,23.5,42.1
1604481069,31.0,35.0,35.0,34.0,23.5,42.1
1604481070,31.0,34.0,35.0,34.0,23.5,42.1
1604481071,31.0,34.0,34.0,34.0,23.5,42.1
1604481072,31.0,34.0,34.0,34.0,23.5,42.1
1604481073,31.0,34.0,35.0,35.0,23.5,42.9
1604481074,31.0,33.0,35.0,35.0,23.5,42.9
1604481075,31.0,33.0,35.0,35.0,23.5,42.9
1604481076,31.0,33.0,35.0,35.0,23.5,42.9
1604481077,31.0,33.0,35.0,35.0,23.5,42.9
1604481078,31.0,33.0,35.0,35.0,23.5,43.1
1604481079,31.0,33.0,35.0,35.0,23.5,43.1
1604481080,31.0,34.0,35.0,35.0,23.5,43.1
1604481081,31.0,34.0,35.0,35.0,23.5,43.1
1604481082,31.0,34.0,35.0,35.0,23.5,43.1
1604481083,31.0,34.0,35.0,35.0,23.5,43.2
1604481084,31.0,35.0,35.0,35.0,23.5,43.2
1604481085,31.0,36.0,35.0,35.0,23.5,43.2
1604481086,31.0,36.0,35.0,36.0,23.5,43.2
1604481087,31.0,37.0,35.0,36.0,23.5,43.2
1604481088,31.0,37.0,35.0,36.0,23.5,43.4
1604481089,31.0,37.0,35.0,35.0,23.5,43.4
1604481090,31.0,37.0,35.0,35.0,23.5,43.4
1604481091,31.0,37.0,36.0,35.0,23.5,43.4
1604481092,31.0,37.0,36.0,35.0,23.5,43.4
1604481093,31.0,37.0,36.0,35.0,23.5,43.5
1604481094,31.0,36.0,36.0,34.0,23.5,43.5
1604481095,31.0,36.0,36.0,34.0,23.5,43.5
1604481096,31.0,36.0,36.0,34.0,23.5,43.5
1604481097,31.0,35.0,36.0,34.0,23.5,43.5
1604481098,31.0,35.0,36.0,34.0,23.5,43.5
1604481099,31.0,35.0,36.0,34.0,23.5,43.5
1604481100,31.0,35.0,35.0,33.0,23.5,43.5
1604481101,31.0,35.0,35.0,33.0,23.5,43.5
1604481102,31.0,35.0,35.0,33.0,23.5,43.5
1604481103,31.0,35.0,35.0,33.0,23.5,42.9
1604481104,31.0,35.0,35.0,34.0,23.5,42.9
1604481105,30.0,35.0,35.0,34.0,23.5,42.9
1604481106,30.0,35.0,35.0,33.0,23.5,42.9
1604481107,30.0,36.0,35.0,34.0,23.5,42.9
1604481108,30.0,36.0,35.0,34.0,23.5,42.5
1604481109,29.0,36.0,35.0,34.0,23.5,42.5
1604481110,29.0,36.0,35.0,34.0,23.5,42.5
1604481111,29.0,36.0,35.0,33.0,23.5,42.5
1604481112,29.0,37.0,35.0,33.0,23.5,42.5
1604481113,29.0,37.0,35.0,33.0,23.5,41.9
1604481114,29.0,36.0,35.0,33.0,23.5,41.9
1604481115,29.0,36.0,34.0,33.0,23.5,41.9
1604481116,29.0,36.0,34.0,34.0,23.5,41.9
1604481117,29.0,36.0,34.0,34.0,23.5,41.9
1604481118,29.0,36.0,34.0,35.0,23.5,41.7
1604481119,29.0,36.0,34.0,34.0,23.5,41.7
1604481120,30.0,36.0,34.0,34.0,23.5,41.7
1604481121,30.0,36.0,33.0,34.0,23.5,41.7
1604481122,30.0,36.0,33.0,34.0,23.5,41.7
1604481123,30.0,36.0,32.0,34.0,23.5,41.7
1604481124,30.0,36.0,32.0,34.0,23.5,41.7
1604481125,31.0,36.0,32.0,34.0,23.5,41.7
1604481126,31.0,36.0,31.0,34.0,23.5,41.7
1604481127,31.0,36.0,31.0,35.0,23.5,41.7
1604481128,31.0,36.0,30.0,35.0,23.5,41.8
1604481129,31.0,36.0,29.0,35.0,23.5,41.8
1604481130,31.0,35.0,29.0,35.0,23.5,41.8
1604481131,31.0,35.0,29.0,35.0,23.5,41.8
1604481132,31.0,35.0,28.0,35.0,23.5,41.8
1604481133,31.0,35.0,28.0,35.0,23.5,41.9
1604481134,31.0,35.0,28.0,35.0,23.5,41.9
1604481135,31.0,36.0,28.0,35.0,23.5,41.9
1604481136,31.0,36.0,28.0,35.0,23.5,41.9
1604481137,31.0,36.0,28.0,35.0,23.5,41.9
1604481138,31.0,36.0,28.0,35.0,23.5,42.1
1604481139,31.0,36.0,28.0,35.0,23.5,42.1
1604481140,31.0,37.0,28.0,35.0,23.5,42.1
1604481141,31.0,36.0,28.0,35.0,23.5,42.1
1604481142,31.0,36.0,28.0,36.0,23.5,42.1
1604481143,31.0,36.0,28.0,36.0,23.5,42.1
1604481144,31.0,36.0,28.0,36.0,23.5,42.1
1604481145,32.0,36.0,28.0,36.0,23.5,42.1
1604481146,32.0,36.0,27.0,36.0,23.5,42.1
1604481147,32.0,35.0,27.0,36.0,23.5,42.1
1604481148,32.0,35.0,27.0,36.0,23.5,42.2
1604481149,32.0,34.0,27.0,36.0,23.5,42.2
1604481150,32.0,34.0,27.0,36.0,23.5,42.2
1604481151,31.0,34.0,26.0,36.0,23.5,42.2
1604481152,31.0,34.0,26.0,35.0,23.5,42.2
1604481153,31.0,34.0,26.0,35.0,23.5,42.6
1604481154,30.0,34.0,26.0,35.0,23.5,42.6
1604481155,30.0,34.0,27.0,34.0,23.5,42.6
1604481156,29.0,34.0,27.0,34.0,23.5,42.6
1604481157,29.0,34.0,27.0,34.0,23.5,42.6
1604481158,29.0,35.0,27.0,34.0,23.6,42.8
1604481159,29.0,35.0,27.0,34.0,23.6,42.8
1604481160,29.0,35.0,28.0,34.0,23.6,42.8
1604481161,29.0,34.0,28.0,33.0,23.6,42.8
1604481162,30.0,35.0,28.0,33.0,23.6,42.8
1604481163,30.0,35.0,29.0,33.0,23.5,42.7
1604481164,30.0,35.0,29.0,33.0,23.5,42.7
1604481165,30.0,35.0,29.0,33.0,23.5,42.7
1604481166,30.0,35.0,29.0,33.0,23.5,42.7
1604481167,30.0,35.0,29.0,33.0,23.5,42.7
1604481168,30.0,35.0,29.0,34.0,23.6,42.8
1604481169,30.0,35.0,29.0,34.0,23.6,42.8
1604481170,30.0,35.0,29.0,34.0,23.6,42.8
1604481171,30.0,35.0,28.0,34.0,23.6,42.8
1604481172,30.0,35.0,28.0,35.0,23.6,42.8
1604481173,29.0,35.0,28.0,35.0,23.6,42.7
1604481174,29.0,35.0,28.0,35.0,23.6,42.7
1604481175,29.0,35.0,28.0,35.0,23.6,42.7
1604481176,29.0,35.0,28.0,35.0,23.6,42.7
1604481177,29.0,35.0,28.0,36.0,23.6,42.7
1604481178,29.0,35.0,28.0,36.0,23.6,42.9
1604481179,29.0,34.0,29.0,36.0,23.6,42.9
1604481180,29.0,34.0,29.0,36.0,23.6,42.9
1604481181,29.0,34.0,30.0,36.0,23.6,42.9
1604481182,29.0,34.0,30.0,36.0,23.6,42.9
1604481183,29.0,34.0,30.0,36.0,23.5,42.9
1604481184,30.0,34.0,31.0,36.0,23.5,42.9
1604481185,30.0,34.0,31.0,36.0,23.5,42.9
1604481186,30.0,34.0,31.0,36.0,23.5,42.9
1604481187,31.0,34.0,31.0,36.0,23.5,42.9
1604481188,31.0,34.0,32.0,36.0,23.6,43.1
1604481189,31.0,34.0,32.0,35.0,23.6,43.1
1604481190,31.0,34.0,32.0,35.0,23.6,43.1
1604481191,31.0,34.0,32.0,35.0,23.6,43.1
1604481192,31.0,34.0,32.0,35.0,23.6,43.1
1604481193,31.0,34.0,32.0,34.0,23.6,43.3
1604481194,31.0,34.0,32.0,34.0,23.6,43.3
1604481195,31.0,34.0,32.0,34.0,23.6,43.3
1604481196,31.0,35.0,32.0,34.0,23.6,43.3
1604481197,31.0,35.0,32.0,34.0,23.6,43.3
1604481198,30.0,35.0,32.0,34.0,23.6,43.4
1604481199,30.0,35.0,32.0,34.0,23.6,43.4
1604481200,30.0,35.0,32.0,34.0,23.6,43.4
1604481201,30.0,35.0,32.0,34.0,23.6,43.4
1604481202,30.0,35.0,32.0,34.0,23.6,43.4
1604481203,29.0,36.0,31.0,34.0,23.6,43.1
1604481204,29.0,36.0,31.0,34.0,23.6,43.1
1604481205,29.0,36.0,31.0,34.0,23.6,43.1
1604481206,29.0,36.0,31.0,34.0,23.6,43.1
1604481207,29.0,36.0,31.0,34.0,23.6,43.1
1604481208,29.0,37.0,31.0,34.0,23.6,42.9
1604481209,29.0,37.0,32.0,34.0,23.6,42.9
1604481210,29.0,37.0,32.0,34.0,23.6,42.9
1604481211,29.0,37.0,32.0,34.0,23.6,42.9
1604481212,29.0,37.0,32.0,34.0,23.6,42.9
1604481213,29.0,37.0,32.0,34.0,23.6,42.6
1604481214,30.0,37.0,31.0,34.0,23.6,42.6
1604481215,30.0,37.0,31.0,35.0,23.6,42.6
1604481216,30.0,37.0,31.0,35.0,23.6,42.6
1604481217,30.0,37.0,31.0,35.0,23.6,42.6
1604481218,29.0,37.0,30.0,35.0,23.6,42.6
1604481219,29.0,37.0,30.0,35.0,23.6,42.6
1604481220,29.0,36.0,30.0,34.0,23.6,42.6
1604481221,29.0,36.0,31.0,34.0,23.6,42.6
1604481222,29.0,36.0,31.0,34.0,23.6,42.6
1604481223,29.0,36.0,31.0,34.0,23.6,42.4
1604481224,29.0,36.0,31.0,34.0,23.6,42.4
1604481225,29.0,36.0,31.0,34.0,23.6,42.4
1604481226,29.0,36.0,32.0,34.0,23.6,42.4
1604481227,29.0,36.0,32.0,34.0,23.6,42.4
1604481228,29.0,36.0,33.0,34.0,23.6,41.7
1604481229,29.0,36.0,33.0,34.0,23.6,41.7
1604481230,29.0,36.0,33.0,34.0,23.6,41.7
1604481231,29.0,36.0,33.0,34.0,23.6,41.7
1604481232,29.0,36.0,33.0,35.0,23.6,41.7
1604481233,29.0,36.0,33.0,35.0,23.6,41.5
1604481234,29.0,36.0,33.0,35.0,23.6,41.5
1604481235,29.0,36.0,33.0,35.0,23.6,41.5
1604481236,29.0,36.0,33.0,35.0,23.6,41.5
1604481237,29.0,36.0,33.0,35.0,23.6,41.5
1604481238,29.0,36.0,33.0,35.0,23.6,41.5
1604481239,29.0,36.0,33.0,35.0,23.6,41.5
1604481240,29.0,36.0,33.0,35.0,23.6,41.5
1604481241,29.0,36.0,33.0,35.0,23.6,41.5
1604481242,29.0,36.0,33.0,35.0,23.6,41.5
1604481243,29.0,36.0,33.0,35.0,23.6,41.5
1604481244,29.0,36.0,33.0,35.0,23.6,41.5
1604481245,29.0,36.0,33.0,36.0,23.6,41.5
1604481246,29.0,36.0,33.0,36.0,23.5,41.2
1604481247,29.0,36.0,33.0,36.0,23.5,41.2
1604481248,28.0,35.0,33.0,36.0,23.5,41.2
1604481249,27.0,35.0,33.0,36.0,23.5,41.2
1604481250,27.0,35.0,33.0,37.0,23.5,41.2
1604481251,26.0,35.0,33.0,37.0,23.6,41.0
1604481252,25.0,35.0,33.0,37.0,23.6,41.0
1604481253,25.0,35.0,33.0,37.0,23.6,41.0
1604481254,25.0,35.0,32.0,37.0,23.6,41.0
1604481255,24.0,35.0,32.0,37.0,23.6,41.0
1604481256,24.0,35.0,32.0,37.0,23.5,40.9
1604481257,24.0,35.0,32.0,37.0,23.5,40.9
1604481258,24.0,35.0,31.0,37.0,23.5,40.9
1604481259,24.0,36.0,31.0,37.0,23.5,40.9
1604481260,24.0,36.0,31.0,37.0,23.5,40.9
1604481261,24.0,36.0,31.0,37.0,23.6,41.1
1604481262,24.0,37.0,31.0,37.0,23.6,41.1
1604481263,24.0,37.0,32.0,37.0,23.6,41.1
1604481264,24.0,37.0,32.0,36.0,23.6,41.1
1604481265,24.0,36.0,32.0,36.0,23.6,41.1
1604481266,24.0,36.0,34.0,36.0,23.6,41.0
1604481267,23.0,36.0,34.0,36.0,23.6,41.0
1604481268,23.0,36.0,34.0,36.0,23.6,41.0
1604481269,23.0,35.0,33.0,36.0,23.6,41.0
1604481270,23.0,35.0,33.0,36.0,23.6,41.0
1604481271,23.0,35.0,33.0,35.0,23.5,40.9
1604481272,22.0,35.0,33.0,35.0,23.5,40.9
1604481273,22.0,34.0,32.0,35.0,23.5,40.9
1604481274,22.0,35.0,32.0,35.0,23.5,40.9
1604481275,22.0,35.0,32.0,35.0,23.5,40.9
1604481276,22.0,35.0,32.0,35.0,23.5,40.8
1604481277,22.0,35.0,32.0,35.0,23.5,40.8
1604481278,21.0,35.0,32.0,35.0,23.5,40.8
1604481279,21.0,36.0,32.0,35.0,23.5,40.8
1604481280,21.0,36.0,31.0,35.0,23.5,40.8
1604481281,21.0,36.0,31.0,36.0,23.5,40.8
1604481282,22.0,37.0,31.0,36.0,23.5,40.8
1604481283,22.0,37.0,31.0,35.0,23.5,40.8
1604481284,22.0,37.0,31.0,35.0,23.5,40.8
1604481285,22.0,37.0,31.0,35.0,23.5,40.8
1604481286,23.0,37.0,31.0,35.0,23.5,40.5
1604481287,23.0,36.0,31.0,35.0,23.5,40.5
1604481288,23.0,36.0,32.0,35.0,23.5,40.5
1604481289,23.0,36.0,33.0,36.0,23.5,40.5
1604481290,24.0,35.0,33.0,36.0,23.5,40.5
1604481291,24.0,35.0,33.0,36.0,23.6,41.0
1604481292,25.0,35.0,33.0,36.0,23.6,41.0
1604481293,25.0,35.0,34.0,36.0,23.6,41.0
1604481294,25.0,35.0,34.0,36.0,23.6,41.0
1604481295,25.0,35.0,34.0,36.0,23.6,41.0
1604481296,25.0,35.0,34.0,36.0,23.6,41.1
1604481297,25.0,35.0,34.0,36.0,23.6,41.1
1604481298,25.0,35.0,34.0,36.0,23.6,41.1
1604481299,25.0,35.0,34.0,36.0,23.6,41.1
1604481300,25.0,35.0,34.0,36.0,23.6,41.1
1604481301,25.0,35.0,34.0,36.0,23.5,41.2
1604481302,25.0,35.0,34.0,36.0,23.5,41.2
1604481303,25.0,35.0,33.0,36.0,23.5,41.2
1604481304,25.0,35.0,33.0,36.0,23.5,41.2
1604481305,25.0,36.0,33.0,36.0,23.5,41.2
1604481306,25.0,36.0,33.0,36.0,23.5,41.3
1604481307,25.0,36.0,33.0,35.0,23.5,41.3
1604481308,25.0,37.0,33.0,35.0,23.5,41.3
1604481309,25.0,37.0,33.0,35.0,23.5,41.3
1604481310,26.0,37.0,33.0,35.0,23.5,41.3
1604481311,26.0,37.0,32.0,35.0,23.5,41.3
1604481312,26.0,38.0,32.0,35.0,23.5,41.3
1604481313,26.0,37.0,32.0,35.0,23.5,41.3
1604481314,26.0,37.0,32.0,35.0,23.5,41.3
1604481315,26.0,37.0,32.0,35.0,23.5,41.3
1604481316,27.0,36.0,32.0,35.0,23.5,41.3
1604481317,27.0,36.0,32.0,36.0,23.5,41.3
1604481318,27.0,36.0,32.0,36.0,23.5,41.3
1604481319,27.0,35.0,32.0,36.0,23.5,41.3
1604481320,27.0,35.0,32.0,36.0,23.5,41.3
1604481321,28.0,34.0,32.0,36.0,23.5,41.0
1604481322,28.0,34.0,33.0,36.0,23.5,41.0
1604481323,28.0,34.0,33.0,37.0,23.5,41.0
1604481324,28.0,34.0,33.0,37.0,23.5,41.0
1604481325,28.0,34.0,33.0,37.0,23.5,41.0
1604481326,28.0,34.0,33.0,37.0,23.5,40.9
1604481327,28.0,34.0,34.0,37.0,23.5,40.9
1604481328,27.0,34.0,34.0,37.0,23.5,40.9
1604481329,27.0,34.0,34.0,36.0,23.5,40.9
1604481330,27.0,34.0,34.0,36.0,23.5,40.9
1604481331,27.0,34.0,34.0,36.0,23.6,40.9
1604481332,27.0,34.0,34.0,36.0,23.6,40.9
1604481333,27.0,33.0,34.0,36.0,23.6,40.9
1604481334,27.0,33.0,34.0,36.0,23.6,40.9
1604481335,26.0,33.0,34.0,35.0,23.6,40.9
1604481336,26.0,33.0,34.0,35.0,23.5,40.8
1604481337,26.0,33.0,33.0,35.0,23.5,40.8
1604481338,26.0,33.0,33.0,36.0,23.5,40.8
1604481339,27.0,33.0,33.0,36.0,23.5,40.8
1604481340,27.0,35.0,33.0,36.0,23.5,40.8
1604481341,27.0,35.0,33.0,36.0,23.5,40.8
1604481342,27.0,35.0,33.0,36.0,23.5,40.8
1604481343,27.0,35.0,34.0,36.0,23.5,40.8
1604481344,27.0,35.0,34.0,36.0,23.5,40.8
1604481345,27.0,35.0,34.0,37.0,23.5,40.8
1604481346,27.0,35.0,34.0,37.0,23.4,40.7
1604481347,27.0,35.0,34.0,37.0,23.4,40.7
1604481348,28.0,34.0,34.0,37.0,23.4,40.7
1604481349,28.0,35.0,34.0,37.0,23.4,40.7
1604481350,28.0,35.0,34.0,37.0,23.4,40.7
1604481351,28.0,35.0,34.0,37.0,23.5,40.8
1604481352,28.0,35.0,34.0,37.0,23.5,40.8
1604481353,28.0,35.0,34.0,37.0,23.5,40.8
1604481354,28.0,35.0,34.0,36.0,23.5,40.8
1604481355,28.0,35.0,34.0,36.0,23.5,40.8
1604481356,28.0,35.0,34.0,36.0,23.5,40.8
1604481357,28.0,34.0,34.0,36.0,23.5,40.8
1604481358,27.0,34.0,34.0,35.0,23.5,40.8
1604481359,28.0,34.0,34.0,35.0,23.5,40.8
1604481360,28.0,34.0,34.0,35.0,23.5,40.8
1604481361,28.0,34.0,34.0,35.0,23.5,41.4
1604481362,28.0,34.0,34.0,35.0,23.5,41.4
1604481363,28.0,34.0,34.0,35.0,23.5,41.4
1604481364,28.0,34.0,34.0,35.0,23.5,41.4
1604481365,28.0,34.0,34.0,34.0,23.5,41.4
1604481366,28.0,34.0,34.0,34.0,23.5,41.4
1604481367,28.0,34.0,34.0,34.0,23.5,41.4
1604481368,28.0,34.0,34.0,34.0,23.5,41.4
1604481369,28.0,35.0,34.0,34.0,23.5,41.4
1604481370,28.0,35.0,34.0,34.0,23.5,41.4
1604481371,28.0,35.0,34.0,34.0,23.5,41.6
1604481372,28.0,35.0,34.0,34.0,23.5,41.6
1604481373,28.0,36.0,33.0,34.0,23.5,41.6
1604481374,28.0,36.0,32.0,34.0,23.5,41.6
1604481375,28.0,36.0,32.0,34.0,23.5,41.6
1604481376,28.0,36.0,32.0,34.0,23.5,41.7
1604481377,27.0,36.0,32.0,35.0,23.5,41.7
1604481378,27.0,35.0,31.0,35.0,23.5,41.7
1604481379,27.0,35.0,31.0,35.0,23.5,41.7
1604481380,27.0,35.0,31.0,34.0,23.5,41.7
1604481381,27.0,35.0,31.0,34.0,23.5,41.9
1604481382,27.0,34.0,31.0,34.0,23.5,41.9
1604481383,26.0,34.0,31.0,34.0,23.5,41.9
1604481384,26.0,34.0,32.0,34.0,23.5,41.9
1604481385,26.0,34.0,32.0,34.0,23.5,41.9
1604481386,26.0,34.0,32.0,34.0,23.5,42.4
1604481387,26.0,34.0,32.0,34.0,23.5,42.4
1604481388,26.0,34.0,33.0,35.0,23.5,42.4
1604481389,26.0,34.0,33.0,35.0,23.5,42.4
1604481390,26.0,34.0,33.0,35.0,23.5,42.4
1604481391,26.0,34.0,33.0,35.0,23.5,42.5
1604481392,27.0,34.0,34.0,35.0,23.5,42.5
1604481393,27.0,34.0,34.0,35.0,23.5,42.5
1604481394,27.0,35.0,34.0,35.0,23.5,42.5
1604481395,27.0,35.0,34.0,35.0,23.5,42.5
1604481396,28.0,35.0,34.0,36.0,23.5,42.5
1604481397,28.0,35.0,34.0,35.0,23.5,42.5
1604481398,28.0,36.0,34.0,35.0,23.5,42.5
1604481399,29.0,36.0,34.0,35.0,23.5,42.5
1604481400,29.0,36.0,34.0,35.0,23.5,42.5
1604481401,29.0,36.0,34.0,35.0,23.5,43.0
1604481402,29.0,36.0,34.0,35.0,23.5,43.0
1604481403,29.0,36.0,34.0,35.0,23.5,43.0
1604481404,29.0,36.0,34.0,35.0,23.5,43.0
1604481405,30.0,36.0,34.0,35.0,23.5,43.0
1604481406,30.0,35.0,34.0,35.0,23.5,43.1
1604481407,30.0,35.0,34.0,35.0,23.5,43.1
1604481408,29.0,35.0,34.0,35.0,23.5,43.1
1604481409,29.0,35.0,34.0,35.0,23.5,43.1
1604481410,29.0,35.0,35.0,35.0,23.5,43.1
1604481411,29.0,35.0,35.0,35.0,23.5,43.0
1604481412,29.0,34.0,35.0,35.0,23.5,43.0
1604481413,29.0,34.0,36.0,35.0,23.5,43.0
1604481414,29.0,34.0,36.0,36.0,23.5,43.0
1604481415,29.0,34.0,36.0,36.0,23.5,43.0
1604481416,29.0,34.0,36.0,36.0,23.5,42.9
1604481417,29.0,34.0,36.0,36.0,23.5,42.9
1604481418,29.0,34.0,35.0,36.0,23.5,42.9
1604481419,29.0,34.0,35.0,37.0,23.5,42.9
1604481420,29.0,35.0,35.0,37.0,23.5,42.9
1604481421,29.0,35.0,34.0,37.0,23.5,42.3
1604481422,29.0,35.0,33.0,37.0,23.5,42.3
1604481423,29.0,35.0,33.0,37.0,23.5,42.3
1604481424,29.0,35.0,33.0,37.0,23.5,42.3
1604481425,29.0,35.0,33.0,36.0,23.5,42.3
1604481426,29.0,35.0,33.0,36.0,23.5,42.2
1604481427,29.0,35.0,33.0,36.0,23.5,42.2
1604481428,29.0,35.0,33.0,36.0,23.5,42.2
1604481429,29.0,35.0,34.0,36.0,23.5,42.2
1604481430,29.0,35.0,34.0,36.0,23.5,42.2
1604481431,29.0,35.0,34.0,36.0,23.5,42.1
1604481432,29.0,35.0,35.0,36.0,23.5,42.1
1604481433,29.0,35.0,35.0,36.0,23.5,42.1
1604481434,29.0,35.0,35.0,36.0,23.5,42.1
1604481435,29.0,35.0,35.0,36.0,23.5,42.1
1604481436,28.0,35.0,35.0,36.0,23.6,42.2
1604481437,28.0,34.0,34.0,36.0,23.6,42.2
1604481438,28.0,34.0,34.0,36.0,23.6,42.2
1604481439,28.0,34.0,34.0,36.0,23.6,42.2
1604481440,28.0,34.0,34.0,36.0,23.6,42.2
1604481441,28.0,34.0,34.0,36.0,23.5,42.1
1604481442,28.0,34.0,34.0,36.0,23.5,42.1
1604481443,28.0,33.0,34.0,36.0,23.5,42.1
1604481444,28.0,33.0,34.0,36.0,23.5,42.1
1604481445,28.0,33.0,34.0,36.0,23.5,42.1
1604481446,28.0,33.0,34.0,36.0,23.5,42.1
1604481447,28.0,33.0,35.0,36.0,23.5,42.1
1604481448,28.0,33.0,35.0,37.0,23.5,42.1
1604481449,28.0,34.0,36.0,37.0,23.5,42.1
1604481450,28.0,34.0,36.0,37.0,23.5,42.1
1604481451,28.0,34.0,36.0,37.0,23.5,42.8
1604481452,28.0,34.0,36.0,37.0,23.5,42.8
1604481453,28.0,33.0,36.0,37.0,23.5,42.8
1604481454,28.0,33.0,35.0,37.0,23.5,42.8
1604481455,28.0,33.0,35.0,36.0,23.5,42.8
1604481456,28.0,33.0,35.0,36.0,23.5,42.9
1604481457,27.9,33.0,34.9,36.0,23.5,42.9
1604481458,27.8,33.0,34.8,36.0,23.5,42.9
1604481459,27.7,33.0,34.7,36.0,23.5,42.9
1604481460,27.6,33.0,34.6,36.0,23.5,42.9
1604481461,27.5,33.0,34.5,36.0,23.5,42.9
1604481462,27.4,33.0,34.4,36.0,23.5,42.9
1604481463,27.3,33.0,34.3,36.0,23.5,42.9
1604481464,27.2,33.0,34.2,36.0,23.5,42.9
1604481465,27.1,33.0,34.1,36.0,23.5,42.9
1604481466,27.0,33.0,34.0,36.0,23.5,42.9
1604481467,28.0,33.0,34.0,36.0,23.5,42.9
1604481468,28.0,33.0,34.0,35.0,23.5,42.9
1604481469,28.0,33.0,34.0,35.0,23.5,42.9
1604481470,28.0,33.0,33.0,35.0,23.5,42.6
1604481471,29.0,34.0,33.0,35.0,23.5,42.6
1604481472,29.0,34.0,33.0,35.0,23.5,42.6
1604481473,29.0,34.0,33.0,35.0,23.5,42.6
1604481474,29.0,35.0,33.0,35.0,23.5,42.6
1604481475,29.0,35.0,33.0,35.0,23.5,42.2
1604481476,29.0,35.0,33.0,36.0,23.5,42.2
1604481477,29.0,35.0,33.0,36.0,23.5,42.2
1604481478,29.0,35.0,34.0,36.0,23.5,42.2
1604481479,29.0,35.0,34.0,36.0,23.5,42.2
1604481480,29.0,35.0,34.0,36.0,23.5,41.7
1604481481,29.0,35.0,34.0,36.0,23.5,41.7
1604481482,29.0,35.0,34.0,36.0,23.5,41.7
1604481483,29.0,35.0,34.0,36.0,23.5,41.7
1604481484,29.0,35.0,34.0,36.0,23.5,41.7
1604481485,29.0,35.0,34.0,36.0,23.5,41.8
1604481486,29.0,35.0,34.0,36.0,23.5,41.8
1604481487,29.0,35.0,34.0,36.0,23.5,41.8
1604481488,29.0,35.0,34.0,36.0,23.5,41.8
1604481489,29.0,35.0,34.0,36.0,23.5,41.8
1604481490,29.0,35.0,34.0,36.0,23.5,41.8
1604481491,29.0,35.0,34.0,36.0,23.5,41.8
1604481492,29.0,35.0,34.0,36.0,23.5,41.8
1604481493,29.0,35.0,34.0,36.0,23.5,41.8
1604481494,29.0,36.0,34.0,36.0,23.5,41.8
1604481495,29.0,36.0,34.0,36.0,23.5,42.1
1604481496,29.0,36.0,34.0,36.0,23.5,42.1
1604481497,29.0,36.0,34.0,36.0,23.5,42.1
1604481498,29.0,36.0,35.0,36.0,23.5,42.1
1604481499,29.0,36.0,35.0,36.0,23.5,42.1
1604481500,29.0,36.0,36.0,36.0,23.5,42.4
1604481501,29.0,36.0,36.0,36.0,23.5,42.4
1604481502,29.0,36.0,37.0,36.0,23.5,42.4
1604481503,29.0,36.0,37.0,36.0,23.5,42.4
1604481504,29.0,36.0,36.0,37.0,23.5,42.4
1604481505,29.0,36.0,36.0,37.0,23.5,42.9
1604481506,29.0,37.0,36.0,36.0,23.5,42.9
1604481507,29.0,36.0,36.0,36.0,23.5,42.9
1604481508,29.0,36.0,35.0,36.0,23.5,42.9
1604481509,29.0,36.0,35.0,36.0,23.5,42.9
1604481510,29.0,37.0,34.0,35.0,23.5,43.2
1604481511,29.0,37.0,34.0,35.0,23.5,43.2
1604481512,29.0,37.0,34.0,34.0,23.5,43.2
1604481513,29.0,37.0,34.0,34.0,23.5,43.2
1604481514,29.0,37.0,34.0,34.0,23.5,43.2
1604481515,28.0,37.0,34.0,34.0,23.5,43.6
1604481516,28.0,37.0,33.0,34.0,23.5,43.6
1604481517,29.0,37.0,33.0,34.0,23.5,43.6
1604481518,29.0,37.0,33.0,34.0,23.5,43.6
1604481519,29.0,37.0,33.0,35.0,23.5,43.6
1604481520,29.0,37.0,34.0,35.0,23.5,43.9
1604481521,29.0,37.0,34.0,36.0,23.5,43.9
1604481522,29.0,37.0,34.0,36.0,23.5,43.9
1604481523,29.0,37.0,34.0,37.0,23.5,43.9
1604481524,29.0,37.0,34.0,37.0,23.5,43.9
1604481525,29.0,36.0,34.0,38.0,23.5,43.9
1604481526,29.0,36.0,34.0,38.0,23.5,43.9
1604481527,29.0,36.0,34.0,38.0,23.5,43.9
1604481528,29.0,36.0,34.0,38.0,23.5,43.9
1604481529,29.0,36.0,35.0,39.0,23.5,43.9
1604481530,29.0,36.0,35.0,38.0,23.5,43.7
1604481531,29.0,36.0,35.0,38.0,23.5,43.7
1604481532,29.0,35.0,35.0,38.0,23.5,43.7
1604481533,29.0,35.0,35.0,38.0,23.5,43.7
1604481534,29.0,35.0,35.0,38.0,23.5,43.7
1604481535,28.0,36.0,35.0,38.0,23.6,43.5
1604481536,28.0,36.0,34.0,38.0,23.6,43.5
1604481537,28.0,36.0,34.0,38.0,23.6,43.5
1604481538,28.0,36.0,34.0,37.0,23.6,43.5
1604481539,28.0,36.0,34.0,37.0,23.6,43.5
1604481540,28.0,35.0,33.0,37.0,23.6,43.3
1604481541,28.0,35.0,33.0,37.0,23.6,43.3
1604481542,29.0,35.0,34.0,37.0,23.6,43.3
1604481543,29.0,35.0,33.0,37.0,23.6,43.3
1604481544,29.0,34.0,33.0,37.0,23.6,43.3
1604481545,29.0,34.0,33.0,37.0,23.5,43.1
1604481546,29.0,34.0,33.0,37.0,23.5,43.1
1604481547,30.0,34.0,33.0,37.0,23.5,43.1
1604481548,30.0,34.0,33.0,37.0,23.5,43.1
1604481549,30.0,34.0,33.0,37.0,23.5,43.1
1604481550,30.0,34.0,33.0,36.0,23.6,43.1
1604481551,30.0,34.0,33.0,36.0,23.6,43.1
1604481552,30.0,34.0,33.0,36.0,23.6,43.1
1604481553,30.0,34.0,33.0,36.0,23.6,43.1
1604481554,30.0,34.0,33.0,36.0,23.6,43.1
1604481555,30.0,35.0,33.0,36.0,23.6,43.0
1604481556,30.0,35.0,34.0,36.0,23.6,43.0
1604481557,30.0,35.0,34.0,36.0,23.6,43.0
1604481558,30.0,35.0,34.0,35.0,23.6,43.0
1604481559,30.0,35.0,33.0,35.0,23.6,43.0
1604481560,30.0,35.0,33.0,35.0,23.5,42.8
1604481561,30.0,35.0,33.0,35.0,23.5,42.8
1604481562,30.0,35.0,33.0,35.0,23.5,42.8
1604481563,29.0,35.0,33.0,35.0,23.5,42.8
1604481564,29.0,35.0,33.0,35.0,23.5,42.8
1604481565,29.0,35.0,32.0,34.0,23.6,42.8
1604481566,29.0,35.0,32.0,34.0,23.6,42.8
1604481567,29.0,35.0,32.0,34.0,23.6,42.8
1604481568,29.0,35.0,33.0,34.0,23.6,42.8
1604481569,29.0,35.0,33.0,35.0,23.6,42.8
1604481570,29.0,35.0,33.0,35.0,23.6,42.6
1604481571,29.0,35.0,33.0,35.0,23.6,42.6
1604481572,29.0,35.0,33.0,35.0,23.6,42.6
1604481573,29.0,35.0,34.0,36.0,23.6,42.6
1604481574,29.0,35.0,34.0,36.0,23.6,42.6
1604481575,29.0,35.0,35.0,36.0,23.5,42.2
1604481576,29.0,35.0,35.0,37.0,23.5,42.2
1604481577,29.0,35.0,34.0,37.0,23.5,42.2
1604481578,29.0,34.0,34.0,37.0,23.5,42.2
1604481579,29.0,34.0,34.0,37.0,23.5,42.2
1604481580,29.0,35.0,34.0,37.0,23.6,42.2
1604481581,30.0,35.0,34.0,37.0,23.6,42.2
1604481582,30.0,35.0,34.0,37.0,23.6,42.2
1604481583,30.0,35.0,34.0,37.0,23.6,42.2
1604481584,30.0,36.0,34.0,36.0,23.6,42.2
1604481585,31.0,36.0,34.0,36.0,23.6,41.4
1604481586,31.0,37.0,34.0,36.0,23.6,41.4
1604481587,31.0,37.0,34.0,36.0,23.6,41.4
1604481588,31.0,37.0,34.0,36.0,23.6,41.4
1604481589,32.0,37.0,34.0,36.0,23.6,41.4
1604481590,32.0,37.0,34.0,36.0,23.6,41.1
1604481591,32.0,36.0,35.0,36.0,23.6,41.1
1604481592,32.0,36.0,35.0,36.0,23.6,41.1
1604481593,32.0,35.0,35.0,36.0,23.6,41.1
1604481594,32.0,35.0,34.0,36.0,23.6,41.1
1604481595,32.0,35.0,34.0,36.0,23.6,40.9
1604481596,32.0,34.0,34.0,37.0,23.6,40.9
1604481597,32.0,34.0,34.0,37.0,23.6,40.9
1604481598,32.0,34.0,34.0,37.0,23.6,40.9
1604481599,31.0,34.0,34.0,37.0,23.6,40.9
1604481600,31.0,34.0,34.0,37.0,23.5,40.5
1604481601,31.0,34.0,33.0,37.0,23.5,40.5
1604481602,31.0,34.0,33.0,37.0,23.5,40.5
1604481603,31.0,34.0,33.0,37.0,23.5,40.5
1604481604,31.0,34.0,33.0,36.0,23.5,40.5
1604481605,31.0,34.0,33.0,36.0,23.6,40.1
1604481606,31.0,34.0,33.0,36.0,23.6,40.1
1604481607,31.0,34.0,33.0,36.0,23.6,40.1
1604481608,31.0,34.0,33.0,36.0,23.6,40.1
1604481609,31.0,34.0,33.0,36.0,23.6,40.1
1604481610,31.0,34.0,33.0,36.0,23.6,40.0
1604481611,31.0,34.0,33.0,35.0,23.6,40.0
1604481612,31.0,35.0,34.0,35.0,23.6,40.0
1604481613,31.0,35.0,34.0,35.0,23.6,40.0
1604481614,30.0,35.0,34.0,35.0,23.6,40.0
1604481615,30.0,35.0,34.0,35.0,23.5,39.8
1604481616,30.0,35.0,34.0,35.0,23.5,39.8
1604481617,30.0,35.0,35.0,35.0,23.5,39.8
1604481618,30.0,35.0,35.0,35.0,23.5,39.8
1604481619,30.0,34.0,35.0,36.0,23.5,39.8
1604481620,31.0,34.0,35.0,36.0,23.5,39.8
1604481621,31.0,34.0,35.0,36.0,23.5,39.8
1604481622,31.0,34.0,35.0,36.0,23.5,39.8
1604481623,31.0,34.0,35.0,36.0,23.5,39.8
1604481624,31.0,34.0,35.0,37.0,23.5,39.8
1604481625,31.0,34.0,35.0,37.0,23.5,39.9
1604481626,30.0,34.0,35.0,37.0,23.5,39.9
1604481627,30.0,34.0,35.0,38.0,23.5,39.9
1604481628,30.0,34.0,35.0,38.0,23.5,39.9
1604481629,29.0,33.0,35.0,38.0,23.5,39.9
1604481630,29.0,33.0,35.0,38.0,23.5,40.2
1604481631,29.0,33.0,35.0,38.0,23.5,40.2
1604481632,29.0,33.0,36.0,38.0,23.5,40.2
1604481633,29.0,33.0,36.0,38.0,23.5,40.2
1604481634,29.0,33.0,36.0,38.0,23.5,40.2
1604481635,29.0,33.0,36.0,38.0,23.5,40.1
1604481636,29.0,34.0,36.0,38.0,23.5,40.1
1604481637,29.0,34.0,36.0,37.0,23.5,40.1
1604481638,29.0,34.0,36.0,37.0,23.5,40.1
1604481639,29.0,34.0,36.0,37.0,23.5,40.1
1604481640,29.0,34.0,35.0,37.0,23.5,40.2
1604481641,29.0,34.0,35.0,37.0,23.5,40.2
1604481642,29.0,34.0,35.0,37.0,23.5,40.2
1604481643,29.0,34.0,35.0,37.0,23.5,40.2
1604481644,29.0,35.0,35.0,37.0,23.5,40.2
1604481645,29.0,35.0,35.0,37.0,23.5,40.2
1604481646,29.0,35.0,35.0,37.0,23.5,40.2
1604481647,29.0,34.0,35.0,37.0,23.5,40.2
1604481648,29.0,34.0,35.0,37.0,23.5,40.2
1604481649,29.0,34.0,35.0,37.0,23.5,40.2
1604481650,29.0,34.0,35.0,37.0,23.6,40.7
1604481651,29.0,34.0,34.0,37.0,23.6,40.7
1604481652,29.0,34.0,34.0,37.0,23.6,40.7
1604481653,29.0,34.0,34.0,37.0,23.6,40.7
1604481654,29.0,34.0,34.0,37.0,23.6,40.7
1604481655,29.0,33.0,34.0,37.0,23.5,40.6
1604481656,29.0,33.0,34.0,37.0,23.5,40.6
1604481657,29.0,33.0,34.0,37.0,23.5,40.6
1604481658,30.0,34.0,34.0,37.0,23.5,40.6
1604481659,29.0,34.0,34.0,37.0,23.5,40.6
1604481660,30.0,34.0,34.0,37.0,23.5,40.5
1604481661,30.0,34.0,34.0,37.0,23.5,40.5
1604481662,30.0,34.0,34.0,37.0,23.5,40.5
1604481663,30.0,34.0,34.0,37.0,23.5,40.5
1604481664,30.0,34.0,34.0,37.0,23.5,40.5
1604481665,30.0,34.0,34.0,37.0,23.5,40.7
1604481666,30.0,34.0,34.0,37.0,23.5,40.7
1604481667,30.0,34.0,33.0,37.0,23.5,40.7
1604481668,30.0,33.0,33.0,37.0,23.5,40.7
1604481669,30.0,33.0,33.0,37.0,23.5,40.7
1604481670,30.0,33.0,33.0,37.0,23.6,41.0
1604481671,30.0,33.0,33.0,37.0,23.6,41.0
1604481672,30.0,33.0,33.0,37.0,23.6,41.0
1604481673,30.0,33.0,33.0,37.0,23.6,41.0
1604481674,30.0,33.0,33.0,36.0,23.6,41.0
1604481675,30.0,33.0,33.0,36.0,23.5,41.2
1604481676,30.0,33.0,33.0,36.0,23.5,41.2
1604481677,31.0,33.0,34.0,36.0,23.5,41.2
1604481678,31.0,33.0,35.0,36.0,23.5,41.2
1604481679,31.0,33.0,35.0,37.0,23.5,41.2
1604481680,31.0,33.0,35.0,37.0,23.5,41.2
1604481681,31.0,33.0,36.0,37.0,23.5,41.2
1604481682,30.77777777777778,33.0,36.0,37.0,23.5,41.2
1604481683,30.55555555555556,33.0,36.0,37.0,23.5,41.2
1604481684,30.33333333333333,33.0,36.0,37.0,23.5,41.2
1604481685,30.11111111111111,33.0,36.0,37.0,23.5,41.2
1604481686,29.88888888888889,33.0,36.0,37.0,23.5,41.2
1604481687,29.666666666666668,33.0,36.0,37.0,23.5,41.2
1604481688,29.444444444444443,33.0,36.0,37.0,23.5,41.2
1604481689,29.22222222222222,33.0,36.0,37.0,23.5,41.2
1604481690,29.0,33.0,36.0,37.0,23.5,41.2
1604481691,29.0,33.0,37.0,37.0,23.5,41.2
1604481692,28.0,33.0,37.0,38.0,23.5,41.2
1604481693,28.0,33.0,37.0,38.0,23.6,41.3
1604481694,28.0,33.0,37.0,38.0,23.6,41.3
1604481695,28.0,33.0,36.0,38.0,23.6,41.3
1604481696,28.0,34.0,36.0,38.0,23.6,41.3
1604481697,28.0,34.0,35.0,38.0,23.6,41.3
1604481698,28.0,34.0,35.0,38.0,23.6,41.5
1604481699,29.0,34.0,35.0,38.0,23.6,41.5
1604481700,29.0,34.0,35.0,38.0,23.6,41.5
1604481701,29.0,34.0,34.0,37.0,23.6,41.5
1604481702,29.0,34.0,34.0,37.0,23.6,41.5
1604481703,29.0,34.0,34.0,37.0,23.6,41.7
1604481704,30.0,35.0,34.0,37.0,23.6,41.7
1604481705,30.0,35.0,34.0,37.0,23.6,41.7
1604481706,30.0,35.0,34.0,37.0,23.6,41.7
1604481707,30.0,35.0,34.0,37.0,23.6,41.7
1604481708,30.0,35.0,34.0,36.0,23.6,41.9
1604481709,30.0,35.0,34.0,36.0,23.6,41.9
1604481710,30.0,35.0,34.0,36.0,23.6,41.9
1604481711,30.0,35.0,34.0,36.0,23.6,41.9
1604481712,30.0,35.0,33.0,36.0,23.6,41.9
1604481713,30.0,35.0,33.0,36.0,23.6,42.2
1604481714,30.0,35.0,33.0,36.0,23.6,42.2
1604481715,30.0,35.0,33.0,36.0,23.6,42.2
1604481716,30.0,35.0,33.0,36.0,23.6,42.2
1604481717,30.0,35.0,33.0,36.0,23.6,42.2
1604481718,30.0,35.0,33.0,36.0,23.6,42.4
1604481719,30.0,34.0,33.0,36.0,23.6,42.4
1604481720,30.0,34.0,33.0,36.0,23.6,42.4
1604481721,30.0,34.0,33.0,36.0,23.6,42.4
1604481722,30.0,34.0,34.0,36.0,23.6,42.4
1604481723,30.0,34.0,34.0,36.0,23.6,42.6
1604481724,29.0,35.0,35.0,36.0,23.6,42.6
1604481725,29.0,34.0,35.0,36.0,23.6,42.6
1604481726,29.0,34.0,35.0,37.0,23.6,42.6
1604481727,29.0,34.0,35.0,37.0,23.6,42.6
1604481728,29.0,34.0,36.0,36.0,23.6,42.4
1604481729,29.0,34.0,36.0,36.0,23.6,42.4
1604481730,29.0,33.0,36.0,36.0,23.6,42.4
1604481731,29.0,33.0,36.0,36.0,23.6,42.4
1604481732,30.0,33.0,36.0,36.0,23.6,42.4
1604481733,30.0,33.0,35.0,36.0,23.6,42.3
1604481734,30.0,33.0,35.0,36.0,23.6,42.3
1604481735,30.0,33.0,35.0,36.0,23.6,42.3
1604481736,30.0,33.0,35.0,36.0,23.6,42.3
1604481737,30.0,34.0,34.0,36.0,23.6,42.3
1604481738,30.0,34.0,34.0,36.0,23.6,42.3
1604481739,30.0,34.0,34.0,36.0,23.6,42.2
1604481740,30.0,35.0,33.0,36.0,23.6,42.2
1604481741,30.0,35.0,33.0,36.0,23.6,42.2
1604481742,30.0,35.0,32.0,36.0,23.6,42.2
1604481743,30.0,35.0,32.0,36.0,23.6,42.2
1604481744,30.0,35.0,33.0,36.0,23.6,42.2
1604481745,30.0,35.0,33.0,36.0,23.6,42.2
1604481746,30.0,35.0,33.0,36.0,23.6,42.2
1604481747,30.0,35.0,33.0,36.0,23.6,42.2
1604481748,30.0,34.0,34.0,36.0,23.6,42.2
1604481749,30.0,34.0,34.0,37.0,23.6,42.2
1604481750,30.0,34.0,35.0,37.0,23.6,42.2
1604481751,31.0,34.0,35.0,37.0,23.6,42.2
1604481752,31.0,34.0,35.0,37.0,23.6,42.2
1604481753,31.0,34.0,35.0,37.0,23.6,42.2
1604481754,31.0,34.0,35.0,37.0,23.6,42.2
1604481755,31.0,34.0,36.0,37.0,23.6,42.2
1604481756,30.0,34.0,36.0,37.0,23.6,42.2
1604481757,30.0,34.0,36.0,37.0,23.6,42.2
1604481758,30.0,34.0,36.0,36.0,23.6,42.2
1604481759,30.0,33.0,36.0,36.0,23.6,42.2
1604481760,30.0,33.0,36.0,36.0,23.6,42.2
1604481761,30.0,33.0,36.0,36.0,23.6,42.2
1604481762,30.0,33.0,36.0,36.0,23.6,42.2
1604481763,30.0,33.0,36.0,36.0,23.6,42.2
1604481764,30.0,33.0,36.0,36.0,23.6,42.2
1604481765,30.0,33.0,36.0,36.0,23.6,42.2
1604481766,31.0,33.0,36.0,36.0,23.6,42.2
1604481767,31.0,34.0,36.0,37.0,23.6,42.2
1604481768,31.0,34.0,36.0,37.0,23.6,42.2
1604481769,31.0,34.0,36.0,37.0,23.6,42.1
1604481770,31.0,34.0,36.0,37.0,23.6,42.1
1604481771,31.0,34.0,36.0,37.0,23.6,42.1
1604481772,31.0,35.0,36.0,37.0,23.6,42.1
1604481773,31.0,35.0,36.0,38.0,23.6,42.1
1604481774,31.0,35.0,36.0,38.0,23.6,41.5
1604481775,31.0,35.0,36.0,37.0,23.6,41.5
1604481776,31.0,35.0,36.0,37.0,23.6,41.5
1604481777,31.0,35.0,36.0,37.0,23.6,41.5
1604481778,31.0,36.0,36.0,37.0,23.6,41.5
1604481779,31.0,36.0,36.0,37.0,23.7,41.4
1604481780,31.0,36.0,36.0,37.0,23.7,41.4
1604481781,31.0,36.0,36.0,37.0,23.7,41.4
1604481782,31.0,36.0,36.0,37.0,23.7,41.4
1604481783,31.0,36.0,36.0,37.0,23.7,41.4
1604481784,31.0,36.0,36.0,37.0,23.6,41.3
1604481785,31.0,36.0,36.0,37.0,23.6,41.3
1604481786,31.0,36.0,36.0,37.0,23.6,41.3
1604481787,31.0,35.0,36.0,37.0,23.6,41.3
1604481788,31.0,35.0,36.0,37.0,23.6,41.3
1604481789,30.0,35.0,37.0,36.0,23.6,41.2
1604481790,30.0,34.0,37.0,36.0,23.6,41.2
1604481791,30.0,34.0,37.0,36.0,23.6,41.2
1604481792,30.0,34.0,37.0,36.0,23.6,41.2
1604481793,30.0,34.0,37.0,36.0,23.6,41.2
1604481794,30.0,34.0,38.0,36.0,23.7,41.2
1604481795,30.0,33.0,38.0,35.0,23.7,41.2
1604481796,29.0,33.0,38.0,35.0,23.7,41.2
1604481797,29.0,33.0,38.0,35.0,23.7,41.2
1604481798,29.0,33.0,38.0,35.0,23.7,41.2
1604481799,29.0,33.0,37.0,35.0,23.7,40.8
1604481800,29.0,33.0,37.0,35.0,23.7,40.8
1604481801,29.0,33.0,37.0,35.0,23.7,40.8
1604481802,29.0,33.0,37.0,35.0,23.7,40.8
1604481803,29.0,33.0,37.0,35.0,23.7,40.8
1604481804,29.0,33.0,37.0,35.0,23.7,40.8
1604481805,29.0,33.0,37.0,36.0,23.7,40.8
1604481806,29.0,33.0,37.0,36.0,23.7,40.8
1604481807,29.0,33.0,37.0,36.0,23.7,40.8
1604481808,29.0,34.0,37.0,37.0,23.7,40.8
1604481809,29.0,34.0,37.0,37.0,23.6,40.8
1604481810,29.0,34.0,36.0,37.0,23.6,40.8
1604481811,29.0,35.0,36.0,37.0,23.6,40.8
1604481812,30.0,35.0,36.0,38.0,23.6,40.8
1604481813,30.0,35.0,36.0,38.0,23.6,40.8
1604481814,30.0,35.0,36.0,38.0,23.7,40.9
1604481815,30.0,35.0,35.0,39.0,23.7,40.9
1604481816,30.0,35.0,35.0,39.0,23.7,40.9
1604481817,30.0,35.0,35.0,39.0,23.7,40.9
1604481818,30.0,35.0,35.0,39.0,23.7,40.9
1604481819,30.0,35.0,35.0,39.0,23.6,40.9
1604481820,30.0,35.0,35.0,39.0,23.6,40.9
1604481821,29.0,35.0,35.0,38.0,23.6,40.9
1604481822,29.0,36.0,35.0,38.0,23.6,40.9
1604481823,29.0,36.0,35.0,38.0,23.6,40.9
1604481824,29.0,35.0,35.0,37.0,23.7,41.1
1604481825,29.0,35.0,35.0,37.0,23.7,41.1
1604481826,29.0,35.0,35.0,37.0,23.7,41.1
1604481827,29.0,35.0,35.0,37.0,23.7,41.1
1604481828,29.0,35.0,36.0,36.0,23.7,41.1
1604481829,30.0,35.0,36.0,36.0,23.7,41.2
1604481830,30.0,34.0,35.0,36.0,23.7,41.2
1604481831,30.0,34.0,35.0,36.0,23.7,41.2
1604481832,30.0,34.0,35.0,36.0,23.7,41.2
1604481833,30.0,34.0,35.0,36.0,23.7,41.2
1604481834,30.0,34.0,35.0,36.0,23.7,41.2
1604481835,30.0,34.0,35.0,36.0,23.7,41.2
1604481836,30.0,34.0,35.0,36.0,23.7,41.2
1604481837,30.0,34.0,35.0,36.0,23.7,41.2
1604481838,30.0,35.0,34.0,36.0,23.7,41.2
1604481839,30.0,35.0,34.0,36.0,23.6,41.1
1604481840,31.0,35.0,34.0,37.0,23.6,41.1
1604481841,31.0,35.0,34.0,37.0,23.6,41.1
1604481842,31.0,35.0,35.0,37.0,23.6,41.1
1604481843,31.0,35.0,35.0,37.0,23.6,41.1
1604481844,31.0,35.0,35.0,38.0,23.7,41.2
1604481845,31.0,36.0,36.0,38.0,23.7,41.2
1604481846,31.0,36.0,36.0,38.0,23.7,41.2
1604481847,31.0,36.0,36.0,38.0,23.7,41.2
1604481848,31.0,36.0,36.0,38.0,23.7,41.2
1604481849,31.0,36.0,36.0,39.0,23.7,41.2
1604481850,31.0,36.0,36.0,39.0,23.7,41.2
1604481851,31.0,37.0,37.0,39.0,23.7,41.2
1604481852,31.0,37.0,37.0,39.0,23.7,41.2
1604481853,31.0,37.0,37.0,39.0,23.7,41.2
1604481854,31.0,37.0,37.0,39.0,23.7,41.5
1604481855,31.0,37.0,37.0,39.0,23.7,41.5
1604481856,31.0,37.0,36.0,38.0,23.7,41.5
1604481857,30.0,36.0,36.0,38.0,23.7,41.5
1604481858,30.0,36.0,36.0,38.0,23.7,41.5
1604481859,30.0,36.0,36.0,37.0,23.7,41.6
1604481860,30.0,36.0,36.0,36.0,23.7,41.6
1604481861,30.0,35.0,36.0,36.0,23.7,41.6
1604481862,30.0,35.0,36.0,36.0,23.7,41.6
1604481863,30.0,35.0,36.0,36.0,23.7,41.6
1604481864,30.0,35.0,36.0,35.0,23.7,41.7
1604481865,30.0,35.0,36.0,35.0,23.7,41.7
1604481866,30.0,35.0,36.0,36.0,23.7,41.7
1604481867,30.0,35.0,36.0,36.0,23.7,41.7
1604481868,30.0,35.0,36.0,36.0,23.7,41.7
1604481869,30.0,35.0,36.0,36.0,23.7,41.9
1604481870,31.0,34.0,37.0,36.0,23.7,41.9
1604481871,31.0,34.0,37.0,36.0,23.7,41.9
1604481872,31.0,35.0,37.0,36.0,23.7,41.9
1604481873,31.0,34.0,37.0,36.0,23.7,41.9
1604481874,30.0,34.0,37.0,37.0,23.7,42.1
1604481875,30.0,34.0,36.0,37.0,23.7,42.1
1604481876,30.0,34.0,36.0,37.0,23.7,42.1
1604481877,30.0,34.0,36.0,37.0,23.7,42.1
1604481878,30.0,34.0,36.0,37.0,23.7,42.1
1604481879,30.0,34.0,35.0,38.0,23.7,42.1
1604481880,30.0,34.0,35.0,38.0,23.7,42.1
1604481881,30.0,34.0,35.0,38.0,23.7,42.1
1604481882,30.0,34.0,34.0,38.0,23.7,42.1
1604481883,29.0,34.0,34.0,38.0,23.7,42.1
1604481884,29.0,34.0,34.0,38.0,23.7,42.1
1604481885,29.0,35.0,34.0,38.0,23.7,42.1
1604481886,30.0,35.0,34.0,37.0,23.7,42.1
1604481887,30.0,35.0,34.0,37.0,23.7,42.1
1604481888,30.0,35.0,34.0,37.0,23.7,42.1
1604481889,30.0,35.0,34.0,37.0,23.7,41.7
1604481890,30.0,35.0,34.0,38.0,23.7,41.7
1604481891,30.0,35.0,35.0,38.0,23.7,41.7
1604481892,30.0,34.0,35.0,37.0,23.7,41.7
1604481893,30.0,34.0,35.0,37.0,23.7,41.7
1604481894,30.0,34.0,35.0,37.0,23.6,42.2
1604481895,30.0,34.0,35.0,37.0,23.6,42.2
1604481896,30.0,34.0,36.0,37.0,23.6,42.2
1604481897,30.0,34.0,36.0,37.0,23.6,42.2
1604481898,30.0,34.0,36.0,37.0,23.6,42.2
1604481899,30.0,34.0,36.0,37.0,23.7,42.6
1604481900,30.0,34.0,36.0,38.0,23.7,42.6
1604481901,30.0,35.0,36.0,38.0,23.7,42.6
1604481902,30.0,35.0,36.0,38.0,23.7,42.6
1604481903,30.0,35.0,36.0,38.0,23.7,42.6
1604481904,30.11111111111111,35.0,36.0,38.0,23.7,42.61111111111112
1604481905,30.22222222222222,35.0,36.0,38.0,23.7,42.62222222222223
1604481906,30.33333333333333,35.0,36.0,38.0,23.7,42.63333333333333
1604481907,30.444444444444443,35.0,36.0,38.0,23.7,42.644444444444446
1604481908,30.55555555555556,35.0,36.0,38.0,23.7,42.65555555555556
1604481909,30.666666666666668,35.0,36.0,38.0,23.7,42.66666666666667
1604481910,30.77777777777778,35.0,36.0,38.0,23.7,42.67777777777778
1604481911,30.88888888888889,35.0,36.0,38.0,23.7,42.68888888888889
1604481912,31.0,35.0,36.0,38.0,23.7,42.7
1604481913,31.0,35.0,36.0,38.0,23.7,42.7
1604481914,30.0,35.0,36.0,38.0,23.7,42.7
1604481915,30.0,35.0,35.0,37.0,23.7,42.7
1604481916,30.0,35.0,35.0,37.0,23.7,42.7
1604481917,30.0,34.0,35.0,37.0,23.7,42.5
1604481918,30.0,34.0,35.0,37.0,23.7,42.5
1604481919,30.0,34.0,34.0,37.0,23.7,42.5
1604481920,30.0,34.0,34.0,37.0,23.7,42.5
1604481921,31.0,34.0,34.0,37.0,23.7,42.5
1604481922,31.0,34.0,33.0,37.0,23.7,42.5
1604481923,31.0,34.0,33.0,37.0,23.7,42.5
1604481924,31.0,34.0,33.0,37.0,23.7,42.5
1604481925,31.0,34.0,33.0,37.0,23.7,42.5
1604481926,31.0,34.0,33.0,37.0,23.7,42.5
1604481927,32.0,33.0,33.0,38.0,23.7,42.3
1604481928,32.0,33.0,33.0,38.0,23.7,42.3
1604481929,32.0,33.0,33.0,38.0,23.7,42.3
1604481930,32.0,33.0,33.0,38.0,23.7,42.3
1604481931,32.0,33.0,33.0,38.0,23.7,42.3
1604481932,32.0,33.0,34.0,38.0,23.7,42.1
1604481933,32.0,33.0,34.0,38.0,23.7,42.1
1604481934,32.0,33.0,34.0,38.0,23.7,42.1
1604481935,32.0,33.0,34.0,37.0,23.7,42.1
1604481936,32.0,33.0,34.0,37.0,23.7,42.1
1604481937,32.0,33.0,35.0,37.0,23.7,42.1
1604481938,32.0,33.0,35.0,37.0,23.7,42.1
1604481939,32.0,33.0,35.0,37.0,23.7,42.1
1604481940,31.0,33.0,35.0,37.0,23.7,42.1
1604481941,31.0,33.0,35.0,36.0,23.7,42.1
1604481942,31.0,33.0,35.0,36.0,23.7,42.1
1604481943,31.0,34.0,36.0,36.0,23.7,42.1
1604481944,30.0,34.0,35.0,36.0,23.7,42.1
1604481945,30.0,34.0,35.0,36.0,23.7,42.1
1604481946,30.0,34.0,36.0,37.0,23.7,42.1
1604481947,30.0,34.0,36.0,37.0,23.7,42.1
1604481948,30.0,34.0,36.0,37.0,23.7,42.1
1604481949,30.0,34.0,37.0,37.0,23.7,42.1
1604481950,30.0,35.0,37.0,37.0,23.7,42.1
1604481951,30.0,35.0,37.0,38.0,23.7,42.1
1604481952,30.0,34.0,37.0,38.0,23.8,42.2
1604481953,31.0,34.0,37.0,38.0,23.8,42.2
1604481954,31.0,34.0,37.0,38.0,23.8,42.2
1604481955,31.0,34.0,37.0,38.0,23.8,42.2
1604481956,31.0,34.0,37.0,38.0,23.8,42.2
1604481957,30.0,35.0,37.0,38.0,23.8,42.2
1604481958,31.0,35.0,36.0,38.0,23.8,42.2
1604481959,31.0,35.0,36.0,38.0,23.8,42.2
1604481960,31.0,35.0,36.0,38.0,23.8,42.2
1604481961,31.0,35.0,37.0,37.0,23.8,42.2
1604481962,31.0,35.0,37.0,37.0,23.8,42.3
1604481963,31.0,35.0,37.0,37.0,23.8,42.3
1604481964,31.0,35.0,37.0,37.0,23.8,42.3
1604481965,31.0,34.0,37.0,37.0,23.8,42.3
1604481966,31.0,34.0,37.0,37.0,23.8,42.3
1604481967,31.0,34.0,37.0,36.0,23.8,42.3
1604481968,31.0,33.0,37.0,36.0,23.8,42.3
1604481969,31.0,33.0,37.0,36.0,23.8,42.3
1604481970,31.0,33.0,37.0,36.0,23.8,42.3
1604481971,31.0,32.0,36.0,37.0,23.8,42.3
1604481972,30.0,32.0,36.0,37.0,23.8,42.3
1604481973,30.0,32.0,36.0,37.0,23.8,42.3
1604481974,30.0,32.0,36.0,37.0,23.8,42.3
1604481975,30.0,32.0,35.0,37.0,23.8,42.3
1604481976,30.0,32.0,35.0,37.0,23.8,42.3
1604481977,30.0,32.0,35.0,37.0,23.8,42.3
1604481978,30.0,32.0,35.0,37.0,23.8,42.3
1604481979,30.0,32.0,35.0,37.0,23.8,42.3
1604481980,30.0,33.0,35.0,38.0,23.8,42.3
1604481981,30.0,33.0,35.0,37.0,23.8,42.3
1604481982,30.0,33.0,35.0,37.0,23.8,42.5
1604481983,30.0,33.0,35.0,37.0,23.8,42.5
1604481984,30.0,33.0,35.0,37.0,23.8,42.5
1604481985,30.0,33.0,35.0,37.0,23.8,42.5
1604481986,30.0,34.0,35.0,37.0,23.8,42.5
1604481987,30.0,34.0,35.0,36.0,23.8,42.5
1604481988,30.0,34.0,35.0,36.0,23.8,42.5
1604481989,31.0,34.0,35.0,36.0,23.8,42.5
1604481990,31.0,34.0,35.0,36.0,23.8,42.5
1604481991,31.0,34.0,35.0,35.0,23.8,42.5
1604481992,31.0,34.0,35.0,35.0,23.8,42.4
1604481993,32.0,34.0,35.0,35.0,23.8,42.4
1604481994,32.0,34.0,36.0,35.0,23.8,42.4
1604481995,32.0,34.0,36.0,35.0,23.8,42.4
1604481996,32.0,34.0,36.0,34.0,23.8,42.4
1604481997,32.0,35.0,35.0,34.0,23.8,42.5
1604481998,31.0,35.0,36.0,34.0,23.8,42.5
1604481999,31.0,35.0,35.0,34.0,23.8,42.5
1604482000,31.0,35.0,35.0,34.0,23.8,42.5
1604482001,31.0,35.0,35.0,35.0,23.8,42.5
1604482002,31.0,35.0,35.0,35.0,23.8,42.6
1604482003,30.0,35.0,35.0,35.0,23.8,42.6
1604482004,30.0,35.0,34.0,35.0,23.8,42.6
1604482005,30.0,35.0,34.0,35.0,23.8,42.6
1604482006,30.0,35.0,34.0,35.0,23.8,42.6
1604482007,30.0,35.0,34.0,35.0,23.8,42.9
1604482008,31.0,35.0,34.0,36.0,23.8,42.9
1604482009,31.0,35.0,34.0,36.0,23.8,42.9
1604482010,31.0,35.0,34.0,36.0,23.8,42.9
1604482011,31.0,35.0,34.0,36.0,23.8,42.9
1604482012,31.0,34.0,34.0,36.0,23.8,43.2
1604482013,31.0,34.0,34.0,36.0,23.8,43.2
1604482014,31.0,34.0,35.0,36.0,23.8,43.2
1604482015,31.0,34.0,35.0,36.0,23.8,43.2
1604482016,31.0,34.0,35.0,36.0,23.8,43.2
1604482017,31.0,34.0,35.0,36.0,23.9,43.3
1604482018,31.0,34.0,35.0,36.0,23.9,43.3
1604482019,31.0,34.0,35.0,36.0,23.9,43.3
1604482020,31.0,34.0,35.0,35.0,23.9,43.3
1604482021,30.0,34.0,35.0,35.0,23.9,43.3
1604482022,31.0,35.0,35.0,35.0,23.8,43.0
1604482023,31.0,35.0,35.0,35.0,23.8,43.0
1604482024,31.0,35.0,36.0,35.0,23.8,43.0
1604482025,31.0,35.0,36.0,35.0,23.8,43.0
1604482026,31.0,35.0,36.0,34.0,23.8,43.0
1604482027,31.0,35.0,36.0,34.0,23.9,42.8
1604482028,31.0,35.0,36.0,34.0,23.9,42.8
1604482029,32.0,35.0,36.0,34.0,23.9,42.8
1604482030,32.0,35.0,36.0,34.0,23.9,42.8
1604482031,32.0,35.0,36.0,34.0,23.9,42.8
1604482032,32.0,35.0,37.0,35.0,23.9,42.9
1604482033,32.0,34.0,37.0,35.0,23.9,42.9
1604482034,32.0,34.0,37.0,35.0,23.9,42.9
1604482035,31.0,34.0,37.0,35.0,23.9,42.9
1604482036,31.0,34.0,36.0,35.0,23.9,42.9
1604482037,31.0,35.0,36.0,35.0,23.9,42.9
1604482038,31.0,35.0,36.0,35.0,23.9,42.9
1604482039,31.0,35.0,36.0,35.0,23.9,42.9
1604482040,31.0,36.0,36.0,35.0,23.9,42.9
1604482041,31.0,36.0,36.0,35.0,23.9,42.9
1604482042,31.0,36.0,36.0,35.0,23.9,42.9
1604482043,30.0,36.0,35.0,35.0,23.9,42.9
1604482044,30.0,36.0,35.0,35.0,23.9,42.9
1604482045,30.0,36.0,35.0,35.0,23.9,42.9
1604482046,30.0,36.0,35.0,35.0,23.9,42.9
1604482047,30.0,36.0,35.0,35.0,23.9,42.8
1604482048,30.0,36.0,36.0,35.0,23.9,42.8
1604482049,29.0,35.0,36.0,35.0,23.9,42.8
1604482050,29.0,35.0,36.0,35.0,23.9,42.8
1604482051,29.0,35.0,36.0,35.0,23.9,42.8
1604482052,29.0,35.0,36.0,35.0,23.9,42.6
1604482053,29.0,34.0,36.0,35.0,23.9,42.6
1604482054,29.0,34.0,37.0,35.0,23.9,42.6
1604482055,30.0,34.0,37.0,35.0,23.9,42.6
1604482056,30.0,34.0,37.0,36.0,23.9,42.6
1604482057,31.0,34.0,37.0,36.0,23.9,42.4
1604482058,31.0,35.0,37.0,36.0,23.9,42.4
1604482059,31.0,35.0,37.0,36.0,23.9,42.4
1604482060,31.0,35.0,37.0,36.0,23.9,42.4
1604482061,32.0,35.0,37.0,36.0,23.9,42.4
1604482062,32.0,35.0,37.0,36.0,24.0,42.5
1604482063,32.0,35.0,36.0,36.0,24.0,42.5
1604482064,31.0,35.0,34.0,36.0,24.0,42.5
1604482065,31.0,35.0,35.0,36.0,24.0,42.5
1604482066,31.0,35.0,35.0,36.0,24.0,42.5
1604482067,31.0,36.0,35.0,36.0,24.0,42.5
1604482068,31.0,35.0,35.0,36.0,24.0,42.5
1604482069,31.0,35.0,35.0,36.0,24.0,42.5
1604482070,31.0,35.0,35.0,36.0,24.0,42.5
1604482071,31.0,35.0,35.0,36.0,24.0,42.5
1604482072,31.0,35.0,35.0,36.0,24.0,42.5
1604482073,31.0,35.0,35.0,36.0,24.0,42.5
1604482074,31.0,35.0,35.0,36.0,24.0,42.5
1604482075,32.0,35.0,35.0,36.0,24.0,42.5
1604482076,32.0,35.0,35.0,36.0,24.0,42.5
1604482077,32.0,35.0,35.0,36.0,24.0,42.6
1604482078,32.0,35.0,35.0,35.0,24.0,42.6
1604482079,32.0,36.0,35.0,35.0,24.0,42.6
1604482080,32.0,36.0,35.0,35.0,24.0,42.6
1604482081,32.0,36.0,36.0,35.0,24.0,42.6
1604482082,32.0,36.0,36.0,35.0,24.0,42.6
1604482083,32.0,36.0,36.0,35.0,24.0,42.6
1604482084,32.0,36.0,36.0,35.0,24.0,42.6
1604482085,31.0,36.0,35.0,35.0,24.0,42.6
1604482086,31.0,36.0,35.0,35.0,24.0,42.6
1604482087,31.0,36.0,35.0,35.0,24.0,42.9
1604482088,31.0,35.0,35.0,35.0,24.0,42.9
1604482089,30.0,35.0,34.0,35.0,24.0,42.9
1604482090,30.0,35.0,34.0,35.0,24.0,42.9
1604482091,30.0,34.0,34.0,35.0,24.0,42.9
1604482092,30.0,34.0,34.0,34.0,24.0,43.1
1604482093,30.0,34.0,33.0,34.0,24.0,43.1
1604482094,30.0,33.0,33.0,34.0,24.0,43.1
1604482095,30.0,33.0,33.0,34.0,24.0,43.1
1604482096,30.0,33.0,33.0,34.0,24.0,43.1
1604482097,30.0,33.0,34.0,34.0,24.0,42.8
1604482098,30.0,33.0,34.0,34.0,24.0,42.8
1604482099,30.0,32.0,34.0,34.0,24.0,42.8
1604482100,30.0,32.0,34.0,35.0,24.0,42.8
1604482101,31.0,32.0,35.0,35.0,24.0,42.8
1604482102,30.0,32.0,35.0,35.0,24.0,42.6
1604482103,30.0,32.0,35.0,35.0,24.0,42.6
1604482104,30.0,32.0,35.0,35.0,24.0,42.6
1604482105,30.0,32.0,35.0,35.0,24.0,42.6
1604482106,30.0,31.0,35.0,36.0,24.0,42.6
1604482107,31.0,31.0,35.0,36.0,24.0,42.5
1604482108,31.0,31.0,34.0,36.0,24.0,42.5
1604482109,31.0,31.0,34.0,36.0,24.0,42.5
1604482110,32.0,31.0,34.0,36.0,24.0,42.5
1604482111,32.0,31.0,35.0,36.0,24.0,42.5
1604482112,32.0,31.0,35.0,35.0,24.0,41.4
1604482113,33.0,31.0,35.0,35.0,24.0,41.4
1604482114,33.0,31.0,35.0,35.0,24.0,41.4
1604482115,33.0,31.0,35.0,35.0,24.0,41.4
1604482116,34.0,32.0,35.0,36.0,24.0,41.4
1604482117,34.0,32.0,35.0,36.0,24.0,41.4
1604482118,34.0,32.0,35.0,36.0,24.0,41.4
1604482119,33.666666666666664,32.111111111111114,35.0,36.0,24.0,41.4
1604482120,33.333333333333336,32.22222222222222,35.0,36.0,24.0,41.4
1604482121,33.0,32.333333333333336,35.0,36.0,24.0,41.4
1604482122,32.666666666666664,32.44444444444444,35.0,36.0,24.0,41.4
1604482123,32.333333333333336,32.55555555555556,35.0,36.0,24.0,41.4
1604482124,32.0,32.666666666666664,35.0,36.0,24.0,41.4
1604482125,31.666666666666668,32.77777777777778,35.0,36.0,24.0,41.4
1604482126,31.33333333333333,32.888888888888886,35.0,36.0,24.0,41.4
1604482127,31.0,33.0,35.0,36.0,24.0,41.4
1604482128,30.0,34.0,35.0,36.0,24.0,41.4
1604482129,31.0,34.0,35.0,36.0,24.0,41.4
1604482130,31.0,35.0,35.0,36.0,24.0,41.2
1604482131,31.0,35.0,35.0,36.0,24.0,41.2
1604482132,31.0,36.0,35.0,36.0,24.0,41.2
1604482133,31.0,36.0,35.0,36.0,24.0,41.2
1604482134,31.0,35.0,35.0,36.0,24.0,41.2
1604482135,31.0,35.0,36.0,36.0,24.0,41.1
1604482136,31.0,35.0,36.0,36.0,24.0,41.1
1604482137,31.0,35.0,36.0,36.0,24.0,41.1
1604482138,31.0,35.0,37.0,36.0,24.0,41.1
1604482139,31.0,35.0,36.0,36.0,24.0,41.1
1604482140,31.0,35.0,36.0,35.0,24.1,41.1
1604482141,31.0,36.0,36.0,35.0,24.1,41.1
1604482142,31.0,36.0,36.0,35.0,24.1,41.1
1604482143,31.0,36.0,36.0,35.0,24.1,41.1
1604482144,31.0,36.0,36.0,34.0,24.1,41.1
1604482145,31.0,36.0,35.0,34.0,24.1,40.5
1604482146,31.0,36.0,35.0,34.0,24.1,40.5
1604482147,31.0,35.0,34.0,34.0,24.1,40.5
1604482148,31.0,35.0,34.0,34.0,24.1,40.5
1604482149,31.0,35.0,34.0,34.0,24.1,40.5
1604482150,31.0,35.0,34.0,34.0,24.0,40.5
1604482151,31.0,34.0,33.0,34.0,24.0,40.5
1604482152,31.0,34.0,33.0,34.0,24.0,40.5
1604482153,31.0,34.0,33.0,34.0,24.0,40.5
1604482154,31.0,34.0,33.0,34.0,24.0,40.5
1604482155,31.0,34.0,33.0,34.0,24.1,40.7
1604482156,31.0,34.0,33.0,34.0,24.1,40.7
1604482157,32.0,33.0,33.0,34.0,24.1,40.7
1604482158,32.0,33.0,33.0,35.0,24.1,40.7
1604482159,32.0,34.0,34.0,35.0,24.1,40.7
1604482160,32.0,34.0,34.0,36.0,24.0,40.6
1604482161,32.0,34.0,34.0,36.0,24.0,40.6
1604482162,32.0,34.0,34.0,36.0,24.0,40.6
1604482163,32.0,34.0,34.0,36.0,24.0,40.6
1604482164,32.0,34.0,34.0,36.0,24.0,40.6
1604482165,32.0,34.0,34.0,36.0,24.0,40.7
1604482166,32.0,34.0,34.0,36.0,24.0,40.7
1604482167,32.0,35.0,34.0,36.0,24.0,40.7
1604482168,32.0,35.0,34.0,36.0,24.0,40.7
1604482169,32.0,35.0,33.0,36.0,24.0,40.7
1604482170,31.0,35.0,33.0,36.0,24.1,41.0
1604482171,32.0,35.0,33.0,35.0,24.1,41.0
1604482172,32.0,35.0,33.0,35.0,24.1,41.0
1604482173,32.0,35.0,33.0,36.0,24.1,41.0
1604482174,32.0,35.0,33.0,35.0,24.1,41.0
1604482175,32.0,35.0,33.0,35.0,24.0,41.1
1604482176,32.0,35.0,34.0,36.0,24.0,41.1
1604482177,32.0,35.0,34.0,36.0,24.0,41.1
1604482178,32.0,35.0,34.0,36.0,24.0,41.1
1604482179,32.0,34.0,34.0,36.0,24.0,41.1
1604482180,32.0,34.0,35.0,36.0,24.1,41.2
1604482181,32.0,34.0,35.0,36.0,24.1,41.2
1604482182,32.0,34.0,35.0,36.0,24.1,41.2
1604482183,32.0,33.0,35.0,36.0,24.1,41.2
1604482184,32.0,33.0,35.0,36.0,24.1,41.2
1604482185,32.0,33.0,35.0,36.0,24.1,41.0
1604482186,32.0,33.0,35.0,36.0,24.1,41.0
1604482187,32.0,32.0,35.0,36.0,24.1,41.0
1604482188,31.0,32.0,35.0,36.0,24.1,41.0
1604482189,31.0,32.0,35.0,36.0,24.1,41.0
1604482190,32.0,32.0,35.0,36.0,24.1,41.0
1604482191,32.0,32.0,35.0,36.0,24.1,41.0
1604482192,32.0,32.0,35.0,35.0,24.1,41.0
1604482193,31.0,32.0,35.0,35.0,24.1,41.0
1604482194,31.0,32.0,35.0,35.0,24.1,41.0
1604482195,31.0,32.0,35.0,34.0,24.1,41.1
1604482196,31.0,32.0,36.0,34.0,24.1,41.1
1604482197,31.0,33.0,36.0,34.0,24.1,41.1
1604482198,32.0,33.0,36.0,33.0,24.1,41.1
1604482199,32.0,33.0,36.0,34.0,24.1,41.1
1604482200,32.0,33.0,37.0,33.0,24.1,41.1
1604482201,32.0,33.0,37.0,33.0,24.1,41.1
1604482202,32.0,33.0,36.0,33.0,24.1,41.1
1604482203,32.0,33.0,36.0,34.0,24.1,41.1
1604482204,32.0,33.0,36.0,34.0,24.1,41.1
1604482205,32.0,33.0,36.0,34.0,24.1,41.2
1604482206,31.0,34.0,36.0,34.0,24.1,41.2
1604482207,31.0,34.0,35.0,34.0,24.1,41.2
1604482208,31.0,34.0,35.0,34.0,24.1,41.2
1604482209,31.0,35.0,35.0,33.0,24.1,41.2
1604482210,30.0,35.0,35.0,34.0,24.2,41.4
1604482211,30.0,35.0,35.0,34.0,24.2,41.4
1604482212,30.0,35.0,35.0,34.0,24.2,41.4
1604482213,30.0,35.0,35.0,34.0,24.2,41.4
1604482214,30.0,35.0,35.0,34.0,24.2,41.4
1604482215,30.0,36.0,35.0,34.0,24.1,41.4
1604482216,30.0,36.0,35.0,34.0,24.1,41.4
1604482217,30.0,36.0,35.0,35.0,24.1,41.4
1604482218,30.0,35.0,35.0,35.0,24.1,41.4
1604482219,31.0,35.0,35.0,35.0,24.1,41.4
1604482220,31.0,35.0,35.0,35.0,24.1,41.3
1604482221,31.0,35.0,34.0,35.0,24.1,41.3
1604482222,31.0,35.0,34.0,35.0,24.1,41.3
1604482223,31.0,34.0,34.0,35.0,24.1,41.3
1604482224,31.0,34.0,35.0,35.0,24.1,41.3
1604482225,31.0,34.0,35.0,35.0,24.1,41.3
1604482226,31.0,34.0,35.0,35.0,24.1,41.3
1604482227,31.0,34.0,35.0,35.0,24.1,41.3
1604482228,31.0,34.0,35.0,35.0,24.1,41.3
1604482229,31.0,34.0,35.0,35.0,24.1,41.3
1604482230,31.0,33.0,35.0,34.0,24.1,41.3
1604482231,31.0,33.0,36.0,35.0,24.1,41.3
1604482232,31.0,33.0,36.0,35.0,24.1,41.3
1604482233,31.0,33.0,36.0,35.0,24.1,41.3
1604482234,31.0,33.0,36.0,35.0,24.1,41.3
1604482235,31.0,33.0,36.0,35.0,24.2,41.4
1604482236,31.0,33.0,36.0,35.0,24.2,41.4
1604482237,31.0,33.0,36.0,35.0,24.2,41.4
1604482238,31.0,33.0,35.0,35.0,24.2,41.4
1604482239,31.0,33.0,35.0,35.0,24.2,41.4
1604482240,31.0,33.0,35.0,36.0,24.2,41.4
1604482241,31.0,34.0,35.0,36.0,24.2,41.4
1604482242,30.0,34.0,35.0,36.0,24.2,41.4
1604482243,30.0,34.0,35.0,36.0,24.2,41.4
1604482244,30.0,34.0,35.0,36.0,24.2,41.4
1604482245,30.0,34.0,35.0,37.0,24.1,41.4
1604482246,29.0,34.0,35.0,37.0,24.1,41.4
1604482247,29.0,34.0,35.0,37.0,24.1,41.4
1604482248,29.0,34.0,35.0,37.0,24.1,41.4
1604482249,29.0,34.0,35.0,37.0,24.1,41.4
1604482250,29.0,34.0,35.0,37.0,24.2,41.5
1604482251,29.0,34.0,35.0,37.0,24.2,41.5
1604482252,29.0,34.0,35.0,37.0,24.2,41.5
1604482253,29.0,34.0,35.0,37.0,24.2,41.5
1604482254,29.0,34.0,35.0,36.0,24.2,41.5
1604482255,29.0,34.0,35.0,36.0,24.1,41.4
1604482256,29.0,34.0,35.0,36.0,24.1,41.4
1604482257,29.0,34.0,35.0,35.0,24.1,41.4
1604482258,29.0,34.0,35.0,35.0,24.1,41.4
1604482259,29.0,34.0,35.0,35.0,24.1,41.4
1604482260,30.0,34.0,35.0,35.0,24.1,41.4
1604482261,30.0,34.0,35.0,34.0,24.1,41.4
1604482262,30.0,34.0,35.0,34.0,24.1,41.4
1604482263,30.0,34.0,35.0,34.0,24.1,41.4
1604482264,30.0,34.0,35.0,34.0,24.1,41.4
1604482265,31.0,33.0,35.0,34.0,24.1,41.4
1604482266,31.0,33.0,36.0,34.0,24.1,41.4
1604482267,31.0,33.0,36.0,34.0,24.1,41.4
1604482268,31.0,33.0,36.0,34.0,24.1,41.4
1604482269,31.0,32.0,36.0,34.0,24.1,41.4
1604482270,31.0,32.0,36.0,34.0,24.1,41.0
1604482271,31.0,32.0,36.0,34.0,24.1,41.0
1604482272,31.0,32.0,36.0,35.0,24.1,41.0
1604482273,31.0,32.0,36.0,35.0,24.1,41.0
1604482274,31.0,32.0,36.0,35.0,24.1,41.0
1604482275,30.0,33.0,36.0,35.0,24.2,41.2
1604482276,30.0,33.0,36.0,35.0,24.2,41.2
1604482277,30.0,33.0,36.0,35.0,24.2,41.2
1604482278,30.0,33.0,36.0,35.0,24.2,41.2
1604482279,30.0,34.0,36.0,35.0,24.2,41.2
1604482280,30.0,34.0,35.0,35.0,24.1,40.9
1604482281,30.0,35.0,35.0,35.0,24.1,40.9
1604482282,30.0,35.0,35.0,36.0,24.1,40.9
1604482283,30.0,35.0,36.0,36.0,24.1,40.9
1604482284,30.0,35.0,36.0,36.0,24.1,40.9
1604482285,30.0,35.0,36.0,36.0,24.1,40.9
1604482286,31.0,35.0,36.0,36.0,24.1,40.9
1604482287,31.0,35.0,35.0,36.0,24.1,40.9
1604482288,31.0,35.0,35.0,37.0,24.1,40.9
1604482289,30.0,34.0,35.0,37.0,24.1,40.9
1604482290,30.0,34.0,35.0,37.0,24.1,40.8
1604482291,30.0,34.0,35.0,37.0,24.1,40.8
1604482292,30.0,34.0,35.0,37.0,24.1,40.8
1604482293,30.0,34.0,34.0,37.0,24.1,40.8
1604482294,30.0,34.0,34.0,37.0,24.1,40.8
1604482295,30.0,34.0,34.0,37.0,24.2,40.6
1604482296,30.0,34.0,33.0,38.0,24.2,40.6
1604482297,30.0,34.0,33.0,38.0,24.2,40.6
1604482298,30.0,34.0,33.0,38.0,24.2,40.6
1604482299,30.0,34.0,33.0,38.0,24.2,40.6
1604482300,30.0,34.0,33.0,37.0,24.2,40.5
1604482301,30.0,33.0,33.0,37.0,24.2,40.5
1604482302,30.0,33.0,33.0,37.0,24.2,40.5
1604482303,30.0,33.0,33.0,37.0,24.2,40.5
1604482304,30.0,33.0,33.0,36.0,24.2,40.5
1604482305,30.0,33.0,33.0,36.0,24.2,40.4
1604482306,30.0,33.0,34.0,36.0,24.2,40.4
1604482307,31.0,33.0,34.0,36.0,24.2,40.4
1604482308,31.0,32.0,34.0,36.0,24.2,40.4
1604482309,31.0,33.0,34.0,35.0,24.2,40.4
1604482310,32.0,33.0,35.0,36.0,24.2,40.6
1604482311,32.0,33.0,35.0,36.0,24.2,40.6
1604482312,32.0,33.0,35.0,36.0,24.2,40.6
1604482313,32.0,33.0,35.0,36.0,24.2,40.6
1604482314,32.0,33.0,35.0,36.0,24.2,40.6
1604482315,32.0,33.0,36.0,36.0,24.2,41.5
1604482316,32.0,33.0,36.0,36.0,24.2,41.5
1604482317,31.0,33.0,36.0,36.0,24.2,41.5
1604482318,31.0,33.0,36.0,36.0,24.2,41.5
1604482319,31.0,33.0,36.0,36.0,24.2,41.5
1604482320,31.0,33.0,35.0,36.0,24.2,41.6
1604482321,30.0,32.0,35.0,36.0,24.2,41.6
1604482322,30.0,32.0,35.0,36.0,24.2,41.6
1604482323,31.0,32.0,35.0,36.0,24.2,41.6
1604482324,31.0,32.0,34.0,36.0,24.2,41.6
1604482325,31.0,32.0,34.0,36.0,24.2,41.7
1604482326,31.0,32.0,34.0,36.0,24.2,41.7
1604482327,31.0,32.0,34.0,36.0,24.2,41.7
1604482328,31.0,32.0,34.0,35.0,24.2,41.7
1604482329,31.0,32.0,34.0,35.0,24.2,41.7
1604482330,31.0,32.0,34.0,35.0,24.2,41.8
1604482331,31.0,32.0,34.0,35.0,24.2,41.8
1604482332,31.0,33.0,34.0,35.0,24.2,41.8
1604482333,31.0,33.0,34.0,35.0,24.2,41.8
1604482334,31.0,33.0,35.0,35.0,24.2,41.8
1604482335,31.0,33.0,34.0,35.0,24.3,42.4
1604482336,31.0,33.0,34.0,35.0,24.3,42.4
1604482337,31.0,33.0,34.0,36.0,24.3,42.4
1604482338,31.0,33.0,34.0,36.0,24.3,42.4
1604482339,31.0,33.0,34.0,36.0,24.3,42.4
1604482340,31.0,33.0,34.0,37.0,24.3,42.5
1604482341,30.88888888888889,33.0,34.0,37.0,24.3,42.5
1604482342,30.77777777777778,33.0,34.0,37.0,24.3,42.5
1604482343,30.666666666666668,33.0,34.0,37.0,24.3,42.5
1604482344,30.55555555555556,33.0,34.0,37.0,24.3,42.5
1604482345,30.444444444444443,33.0,34.0,37.0,24.3,42.5
1604482346,30.33333333333333,33.0,34.0,37.0,24.3,42.5
1604482347,30.22222222222222,33.0,34.0,37.0,24.3,42.5
1604482348,30.11111111111111,33.0,34.0,37.0,24.3,42.5
1604482349,30.0,33.0,34.0,37.0,24.3,42.5
1604482350,30.0,33.0,34.0,37.0,24.3,42.5
1604482351,30.0,33.0,34.0,37.0,24.3,42.5
1604482352,30.0,33.0,34.0,37.0,24.3,42.5
1604482353,31.0,33.0,34.0,37.0,24.3,42.6
1604482354,31.0,33.0,34.0,37.0,24.3,42.6
1604482355,31.0,33.0,34.0,36.0,24.3,42.6
1604482356,31.0,33.0,33.0,36.0,24.3,42.6
1604482357,31.0,33.0,33.0,36.0,24.3,42.6
1604482358,31.0,32.0,33.0,36.0,24.3,43.0
1604482359,31.0,32.0,33.0,36.0,24.3,43.0
1604482360,31.0,32.0,33.0,36.0,24.3,43.0
1604482361,31.0,31.0,33.0,36.0,24.3,43.0
1604482362,30.0,31.0,34.0,36.0,24.3,43.0
1604482363,30.0,31.0,34.0,36.0,24.3,43.1
1604482364,30.0,30.0,34.0,36.0,24.3,43.1
1604482365,30.0,30.0,35.0,36.0,24.3,43.1
1604482366,30.0,30.0,35.0,36.0,24.3,43.1
1604482367,30.0,30.0,35.0,36.0,24.3,43.1
1604482368,30.0,30.0,36.0,36.0,24.3,43.2
1604482369,30.0,30.0,36.0,36.0,24.3,43.2
1604482370,30.0,33.0,36.0,37.0,24.3,43.2
1604482371,30.0,33.0,36.0,36.0,24.3,43.2
1604482372,30.0,33.0,36.0,36.0,24.3,43.2
1604482373,31.0,33.0,36.0,36.0,24.3,43.3
1604482374,30.0,32.0,36.0,36.0,24.3,43.3
1604482375,30.0,32.0,36.0,36.0,24.3,43.3
1604482376,30.0,32.0,36.0,36.0,24.3,43.3
1604482377,30.0,32.0,36.0,36.0,24.3,43.3
1604482378,30.0,32.0,36.0,36.0,24.3,43.4
1604482379,31.0,32.0,36.0,36.0,24.3,43.4
1604482380,31.0,32.0,36.0,36.0,24.3,43.4
1604482381,30.0,32.0,36.0,35.0,24.3,43.4
1604482382,30.0,32.0,36.0,35.0,24.3,43.4
1604482383,30.0,32.0,36.0,35.0,24.3,43.4
1604482384,30.0,32.0,36.0,35.0,24.3,43.4
1604482385,30.0,32.0,37.0,35.0,24.3,43.4
1604482386,30.0,33.0,37.0,35.0,24.3,43.4
1604482387,30.0,33.0,37.0,35.0,24.3,43.4
1604482388,30.0,33.0,37.0,35.0,24.3,43.3
1604482389,29.0,33.0,37.0,35.0,24.3,43.3
1604482390,29.0,33.0,38.0,35.0,24.3,43.3
1604482391,29.0,33.0,38.0,35.0,24.3,43.3
1604482392,29.0,33.0,38.0,35.0,24.3,43.3
1604482393,29.0,32.0,38.0,35.0,24.3,43.1
1604482394,29.0,32.0,38.0,35.0,24.3,43.1
1604482395,28.0,32.0,37.0,35.0,24.3,43.1
1604482396,28.0,32.0,37.0,35.0,24.3,43.1
1604482397,28.0,32.0,37.0,35.0,24.3,43.1
1604482398,28.0,32.0,37.0,35.0,24.4,43.1
1604482399,28.0,32.0,36.0,35.0,24.4,43.1
1604482400,28.0,32.0,36.0,35.0,24.4,43.1
1604482401,29.0,32.0,36.0,35.0,24.4,43.1
1604482402,29.0,32.0,36.0,36.0,24.4,43.1
1604482403,29.0,32.0,36.0,35.0,24.4,41.8
1604482404,29.0,33.0,36.0,35.0,24.4,41.8
1604482405,29.0,33.0,36.0,35.0,24.4,41.8
1604482406,29.0,32.0,36.0,35.0,24.4,41.8
1604482407,29.0,32.0,36.0,35.0,24.4,41.8
1604482408,29.0,32.0,36.0,35.0,24.3,41.6
1604482409,29.0,31.0,36.0,35.0,24.3,41.6
1604482410,29.0,31.0,36.0,35.0,24.3,41.6
1604482411,30.0,30.0,36.0,35.0,24.3,41.6
1604482412,30.0,30.0,35.0,36.0,24.3,41.6
1604482413,30.0,29.0,35.0,36.0,24.3,41.3
1604482414,30.0,29.0,35.0,36.0,24.3,41.3
1604482415,31.0,28.0,34.0,36.0,24.3,41.3
1604482416,31.0,27.0,34.0,36.0,24.3,41.3
1604482417,31.0,27.0,34.0,36.0,24.3,41.3
1604482418,31.0,27.0,34.0,36.0,24.3,41.1
1604482419,31.0,27.0,34.0,36.0,24.3,41.1
1604482420,31.0,27.0,33.0,36.0,24.3,41.1
1604482421,31.0,27.0,33.0,36.0,24.3,41.1
1604482422,31.0,27.0,33.0,36.0,24.3,41.1
1604482423,31.0,27.0,34.0,36.0,24.3,40.5
1604482424,30.0,27.0,34.0,36.0,24.3,40.5
1604482425,30.0,27.0,34.0,36.0,24.3,40.5
1604482426,30.0,27.0,34.0,36.0,24.3,40.5
1604482427,30.0,27.0,34.0,36.0,24.3,40.5
1604482428,30.0,27.0,35.0,36.0,24.3,40.3
1604482429,30.0,27.0,35.0,36.0,24.3,40.3
1604482430,30.0,27.0,35.0,35.0,24.3,40.3
1604482431,30.0,27.0,35.0,35.0,24.3,40.3
1604482432,30.0,26.0,35.0,35.0,24.3,40.3
1604482433,31.0,26.0,34.0,35.0,24.3,40.2
1604482434,31.0,26.0,34.0,35.0,24.3,40.2
1604482435,31.0,26.0,34.0,35.0,24.3,40.2
1604482436,31.0,26.0,34.0,35.0,24.3,40.2
1604482437,31.0,25.0,34.0,35.0,24.3,40.2
1604482438,32.0,25.0,34.0,35.0,24.3,40.0
1604482439,32.0,25.0,34.0,35.0,24.3,40.0
1604482440,32.0,25.0,34.0,36.0,24.3,40.0
1604482441,32.0,25.0,34.0,36.0,24.3,40.0
1604482442,32.0,25.0,34.0,36.0,24.3,40.0
1604482443,32.0,25.0,34.0,37.0,24.3,39.8
1604482444,32.0,25.0,35.0,37.0,24.3,39.8
1604482445,32.0,25.0,35.0,37.0,24.3,39.8
1604482446,31.5,25.0,35.0,37.0,24.3,39.8
1604482447,31.0,25.0,35.0,37.0,24.3,39.8
1604482448,31.0,25.0,36.0,37.0,24.3,39.8
1604482449,31.0,25.0,36.0,37.0,24.3,39.8
1604482450,31.0,25.0,36.0,37.0,24.3,39.8
1604482451,30.0,25.0,36.0,37.0,24.3,39.8
1604482452,30.0,25.0,37.0,37.0,24.3,39.8
1604482453,30.0,25.0,37.0,37.0,24.3,39.8
1604482454,30.0,25.0,36.0,37.0,24.3,39.8
1604482455,30.0,26.0,36.0,37.0,24.3,39.8
1604482456,30.0,26.0,36.0,37.0,24.3,39.8
1604482457,30.0,26.0,36.0,37.0,24.3,39.8
1604482458,30.0,26.0,36.0,36.0,24.3,39.8
1604482459,29.0,26.0,36.0,36.0,24.2,39.7
1604482460,29.0,26.0,35.0,36.0,24.2,39.7
1604482461,29.0,26.0,35.0,36.0,24.2,39.7
1604482462,29.0,27.0,35.0,36.0,24.2,39.7
1604482463,29.0,27.0,34.0,36.0,24.2,39.7
1604482464,29.0,27.0,34.0,36.0,24.2,39.7
1604482465,29.0,27.0,34.0,36.0,24.2,39.7
1604482466,29.0,27.0,34.0,36.0,24.2,39.7
1604482467,29.0,27.0,34.0,36.0,24.2,39.7
1604482468,29.0,28.0,34.0,36.0,24.2,39.7
1604482469,29.0,29.0,34.0,36.0,24.2,39.7
1604482470,28.0,29.0,34.0,36.0,24.2,39.7
1604482471,29.0,29.0,34.0,36.0,24.2,39.7
1604482472,29.0,29.0,35.0,35.0,24.2,39.7
1604482473,29.0,30.0,36.0,35.0,24.2,39.7
1604482474,29.0,30.0,36.0,35.0,24.2,39.8
1604482475,29.0,30.0,36.0,35.0,24.2,39.8
1604482476,29.0,30.0,36.0,35.0,24.2,39.8
1604482477,30.0,30.0,35.0,35.0,24.2,39.8
1604482478,30.0,30.0,35.0,35.0,24.2,39.8
1604482479,30.0,30.0,35.0,35.0,24.1,39.6
1604482480,30.0,30.0,34.0,35.0,24.1,39.6
1604482481,30.0,30.0,34.0,35.0,24.1,39.6
1604482482,30.0,29.0,34.0,35.0,24.1,39.6
1604482483,30.0,29.0,33.0,35.0,24.1,39.6
1604482484,30.0,29.0,33.0,35.0,24.1,39.5
1604482485,30.0,28.0,33.0,35.0,24.1,39.5
1604482486,30.0,28.0,33.0,36.0,24.1,39.5
1604482487,30.0,28.0,33.0,36.0,24.1,39.5
1604482488,29.0,28.0,34.0,36.0,24.1,39.5
1604482489,29.0,28.0,34.0,36.0,24.1,39.5
1604482490,29.0,28.0,35.0,36.0,24.1,39.5
1604482491,29.0,28.0,35.0,36.0,24.1,39.5
1604482492,29.0,29.0,35.0,36.0,24.1,39.5
1604482493,29.0,29.0,35.0,36.0,24.1,39.5
1604482494,29.0,29.0,35.0,36.0,24.1,39.1
1604482495,29.0,30.0,36.0,36.0,24.1,39.1
1604482496,29.0,30.0,36.0,36.0,24.1,39.1
1604482497,29.0,30.0,36.0,36.0,24.1,39.1
1604482498,30.0,31.0,36.0,36.0,24.1,39.1
1604482499,30.0,31.0,35.0,36.0,24.0,39.0
1604482500,30.0,31.0,35.0,36.0,24.0,39.0
1604482501,30.0,31.0,35.0,36.0,24.0,39.0
1604482502,31.0,31.0,35.0,36.0,24.0,39.0
1604482503,31.0,31.0,35.0,36.0,24.0,39.0
1604482504,31.0,31.0,35.0,36.0,24.0,39.1
1604482505,31.0,31.0,35.0,36.0,24.0,39.1
1604482506,30.0,31.0,35.0,37.0,24.0,39.1
1604482507,30.0,31.0,35.0,37.0,24.0,39.1
1604482508,30.0,31.0,35.0,37.0,24.0,39.1
1604482509,30.0,31.0,35.0,37.0,24.0,39.1
1604482510,30.0,31.0,35.0,37.0,24.0,39.1
1604482511,30.0,31.0,35.0,37.0,24.0,39.1
1604482512,30.0,31.0,35.0,37.0,24.0,39.1
1604482513,30.0,31.0,35.0,37.0,24.0,39.1
1604482514,30.0,31.0,35.0,37.0,24.0,40.0
1604482515,30.0,31.0,35.0,37.0,24.0,40.0
1604482516,31.0,31.0,35.0,36.0,24.0,40.0
1604482517,31.0,31.0,35.0,36.0,24.0,40.0
1604482518,31.0,32.0,35.0,36.0,24.0,40.0
1604482519,31.0,32.0,35.0,36.0,24.0,40.1
1604482520,31.0,32.0,34.0,36.0,24.0,40.1
1604482521,31.0,32.0,34.0,36.0,24.0,40.1
1604482522,31.0,32.0,34.0,36.0,24.0,40.1
1604482523,31.0,31.0,34.0,36.0,24.0,40.1
1604482524,31.0,31.0,34.0,36.0,24.0,40.0
1604482525,30.0,31.0,34.0,36.0,24.0,40.0
1604482526,30.0,31.0,34.0,36.0,24.0,40.0
1604482527,30.0,31.0,34.0,36.0,24.0,40.0
1604482528,30.0,30.0,34.0,36.0,24.0,40.0
1604482529,30.0,30.0,34.0,36.0,24.0,40.0
1604482530,30.0,30.0,35.0,36.0,24.0,40.0
1604482531,29.0,30.0,35.0,36.0,24.0,40.0
1604482532,29.0,30.0,35.0,36.0,24.0,40.0
1604482533,29.0,31.0,36.0,36.0,24.0,40.0
1604482534,30.0,31.0,36.0,36.0,24.0,40.0
1604482535,30.0,31.0,36.0,36.0,24.0,40.0
1604482536,30.0,31.0,36.0,37.0,24.0,40.0
1604482537,30.0,31.0,36.0,37.0,24.0,40.0
1604482538,30.0,31.0,36.0,37.0,24.0,40.0
1604482539,30.0,32.0,36.0,37.0,24.0,40.0
1604482540,30.0,32.0,36.0,37.0,24.0,40.0
1604482541,30.0,32.0,36.0,36.0,24.0,40.0
1604482542,29.0,32.0,36.0,36.0,24.0,40.0
1604482543,29.0,32.0,35.0,36.0,24.0,40.0
1604482544,29.0,32.0,35.0,36.0,24.0,40.0
1604482545,29.0,32.0,35.0,36.0,24.0,40.0
1604482546,28.0,32.0,35.0,35.0,24.0,40.0
1604482547,28.0,32.0,35.0,34.0,24.0,40.0
1604482548,28.0,32.0,35.0,34.0,24.0,40.0
1604482549,28.0,32.0,34.0,34.0,24.0,39.9
1604482550,28.0,32.0,34.0,34.0,24.0,39.9
1604482551,29.0,32.0,34.0,34.0,24.0,39.9
1604482552,29.0,32.0,34.0,34.0,24.0,39.9
1604482553,29.0,32.0,34.0,34.0,24.0,39.9
1604482554,29.0,32.0,33.0,34.0,24.0,39.8
1604482555,30.0,32.0,33.0,34.0,24.0,39.8
1604482556,30.0,32.0,33.0,34.0,24.0,39.8
1604482557,30.0,32.0,33.0,35.0,24.0,39.8
1604482558,30.0,32.0,33.0,35.0,24.0,39.8
1604482559,30.0,32.0,33.0,35.0,24.0,39.8
1604482560,30.11111111111111,32.0,33.111111111111114,35.0,24.0,39.8
1604482561,30.22222222222222,32.0,33.22222222222222,35.0,24.0,39.8
1604482562,30.33333333333333,32.0,33.333333333333336,35.0,24.0,39.8
1604482563,30.444444444444443,32.0,33.44444444444444,35.0,24.0,39.8
1604482564,30.55555555555556,32.0,33.55555555555556,35.0,24.0,39.8
1604482565,30.666666666666668,32.0,33.666666666666664,35.0,24.0,39.8
1604482566,30.77777777777778,32.0,33.77777777777778,35.0,24.0,39.8
1604482567,30.88888888888889,32.0,33.888888888888886,35.0,24.0,39.8
1604482568,31.0,32.0,34.0,35.0,24.0,39.8
1604482569,31.0,32.0,34.0,35.0,24.0,39.8
1604482570,31.0,32.0,34.0,35.0,24.0,39.8
1604482571,31.0,32.0,34.0,35.0,24.0,39.8
1604482572,31.0,32.0,34.0,35.0,23.9,39.8
1604482573,31.0,32.0,34.0,35.0,23.9,39.8
1604482574,31.0,32.0,35.0,35.0,23.9,39.8
1604482575,31.0,32.0,35.0,35.0,23.9,39.8
1604482576,30.0,32.0,35.0,35.0,23.9,39.8
1604482577,31.0,32.0,35.0,35.0,24.0,39.9
1604482578,30.0,32.0,35.0,34.0,24.0,39.9
1604482579,30.0,32.0,35.0,34.0,24.0,39.9
1604482580,30.0,32.0,35.0,34.0,24.0,39.9
1604482581,30.0,32.0,35.0,34.0,24.0,39.9
1604482582,30.0,32.0,35.0,34.0,23.9,39.9
1604482583,30.0,32.0,35.0,34.0,23.9,39.9
1604482584,30.0,32.0,35.0,34.0,23.9,39.9
1604482585,30.0,33.0,34.0,34.0,23.9,39.9
1604482586,30.0,33.0,34.0,34.0,23.9,39.9
1604482587,30.0,33.0,34.0,34.0,24.0,40.1
1604482588,30.0,33.0,33.0,34.0,24.0,40.1
1604482589,30.0,33.0,33.0,34.0,24.0,40.1
1604482590,30.0,33.0,33.0,34.0,24.0,40.1
1604482591,30.0,32.0,33.0,34.0,24.0,40.1
1604482592,31.0,32.0,33.0,34.0,23.9,40.1
1604482593,31.0,32.0,32.0,34.0,23.9,40.1
1604482594,31.0,31.0,32.0,34.0,23.9,40.1
1604482595,31.0,31.0,32.0,34.0,23.9,40.1
1604482596,31.0,31.0,33.0,34.0,23.9,40.1
1604482597,31.0,31.0,33.0,34.0,23.9,40.0
1604482598,31.0,31.0,33.0,34.0,23.9,40.0
1604482599,31.0,31.0,33.0,34.0,23.9,40.0
1604482600,31.0,31.0,33.0,34.0,23.9,40.0
1604482601,31.0,31.0,33.0,34.0,23.9,40.0
1604482602,31.0,31.0,34.0,34.0,24.0,40.1
1604482603,31.0,31.0,34.0,34.0,24.0,40.1
1604482604,31.0,32.0,34.0,34.0,24.0,40.1
1604482605,31.0,32.0,34.0,34.0,24.0,40.1
1604482606,31.0,32.0,34.0,34.0,24.0,40.1
1604482607,31.0,32.0,34.0,34.0,23.9,40.0
1604482608,30.0,32.0,34.0,34.0,23.9,40.0
1604482609,30.0,32.0,34.0,34.0,23.9,40.0
1604482610,31.0,32.0,34.0,34.0,23.9,40.0
1604482611,31.0,32.0,34.0,34.0,23.9,40.0
1604482612,31.0,32.0,34.0,34.0,24.0,40.0
1604482613,31.0,32.0,34.0,34.0,24.0,40.0
1604482614,31.0,32.0,34.0,35.0,24.0,40.0
1604482615,31.0,32.0,35.0,35.0,24.0,40.0
1604482616,31.0,32.0,35.0,35.0,24.0,40.0
1604482617,31.0,31.0,35.0,35.0,24.0,40.0
1604482618,31.0,31.0,36.0,35.0,24.0,40.0
1604482619,31.0,32.0,36.0,35.0,24.0,40.0
1604482620,31.0,32.0,35.0,35.0,24.0,40.0
1604482621,31.0,32.0,35.0,36.0,24.0,40.0
1604482622,31.0,32.0,35.0,35.0,23.9,40.1
1604482623,30.0,32.0,34.0,35.0,23.9,40.1
1604482624,31.0,32.0,34.0,35.0,23.9,40.1
1604482625,31.0,32.0,34.0,35.0,23.9,40.1
1604482626,31.0,32.0,34.0,35.0,23.9,40.1
1604482627,31.0,32.0,34.0,35.0,23.9,40.2
1604482628,31.0,32.0,34.0,35.0,23.9,40.2
1604482629,31.0,32.0,34.0,35.0,23.9,40.2
1604482630,31.0,33.0,33.0,35.0,23.9,40.2
1604482631,31.0,33.0,33.0,35.0,23.9,40.2
1604482632,31.0,32.0,33.0,35.0,23.9,40.2
1604482633,31.0,32.0,33.0,36.0,23.9,40.2
1604482634,31.0,32.0,33.0,36.0,23.9,40.2
1604482635,31.0,32.0,33.0,36.0,23.9,40.2
1604482636,31.0,32.0,33.0,36.0,23.9,40.2
1604482637,31.0,32.0,33.0,36.0,24.0,40.7
1604482638,31.0,32.0,34.0,37.0,24.0,40.7
1604482639,31.0,32.0,34.0,37.0,24.0,40.7
1604482640,31.0,31.0,34.0,37.0,24.0,40.7
1604482641,31.0,31.0,35.0,37.0,24.0,40.7
1604482642,31.0,31.0,35.0,36.0,24.0,40.9
1604482643,32.0,31.0,36.0,36.0,24.0,40.9
1604482644,32.0,31.0,36.0,36.0,24.0,40.9
1604482645,32.0,31.0,36.0,36.0,24.0,40.9
1604482646,32.0,31.0,36.0,35.0,24.0,40.9
1604482647,32.0,31.0,36.0,34.0,24.0,40.8
1604482648,32.0,30.0,36.0,34.0,24.0,40.8
1604482649,32.0,30.0,36.0,33.0,24.0,40.8
1604482650,32.0,30.0,36.0,33.0,24.0,40.8
1604482651,32.0,30.0,35.0,32.0,24.0,40.8
1604482652,32.0,30.0,35.0,32.0,24.0,40.9
1604482653,32.0,30.0,35.0,31.0,24.0,40.9
1604482654,32.0,30.0,35.0,31.0,24.0,40.9
1604482655,31.0,30.0,35.0,31.0,24.0,40.9
1604482656,31.0,30.0,35.0,31.0,24.0,40.9
1604482657,31.0,30.0,35.0,30.0,24.0,40.7
1604482658,31.0,30.0,35.0,30.0,24.0,40.7
1604482659,31.0,30.0,35.0,30.0,24.0,40.7
1604482660,31.0,30.0,35.0,30.0,24.0,40.7
1604482661,30.0,30.0,35.0,30.0,24.0,40.7
1604482662,30.0,31.0,35.0,30.0,24.0,41.2
1604482663,30.0,31.0,35.0,30.0,24.0,41.2
1604482664,30.0,31.0,35.0,30.0,24.0,41.2
1604482665,30.0,31.0,35.0,30.0,24.0,41.2
1604482666,30.0,31.0,35.0,30.0,24.0,41.2
1604482667,30.0,31.0,35.0,30.0,24.0,41.2
1604482668,31.0,32.0,35.0,30.0,24.0,41.2
1604482669,31.0,32.0,35.0,30.0,24.0,41.2
1604482670,31.0,31.0,36.0,31.0,24.0,41.2
1604482671,31.0,31.0,36.0,32.0,24.0,41.2
1604482672,31.0,31.0,36.0,32.0,24.0,41.2
1604482673,31.0,31.0,35.0,32.0,24.0,41.2
1604482674,31.0,31.0,35.0,32.0,24.0,41.2
1604482675,31.0,31.0,35.0,31.0,24.0,41.2
1604482676,31.0,31.0,35.0,31.0,24.0,41.2
1604482677,31.0,31.0,34.0,31.0,24.0,41.0
1604482678,31.0,32.0,34.0,31.0,24.0,41.0
1604482679,31.0,32.0,34.0,31.0,24.0,41.0
1604482680,31.0,32.0,34.0,31.0,24.0,41.0
1604482681,31.0,32.0,34.0,31.0,24.0,41.0
1604482682,31.0,33.0,33.0,31.0,24.0,40.9
1604482683,31.0,33.0,33.0,31.0,24.0,40.9
1604482684,31.0,33.0,33.0,31.0,24.0,40.9
1604482685,31.0,33.0,33.0,31.0,24.0,40.9
1604482686,31.0,34.0,33.0,31.0,24.0,40.9
1604482687,31.0,34.0,33.0,31.0,24.1,40.9
1604482688,31.0,34.0,33.0,31.0,24.1,40.9
1604482689,31.0,35.0,34.0,31.0,24.1,40.9
1604482690,31.0,35.0,34.0,31.0,24.1,40.9
1604482691,30.0,35.0,34.0,31.0,24.1,40.9
1604482692,30.0,35.0,34.0,30.0,24.0,40.7
1604482693,30.0,35.0,34.0,30.0,24.0,40.7
1604482694,30.0,35.0,34.0,30.0,24.0,40.7
1604482695,29.0,35.0,35.0,30.0,24.0,40.7
1604482696,29.0,35.0,35.0,30.0,24.0,40.7
1604482697,29.0,35.0,35.0,30.0,24.0,40.7
1604482698,29.0,34.0,35.0,30.0,24.0,40.7
1604482699,29.0,34.0,35.0,30.0,24.0,40.7
1604482700,28.0,34.0,35.0,30.0,24.0,40.7
1604482701,28.0,33.0,35.0,30.0,24.0,40.7
1604482702,28.0,33.0,35.0,30.0,24.0,40.4
1604482703,28.0,33.0,35.0,31.0,24.0,40.4
1604482704,28.0,32.0,35.0,31.0,24.0,40.4
1604482705,28.0,32.0,35.0,31.0,24.0,40.4
1604482706,28.0,32.0,35.0,31.0,24.0,40.4
1604482707,28.0,32.0,35.0,31.0,24.1,40.3
1604482708,28.0,32.0,35.0,31.0,24.1,40.3
1604482709,28.0,32.0,35.0,30.0,24.1,40.3
1604482710,29.0,32.0,35.0,30.0,24.1,40.3
1604482711,29.0,32.0,35.0,30.0,24.1,40.3
1604482712,29.0,32.0,35.0,30.0,24.1,40.2
1604482713,29.0,32.0,35.0,30.0,24.1,40.2
1604482714,29.0,32.0,36.0,29.0,24.1,40.2
1604482715,29.0,32.0,36.0,29.0,24.1,40.2
1604482716,29.0,32.0,35.0,29.0,24.1,40.2
1604482717,29.0,33.0,35.0,29.0,24.0,40.1
1604482718,29.0,33.0,35.0,29.0,24.0,40.1
1604482719,30.0,33.0,35.0,29.0,24.0,40.1
1604482720,30.0,34.0,35.0,29.0,24.0,40.1
1604482721,30.0,34.0,35.0,29.0,24.0,40.1
1604482722,30.0,34.0,34.0,29.0,24.0,40.1
1604482723,30.0,34.0,34.0,30.0,24.0,40.1
1604482724,31.0,34.0,34.0,30.0,24.0,40.1
1604482725,31.0,34.0,34.0,30.0,24.0,40.1
1604482726,31.0,34.0,34.0,30.0,24.0,40.1
1604482727,31.0,34.0,34.0,31.0,24.1,40.3
1604482728,31.0,34.0,34.0,31.0,24.1,40.3
1604482729,31.0,33.0,34.0,31.0,24.1,40.3
1604482730,31.0,33.0,34.0,31.0,24.1,40.3
1604482731,31.0,33.0,34.0,31.0,24.1,40.3
1604482732,31.0,33.0,34.0,31.0,24.0,40.6
1604482733,31.0,33.0,34.0,31.0,24.0,40.6
1604482734,31.0,33.0,34.0,31.0,24.0,40.6
1604482735,31.0,33.0,34.0,30.0,24.0,40.6
1604482736,30.0,34.0,34.0,30.0,24.0,40.6
1604482737,30.0,34.0,34.0,30.0,24.0,40.9
1604482738,30.0,34.0,34.0,30.0,24.0,40.9
1604482739,30.0,35.0,34.0,30.0,24.0,40.9
1604482740,30.0,35.0,34.0,30.0,24.0,40.9
1604482741,29.0,35.0,34.0,30.0,24.0,40.9
1604482742,29.0,35.0,34.0,30.0,24.1,40.9
1604482743,29.0,35.0,34.0,30.0,24.1,40.9
1604482744,29.0,35.0,34.0,30.0,24.1,40.9
1604482745,29.0,35.0,34.0,29.0,24.1,40.9
1604482746,29.0,34.0,34.0,29.0,24.1,40.9
1604482747,29.0,34.0,34.0,29.0,24.0,40.9
1604482748,29.0,34.0,34.0,29.0,24.0,40.9
1604482749,29.0,33.0,34.0,29.0,24.0,40.9
1604482750,29.0,33.0,34.0,29.0,24.0,40.9
1604482751,29.0,33.0,33.0,29.0,24.0,40.9
1604482752,29.0,33.0,33.0,29.0,24.1,41.1
1604482753,29.0,33.0,33.0,29.0,24.1,41.1
1604482754,29.0,33.0,33.0,29.0,24.1,41.1
1604482755,30.0,33.0,33.0,29.0,24.1,41.1
1604482756,30.0,33.0,34.0,29.0,24.1,41.1
1604482757,30.0,33.0,34.0,29.0,24.1,41.7
1604482758,30.0,33.0,34.0,28.0,24.1,41.7
1604482759,30.0,33.0,34.0,28.0,24.1,41.7
1604482760,30.0,33.0,35.0,28.0,24.1,41.7
1604482761,30.0,33.0,35.0,27.0,24.1,41.7
1604482762,30.0,33.0,35.0,27.0,24.1,41.9
1604482763,31.0,33.0,35.0,27.0,24.1,41.9
1604482764,31.0,33.0,35.0,27.0,24.1,41.9
1604482765,31.0,33.0,35.0,27.0,24.1,41.9
1604482766,31.0,33.0,35.0,27.0,24.1,41.9
1604482767,31.0,33.0,34.0,26.0,24.1,42.0
1604482768,31.0,32.0,35.0,26.0,24.1,42.0
1604482769,31.0,32.0,35.0,27.0,24.1,42.0
1604482770,30.0,32.0,35.0,27.0,24.1,42.0
1604482771,30.0,32.0,35.0,27.0,24.1,42.0
1604482772,30.0,32.0,35.0,27.0,24.1,42.1
1604482773,30.0,32.0,35.0,27.0,24.1,42.1
1604482774,30.0,32.0,35.0,28.0,24.1,42.1
1604482775,30.0,32.0,35.0,28.0,24.1,42.1
1604482776,30.0,32.0,35.0,28.0,24.1,42.1
1604482777,30.0,32.0,35.0,28.0,24.1,42.4
1604482778,30.11111111111111,32.0,35.0,28.0,24.1,42.4
1604482779,30.22222222222222,32.0,35.0,28.0,24.1,42.4
1604482780,30.33333333333333,32.0,35.0,28.0,24.1,42.4
1604482781,30.444444444444443,32.0,35.0,28.0,24.1,42.4
1604482782,30.55555555555556,32.0,35.0,28.0,24.1,42.4
1604482783,30.666666666666668,32.0,35.0,28.0,24.1,42.4
1604482784,30.77777777777778,32.0,35.0,28.0,24.1,42.4
1604482785,30.88888888888889,32.0,35.0,28.0,24.1,42.4
1604482786,31.0,32.0,35.0,28.0,24.1,42.4
1604482787,31.0,33.0,34.0,28.0,24.1,42.4
1604482788,31.0,33.0,34.0,27.0,24.1,42.4
1604482789,31.0,33.0,34.0,27.0,24.1,42.4
1604482790,31.0,33.0,33.0,27.0,24.2,42.6
1604482791,31.0,33.0,33.0,27.0,24.2,42.6
1604482792,30.0,34.0,33.0,27.0,24.2,42.6
1604482793,30.0,34.0,32.0,27.0,24.2,42.6
1604482794,30.0,34.0,32.0,27.0,24.2,42.6
1604482795,30.0,34.0,32.0,27.0,24.1,42.5
1604482796,30.0,33.0,32.0,27.0,24.1,42.5
1604482797,29.0,33.0,32.0,27.0,24.1,42.5
1604482798,29.0,33.0,32.0,27.0,24.1,42.5
1604482799,29.0,33.0,32.0,27.0,24.1,42.5
1604482800,29.0,33.0,32.0,27.0,24.1,42.5
1604482801,29.0,33.0,32.0,27.0,24.1,42.5
1604482802,30.0,33.0,32.0,27.0,24.1,42.5
1604482803,30.0,33.0,32.0,27.0,24.1,42.5
1604482804,30.0,33.0,32.0,27.0,24.1,42.5
1604482805,30.0,33.0,32.0,27.0,24.2,42.3
1604482806,30.0,33.0,32.0,27.0,24.2,42.3
1604482807,30.0,34.0,32.0,28.0,24.2,42.3
1604482808,30.0,34.0,33.0,28.0,24.2,42.3
1604482809,30.0,34.0,33.0,28.0,24.2,42.3
1604482810,30.0,34.0,33.0,27.0,24.2,42.3
1604482811,30.0,34.0,33.0,27.0,24.2,42.3
1604482812,30.0,34.0,33.0,27.0,24.2,42.3
1604482813,30.0,34.0,33.0,27.0,24.2,42.3
1604482814,29.0,34.0,33.0,27.0,24.2,42.3
1604482815,29.0,34.0,33.0,27.0,24.1,42.1
1604482816,29.0,34.0,33.0,27.0,24.1,42.1
1604482817,29.0,34.0,33.0,27.0,24.1,42.1
1604482818,28.0,34.0,33.0,28.0,24.1,42.1
1604482819,28.0,34.0,33.0,28.0,24.1,42.1
1604482820,28.0,34.0,33.0,28.0,24.1,42.1
1604482821,28.0,34.0,33.0,28.0,24.1,42.1
1604482822,28.0,34.0,33.0,28.0,24.1,42.1
1604482823,28.0,34.0,33.0,28.0,24.1,42.1
1604482824,28.0,34.0,33.0,29.0,24.1,42.1
1604482825,28.0,34.0,33.0,29.0,24.2,42.7
1604482826,28.0,34.0,33.0,29.0,24.2,42.7
1604482827,28.0,33.0,33.0,29.0,24.2,42.7
1604482828,28.0,33.0,33.0,29.0,24.2,42.7
1604482829,28.0,33.0,33.0,29.0,24.2,42.7
1604482830,29.0,33.0,33.0,29.0,24.1,42.6
1604482831,29.0,33.0,33.0,29.0,24.1,42.6
1604482832,29.0,33.0,33.0,29.0,24.1,42.6
1604482833,29.0,33.0,34.0,29.0,24.1,42.6
1604482834,29.0,33.0,34.0,29.0,24.1,42.6
1604482835,29.0,33.0,34.0,29.0,24.2,42.8
1604482836,29.0,33.0,34.0,29.0,24.2,42.8
1604482837,30.0,33.0,34.0,29.0,24.2,42.8
1604482838,30.0,33.0,35.0,29.0,24.2,42.8
1604482839,30.0,34.0,35.0,29.0,24.2,42.8
1604482840,30.0,34.0,35.0,29.0,24.3,42.7
1604482841,29.0,33.0,35.0,29.0,24.3,42.7
1604482842,29.0,33.0,35.0,29.0,24.3,42.7
1604482843,29.0,33.0,35.0,29.0,24.3,42.7
1604482844,29.0,33.0,35.0,29.0,24.3,42.7
1604482845,29.0,33.0,35.0,29.0,24.3,42.5
1604482846,29.0,33.0,35.0,29.0,24.3,42.5
1604482847,29.0,32.0,35.0,29.0,24.3,42.5
1604482848,29.0,32.0,35.0,29.0,24.3,42.5
1604482849,29.0,32.0,35.0,28.0,24.3,42.5
1604482850,29.0,32.0,35.0,28.0,24.2,42.2
1604482851,29.0,32.0,35.0,28.0,24.2,42.2
1604482852,29.0,32.0,35.0,28.0,24.2,42.2
1604482853,29.0,32.0,35.0,28.0,24.2,42.2
1604482854,29.0,32.0,35.0,28.0,24.2,42.2
1604482855,30.0,32.0,34.0,28.0,24.3,41.8
1604482856,30.0,32.0,34.0,28.0,24.3,41.8
1604482857,30.0,32.0,34.0,28.0,24.3,41.8
1604482858,30.0,32.0,33.0,28.0,24.3,41.8
1604482859,31.0,32.0,33.0,28.0,24.3,41.8
1604482860,31.0,33.0,32.0,28.0,24.3,41.9
1604482861,31.0,33.0,32.0,29.0,24.3,41.9
1604482862,30.0,33.0,31.0,29.0,24.3,41.9
1604482863,30.0,33.0,31.0,29.0,24.3,41.9
1604482864,30.0,33.0,30.0,29.0,24.3,41.9
1604482865,30.0,33.0,30.0,29.0,24.3,41.6
1604482866,30.0,33.0,30.0,29.0,24.3,41.6
1604482867,29.0,33.0,29.0,29.0,24.3,41.6
1604482868,29.0,33.0,29.0,28.0,24.3,41.6
1604482869,29.0,33.0,29.0,28.0,24.3,41.6
1604482870,29.0,33.0,29.0,28.0,24.3,41.4
1604482871,29.0,33.0,30.0,28.0,24.3,41.4
1604482872,29.0,33.0,30.0,28.0,24.3,41.4
1604482873,29.0,33.0,30.0,28.0,24.3,41.4
1604482874,29.0,33.0,31.0,28.0,24.3,41.4
1604482875,29.0,33.0,31.0,29.0,24.3,40.8
1604482876,28.0,33.0,32.0,29.0,24.3,40.8
1604482877,28.0,33.0,32.0,29.0,24.3,40.8
1604482878,28.0,33.0,32.0,29.0,24.3,40.8
1604482879,28.0,33.0,32.0,29.0,24.3,40.8
1604482880,28.0,33.0,32.0,29.0,24.3,40.8
1604482881,28.0,33.0,32.0,29.0,24.3,40.8
1604482882,28.0,33.0,32.0,29.0,24.3,40.8
1604482883,28.0,33.0,32.0,29.0,24.3,40.8
1604482884,28.0,32.0,32.0,28.0,24.3,40.8
1604482885,29.0,32.0,32.0,28.0,24.3,40.8
1604482886,29.0,32.0,31.0,28.0,24.3,40.8
1604482887,29.0,32.0,31.0,28.0,24.3,40.8
1604482888,29.0,32.0,31.0,27.0,24.3,40.8
1604482889,29.0,32.0,31.0,27.0,24.3,40.8
1604482890,30.0,32.0,29.0,27.0,24.3,41.4
1604482891,30.0,32.0,29.0,28.0,24.3,41.4
1604482892,30.0,32.0,29.0,28.0,24.3,41.4
1604482893,30.0,32.0,29.0,28.0,24.3,41.4
1604482894,30.0,32.0,29.0,28.0,24.3,41.4
1604482895,31.0,32.0,29.0,28.0,24.3,41.4
1604482896,31.0,32.0,29.0,29.0,24.3,41.4
1604482897,31.0,32.0,29.0,29.0,24.3,41.4
1604482898,31.0,32.0,29.0,29.0,24.3,41.4
1604482899,31.0,32.0,29.0,29.0,24.3,41.4
1604482900,31.0,32.0,28.0,29.0,24.3,41.4
1604482901,31.0,32.0,27.0,29.0,24.3,41.4
1604482902,30.0,33.0,27.0,29.0,24.3,41.4
1604482903,30.0,33.0,26.0,29.0,24.3,41.4
1604482904,30.0,33.0,26.0,29.0,24.3,41.4
1604482905,30.0,33.0,26.0,28.0,24.4,41.4
1604482906,29.0,33.0,26.0,28.0,24.4,41.4
1604482907,29.0,33.0,26.0,28.0,24.4,41.4
1604482908,29.0,33.0,26.0,28.0,24.4,41.4
1604482909,29.0,34.0,27.0,28.0,24.4,41.4
1604482910,29.0,34.0,27.0,28.0,24.4,41.3
1604482911,29.0,34.0,27.0,28.0,24.4,41.3
1604482912,29.0,34.0,28.0,28.0,24.4,41.3
1604482913,30.0,33.0,28.0,28.0,24.4,41.3
1604482914,30.0,33.0,29.0,29.0,24.4,41.3
1604482915,30.0,33.0,29.0,29.0,24.3,41.1
1604482916,30.0,33.0,30.0,29.0,24.3,41.1
1604482917,30.0,33.0,31.0,29.0,24.3,41.1
1604482918,30.0,33.0,31.0,29.0,24.3,41.1
1604482919,30.0,33.0,32.0,29.0,24.3,41.1
1604482920,30.0,33.0,32.0,29.0,24.4,41.2
1604482921,30.0,33.0,32.0,29.0,24.4,41.2
1604482922,30.0,33.0,32.0,29.0,24.4,41.2
1604482923,30.0,33.0,32.0,29.0,24.4,41.2
1604482924,30.0,33.0,31.0,29.0,24.4,41.2
1604482925,30.0,33.0,31.0,29.0,24.4,41.2
1604482926,30.0,33.0,31.0,29.0,24.4,41.2
1604482927,31.0,33.0,31.0,29.0,24.4,41.2
1604482928,31.0,33.0,30.0,28.0,24.4,41.2
1604482929,31.0,33.0,30.0,30.0,24.4,41.2
1604482930,31.0,33.0,30.0,29.0,24.4,41.1
1604482931,31.0,33.0,30.0,29.0,24.4,41.1
1604482932,31.0,33.0,30.0,29.0,24.4,41.1
1604482933,31.0,34.0,30.0,28.0,24.4,41.1
1604482934,31.0,34.0,29.0,28.0,24.4,41.1
1604482935,31.0,34.0,29.0,28.0,24.4,41.1
1604482936,30.0,34.0,29.0,27.0,24.4,41.1
1604482937,30.0,34.0,29.0,27.0,24.4,41.1
1604482938,30.0,34.0,30.0,27.0,24.4,41.1
1604482939,30.0,34.0,30.0,27.0,24.4,41.1
1604482940,30.0,35.0,30.0,27.0,24.4,41.2
1604482941,30.0,35.0,30.0,27.0,24.4,41.2
1604482942,30.0,35.0,30.0,27.0,24.4,41.2
1604482943,30.0,35.0,30.0,27.0,24.4,41.2
1604482944,31.0,35.0,30.0,27.0,24.4,41.2
1604482945,31.0,35.0,30.0,27.0,24.4,41.3
1604482946,31.0,35.0,30.0,27.0,24.4,41.3
1604482947,31.0,35.0,30.0,27.0,24.4,41.3
1604482948,31.0,35.0,30.0,27.0,24.4,41.3
1604482949,31.0,36.0,30.0,27.0,24.4,41.3
1604482950,31.0,36.0,30.0,27.0,24.4,41.3
1604482951,31.0,36.0,30.0,28.0,24.4,41.3
1604482952,31.0,36.0,30.0,28.0,24.4,41.3
1604482953,31.0,36.0,30.0,28.0,24.4,41.3
1604482954,31.0,36.0,30.0,28.0,24.4,41.3
1604482955,31.0,35.0,30.0,28.0,24.4,41.4
1604482956,31.0,35.0,30.0,28.0,24.4,41.4
1604482957,32.0,35.0,30.0,28.0,24.4,41.4
1604482958,32.0,35.0,29.0,28.0,24.4,41.4
1604482959,32.0,34.0,29.0,28.0,24.4,41.4
1604482960,32.0,34.0,29.0,28.0,24.4,41.4
1604482961,31.0,34.0,29.0,28.0,24.4,41.4
1604482962,31.0,33.0,29.0,28.0,24.4,41.4
1604482963,31.0,33.0,29.0,28.0,24.4,41.4
1604482964,31.0,33.0,29.0,28.0,24.4,41.4
1604482965,31.0,33.0,28.0,27.0,24.4,41.5
1604482966,31.0,33.0,28.0,27.0,24.4,41.5
1604482967,30.0,32.0,28.0,27.0,24.4,41.5
1604482968,30.0,32.0,28.0,27.0,24.4,41.5
1604482969,30.0,32.0,28.0,27.0,24.4,41.5
1604482970,29.0,32.0,28.0,27.0,24.4,41.4
1604482971,29.0,32.0,28.0,27.0,24.4,41.4
1604482972,29.0,33.0,27.0,27.0,24.4,41.4
1604482973,28.0,33.0,27.0,27.0,24.4,41.4
1604482974,28.0,33.0,27.0,27.0,24.4,41.4
1604482975,28.0,33.0,27.0,27.0,24.4,41.3
1604482976,27.0,33.0,27.0,27.0,24.4,41.3
1604482977,27.0,33.0,27.0,27.0,24.4,41.3
1604482978,27.0,33.0,27.0,26.0,24.4,41.3
1604482979,26.0,34.0,27.0,27.0,24.4,41.3
1604482980,26.0,34.0,27.0,27.0,24.4,41.2
1604482981,25.0,34.0,27.0,27.0,24.4,41.2
1604482982,25.0,34.0,27.0,27.0,24.4,41.2
1604482983,25.0,34.0,27.0,27.0,24.4,41.2
1604482984,24.0,34.0,27.0,27.0,24.4,41.2
1604482985,24.0,34.0,26.0,27.0,24.4,41.2
1604482986,23.0,35.0,26.0,27.0,24.4,41.2
1604482987,23.0,35.0,26.0,28.0,24.4,41.2
1604482988,23.0,34.0,26.0,28.0,24.4,41.2
1604482989,23.0,34.0,26.0,28.0,24.4,41.2
1604482990,23.0,34.0,26.0,28.0,24.4,41.1
1604482991,23.0,34.0,26.0,29.0,24.4,41.1
1604482992,23.0,34.0,26.0,29.0,24.4,41.1
1604482993,23.0,33.0,26.0,29.0,24.4,41.1
1604482994,23.33333333333333,33.0,26.0,29.0,24.4,41.1
1604482995,23.666666666666668,33.0,26.0,29.0,24.4,41.1
1604482996,24.0,33.0,26.0,29.0,24.4,41.1
1604482997,24.33333333333333,33.0,26.0,29.0,24.4,41.1
1604482998,24.666666666666668,33.0,26.0,29.0,24.4,41.1
1604482999,25.0,33.0,26.0,29.0,24.4,41.1
1604483000,25.33333333333333,33.0,26.0,29.0,24.4,41.1
1604483001,25.666666666666668,33.0,26.0,29.0,24.4,41.1
1604483002,26.0,33.0,26.0,29.0,24.4,41.1
1604483003,26.0,33.0,27.0,29.0,24.4,41.1
1604483004,26.0,33.0,27.0,29.0,24.4,41.1
1604483005,26.0,33.0,27.0,29.0,24.4,41.1
1604483006,25.0,33.0,27.0,29.0,24.4,41.1
1604483007,25.0,33.0,27.0,29.0,24.4,41.1
1604483008,25.0,33.0,27.0,28.0,24.5,40.9
1604483009,25.0,32.0,27.0,28.0,24.5,40.9
1604483010,25.0,32.0,27.0,28.0,24.5,40.9
1604483011,25.0,32.0,27.0,28.0,24.5,40.9
1604483012,25.0,31.0,27.0,28.0,24.5,40.9
1604483013,24.0,31.0,27.0,27.0,24.4,40.7
1604483014,24.0,31.0,27.0,27.0,24.4,40.7
1604483015,24.0,31.0,27.0,27.0,24.4,40.7
1604483016,24.0,30.0,26.0,27.0,24.4,40.7
1604483017,25.0,30.0,26.0,27.0,24.4,40.7
1604483018,25.0,30.0,26.0,27.0,24.4,40.5
1604483019,25.0,31.0,26.0,27.0,24.4,40.5
1604483020,25.0,31.0,26.0,27.0,24.4,40.5
1604483021,25.0,31.0,27.0,28.0,24.4,40.5
1604483022,25.0,31.0,27.0,28.0,24.4,40.5
1604483023,25.0,31.0,27.0,28.0,24.4,40.3
1604483024,25.0,31.0,27.0,28.0,24.4,40.3
1604483025,25.0,32.0,27.0,28.0,24.4,40.3
1604483026,25.0,32.0,27.0,27.0,24.4,40.3
1604483027,25.0,32.0,27.0,27.0,24.4,40.3
1604483028,25.0,32.0,27.0,28.0,24.5,40.2
1604483029,25.0,32.0,27.0,28.0,24.5,40.2
1604483030,25.0,32.0,27.0,28.0,24.5,40.2
1604483031,24.0,33.0,27.0,27.0,24.5,40.2
1604483032,24.0,33.0,27.0,27.0,24.5,40.2
1604483033,24.0,33.0,27.0,27.0,24.4,40.1
1604483034,24.0,33.0,27.0,27.0,24.4,40.1
1604483035,24.0,33.0,27.0,27.0,24.4,40.1
1604483036,24.0,33.0,27.0,27.0,24.4,40.1
1604483037,24.0,33.0,28.0,27.0,24.4,40.1
1604483038,24.0,33.0,28.0,27.0,24.5,40.0
1604483039,24.0,33.0,28.0,26.0,24.5,40.0
1604483040,24.0,33.0,28.0,26.0,24.5,40.0
1604483041,24.0,33.0,28.0,26.0,24.5,40.0
1604483042,24.0,33.0,28.0,26.0,24.5,40.0
1604483043,24.0,33.0,28.0,26.0,24.4,39.8
1604483044,24.0,33.0,28.0,26.0,24.4,39.8
1604483045,24.0,33.0,28.0,25.0,24.4,39.8
1604483046,24.0,33.0,27.0,25.0,24.4,39.8
1604483047,24.0,34.0,27.0,25.0,24.4,39.8
1604483048,24.0,34.0,27.0,25.0,24.4,39.4
1604483049,24.0,34.0,27.0,25.0,24.4,39.4
1604483050,24.0,34.0,27.0,25.0,24.4,39.4
1604483051,24.0,34.0,26.0,25.0,24.4,39.4
1604483052,24.0,34.0,26.0,25.0,24.4,39.4
1604483053,24.0,34.0,26.0,26.0,24.4,39.4
1604483054,24.0,33.0,26.0,26.0,24.4,39.4
1604483055,24.0,33.0,27.0,26.0,24.4,39.4
1604483056,24.0,33.0,27.0,26.0,24.4,39.4
1604483057,25.0,32.0,27.0,26.0,24.4,39.4
1604483058,25.0,32.0,27.0,26.0,24.4,39.1
1604483059,25.0,32.0,28.0,26.0,24.4,39.1
1604483060,25.0,31.0,29.0,26.0,24.4,39.1
1604483061,24.0,31.0,29.0,26.0,24.4,39.1
1604483062,24.0,31.0,29.0,26.0,24.4,39.1
1604483063,24.0,31.0,29.0,26.0,24.4,39.9
1604483064,24.0,31.0,30.0,26.0,24.4,39.9
1604483065,24.0,31.0,30.0,26.0,24.4,39.9
1604483066,24.0,31.0,30.0,26.0,24.4,39.9
1604483067,24.0,31.0,30.0,26.0,24.4,39.9
1604483068,24.0,31.0,30.0,26.0,24.4,40.0
1604483069,23.0,31.0,30.0,26.0,24.4,40.0
1604483070,23.0,32.0,30.0,26.0,24.4,40.0
1604483071,23.0,32.0,29.0,27.0,24.4,40.0
1604483072,23.0,32.0,29.0,27.0,24.4,40.0
1604483073,23.0,32.0,29.0,27.0,24.4,39.6
1604483074,23.0,32.0,29.0,27.0,24.4,39.6
1604483075,23.0,32.0,29.0,28.0,24.4,39.6
1604483076,23.0,32.0,29.0,28.0,24.4,39.6
1604483077,23.0,32.0,29.0,28.0,24.4,39.6
1604483078,23.0,32.0,29.0,28.0,24.3,39.3
1604483079,23.0,33.0,29.0,28.0,24.3,39.3
1604483080,23.0,33.0,29.0,28.0,24.3,39.3
1604483081,23.0,33.0,29.0,28.0,24.3,39.3
1604483082,23.0,33.0,29.0,28.0,24.3,39.3
1604483083,22.0,33.0,29.0,28.0,24.3,39.3
1604483084,22.0,33.0,29.0,28.0,24.3,39.3
1604483085,22.0,33.0,29.0,28.0,24.3,39.3
1604483086,22.0,33.0,28.0,28.0,24.3,39.3
1604483087,22.0,33.0,28.0,28.0,24.3,39.3
1604483088,22.0,33.0,28.0,28.0,24.3,39.3
1604483089,22.0,33.0,28.0,27.0,24.3,39.3
1604483090,22.0,32.0,28.0,27.0,24.3,39.3
1604483091,22.0,32.0,28.0,27.0,24.3,39.3
1604483092,22.0,32.0,28.0,27.0,24.3,39.3
1604483093,22.0,32.0,28.0,27.0,24.3,39.9
1604483094,22.0,32.0,27.0,27.0,24.3,39.9
1604483095,22.0,32.0,27.0,27.0,24.3,39.9
1604483096,22.0,32.0,27.0,27.0,24.3,39.9
1604483097,22.0,32.0,26.0,27.0,24.3,39.9
1604483098,22.0,32.0,26.0,27.0,24.3,40.1
1604483099,23.0,33.0,26.0,27.0,24.3,40.1
1604483100,23.0,33.0,26.0,28.0,24.3,40.1
1604483101,24.0,33.0,26.0,28.0,24.3,40.1
1604483102,24.0,33.0,26.0,28.0,24.3,40.1
1604483103,24.0,33.0,27.0,28.0,24.6,39.6
1604483104,24.0,34.0,27.0,28.0,24.6,39.6
1604483105,24.0,34.0,27.0,28.0,24.6,39.6
1604483106,24.0,34.0,27.0,28.0,24.6,39.6
1604483107,24.0,34.0,27.0,28.0,24.6,39.6
1604483108,24.0,34.0,27.0,28.0,24.6,39.6
1604483109,24.0,34.0,27.0,28.0,24.6,39.6
1604483110,24.0,34.0,27.0,28.0,24.6,39.6
1604483111,24.0,34.0,27.0,28.0,24.6,39.6
1604483112,24.0,34.0,27.0,28.0,24.6,39.6
1604483113,24.0,34.0,27.0,28.0,24.6,39.5
1604483114,24.0,34.0,27.0,28.0,24.6,39.5
1604483115,23.0,34.0,27.0,28.0,24.6,39.5
1604483116,23.0,34.0,27.0,28.0,24.6,39.5
1604483117,23.0,33.0,27.0,28.0,24.6,39.5
1604483118,23.0,33.0,27.0,28.0,24.6,39.5
1604483119,23.0,33.0,27.0,28.0,24.6,39.5
1604483120,23.0,33.0,27.0,28.0,24.6,39.5
1604483121,23.0,33.0,28.0,28.0,24.6,39.5
1604483122,22.0,33.0,28.0,28.0,24.6,39.5
1604483123,22.0,33.0,28.0,28.0,24.6,39.6
1604483124,22.0,33.0,28.0,28.0,24.6,39.6
1604483125,22.0,34.0,28.0,28.0,24.6,39.6
1604483126,22.0,34.0,28.0,28.0,24.6,39.6
1604483127,22.0,34.0,28.0,28.0,24.6,39.6
1604483128,22.0,34.0,28.0,28.0,24.5,39.8
1604483129,22.0,34.0,29.0,28.0,24.5,39.8
1604483130,22.0,34.0,29.0,28.0,24.5,39.8
1604483131,22.0,34.0,29.0,27.0,24.5,39.8
1604483132,23.0,34.0,29.0,27.0,24.5,39.8
1604483133,23.0,34.0,29.0,27.0,24.6,39.8
1604483134,23.0,34.0,29.0,27.0,24.6,39.8
1604483135,23.0,34.0,29.0,27.0,24.6,39.8
1604483136,23.0,34.0,28.0,27.0,24.6,39.8
1604483137,23.0,34.0,28.0,26.0,24.6,39.8
1604483138,23.0,34.0,28.0,26.0,24.6,39.8
1604483139,23.0,34.0,28.0,26.0,24.6,39.8
1604483140,23.0,33.0,28.0,26.0,24.6,39.8
1604483141,23.0,33.0,28.0,26.0,24.6,39.8
1604483142,23.0,33.0,28.0,25.0,24.6,39.8
1604483143,23.0,33.0,28.0,25.0,24.7,39.7
1604483144,23.0,33.0,29.0,25.0,24.7,39.7
1604483145,23.0,33.0,29.0,25.0,24.7,39.7
1604483146,23.0,33.0,29.0,25.0,24.7,39.7
1604483147,23.0,33.0,29.0,25.0,24.7,39.7
1604483148,23.0,33.0,29.0,25.0,24.6,39.4
1604483149,23.0,33.0,29.0,25.0,24.6,39.4
1604483150,23.0,33.0,29.0,25.0,24.6,39.4
1604483151,23.0,33.0,29.0,25.0,24.6,39.4
1604483152,23.0,33.0,29.0,25.0,24.6,39.4
1604483153,23.0,33.0,29.0,26.0,24.6,39.1
1604483154,23.0,33.0,29.0,26.0,24.6,39.1
1604483155,23.0,33.0,29.0,26.0,24.6,39.1
1604483156,23.0,33.0,29.0,26.0,24.6,39.1
1604483157,23.0,34.0,29.0,27.0,24.6,39.1
1604483158,23.0,33.0,28.0,27.0,24.6,38.9
1604483159,23.0,33.0,28.0,27.0,24.6,38.9
1604483160,23.0,33.0,28.0,27.0,24.6,38.9
1604483161,23.0,33.0,28.0,27.0,24.6,38.9
1604483162,23.0,33.0,27.0,27.0,24.6,38.9
1604483163,23.0,33.0,27.0,27.0,24.6,38.8
1604483164,23.0,34.0,27.0,27.0,24.6,38.8
1604483165,24.0,34.0,27.0,27.0,24.6,38.8
1604483166,24.0,34.0,27.0,26.0,24.6,38.8
1604483167,24.0,33.0,27.0,26.0,24.6,38.8
1604483168,24.0,34.0,27.0,26.0,24.6,38.8
1604483169,25.0,34.0,27.0,25.0,24.6,38.8
1604483170,25.0,33.0,27.0,25.0,24.6,38.8
1604483171,25.0,34.0,27.0,25.0,24.6,38.8
1604483172,25.0,33.0,27.0,25.0,24.6,38.8
1604483173,25.0,33.0,27.0,25.0,24.5,38.5
1604483174,25.0,33.0,27.0,25.0,24.5,38.5
1604483175,25.0,33.0,27.0,25.0,24.5,38.5
1604483176,24.0,33.0,26.0,25.0,24.5,38.5
1604483177,24.0,33.0,26.0,25.0,24.5,38.5
1604483178,24.0,33.0,26.0,25.0,24.5,38.4
1604483179,24.0,33.0,26.0,25.0,24.5,38.4
1604483180,24.0,33.0,26.0,26.0,24.5,38.4
1604483181,23.0,34.0,26.0,26.0,24.5,38.4
1604483182,23.0,34.0,26.0,26.0,24.5,38.4
1604483183,23.0,34.0,26.0,26.0,24.5,38.4
1604483184,23.0,34.0,26.0,26.0,24.5,38.4
1604483185,23.0,34.0,26.0,28.0,24.5,38.4
1604483186,23.0,34.0,26.0,27.0,24.5,38.4
1604483187,23.0,34.0,26.0,27.0,24.5,38.4
1604483188,23.0,34.0,26.0,27.0,24.5,38.4
1604483189,23.0,34.0,26.0,27.0,24.5,38.5
1604483190,24.0,35.0,26.0,27.0,24.5,38.5
1604483191,24.0,35.0,26.0,26.0,24.5,38.5
1604483192,24.0,35.0,25.0,26.0,24.5,38.5
1604483193,24.0,35.0,25.0,26.0,24.5,38.5
1604483194,24.0,34.0,25.0,26.0,24.5,38.6
1604483195,24.0,35.0,25.0,26.0,24.5,38.6
1604483196,24.0,35.0,25.0,26.0,24.5,38.6
1604483197,24.0,34.0,25.0,26.0,24.5,38.6
1604483198,24.0,34.0,25.0,26.0,24.5,38.6
1604483199,24.0,34.0,25.0,26.0,24.5,39.2
1604483200,24.0,34.0,25.0,26.0,24.5,39.2
1604483201,24.0,33.0,25.0,26.0,24.5,39.2
1604483202,24.0,33.0,25.0,26.0,24.5,39.2
1604483203,24.0,33.0,25.0,26.0,24.5,39.2
1604483204,24.0,33.0,25.0,26.0,24.5,39.2
1604483205,24.0,33.0,25.0,26.0,24.5,39.2
1604483206,24.0,33.0,25.0,26.0,24.5,39.2
1604483207,24.0,33.0,25.0,26.0,24.5,39.2
1604483208,24.0,33.0,25.0,26.0,24.5,39.2
1604483209,24.0,32.0,25.0,26.0,24.5,39.3
1604483210,24.0,32.0,25.0,26.0,24.5,39.3
1604483211,24.0,32.0,25.0,26.0,24.5,39.3
1604483212,24.0,32.0,25.0,26.0,24.5,39.3
1604483213,24.0,32.0,25.0,26.0,24.5,39.3
1604483214,24.0,32.0,25.0,26.0,24.5,39.36666666666667
1604483215,24.0,32.0,25.0,26.0,24.5,39.43333333333333
1604483216,24.0,32.0,25.0,26.0,24.5,39.5
1604483217,24.0,32.0,25.0,26.0,24.5,39.56666666666666
1604483218,24.0,32.0,25.0,26.0,24.5,39.63333333333333
1604483219,24.0,32.0,25.0,26.0,24.5,39.7
1604483220,24.0,32.0,25.0,26.0,24.5,39.766666666666666
1604483221,24.0,32.0,25.0,26.0,24.5,39.83333333333333
1604483222,24.0,32.0,25.0,26.0,24.5,39.9
1604483223,24.0,32.0,25.0,26.0,24.5,39.9
1604483224,24.0,33.0,25.0,26.0,24.5,39.9
1604483225,24.0,33.0,25.0,27.0,24.5,39.9
1604483226,24.0,33.0,26.0,26.0,24.5,39.9
1604483227,24.0,33.0,26.0,26.0,24.5,40.0
1604483228,25.0,33.0,26.0,26.0,24.5,40.0
1604483229,25.0,34.0,26.0,26.0,24.5,40.0
1604483230,25.0,34.0,27.0,26.0,24.5,40.0
1604483231,25.0,34.0,27.0,26.0,24.5,40.0
1604483232,25.0,34.0,27.0,26.0,24.5,40.1
1604483233,25.0,33.0,27.0,25.0,24.5,40.1
1604483234,25.0,33.0,27.0,25.0,24.5,40.1
1604483235,25.0,33.0,27.0,25.0,24.5,40.1
1604483236,25.0,33.0,27.0,25.0,24.5,40.1
1604483237,25.0,33.0,27.0,25.0,24.5,40.1
1604483238,25.0,32.0,26.0,24.0,24.5,40.1
1604483239,24.0,32.0,26.0,24.0,24.5,40.1
1604483240,24.0,32.0,26.0,24.0,24.5,40.1
1604483241,24.0,33.0,26.0,24.0,24.5,40.1
1604483242,24.0,33.0,26.0,25.0,24.5,40.1
1604483243,24.0,33.0,26.0,25.0,24.5,40.1
1604483244,24.0,33.0,26.0,25.0,24.5,40.1
1604483245,24.0,33.0,25.0,25.0,24.5,40.1
1604483246,24.0,33.0,26.0,25.0,24.5,40.1
1604483247,24.0,33.0,26.0,25.0,24.5,40.1
1604483248,24.0,34.0,26.0,25.0,24.5,40.1
1604483249,25.0,33.0,26.0,26.0,24.5,40.1
1604483250,25.0,33.0,26.0,26.0,24.5,40.1
1604483251,25.0,33.0,26.0,25.0,24.5,40.1
1604483252,25.0,33.0,26.0,25.0,24.5,40.2
1604483253,25.0,33.0,26.0,25.0,24.5,40.2
1604483254,25.0,33.0,26.0,25.0,24.5,40.2
1604483255,25.0,34.0,26.0,25.0,24.5,40.2
1604483256,25.0,34.0,27.0,24.0,24.5,40.2
1604483257,25.0,34.0,27.0,24.0,24.5,40.3
1604483258,25.0,34.0,27.0,24.0,24.5,40.3
1604483259,25.0,34.0,27.0,24.0,24.5,40.3
1604483260,25.0,35.0,27.0,23.0,24.5,40.3
1604483261,24.0,35.0,27.0,23.0,24.5,40.3
1604483262,24.0,35.0,28.0,23.0,24.5,40.3
1604483263,24.0,35.0,28.0,23.0,24.5,40.3
1604483264,24.0,35.0,28.0,22.0,24.5,40.3
1604483265,24.0,35.0,27.0,22.0,24.5,40.3
1604483266,24.0,35.0,27.0,22.0,24.5,40.3
1604483267,24.0,35.0,26.0,22.0,24.5,40.2
1604483268,24.0,35.0,26.0,22.0,24.5,40.2
1604483269,24.0,34.0,26.0,22.0,24.5,40.2
1604483270,23.0,34.0,25.0,22.0,24.5,40.2
1604483271,23.0,33.0,25.0,22.0,24.5,40.2
1604483272,23.0,33.0,25.0,22.0,24.5,40.1
1604483273,23.0,33.0,25.0,22.0,24.5,40.1
1604483274,23.0,33.0,25.0,22.0,24.5,40.1
1604483275,23.0,33.0,25.0,22.0,24.5,40.1
1604483276,23.0,32.0,25.0,22.0,24.5,40.1
1604483277,23.0,32.0,25.0,22.0,24.5,40.2
1604483278,23.0,32.0,25.0,22.0,24.5,40.2
1604483279,23.0,32.0,25.0,22.0,24.5,40.2
1604483280,23.0,32.0,25.0,22.0,24.5,40.2
1604483281,23.0,32.0,25.0,22.0,24.5,40.2
1604483282,23.0,32.0,25.0,22.0,24.6,40.6
1604483283,23.0,32.0,25.0,22.0,24.6,40.6
1604483284,23.0,33.0,25.0,22.0,24.6,40.6
1604483285,23.0,33.0,25.0,22.0,24.6,40.6
1604483286,23.0,33.0,25.0,22.0,24.6,40.6
1604483287,23.0,33.0,25.0,21.0,24.6,41.2
1604483288,23.0,33.0,25.0,21.0,24.6,41.2
1604483289,23.0,33.0,25.0,22.0,24.6,41.2
1604483290,23.0,34.0,26.0,22.0,24.6,41.2
1604483291,23.0,34.0,26.0,22.0,24.6,41.2
1604483292,23.0,34.0,26.0,22.0,24.6,41.2
1604483293,23.0,34.0,26.0,22.0,24.6,41.2
1604483294,23.0,34.0,26.0,22.0,24.6,41.2
1604483295,22.0,34.0,26.0,23.0,24.6,41.2
1604483296,22.0,34.0,27.0,23.0,24.6,41.2
1604483297,22.0,34.0,27.0,23.0,24.6,41.1
1604483298,22.0,34.0,27.0,23.0,24.6,41.1
1604483299,22.0,35.0,27.0,23.0,24.6,41.1
1604483300,22.0,35.0,27.0,23.0,24.6,41.1
1604483301,22.0,35.0,27.0,23.0,24.6,41.1
1604483302,22.0,35.0,27.0,23.0,24.6,40.9
1604483303,22.0,35.0,27.0,23.0,24.6,40.9
1604483304,22.0,35.0,27.0,23.0,24.6,40.9
1604483305,22.0,35.0,27.0,23.0,24.6,40.9
1604483306,22.0,33.0,27.0,23.0,24.6,40.9
1604483307,22.0,33.0,27.0,23.0,24.6,40.4
1604483308,22.0,33.0,27.0,23.0,24.6,40.4
1604483309,22.0,33.0,27.0,23.0,24.6,40.4
1604483310,21.0,33.0,28.0,22.0,24.6,40.4
1604483311,21.0,33.0,28.0,22.0,24.6,40.4
1604483312,21.0,33.0,28.0,22.0,24.6,40.4
1604483313,21.0,33.0,28.0,22.0,24.6,40.4
1604483314,21.0,33.0,28.0,22.0,24.6,40.4
1604483315,21.0,33.0,28.0,22.0,24.6,40.4
1604483316,21.0,33.0,28.0,21.0,24.6,40.4
1604483317,22.0,33.0,28.0,21.0,24.6,40.4
1604483318,22.0,33.0,27.0,21.0,24.6,40.4
1604483319,22.0,33.0,27.0,21.0,24.6,40.4
1604483320,22.0,33.0,27.0,21.0,24.6,40.4
1604483321,22.0,33.0,26.0,21.0,24.6,40.4
1604483322,22.0,33.0,26.0,21.0,24.6,40.4
1604483323,22.0,33.0,26.0,22.0,24.6,40.4
1604483324,22.0,33.0,25.0,22.0,24.6,40.4
1604483325,22.0,34.0,25.0,22.0,24.6,40.4
1604483326,22.0,34.0,25.0,22.0,24.6,40.4
1604483327,22.0,34.0,25.0,22.0,24.6,40.7
1604483328,22.0,35.0,25.0,22.0,24.6,40.7
1604483329,22.0,35.0,25.0,22.0,24.6,40.7
1604483330,22.0,35.0,25.0,22.0,24.6,40.7
1604483331,22.0,35.0,25.0,22.0,24.6,40.7
1604483332,22.0,36.0,25.0,22.0,24.7,40.9
1604483333,22.0,36.0,25.0,22.0,24.7,40.9
1604483334,22.0,36.0,26.0,22.0,24.7,40.9
1604483335,22.0,36.0,26.0,22.0,24.7,40.9
1604483336,22.0,36.0,26.0,22.0,24.7,40.9
1604483337,22.0,36.0,26.0,22.0,24.7,41.0
1604483338,22.0,35.0,26.0,22.0,24.7,41.0
1604483339,22.0,35.0,26.0,22.0,24.7,41.0
1604483340,23.0,35.0,26.0,22.0,24.7,41.0
1604483341,23.0,35.0,26.0,22.0,24.7,41.0
1604483342,23.0,35.0,25.0,22.0,24.7,40.9
1604483343,23.0,35.0,25.0,21.0,24.7,40.9
1604483344,23.0,35.0,25.0,21.0,24.7,40.9
1604483345,23.0,35.0,24.0,21.0,24.7,40.9
1604483346,23.0,34.0,24.0,21.0,24.7,40.9
1604483347,23.0,34.0,24.0,21.0,24.7,40.8
1604483348,23.0,35.0,24.0,21.0,24.7,40.8
1604483349,23.0,35.0,24.0,22.0,24.7,40.8
1604483350,23.0,35.0,24.0,22.0,24.7,40.8
1604483351,23.0,35.0,24.0,22.0,24.7,40.8
1604483352,24.0,35.0,24.0,22.0,24.7,40.8
1604483353,24.0,35.0,24.0,23.0,24.7,40.8
1604483354,24.0,35.0,24.0,23.0,24.7,40.8
1604483355,24.0,35.0,24.0,23.0,24.7,40.8
1604483356,24.0,35.0,25.0,23.0,24.7,40.8
1604483357,24.0,35.0,25.0,23.0,24.7,40.8
1604483358,24.0,35.0,25.0,23.0,24.7,40.8
1604483359,24.0,35.0,26.0,23.0,24.7,40.8
1604483360,23.0,35.0,26.0,23.0,24.7,40.8
1604483361,23.0,35.0,26.0,23.0,24.7,40.8
1604483362,23.0,34.0,27.0,23.0,24.7,40.6
1604483363,23.0,34.0,27.0,23.0,24.7,40.6
1604483364,23.0,34.0,27.0,22.0,24.7,40.6
1604483365,22.0,34.0,27.0,22.0,24.7,40.6
1604483366,22.0,34.0,27.0,22.0,24.7,40.6
1604483367,22.0,34.0,27.0,22.0,24.7,40.6
1604483368,22.0,33.0,27.0,22.0,24.7,40.6
1604483369,22.0,33.0,26.0,22.0,24.7,40.6
1604483370,22.0,33.0,26.0,22.0,24.7,40.6
1604483371,22.0,33.0,26.0,23.0,24.7,40.6
1604483372,22.0,34.0,26.0,23.0,24.7,40.7
1604483373,22.0,34.0,26.0,23.0,24.7,40.7
1604483374,22.0,34.0,26.0,23.0,24.7,40.7
1604483375,23.0,34.0,26.0,23.0,24.7,40.7
1604483376,23.0,33.0,26.0,23.0,24.7,40.7
1604483377,23.0,33.0,26.0,23.0,24.7,40.7
1604483378,23.0,33.0,26.0,23.0,24.7,40.7
1604483379,23.0,33.0,26.0,23.0,24.7,40.7
1604483380,23.0,33.0,25.0,23.0,24.7,40.7
1604483381,23.0,33.0,25.0,23.0,24.7,40.7
1604483382,23.0,33.0,25.0,23.0,24.7,40.6
1604483383,23.0,33.0,25.0,23.0,24.7,40.6
1604483384,23.0,33.0,25.0,23.0,24.7,40.6
1604483385,23.0,33.0,25.0,23.0,24.7,40.6
1604483386,23.0,33.0,25.0,23.0,24.7,40.6
1604483387,23.0,34.0,25.0,23.0,24.7,40.7
1604483388,23.0,34.0,25.0,22.0,24.7,40.7
1604483389,23.0,34.0,25.0,22.0,24.7,40.7
1604483390,23.0,34.0,25.0,22.0,24.7,40.7
1604483391,22.0,34.0,25.0,22.0,24.7,40.7
1604483392,22.0,34.0,25.0,22.0,24.7,40.7
1604483393,22.0,34.0,25.0,22.0,24.7,40.7
1604483394,22.0,34.0,25.0,22.0,24.7,40.7
1604483395,22.0,34.0,25.0,21.0,24.7,40.7
1604483396,22.0,34.0,25.0,21.0,24.7,40.7
1604483397,22.0,33.0,25.0,21.0,24.8,40.7
1604483398,21.0,33.0,25.0,21.0,24.8,40.7
1604483399,21.0,33.0,25.0,21.0,24.8,40.7
1604483400,21.0,33.0,25.0,21.0,24.8,40.7
1604483401,21.0,33.0,25.0,21.0,24.8,40.7
1604483402,21.0,33.0,25.0,21.0,24.8,40.7
1604483403,21.0,33.0,25.0,21.0,24.8,40.7
1604483404,21.0,33.0,25.0,21.0,24.8,40.7
1604483405,21.0,34.0,25.0,21.0,24.8,40.7
1604483406,21.0,34.0,25.0,21.0,24.8,40.7
1604483407,22.0,34.0,25.0,21.0,24.7,40.8
1604483408,22.0,34.0,25.0,21.0,24.7,40.8
1604483409,22.0,34.0,25.0,21.0,24.7,40.8
1604483410,22.0,34.0,24.0,21.0,24.7,40.8
1604483411,22.0,34.0,24.0,21.0,24.7,40.8
1604483412,22.0,34.0,24.0,21.0,24.7,40.7
1604483413,22.0,34.0,24.0,21.0,24.7,40.7
1604483414,22.0,34.0,24.0,22.0,24.7,40.7
1604483415,22.0,34.0,24.0,22.0,24.7,40.7
1604483416,22.0,34.0,24.0,22.0,24.7,40.7
1604483417,23.0,34.0,24.0,22.0,24.7,41.0
1604483418,23.0,34.0,24.0,22.0,24.7,41.0
1604483419,23.0,34.0,24.0,23.0,24.7,41.0
1604483420,23.0,34.0,24.0,23.0,24.7,41.0
1604483421,23.0,34.0,25.0,23.0,24.7,41.0
1604483422,23.0,34.0,25.0,23.0,24.7,41.2
1604483423,23.0,34.0,25.0,23.0,24.7,41.2
1604483424,23.0,34.0,25.0,23.0,24.7,41.2
1604483425,23.0,33.0,25.0,23.0,24.7,41.2
1604483426,23.0,33.0,25.0,23.0,24.7,41.2
1604483427,23.0,33.0,25.0,23.0,24.7,41.4
1604483428,23.0,33.0,25.0,23.0,24.7,41.4
1604483429,23.0,33.0,25.0,23.0,24.7,41.4
1604483430,23.0,33.0,25.0,22.0,24.7,41.4
1604483431,23.0,32.0,25.0,22.0,24.7,41.4
1604483432,23.0,32.0,25.0,21.0,24.8,41.7
1604483433,23.0,32.0,25.0,21.0,24.8,41.7
1604483434,23.0,32.0,25.0,21.0,24.8,41.7
1604483435,23.0,32.0,25.0,21.0,24.8,41.7
1604483436,23.0,32.0,25.0,21.0,24.8,41.7
1604483437,23.11111111111111,32.0,25.0,21.0,24.788888888888888,41.7
1604483438,23.22222222222222,32.0,25.0,21.0,24.77777777777778,41.7
1604483439,23.33333333333333,32.0,25.0,21.0,24.766666666666666,41.7
1604483440,23.444444444444443,32.0,25.0,21.0,24.75555555555556,41.7
1604483441,23.55555555555556,32.0,25.0,21.0,24.744444444444444,41.7
1604483442,23.666666666666668,32.0,25.0,21.0,24.73333333333333,41.7
1604483443,23.77777777777778,32.0,25.0,21.0,24.72222222222222,41.7
1604483444,23.88888888888889,32.0,25.0,21.0,24.711111111111112,41.7
1604483445,24.0,32.0,25.0,21.0,24.7,41.7
1604483446,24.0,32.0,24.0,21.0,24.7,41.7
1604483447,24.0,32.0,24.0,21.0,24.7,41.7
1604483448,24.0,32.0,24.0,21.0,24.7,41.7
1604483449,24.0,32.0,24.0,21.0,24.7,41.7
1604483450,24.0,32.0,24.0,21.0,24.8,41.9
1604483451,24.0,33.0,24.0,21.0,24.8,41.9
1604483452,24.0,33.0,24.0,21.0,24.8,41.9
1604483453,24.0,33.0,25.0,22.0,24.8,41.9
1604483454,24.0,33.0,25.0,22.0,24.8,41.9
1604483455,23.0,33.0,25.0,22.0,24.8,41.9
1604483456,23.0,34.0,24.0,22.0,24.8,41.9
1604483457,23.0,34.0,24.0,22.0,24.8,41.9
1604483458,23.0,34.0,24.0,22.0,24.8,41.9
1604483459,23.0,34.0,24.0,22.0,24.8,41.9
1604483460,22.0,34.0,24.0,22.0,24.8,41.8
1604483461,22.0,34.0,23.0,22.0,24.8,41.8
1604483462,22.0,34.0,23.0,22.0,24.8,41.8
1604483463,22.0,34.0,23.0,22.0,24.8,41.8
1604483464,22.0,34.0,23.0,21.0,24.8,41.8
1604483465,21.0,34.0,23.0,21.0,24.8,41.7
1604483466,21.0,33.0,23.0,21.0,24.8,41.7
1604483467,21.0,33.0,23.0,21.0,24.8,41.7
1604483468,21.0,33.0,22.0,21.0,24.8,41.7
1604483469,21.0,33.0,22.0,21.0,24.8,41.7
1604483470,22.0,33.0,22.0,21.0,24.8,41.7
1604483471,22.0,32.0,22.0,20.0,24.8,41.7
1604483472,22.0,32.0,21.0,20.0,24.8,41.7
1604483473,22.0,32.0,21.0,20.0,24.8,41.7
1604483474,22.0,33.0,20.0,20.0,24.8,41.7
1604483475,22.0,33.0,20.0,20.0,24.8,41.8
1604483476,22.0,33.0,20.0,20.0,24.8,41.8
1604483477,22.0,33.0,20.0,20.0,24.8,41.8
1604483478,22.0,33.0,20.0,20.0,24.8,41.8
1604483479,22.0,34.0,20.0,20.0,24.8,41.8
1604483480,23.0,34.0,20.0,20.0,24.8,41.8
1604483481,23.0,34.0,20.0,20.0,24.8,41.8
1604483482,23.0,34.0,20.0,20.0,24.8,41.8
1604483483,23.0,35.0,20.0,20.0,24.8,41.8
1604483484,23.0,35.0,21.0,20.0,24.8,41.8
1604483485,23.0,35.0,21.0,20.0,24.8,41.8
1604483486,23.0,35.0,21.0,20.0,24.8,41.8
1604483487,23.0,35.0,21.0,21.0,24.8,41.8
1604483488,22.0,35.0,20.0,21.0,24.8,41.8
1604483489,22.0,35.0,20.0,21.0,24.8,41.8
1604483490,22.0,34.0,20.0,22.0,24.8,42.0
1604483491,22.0,34.0,20.0,22.0,24.8,42.0
1604483492,22.0,34.0,20.0,22.0,24.8,42.0
1604483493,22.0,34.0,19.0,23.0,24.8,42.0
1604483494,22.0,34.0,19.0,23.0,24.8,42.0
1604483495,22.0,33.0,19.0,23.0,24.9,41.8
1604483496,22.0,33.0,19.0,23.0,24.9,41.8
1604483497,22.0,33.0,19.0,23.0,24.9,41.8
1604483498,22.0,33.0,19.0,23.0,24.9,41.8
1604483499,22.0,33.0,19.0,23.0,24.9,41.8
1604483500,22.0,33.0,19.0,23.0,24.8,41.6
1604483501,22.0,33.0,19.0,22.0,24.8,41.6
1604483502,22.0,33.0,19.0,22.0,24.8,41.6
1604483503,22.0,33.0,20.0,22.0,24.8,41.6
1604483504,22.0,33.0,20.0,22.0,24.8,41.6
1604483505,22.0,33.0,20.0,22.0,24.9,41.7
1604483506,22.0,33.0,20.0,22.0,24.9,41.7
1604483507,22.0,34.0,20.0,22.0,24.9,41.7
1604483508,22.0,34.0,20.0,22.0,24.9,41.7
1604483509,22.0,34.0,21.0,22.0,24.9,41.7
1604483510,22.0,34.0,21.0,22.0,24.9,41.1
1604483511,22.0,35.0,21.0,23.0,24.9,41.1
1604483512,22.0,35.0,22.0,23.0,24.9,41.1
1604483513,22.0,35.0,22.0,23.0,24.9,41.1
1604483514,23.0,35.0,22.0,23.0,24.9,41.1
1604483515,23.0,35.0,23.0,23.0,24.9,41.0
1604483516,23.0,35.0,23.0,22.0,24.9,41.0
1604483517,23.0,35.0,24.0,22.0,24.9,41.0
1604483518,22.0,35.0,24.0,22.0,24.9,41.0
1604483519,22.0,35.0,24.0,22.0,24.9,41.0
1604483520,22.0,35.0,24.0,22.0,24.9,40.9
1604483521,22.0,35.0,24.0,22.0,24.9,40.9
1604483522,22.0,35.0,24.0,22.0,24.9,40.9
1604483523,22.0,35.0,24.0,21.0,24.9,40.9
1604483524,22.0,35.0,24.0,21.0,24.9,40.9
1604483525,22.0,35.0,23.0,21.0,24.9,41.1
1604483526,22.0,34.0,23.0,21.0,24.9,41.1
1604483527,22.0,34.0,23.0,21.0,24.9,41.1
1604483528,22.0,34.0,22.0,21.0,24.9,41.1
1604483529,22.0,34.0,22.0,21.0,24.9,41.1
1604483530,22.0,34.0,22.0,21.0,24.9,41.4
1604483531,22.0,34.0,22.0,21.0,24.9,41.4
1604483532,22.0,34.0,21.0,21.0,24.9,41.4
1604483533,22.0,34.0,21.0,21.0,24.9,41.4
1604483534,22.0,33.0,21.0,21.0,24.9,41.4
1604483535,22.0,33.0,21.0,21.0,24.8,41.1
1604483536,21.0,33.0,21.0,21.0,24.8,41.1
1604483537,21.0,33.0,21.0,21.0,24.8,41.1
1604483538,21.0,33.0,21.0,21.0,24.8,41.1
1604483539,20.0,33.0,21.0,21.0,24.8,41.1
1604483540,20.0,33.0,21.0,21.0,24.8,40.7
1604483541,20.0,33.0,21.0,21.0,24.8,40.7
1604483542,20.0,33.0,21.0,21.0,24.8,40.7
1604483543,20.0,34.0,20.0,21.0,24.8,40.7
1604483544,20.0,34.0,20.0,21.0,24.8,40.7
1604483545,20.0,33.0,20.0,21.0,24.8,40.4
1604483546,20.0,33.0,20.0,21.0,24.8,40.4
1604483547,20.0,33.0,20.0,22.0,24.8,40.4
1604483548,20.0,33.0,20.0,22.0,24.8,40.4
1604483549,20.0,32.0,20.0,22.0,24.8,40.4
1604483550,21.0,32.0,20.0,22.0,24.8,39.7
1604483551,21.0,32.0,20.0,22.0,24.8,39.7
1604483552,22.0,32.0,20.0,22.0,24.8,39.7
1604483553,22.0,32.0,20.0,22.0,24.8,39.7
1604483554,22.0,32.0,20.0,22.0,24.8,39.7
1604483555,22.0,33.0,20.0,22.0,24.9,39.7
1604483556,22.0,33.0,20.0,22.0,24.9,39.7
1604483557,22.0,33.0,20.0,22.0,24.9,39.7
1604483558,22.0,33.0,21.0,22.0,24.9,39.7
1604483559,22.0,33.0,21.0,22.0,24.9,39.7
1604483560,22.0,33.0,21.0,23.0,24.9,39.8
1604483561,22.0,33.0,21.0,23.0,24.9,39.8
1604483562,22.0,33.0,22.0,23.0,24.9,39.8
1604483563,22.0,33.0,22.0,23.0,24.9,39.8
1604483564,21.0,33.0,22.0,23.0,24.9,39.8
1604483565,21.0,33.0,23.0,23.0,24.8,39.8
1604483566,21.0,33.0,23.0,23.0,24.8,39.8
1604483567,22.0,34.0,23.0,22.0,24.8,39.8
1604483568,22.0,33.0,23.0,22.0,24.8,39.8
1604483569,22.0,33.0,23.0,22.0,24.8,39.8
1604483570,22.0,33.0,23.0,22.0,24.9,40.0
1604483571,22.0,33.0,23.0,22.0,24.9,40.0
1604483572,22.0,33.0,22.0,22.0,24.9,40.0
1604483573,22.0,33.0,22.0,22.0,24.9,40.0
1604483574,22.0,33.0,22.0,22.0,24.9,40.0
1604483575,22.0,33.0,21.0,22.0,24.9,40.0
1604483576,22.0,33.0,21.0,22.0,24.9,40.0
1604483577,22.0,33.0,21.0,22.0,24.9,40.0
1604483578,22.0,33.0,20.0,22.0,24.9,40.0
1604483579,22.0,33.0,20.0,22.0,24.9,40.0
1604483580,22.0,34.0,20.0,22.0,24.9,39.9
1604483581,22.0,34.0,20.0,22.0,24.9,39.9
1604483582,22.0,34.0,20.0,22.0,24.9,39.9
1604483583,21.0,34.0,20.0,22.0,24.9,39.9
1604483584,21.0,34.0,20.0,22.0,24.9,39.9
1604483585,21.0,34.0,21.0,22.0,24.9,39.8
1604483586,21.0,34.0,21.0,21.0,24.9,39.8
1604483587,21.0,33.0,21.0,21.0,24.9,39.8
1604483588,21.0,33.0,21.0,21.0,24.9,39.8
1604483589,20.0,33.0,22.0,21.0,24.9,39.8
1604483590,20.0,33.0,22.0,22.0,24.9,39.4
1604483591,20.0,33.0,22.0,22.0,24.9,39.4
1604483592,20.0,33.0,22.0,22.0,24.9,39.4
1604483593,20.0,32.0,23.0,22.0,24.9,39.4
1604483594,20.0,32.0,23.0,22.0,24.9,39.4
1604483595,20.0,32.0,23.0,22.0,24.9,39.2
1604483596,19.0,32.0,23.0,23.0,24.9,39.2
1604483597,19.0,32.0,22.0,23.0,24.9,39.2
1604483598,19.0,32.0,22.0,23.0,24.9,39.2
1604483599,19.0,32.0,22.0,23.0,24.9,39.2
1604483600,18.0,32.0,22.0,23.0,24.9,39.3
1604483601,18.0,32.0,21.0,23.0,24.9,39.3
1604483602,18.0,32.0,21.0,23.0,24.9,39.3
1604483603,18.0,32.0,21.0,23.0,24.9,39.3
1604483604,18.0,32.0,20.0,23.0,24.9,39.3
1604483605,18.0,32.0,20.0,23.0,24.9,39.1
1604483606,18.0,32.0,20.0,23.0,24.9,39.1
1604483607,17.0,32.0,20.0,22.0,24.9,39.1
1604483608,17.0,32.0,19.0,22.0,24.9,39.1
1604483609,17.0,31.0,19.0,22.0,24.9,39.1
1604483610,17.0,31.0,19.0,22.0,24.9,39.1
1604483611,17.0,31.0,19.0,22.0,24.9,39.1
1604483612,17.0,31.0,20.0,22.0,24.9,39.1
1604483613,17.0,31.0,20.0,22.0,24.9,39.1
1604483614,17.0,31.0,20.0,22.0,24.9,39.1
1604483615,17.0,31.0,20.0,22.0,24.9,39.1
1604483616,17.0,31.0,20.0,22.0,24.9,39.1
1604483617,17.0,32.0,20.0,22.0,24.9,39.1
1604483618,17.0,32.0,20.0,22.0,24.9,39.1
1604483619,18.0,32.0,21.0,22.0,24.9,39.1
1604483620,18.0,33.0,21.0,22.0,24.9,39.2
1604483621,18.0,33.0,21.0,22.0,24.9,39.2
1604483622,18.0,33.0,21.0,22.0,24.9,39.2
1604483623,18.0,34.0,21.0,22.0,24.9,39.2
1604483624,18.0,34.0,21.0,21.0,24.9,39.2
1604483625,18.0,34.0,21.0,21.0,24.9,39.2
1604483626,18.0,34.0,21.0,21.0,24.9,39.2
1604483627,18.0,34.0,21.0,21.0,24.9,39.2
1604483628,18.0,35.0,21.0,21.0,24.9,39.2
1604483629,18.0,34.0,21.0,21.0,24.9,39.2
1604483630,18.0,34.0,21.0,21.0,24.9,39.2
1604483631,18.0,34.0,21.0,21.0,24.9,39.2
1604483632,18.0,34.0,21.0,21.0,24.9,39.2
1604483633,18.0,34.0,21.0,20.0,24.9,39.2
1604483634,18.0,34.0,20.0,20.0,24.9,39.2
1604483635,18.0,33.0,20.0,20.0,24.9,39.4
1604483636,18.0,33.0,20.0,20.0,24.9,39.4
1604483637,18.0,33.0,20.0,20.0,24.9,39.4
1604483638,18.0,33.0,20.0,20.0,24.9,39.4
1604483639,18.0,32.0,21.0,21.0,24.9,39.4
1604483640,18.0,32.0,21.0,21.0,25.0,39.5
1604483641,18.0,31.0,21.0,21.0,25.0,39.5
1604483642,18.0,31.0,21.0,21.0,25.0,39.5
1604483643,18.0,31.0,21.0,21.0,25.0,39.5
1604483644,19.0,31.0,21.0,21.0,25.0,39.5
1604483645,19.0,31.0,21.0,20.0,25.0,39.6
1604483646,19.0,31.0,21.0,20.0,25.0,39.6
1604483647,19.0,32.0,21.0,20.0,25.0,39.6
1604483648,19.0,32.0,21.0,20.0,25.0,39.6
1604483649,19.0,32.0,21.0,20.0,25.0,39.6
1604483650,19.0,33.0,21.0,20.0,24.9,39.6
1604483651,19.0,33.0,20.0,20.0,24.9,39.6
1604483652,18.0,33.0,20.0,20.0,24.9,39.6
1604483653,18.0,33.0,20.0,20.0,24.9,39.6
1604483654,18.0,33.0,20.0,20.0,24.9,39.6
1604483655,18.0,33.0,20.0,20.0,25.0,39.8
1604483656,18.0,33.0,20.0,20.0,25.0,39.8
1604483657,18.0,33.0,20.0,20.0,25.0,39.8
1604483658,18.0,32.888888888888886,20.0,20.0,25.0,39.8
1604483659,18.0,32.77777777777778,20.0,20.0,25.0,39.8
1604483660,18.0,32.666666666666664,20.0,20.0,25.0,39.8
1604483661,18.0,32.55555555555556,20.0,20.0,25.0,39.8
1604483662,18.0,32.44444444444444,20.0,20.0,25.0,39.8
1604483663,18.0,32.333333333333336,20.0,20.0,25.0,39.8
1604483664,18.0,32.22222222222222,20.0,20.0,25.0,39.8
1604483665,18.0,32.111111111111114,20.0,20.0,25.0,39.8
1604483666,18.0,32.0,20.0,20.0,25.0,39.8
1604483667,18.0,32.0,21.0,19.0,25.0,39.8
1604483668,18.0,32.0,21.0,19.0,25.0,39.8
1604483669,17.0,32.0,21.0,19.0,25.0,39.8
1604483670,17.0,32.0,21.0,19.0,25.0,39.8
1604483671,17.0,32.0,21.0,19.0,25.0,39.8
1604483672,17.0,32.0,22.0,19.0,25.0,39.8
1604483673,17.0,32.0,22.0,19.0,25.0,39.9
1604483674,17.0,32.0,22.0,19.0,25.0,39.9
1604483675,17.0,32.0,22.0,19.0,25.0,39.9
1604483676,17.0,32.0,22.0,20.0,25.0,39.9
1604483677,17.0,32.0,22.0,20.0,25.0,39.9
1604483678,17.0,32.0,22.0,20.0,25.0,39.9
1604483679,18.0,33.0,21.0,20.0,25.0,39.9
1604483680,18.0,33.0,21.0,20.0,25.0,39.9
1604483681,18.0,33.0,21.0,20.0,25.0,39.9
1604483682,19.0,33.0,21.0,20.0,25.0,39.9
1604483683,19.0,33.0,21.0,20.0,25.1,39.9
1604483684,19.0,33.0,21.0,20.0,25.1,39.9
1604483685,19.0,33.0,21.0,20.0,25.1,39.9
1604483686,19.0,33.0,21.0,20.0,25.1,39.9
1604483687,20.0,33.0,21.0,20.0,25.1,39.9
1604483688,19.0,33.0,21.0,20.0,25.1,39.9
1604483689,19.0,33.0,21.0,20.0,25.1,39.9
1604483690,19.0,33.0,21.0,20.0,25.1,39.9
1604483691,19.0,33.0,22.0,20.0,25.1,39.9
1604483692,19.0,33.0,22.0,20.0,25.1,39.9
1604483693,19.0,33.0,22.0,19.0,25.1,39.8
1604483694,18.0,32.0,22.0,19.0,25.1,39.8
1604483695,18.0,32.0,22.0,19.0,25.1,39.8
1604483696,18.0,32.0,22.0,19.0,25.1,39.8
1604483697,18.0,32.0,22.0,19.0,25.1,39.8
1604483698,19.0,33.0,22.0,19.0,25.1,39.6
1604483699,19.0,33.0,21.0,18.0,25.1,39.6
1604483700,19.0,33.0,21.0,18.0,25.1,39.6
1604483701,19.0,33.0,21.0,18.0,25.1,39.6
1604483702,19.0,33.0,21.0,18.0,25.1,39.6
1604483703,19.0,33.0,21.0,18.0,25.1,39.3
1604483704,19.0,33.0,21.0,18.0,25.1,39.3
1604483705,20.0,33.0,21.0,18.0,25.1,39.3
1604483706,20.0,33.0,21.0,18.0,25.1,39.3
1604483707,19.0,33.0,21.0,18.0,25.1,39.3
1604483708,19.0,33.0,21.0,18.0,25.1,39.3
1604483709,19.0,33.0,21.0,18.0,25.1,39.3
1604483710,19.0,33.0,21.0,18.0,25.1,39.3
1604483711,18.0,33.0,21.0,18.0,25.1,39.3
1604483712,18.0,33.0,21.0,18.0,25.1,39.3
1604483713,18.0,34.0,21.0,18.0,25.1,39.3
1604483714,18.0,34.0,21.0,18.0,25.1,39.3
1604483715,18.0,34.0,21.0,19.0,25.1,39.3
1604483716,18.0,34.0,22.0,19.0,25.1,39.3
1604483717,18.0,34.0,22.0,19.0,25.1,39.3
1604483718,19.0,34.0,22.0,19.0,25.1,39.2
1604483719,19.0,34.0,21.0,19.0,25.1,39.2
1604483720,19.0,34.0,21.0,19.0,25.1,39.2
1604483721,19.0,34.0,21.0,19.0,25.1,39.2
1604483722,19.0,34.0,21.0,19.0,25.1,39.2
1604483723,19.0,34.0,21.0,18.0,25.1,39.1
1604483724,19.0,34.0,21.0,18.0,25.1,39.1
1604483725,19.0,33.0,21.0,18.0,25.1,39.1
1604483726,19.0,33.0,21.0,18.0,25.1,39.1
1604483727,19.0,34.0,21.0,18.0,25.1,39.1
1604483728,19.0,33.0,21.0,18.0,25.1,38.7
1604483729,18.0,33.0,21.0,18.0,25.1,38.7
1604483730,18.0,33.0,21.0,18.0,25.1,38.7
1604483731,18.0,33.0,22.0,18.0,25.1,38.7
1604483732,18.0,33.0,22.0,18.0,25.1,38.7
1604483733,18.0,34.0,22.0,18.0,25.1,38.5
1604483734,18.0,34.0,22.0,18.0,25.1,38.5
1604483735,18.0,34.0,22.0,18.0,25.1,38.5
1604483736,17.0,34.0,22.0,19.0,25.1,38.5
1604483737,17.0,34.0,19.0,19.0,25.1,38.5
1604483738,17.0,33.0,19.0,19.0,25.1,38.6
1604483739,17.0,33.0,19.0,19.0,25.1,38.6
1604483740,17.0,33.0,20.0,19.0,25.1,38.6
1604483741,17.0,33.0,20.0,20.0,25.1,38.6
1604483742,17.0,33.0,20.0,20.0,25.1,38.6
1604483743,18.0,33.0,20.0,20.0,25.1,38.4
1604483744,18.0,32.0,20.0,20.0,25.1,38.4
1604483745,18.0,32.0,20.0,19.0,25.1,38.4
1604483746,18.0,32.0,21.0,19.0,25.1,38.4
1604483747,18.0,32.0,21.0,19.0,25.1,38.4
1604483748,18.0,32.0,21.0,19.0,25.1,38.5
1604483749,18.0,32.0,21.0,19.0,25.1,38.5
1604483750,18.0,32.0,21.0,18.0,25.1,38.5
1604483751,18.0,32.0,21.0,18.0,25.1,38.5
1604483752,18.0,32.0,22.0,18.0,25.1,38.5
1604483753,18.0,33.0,22.0,18.0,25.1,38.4
1604483754,18.0,33.0,22.0,18.0,25.1,38.4
1604483755,18.0,33.0,22.0,18.0,25.1,38.4
1604483756,17.0,33.0,22.0,17.0,25.1,38.4
1604483757,17.0,33.0,22.0,17.0,25.1,38.4
1604483758,17.0,33.0,23.0,17.0,25.1,38.6
1604483759,18.0,33.0,23.0,17.0,25.1,38.6
1604483760,18.0,33.0,22.0,17.0,25.1,38.6
1604483761,18.0,33.0,22.0,17.0,25.1,38.6
1604483762,18.0,33.0,22.0,18.0,25.1,38.6
1604483763,18.0,33.0,22.0,18.0,25.1,38.7
1604483764,18.0,34.0,21.0,18.0,25.1,38.7
1604483765,18.0,34.0,21.0,18.0,25.1,38.7
1604483766,17.0,34.0,21.0,18.0,25.1,38.7
1604483767,17.0,35.0,21.0,19.0,25.1,38.7
1604483768,17.0,35.0,21.0,19.0,25.1,38.8
1604483769,17.0,35.0,20.0,19.0,25.1,38.8
1604483770,17.0,35.0,20.0,19.0,25.1,38.8
1604483771,17.0,36.0,21.0,19.0,25.1,38.8
1604483772,17.0,36.0,21.0,19.0,25.1,38.8
1604483773,17.0,36.0,21.0,19.0,25.1,38.9
1604483774,17.0,36.0,22.0,19.0,25.1,38.9
1604483775,18.0,35.0,21.0,19.0,25.1,38.9
1604483776,18.0,35.0,21.0,18.0,25.1,38.9
1604483777,18.0,35.0,21.0,18.0,25.1,38.9
1604483778,18.0,35.0,21.0,18.0,25.1,39.0
1604483779,18.0,34.0,21.0,18.0,25.1,39.0
1604483780,18.0,34.0,21.0,18.0,25.1,39.0
1604483781,17.0,34.0,21.0,18.0,25.1,39.0
1604483782,17.0,34.0,21.0,18.0,25.1,39.0
1604483783,17.0,34.0,20.0,18.0,25.1,39.1
1604483784,17.0,34.0,20.0,19.0,25.1,39.1
1604483785,17.0,34.0,20.0,19.0,25.1,39.1
1604483786,16.0,34.0,20.0,19.0,25.1,39.1
1604483787,16.0,34.0,20.0,19.0,25.1,39.1
1604483788,16.0,33.0,20.0,19.0,25.1,39.1
1604483789,16.0,33.0,20.0,19.0,25.1,39.1
1604483790,16.0,33.0,20.0,19.0,25.1,39.1
1604483791,17.0,33.0,20.0,19.0,25.1,39.1
1604483792,17.0,33.0,20.0,19.0,25.1,39.1
1604483793,17.0,33.0,20.0,19.0,25.1,39.2
1604483794,17.0,33.0,20.0,19.0,25.1,39.2
1604483795,18.0,33.0,19.0,19.0,25.1,39.2
1604483796,18.0,33.0,19.0,19.0,25.1,39.2
1604483797,18.0,33.0,20.0,18.0,25.1,39.2
1604483798,18.0,33.0,20.0,18.0,25.1,39.4
1604483799,18.0,34.0,20.0,19.0,25.1,39.4
1604483800,18.0,34.0,20.0,19.0,25.1,39.4
1604483801,18.0,34.0,20.0,19.0,25.1,39.4
1604483802,18.0,34.0,20.0,19.0,25.1,39.4
1604483803,18.0,34.0,20.0,19.0,25.1,39.6
1604483804,18.0,34.0,20.0,19.0,25.1,39.6
1604483805,18.0,34.0,20.0,19.0,25.1,39.6
1604483806,18.0,34.0,20.0,19.0,25.1,39.6
1604483807,17.0,34.0,20.0,19.0,25.1,39.6
1604483808,17.0,33.0,20.0,19.0,25.1,38.9
1604483809,17.0,33.0,21.0,20.0,25.1,38.9
1604483810,17.0,33.0,21.0,20.0,25.1,38.9
1604483811,17.0,33.0,21.0,20.0,25.1,38.9
1604483812,18.0,32.0,21.0,20.0,25.1,38.9
1604483813,18.0,32.0,21.0,20.0,25.1,38.9
1604483814,18.0,32.0,21.0,20.0,25.1,38.9
1604483815,18.0,32.0,21.0,20.0,25.1,38.9
1604483816,19.0,31.0,21.0,20.0,25.1,38.9
1604483817,19.0,31.0,21.0,19.0,25.1,38.9
1604483818,19.0,31.0,21.0,19.0,25.1,39.0
1604483819,19.0,31.0,20.0,19.0,25.1,39.0
1604483820,19.0,31.0,20.0,19.0,25.1,39.0
1604483821,19.0,31.0,20.0,18.0,25.1,39.0
1604483822,19.0,31.0,20.0,18.0,25.1,39.0
1604483823,19.0,31.0,20.0,18.0,25.1,39.5
1604483824,19.0,31.0,20.0,18.0,25.1,39.5
1604483825,18.0,32.0,21.0,18.0,25.1,39.5
1604483826,18.0,32.0,21.0,18.0,25.1,39.5
1604483827,18.0,32.0,21.0,18.0,25.1,39.5
1604483828,18.0,32.0,21.0,18.0,25.1,39.5
1604483829,18.0,32.0,21.0,18.0,25.1,39.5
1604483830,18.0,32.0,21.0,18.0,25.1,39.5
1604483831,18.0,33.0,21.0,18.0,25.1,39.5
1604483832,18.0,33.0,21.0,17.0,25.1,39.5
1604483833,18.0,32.0,21.0,17.0,25.1,39.5
1604483834,18.0,32.0,20.0,17.0,25.1,39.5
1604483835,18.0,32.0,20.0,17.0,25.1,39.5
1604483836,19.0,32.0,19.0,17.0,25.1,39.5
1604483837,19.0,32.0,19.0,17.0,25.1,39.5
1604483838,19.0,32.0,19.0,17.0,25.1,39.3
1604483839,19.0,32.0,19.0,17.0,25.1,39.3
1604483840,20.0,32.0,19.0,17.0,25.1,39.3
1604483841,20.0,32.0,19.0,17.0,25.1,39.3
1604483842,20.0,32.0,19.0,17.0,25.1,39.3
1604483843,20.0,33.0,19.0,17.0,25.1,39.1
1604483844,20.0,33.0,19.0,18.0,25.1,39.1
1604483845,20.0,33.0,19.0,18.0,25.1,39.1
1604483846,20.0,33.0,19.0,18.0,25.1,39.1
1604483847,20.0,33.0,19.0,18.0,25.1,39.1
1604483848,20.0,34.0,19.0,18.0,25.1,39.1
1604483849,20.0,34.0,21.0,18.0,25.1,39.1
1604483850,19.0,34.0,21.0,18.0,25.1,39.1
1604483851,19.0,34.0,21.0,17.0,25.1,39.1
1604483852,19.0,35.0,21.0,17.0,25.1,39.1
1604483853,18.0,35.0,21.0,17.0,25.1,39.0
1604483854,18.0,34.0,21.0,17.0,25.1,39.0
1604483855,18.0,34.0,21.0,17.0,25.1,39.0
1604483856,18.0,34.0,21.0,17.0,25.1,39.0
1604483857,18.0,34.0,21.0,17.0,25.1,39.0
1604483858,18.0,34.0,21.0,17.0,25.1,38.9
1604483859,18.0,34.0,21.0,17.0,25.1,38.9
1604483860,18.0,33.0,21.0,17.0,25.1,38.9
1604483861,18.0,32.0,21.0,18.0,25.1,38.9
1604483862,18.0,32.0,21.0,18.0,25.1,38.9
1604483863,19.0,32.0,20.0,18.0,25.1,38.8
1604483864,19.0,32.0,20.0,18.0,25.1,38.8
1604483865,19.0,32.0,20.0,18.0,25.1,38.8
1604483866,18.0,32.0,20.0,19.0,25.1,38.8
1604483867,18.0,32.0,20.0,19.0,25.1,38.8
1604483868,18.0,32.0,20.0,19.0,25.1,38.7
1604483869,18.0,32.0,20.0,19.0,25.1,38.7
1604483870,18.0,33.0,20.0,19.0,25.1,38.7
1604483871,18.0,33.0,20.0,18.0,25.1,38.7
1604483872,18.0,33.0,20.0,18.0,25.1,38.7
1604483873,17.0,34.0,20.0,18.0,25.1,38.7
1604483874,18.0,34.0,20.0,18.0,25.1,38.7
1604483875,18.0,34.0,20.0,18.0,25.1,38.7
1604483876,18.0,34.0,20.0,18.0,25.1,38.7
1604483877,18.0,34.0,20.0,18.0,25.1,38.7
1604483878,18.0,34.0,19.0,18.0,25.1,38.4
1604483879,18.0,34.0,19.0,17.0,25.1,38.4
1604483880,19.0,33.0,19.0,18.0,25.1,38.4
1604483881,19.11111111111111,33.0,19.0,18.0,25.1,38.4
1604483882,19.22222222222222,33.0,19.0,18.0,25.1,38.4
1604483883,19.33333333333333,33.0,19.0,18.0,25.1,38.4
1604483884,19.444444444444443,33.0,19.0,18.0,25.1,38.4
1604483885,19.55555555555556,33.0,19.0,18.0,25.1,38.4
1604483886,19.666666666666668,33.0,19.0,18.0,25.1,38.4
1604483887,19.77777777777778,33.0,19.0,18.0,25.1,38.4
1604483888,19.88888888888889,33.0,19.0,18.0,25.1,38.4
1604483889,20.0,33.0,19.0,18.0,25.1,38.4
1604483890,20.0,33.0,19.0,18.0,25.1,38.4
1604483891,20.0,32.0,19.0,18.0,25.1,38.5
1604483892,20.0,32.0,19.0,18.0,25.1,38.5
1604483893,20.0,32.0,19.0,18.0,25.1,38.5
1604483894,20.0,32.0,19.0,18.0,25.1,38.5
1604483895,20.0,32.0,19.0,18.0,25.1,38.5
1604483896,20.0,32.0,19.0,18.0,25.1,38.6
1604483897,20.0,32.0,19.0,18.0,25.1,38.6
1604483898,19.0,32.0,18.0,18.0,25.1,38.6
1604483899,19.0,33.0,18.0,18.0,25.1,38.6
1604483900,19.0,33.0,18.0,17.0,25.1,38.6
1604483901,19.0,33.0,18.0,17.0,25.1,38.6
1604483902,19.0,33.0,18.0,17.0,25.1,38.6
1604483903,19.0,33.0,17.0,17.0,25.1,38.6
1604483904,19.0,34.0,17.0,17.0,25.1,38.6
1604483905,19.0,34.0,17.0,17.0,25.1,38.6
1604483906,19.0,34.0,17.0,17.0,25.1,38.9
1604483907,19.0,34.0,17.0,17.0,25.1,38.9
1604483908,19.0,34.0,17.0,17.0,25.1,38.9
1604483909,19.0,34.0,17.0,17.0,25.1,38.9
1604483910,19.0,34.0,17.0,17.0,25.1,38.9
1604483911,19.0,34.0,17.0,17.0,25.1,38.9
1604483912,18.0,33.0,17.0,17.0,25.1,38.9
1604483913,18.0,33.0,17.0,17.0,25.1,38.9
1604483914,18.0,33.0,18.0,17.0,25.1,38.9
1604483915,18.0,33.0,18.0,17.0,25.1,38.9
1604483916,18.0,33.0,17.0,17.0,25.1,39.1
1604483917,18.0,33.0,17.0,18.0,25.1,39.1
1604483918,18.0,33.0,17.0,18.0,25.1,39.1
1604483919,18.0,33.0,17.0,18.0,25.1,39.1
1604483920,18.0,33.0,17.0,18.0,25.1,39.1
1604483921,18.0,33.0,17.0,18.0,25.1,39.1
1604483922,18.0,33.0,17.0,18.0,25.1,39.1
1604483923,18.0,33.0,17.0,18.0,25.1,39.1
1604483924,18.0,33.0,16.0,18.0,25.1,39.1
1604483925,18.0,33.0,16.0,18.0,25.1,39.1
1604483926,18.0,33.0,16.0,18.0,25.1,39.1
1604483927,18.0,33.0,16.0,18.0,25.1,39.1
1604483928,18.0,33.0,16.0,18.0,25.1,39.1
1604483929,18.0,33.0,16.0,18.0,25.1,39.1
1604483930,17.0,33.0,16.0,17.0,25.1,39.1
1604483931,18.0,33.0,17.0,17.0,25.1,39.1
1604483932,18.0,33.0,17.0,17.0,25.2,39.2
1604483933,18.0,33.0,17.0,17.0,25.2,39.2
1604483934,17.0,33.0,18.0,17.0,25.2,39.2
1604483935,17.0,33.0,18.0,17.0,25.2,39.2
1604483936,17.0,33.0,18.0,16.0,25.2,39.2
1604483937,17.0,32.0,18.0,16.0,25.1,39.1
1604483938,18.0,32.0,18.0,16.0,25.1,39.1
1604483939,18.0,32.0,19.0,16.0,25.1,39.1
1604483940,18.0,32.0,19.0,16.0,25.1,39.1
1604483941,18.0,32.0,19.0,16.0,25.1,39.1
1604483942,18.0,32.0,19.0,16.0,25.1,38.9
1604483943,18.0,32.0,19.0,17.0,25.1,38.9
1604483944,18.0,32.0,19.0,17.0,25.1,38.9
1604483945,18.0,32.0,19.0,17.0,25.1,38.9
1604483946,18.0,32.0,20.0,17.0,25.1,38.9
1604483947,18.0,33.0,19.0,17.0,25.1,38.8
1604483948,18.0,33.0,19.0,17.0,25.1,38.8
1604483949,18.0,33.0,19.0,17.0,25.1,38.8
1604483950,18.0,34.0,19.0,17.0,25.1,38.8
1604483951,18.0,34.0,19.0,16.0,25.1,38.8
1604483952,18.0,34.0,19.0,16.0,25.2,38.9
1604483953,18.0,34.0,18.0,16.0,25.2,38.9
1604483954,18.0,34.0,18.0,16.0,25.2,38.9
1604483955,18.0,34.0,18.0,16.0,25.2,38.9
1604483956,18.0,34.0,18.0,16.0,25.2,38.9
1604483957,18.0,34.0,18.0,16.0,25.2,39.0
1604483958,18.0,34.0,18.0,16.0,25.2,39.0
1604483959,18.0,34.0,18.0,16.0,25.2,39.0
1604483960,18.0,34.0,18.0,16.0,25.2,39.0
1604483961,17.0,34.0,18.0,16.0,25.2,39.0
1604483962,17.0,34.0,18.0,16.0,25.2,38.9
1604483963,17.0,34.0,18.0,16.0,25.2,38.9
1604483964,17.0,34.0,18.0,16.0,25.2,38.9
1604483965,16.0,34.0,18.0,16.0,25.2,38.9
1604483966,16.0,34.0,18.0,16.0,25.2,38.9
1604483967,16.0,34.0,18.0,16.0,25.2,39.0
1604483968,16.0,34.0,18.0,16.0,25.2,39.0
1604483969,16.0,34.0,18.0,16.0,25.2,39.0
1604483970,16.0,34.0,18.0,16.0,25.2,39.0
1604483971,16.0,34.0,18.0,16.0,25.2,39.0
1604483972,16.0,34.0,18.0,16.0,25.1,38.9
1604483973,16.0,34.0,18.0,17.0,25.1,38.9
1604483974,16.02857142857143,34.0,18.0,17.0,25.1,38.9
1604483975,16.057142857142857,34.0,18.0,17.0,25.1,38.9
1604483976,16.085714285714285,34.0,18.0,17.0,25.1,38.9
1604483977,16.114285714285714,34.0,18.0,17.0,25.1,38.9
1604483978,16.142857142857142,34.0,18.0,17.0,25.1,38.9
1604483979,16.17142857142857,34.0,18.0,17.0,25.1,38.9
1604483980,16.2,34.0,18.0,17.0,25.1,38.9
1604483981,16.228571428571428,34.0,18.0,17.0,25.1,38.9
1604483982,16.257142857142856,34.0,18.0,17.0,25.1,38.9
1604483983,16.285714285714285,34.0,18.0,17.0,25.1,38.9
1604483984,16.314285714285713,34.0,18.0,17.0,25.1,38.9
1604483985,16.34285714285714,34.0,18.0,17.0,25.1,38.9
1604483986,16.37142857142857,34.0,18.0,17.0,25.1,38.9
1604483987,16.4,34.0,18.0,17.0,25.1,38.9
1604483988,16.428571428571427,34.0,18.0,17.0,25.1,38.9
1604483989,16.457142857142856,34.0,18.0,17.0,25.1,38.9
1604483990,16.485714285714288,34.0,18.0,17.0,25.1,38.9
1604483991,16.514285714285716,34.0,18.0,17.0,25.1,38.9
1604483992,16.542857142857144,34.0,18.0,17.0,25.1,38.9
1604483993,16.571428571428573,34.0,18.0,17.0,25.1,38.9
1604483994,16.6,34.0,18.0,17.0,25.1,38.9
1604483995,16.62857142857143,34.0,18.0,17.0,25.1,38.9
1604483996,16.65714285714286,34.0,18.0,17.0,25.1,38.9
1604483997,16.685714285714287,34.0,18.0,17.0,25.1,38.9
1604483998,16.714285714285715,34.0,18.0,17.0,25.1,38.9
1604483999,16.742857142857144,34.0,18.0,17.0,25.1,38.9
1604484000,16.771428571428572,34.0,18.0,17.0,25.1,38.9
1604484001,16.8,34.0,18.0,17.0,25.1,38.9
1604484002,16.82857142857143,34.0,18.0,17.0,25.1,38.9
1604484003,16.857142857142858,34.0,18.0,17.0,25.1,38.9
1604484004,16.885714285714286,34.0,18.0,17.0,25.1,38.9
1604484005,16.914285714285715,34.0,18.0,17.0,25.1,38.9
1604484006,16.942857142857143,34.0,18.0,17.0,25.1,38.9
1604484007,16.97142857142857,34.0,18.0,17.0,25.1,38.9
1604484008,17.0,34.0,18.0,17.0,25.1,38.9
1604484009,17.0,34.0,18.0,17.0,25.1,38.9
1604484010,16.0,34.0,18.0,17.0,25.1,38.9
1604484011,16.0,34.0,18.0,17.0,25.2,38.9
1604484012,16.0,34.0,18.0,17.0,25.2,38.9
1604484013,16.0,34.0,18.0,17.0,25.2,38.9
1604484014,16.0,35.0,18.0,18.0,25.2,38.9
1604484015,16.0,35.0,18.0,18.0,25.2,38.9
1604484016,16.0,35.0,18.0,18.0,25.2,38.8
1604484017,16.0,35.0,18.0,18.0,25.2,38.8
1604484018,16.0,35.0,18.0,18.0,25.2,38.8
1604484019,16.0,35.0,18.0,18.0,25.2,38.8
1604484020,16.0,35.0,17.0,18.0,25.2,38.8
1604484021,16.0,35.0,17.0,18.0,25.2,39.0
1604484022,17.0,35.0,17.0,18.0,25.2,39.0
1604484023,17.0,35.0,17.0,18.0,25.2,39.0
1604484024,17.0,35.0,18.0,18.0,25.2,39.0
1604484025,17.0,35.0,18.0,18.0,25.2,39.0
1604484026,17.0,35.0,18.0,18.0,25.2,39.01111111111111
1604484027,17.0,35.0,18.0,18.0,25.2,39.02222222222223
1604484028,17.0,35.0,18.0,18.0,25.2,39.03333333333333
1604484029,17.0,35.0,18.0,18.0,25.2,39.04444444444445
1604484030,17.0,35.0,18.0,18.0,25.2,39.05555555555556
1604484031,17.0,35.0,18.0,18.0,25.2,39.06666666666667
1604484032,17.0,35.0,18.0,18.0,25.2,39.077777777777776
1604484033,17.0,35.0,18.0,18.0,25.2,39.08888888888889
1604484034,17.0,35.0,18.0,18.0,25.2,39.1
1604484035,18.0,35.0,18.0,18.0,25.2,39.1
1604484036,17.0,34.0,18.0,17.0,25.2,39.1
1604484037,17.0,34.0,18.0,17.0,25.2,39.1
1604484038,17.0,33.0,19.0,17.0,25.2,39.1
1604484039,17.0,33.0,19.0,17.0,25.2,39.1
1604484040,17.0,32.0,19.0,18.0,25.2,39.1
1604484041,17.0,32.0,19.0,18.0,25.2,39.1
1604484042,17.0,32.0,19.0,18.0,25.2,39.1
1604484043,17.0,32.0,18.0,18.0,25.2,39.1
1604484044,17.0,32.0,18.0,18.0,25.2,39.3
1604484045,16.0,32.0,18.0,18.0,25.2,39.3
1604484046,16.0,32.0,18.0,18.0,25.2,39.3
1604484047,16.0,32.0,18.0,18.0,25.2,39.3
1604484048,16.0,32.0,17.0,18.0,25.2,39.3
1604484049,16.0,33.0,17.0,18.0,25.2,39.4
1604484050,16.0,33.0,17.0,18.0,25.2,39.4
1604484051,16.0,33.0,17.0,18.0,25.2,39.4
1604484052,16.0,33.0,17.0,18.0,25.2,39.4
1604484053,16.0,33.0,17.0,18.0,25.2,39.4
1604484054,16.0,33.0,17.0,18.0,25.2,39.5
1604484055,16.0,33.0,17.0,18.0,25.2,39.5
1604484056,16.0,34.0,17.0,18.0,25.2,39.5
1604484057,16.0,32.0,17.0,19.0,25.2,39.5
1604484058,16.0,32.0,17.0,19.0,25.2,39.5
1604484059,16.0,32.0,17.0,19.0,25.2,39.4
1604484060,15.0,31.0,17.0,19.0,25.2,39.4
1604484061,15.0,31.0,17.0,19.0,25.2,39.4
1604484062,15.0,31.0,17.0,19.0,25.2,39.4
1604484063,15.0,31.0,17.0,19.0,25.2,39.4
1604484064,15.0,31.0,17.0,19.0,25.3,39.2
1604484065,15.0,31.0,17.0,18.0,25.3,39.2
1604484066,15.0,32.0,17.0,18.0,25.3,39.2
1604484067,15.0,32.0,17.0,18.0,25.3,39.2
1604484068,15.0,32.0,17.0,18.0,25.3,39.2
1604484069,16.0,32.0,18.0,18.0,25.2,38.9
1604484070,16.0,33.0,18.0,18.0,25.2,38.9
1604484071,16.0,33.0,18.0,18.0,25.2,38.9
1604484072,16.0,33.0,18.0,18.0,25.2,38.9
1604484073,16.0,33.0,18.0,18.0,25.2,38.9
1604484074,16.0,34.0,18.0,18.0,25.2,38.6
1604484075,16.0,34.0,18.0,18.0,25.2,38.6
1604484076,15.0,34.0,18.0,18.0,25.2,38.6
1604484077,15.0,34.0,18.0,18.0,25.2,38.6
1604484078,15.0,34.0,18.0,18.0,25.2,38.6
1604484079,15.0,34.0,18.0,18.0,25.2,38.5
1604484080,15.0,34.0,18.0,18.0,25.2,38.5
1604484081,15.0,34.0,18.0,18.0,25.2,38.5
1604484082,15.0,34.0,18.0,18.0,25.2,38.5
1604484083,15.0,33.0,18.0,18.0,25.2,38.5
1604484084,15.0,33.0,18.0,18.0,25.3,38.5
1604484085,15.0,33.0,18.0,18.0,25.3,38.5
1604484086,15.0,33.0,18.0,18.0,25.3,38.5
1604484087,15.0,33.0,17.0,18.0,25.3,38.5
1604484088,15.0,33.0,17.0,18.0,25.3,38.5
1604484089,15.0,33.0,17.0,18.0,25.3,38.6
1604484090,15.0,32.0,16.0,18.0,25.3,38.6
1604484091,15.0,32.0,16.0,18.0,25.3,38.6
1604484092,15.0,32.0,16.0,18.0,25.3,38.6
1604484093,15.0,32.0,16.0,18.0,25.3,38.6
1604484094,15.0,32.0,16.0,18.0,25.3,39.0
1604484095,16.0,32.0,16.0,18.0,25.3,39.0
1604484096,16.0,32.0,16.0,18.0,25.3,39.0
1604484097,16.0,32.0,17.0,18.0,25.3,39.0
1604484098,16.0,32.0,17.0,18.0,25.3,39.0
1604484099,16.0,32.0,17.0,18.0,25.3,39.2
1604484100,16.0,32.0,17.0,19.0,25.3,39.2
1604484101,16.0,32.0,17.0,19.0,25.3,39.2
1604484102,16.0,32.0,17.0,19.0,25.3,39.2
1604484103,16.0,33.0,17.0,19.0,25.3,39.2
1604484104,16.0,33.0,17.0,19.0,25.3,39.3
1604484105,16.0,33.0,17.0,19.0,25.3,39.3
1604484106,16.0,33.0,16.0,19.0,25.3,39.3
1604484107,15.0,33.0,16.0,19.0,25.3,39.3
1604484108,15.0,33.0,16.0,18.0,25.3,39.3
1604484109,15.0,33.0,16.0,18.0,25.3,39.4
1604484110,15.0,33.0,16.0,18.0,25.3,39.4
1604484111,15.0,33.0,16.0,18.0,25.3,39.4
1604484112,14.0,33.0,16.0,18.0,25.3,39.4
1604484113,14.0,32.0,16.0,18.0,25.3,39.4
1604484114,14.0,32.0,16.0,18.0,25.3,39.4
1604484115,14.0,32.0,16.0,18.0,25.3,39.4
1604484116,14.0,31.0,16.0,18.0,25.3,39.4
1604484117,14.0,31.0,16.0,18.0,25.3,39.4
1604484118,15.0,31.0,16.0,18.0,25.3,39.4
1604484119,15.0,31.0,16.0,18.0,25.3,39.3
1604484120,14.0,31.0,16.0,18.0,25.3,39.3
1604484121,15.0,31.0,16.0,18.0,25.3,39.3
1604484122,15.0,31.0,16.0,18.0,25.3,39.3
1604484123,15.0,31.0,16.0,18.0,25.3,39.3
1604484124,15.0,31.0,16.0,19.0,25.3,39.4
1604484125,15.0,31.0,16.0,19.0,25.3,39.4
1604484126,15.0,31.0,16.0,19.0,25.3,39.4
1604484127,15.0,31.0,16.0,19.0,25.3,39.4
1604484128,15.0,31.0,16.0,19.0,25.3,39.4
1604484129,15.0,31.0,16.0,19.0,25.3,39.6
1604484130,15.0,31.0,16.0,19.0,25.3,39.6
1604484131,15.0,32.0,17.0,19.0,25.3,39.6
1604484132,15.0,32.0,17.0,19.0,25.3,39.6
1604484133,15.0,32.0,17.0,19.0,25.3,39.6
1604484134,15.0,32.0,17.0,19.0,25.3,39.8
1604484135,15.0,32.0,17.0,19.0,25.3,39.8
1604484136,15.0,32.0,17.0,19.0,25.3,39.8
1604484137,15.0,32.0,17.0,19.0,25.3,39.8
1604484138,15.0,32.0,18.0,19.0,25.3,39.8
1604484139,15.0,33.0,18.0,19.0,25.3,39.9
1604484140,15.0,33.0,18.0,19.0,25.3,39.9
1604484141,16.0,33.0,18.0,19.0,25.3,39.9
1604484142,16.0,33.0,18.0,19.0,25.3,39.9
1604484143,16.0,33.0,18.0,19.0,25.3,39.9
1604484144,16.0,33.0,18.0,19.0,25.3,40.0
1604484145,16.0,33.0,18.0,19.0,25.3,40.0
1604484146,16.0,33.0,17.0,19.0,25.3,40.0
1604484147,16.0,33.0,17.0,19.0,25.3,40.0
1604484148,16.0,33.0,17.0,19.0,25.3,40.0
1604484149,16.0,32.0,17.0,19.0,25.3,40.0
1604484150,16.0,32.0,17.0,19.0,25.3,40.0
1604484151,16.0,32.0,17.0,19.0,25.3,40.0
1604484152,17.0,32.0,16.0,19.0,25.3,40.0
1604484153,17.0,31.0,16.0,19.0,25.3,40.0
1604484154,17.0,31.0,16.0,18.0,25.3,40.0
1604484155,16.0,31.0,16.0,18.0,25.3,40.0
1604484156,16.0,31.0,16.0,18.0,25.3,40.0
1604484157,16.0,31.0,16.0,18.0,25.3,40.0
1604484158,16.0,31.0,16.0,19.0,25.3,40.0
1604484159,16.0,31.0,16.0,18.0,25.3,40.0
1604484160,16.0,31.0,16.0,18.0,25.3,40.0
1604484161,16.0,32.0,16.0,18.0,25.3,40.0
1604484162,16.0,32.0,16.0,18.0,25.3,40.0
1604484163,16.0,32.0,16.0,19.0,25.3,40.0
1604484164,16.0,33.0,16.0,19.0,25.3,39.8
1604484165,16.0,33.0,16.0,19.0,25.3,39.8
1604484166,16.0,34.0,16.0,19.0,25.3,39.8
1604484167,16.0,34.0,16.0,19.0,25.3,39.8
1604484168,16.0,34.0,16.0,19.0,25.3,39.8
1604484169,16.0,34.0,16.0,19.0,25.3,39.6
1604484170,16.0,34.0,16.0,19.0,25.3,39.6
1604484171,16.0,34.0,16.0,19.0,25.3,39.6
1604484172,16.0,34.0,16.0,19.0,25.3,39.6
1604484173,16.0,33.0,17.0,19.0,25.3,39.6
1604484174,15.0,33.0,17.0,19.0,25.4,39.7
1604484175,15.0,32.0,17.0,19.0,25.4,39.7
1604484176,15.0,32.0,17.0,19.0,25.4,39.7
1604484177,16.0,32.0,17.0,19.0,25.4,39.7
1604484178,16.0,31.0,18.0,19.0,25.4,39.7
1604484179,16.0,30.0,18.0,19.0,25.4,39.6
1604484180,16.0,30.0,18.0,19.0,25.4,39.6
1604484181,16.0,29.0,18.0,19.0,25.4,39.6
1604484182,16.0,29.0,18.0,19.0,25.4,39.6
1604484183,16.0,29.0,18.0,19.0,25.4,39.6
1604484184,16.0,29.0,18.0,19.0,25.4,39.7
1604484185,16.0,29.0,17.0,19.0,25.4,39.7
1604484186,16.0,29.0,16.0,19.0,25.4,39.7
1604484187,16.0,29.0,16.0,19.0,25.4,39.7
1604484188,16.0,29.0,16.0,19.0,25.4,39.7
1604484189,16.0,29.0,16.0,19.0,25.4,39.7
1604484190,16.0,29.0,16.0,19.0,25.4,39.7
1604484191,16.0,29.0,16.0,19.0,25.4,39.7
1604484192,16.0,29.0,16.0,19.0,25.4,39.7
1604484193,16.0,29.0,16.0,19.0,25.4,39.7
1604484194,16.0,29.0,17.0,19.0,25.4,39.8
1604484195,15.0,29.0,17.0,19.0,25.4,39.8
1604484196,15.0,28.0,17.0,19.0,25.4,39.8
1604484197,15.0,28.0,17.0,18.0,25.4,39.8
1604484198,15.0,28.0,17.0,18.0,25.4,39.8
1604484199,15.0,28.0,17.0,18.0,25.4,39.9
1604484200,15.0,28.0,17.0,18.0,25.4,39.9
1604484201,15.0,28.0,17.0,18.0,25.4,39.9
1604484202,14.0,28.0,17.0,17.0,25.4,39.9
1604484203,14.0,28.0,17.0,17.0,25.4,39.9
1604484204,14.0,28.0,16.0,17.0,25.4,39.1
1604484205,14.0,28.0,16.0,17.0,25.4,39.1
1604484206,14.0,28.0,16.0,16.0,25.4,39.1
1604484207,14.0,28.0,17.0,16.0,25.4,39.1
1604484208,14.0,27.0,17.0,16.0,25.4,39.1
1604484209,14.0,27.0,17.0,16.0,25.4,39.8
1604484210,14.0,27.0,17.0,16.0,25.4,39.8
1604484211,14.0,27.0,17.0,16.0,25.4,39.8
1604484212,14.0,27.0,18.0,16.0,25.4,39.8
1604484213,14.0,27.0,18.0,16.0,25.4,39.8
1604484214,14.0,27.0,18.0,16.0,25.4,40.3
1604484215,14.0,27.0,18.0,16.0,25.4,40.3
1604484216,14.0,27.0,18.0,16.0,25.4,40.3
1604484217,14.0,26.0,18.0,16.0,25.4,40.3
1604484218,14.0,26.0,18.0,16.0,25.4,40.3
1604484219,14.0,26.0,18.0,17.0,25.4,39.6
1604484220,14.0,26.0,18.0,17.0,25.4,39.6
1604484221,14.0,26.0,18.0,17.0,25.4,39.6
1604484222,14.0,26.0,17.0,17.0,25.4,39.6
1604484223,14.0,27.0,17.0,17.0,25.4,39.6
1604484224,14.0,27.0,17.0,17.0,25.4,39.4
1604484225,14.0,27.0,17.0,17.0,25.4,39.4
1604484226,14.0,27.0,17.0,17.0,25.4,39.4
1604484227,14.0,27.0,17.0,17.0,25.4,39.4
1604484228,14.0,27.0,17.0,17.0,25.4,39.4
1604484229,14.0,27.0,17.0,17.0,25.4,39.3
1604484230,14.0,27.0,17.0,17.0,25.4,39.3
1604484231,14.0,27.0,17.0,17.0,25.4,39.3
1604484232,14.0,27.0,17.0,17.0,25.4,39.3
1604484233,14.0,28.0,17.0,17.0,25.4,39.3
1604484234,15.0,28.0,17.0,17.0,25.4,39.2
1604484235,15.0,28.0,17.0,17.0,25.4,39.2
1604484236,15.0,28.0,17.0,17.0,25.4,39.2
1604484237,15.0,28.0,17.0,17.0,25.4,39.2
1604484238,15.0,28.0,17.0,17.0,25.4,39.2
1604484239,15.0,28.0,17.0,17.0,25.5,39.2
1604484240,15.0,28.0,17.0,17.0,25.5,39.2
1604484241,15.0,28.0,17.0,17.0,25.5,39.2
1604484242,15.0,28.0,17.0,17.0,25.5,39.2
1604484243,16.0,28.0,17.0,17.0,25.5,39.2
1604484244,16.0,28.0,17.0,17.0,25.4,39.1
1604484245,16.0,28.0,17.0,17.0,25.4,39.1
1604484246,16.0,28.0,17.0,17.0,25.4,39.1
1604484247,16.0,28.0,17.0,17.0,25.4,39.1
1604484248,15.9,28.0,17.1,17.0,25.4,39.1
1604484249,15.8,28.0,17.2,17.0,25.4,39.1
1604484250,15.7,28.0,17.3,17.0,25.4,39.1
1604484251,15.6,28.0,17.4,17.0,25.4,39.1
1604484252,15.5,28.0,17.5,17.0,25.4,39.1
1604484253,15.4,28.0,17.6,17.0,25.4,39.1
1604484254,15.3,28.0,17.7,17.0,25.4,39.1
1604484255,15.2,28.0,17.8,17.0,25.4,39.1
1604484256,15.1,28.0,17.9,17.0,25.4,39.1
1604484257,15.0,28.0,18.0,17.0,25.4,39.1
1604484258,15.0,28.0,18.0,17.0,25.4,39.3
1604484259,15.0,28.0,18.0,17.0,25.4,39.3
1604484260,15.0,28.0,18.0,18.0,25.4,39.3
1604484261,15.0,29.0,18.0,18.0,25.4,39.3
1604484262,15.0,29.0,18.0,18.0,25.4,39.3
1604484263,15.0,29.0,19.0,18.0,25.4,39.3
1604484264,15.0,29.0,18.0,18.0,25.4,39.3
1604484265,15.0,29.0,18.0,18.0,25.4,39.3
1604484266,15.0,29.0,18.0,18.0,25.4,39.3
1604484267,15.0,29.0,18.0,18.0,25.4,39.3
1604484268,15.0,29.0,18.0,18.0,25.4,39.3
1604484269,15.0,29.0,18.0,18.0,25.4,39.3
1604484270,14.0,29.0,18.0,18.0,25.4,39.3
1604484271,14.0,29.0,18.0,18.0,25.4,39.3
1604484272,14.0,29.0,18.0,18.0,25.4,39.3
1604484273,14.0,29.0,18.0,18.0,25.5,39.6
1604484274,14.0,29.0,18.0,18.0,25.5,39.6
1604484275,14.0,29.0,18.0,18.0,25.5,39.6
1604484276,14.0,29.0,17.0,18.0,25.5,39.6
1604484277,14.0,29.0,17.0,18.0,25.5,39.6
1604484278,14.0,29.0,17.0,18.0,25.5,39.7
1604484279,14.0,29.0,17.0,18.0,25.5,39.7
1604484280,14.0,29.0,17.0,18.0,25.5,39.7
1604484281,14.0,29.0,17.0,19.0,25.5,39.7
1604484282,14.0,29.0,17.0,19.0,25.5,39.7
1604484283,14.0,29.0,17.0,18.0,25.4,39.7
1604484284,14.0,29.0,17.0,18.0,25.4,39.7
1604484285,14.0,29.0,17.0,18.0,25.4,39.7
1604484286,14.0,29.0,16.0,18.0,25.4,39.7
1604484287,14.0,29.0,16.0,18.0,25.4,39.7
1604484288,14.0,29.0,16.0,18.0,25.4,39.7
1604484289,14.0,29.0,16.0,18.0,25.4,39.7
1604484290,14.0,28.0,16.0,17.0,25.4,39.7
1604484291,14.0,28.0,16.0,17.0,25.4,39.7
1604484292,14.0,27.0,16.0,17.0,25.4,39.7
1604484293,14.0,27.0,16.0,17.0,25.4,39.7
1604484294,14.0,27.0,16.0,17.0,25.4,39.7
1604484295,14.0,27.0,16.0,17.0,25.4,39.7
1604484296,14.0,27.0,16.0,17.0,25.4,39.7
1604484297,14.0,27.0,16.0,17.0,25.4,39.7
1604484298,14.0,27.0,17.0,17.0,25.4,39.6
1604484299,14.0,27.0,17.0,17.0,25.4,39.6
1604484300,14.0,27.0,17.0,17.0,25.4,39.6
1604484301,14.0,27.0,17.0,17.0,25.4,39.6
1604484302,14.0,26.0,17.0,17.0,25.4,39.6
1604484303,14.0,26.0,18.0,17.0,25.5,39.5
1604484304,13.0,26.0,18.0,17.0,25.5,39.5
1604484305,13.0,26.0,18.0,17.0,25.5,39.5
1604484306,13.0,26.0,19.0,17.0,25.5,39.5
1604484307,13.0,26.0,19.0,17.0,25.5,39.5
1604484308,13.0,26.0,19.0,17.0,25.4,39.3
1604484309,13.0,26.0,19.0,17.0,25.4,39.3
1604484310,13.0,26.0,20.0,17.0,25.4,39.3
1604484311,13.0,26.0,20.0,17.0,25.4,39.3
1604484312,13.0,26.0,20.0,17.0,25.4,39.3
1604484313,13.0,26.0,19.0,17.0,25.5,39.1
1604484314,13.0,27.0,19.0,17.0,25.5,39.1
1604484315,13.0,27.0,19.0,18.0,25.5,39.1
1604484316,13.0,27.0,19.0,18.0,25.5,39.1
1604484317,14.0,27.0,18.0,18.0,25.5,39.1
1604484318,14.0,27.0,18.0,18.0,25.4,38.7
1604484319,14.0,27.0,18.0,18.0,25.4,38.7
1604484320,14.0,27.0,18.0,19.0,25.4,38.7
1604484321,14.0,27.0,18.0,19.0,25.4,38.7
1604484322,14.0,27.0,18.0,19.0,25.4,38.7
1604484323,14.0,27.0,18.0,19.0,25.4,38.6
1604484324,14.0,27.0,18.0,19.0,25.4,38.6
1604484325,15.0,27.0,18.0,19.0,25.4,38.6
1604484326,15.0,26.0,17.0,19.0,25.4,38.6
1604484327,15.0,26.0,17.0,19.0,25.4,38.6
1604484328,15.0,26.0,17.0,19.0,25.4,38.5
1604484329,16.0,25.0,17.0,19.0,25.4,38.5
1604484330,16.0,25.0,17.0,19.0,25.4,38.5
1604484331,16.0,25.0,17.0,19.0,25.4,38.5
1604484332,16.0,25.0,17.0,19.0,25.4,38.5
1604484333,15.0,25.0,17.0,19.0,25.4,38.3
1604484334,15.0,25.0,17.0,19.0,25.4,38.3
1604484335,15.0,25.0,17.0,19.0,25.4,38.3
1604484336,15.0,26.0,17.0,19.0,25.4,38.3
1604484337,15.0,26.0,17.0,19.0,25.4,38.3
1604484338,15.0,26.0,17.0,19.0,25.4,38.2
1604484339,15.0,26.0,17.0,19.0,25.4,38.2
1604484340,14.0,26.0,17.0,19.0,25.4,38.2
1604484341,14.0,25.0,17.0,19.0,25.4,38.2
1604484342,14.0,25.0,17.0,19.0,25.4,38.2
1604484343,14.0,25.0,17.0,19.0,25.4,38.0
1604484344,14.0,25.0,17.0,18.0,25.4,38.0
1604484345,15.0,25.0,18.0,18.0,25.4,38.0
1604484346,15.0,25.0,18.0,18.0,25.4,38.0
1604484347,15.0,25.0,18.0,18.0,25.4,38.0
1604484348,15.0,25.0,18.0,18.0,25.4,38.0
1604484349,15.0,25.0,18.0,18.0,25.4,38.0
1604484350,15.0,25.0,18.0,18.0,25.4,38.0
1604484351,16.0,25.0,18.0,18.0,25.4,38.0
1604484352,16.0,25.0,17.0,18.0,25.4,38.0
1604484353,16.0,26.0,17.0,18.0,25.4,38.2
1604484354,16.0,26.0,17.0,18.0,25.4,38.2
1604484355,16.0,26.0,17.0,18.0,25.4,38.2
1604484356,16.0,26.0,17.0,18.0,25.4,38.2
1604484357,16.0,26.0,17.0,18.0,25.4,38.2
1604484358,16.0,26.0,16.0,18.0,25.4,38.4
1604484359,16.0,26.0,16.0,18.0,25.4,38.4
1604484360,16.0,26.0,16.0,18.0,25.4,38.4
1604484361,16.0,26.0,17.0,19.0,25.4,38.4
1604484362,16.0,26.0,17.0,19.0,25.4,38.4
1604484363,16.0,26.0,17.0,19.0,25.4,38.4
1604484364,15.0,26.0,17.0,18.0,25.4,38.4
1604484365,15.0,26.0,18.0,18.0,25.4,38.4
1604484366,15.0,26.0,18.0,18.0,25.4,38.4
1604484367,15.0,26.0,18.0,18.0,25.4,38.4
1604484368,15.0,26.0,18.5,18.0,25.4,38.5
1604484369,15.0,26.0,19.0,18.0,25.4,38.6
1604484370,15.0,26.0,19.0,18.0,25.4,38.6
1604484371,15.0,26.0,19.0,19.0,25.4,38.6
1604484372,15.0,26.0,18.0,18.0,25.4,38.6
1604484373,15.0,26.0,18.0,18.0,25.4,38.6
1604484374,15.0,27.0,18.0,18.0,25.4,38.8
1604484375,16.0,27.0,17.0,18.0,25.4,38.8
1604484376,16.0,27.0,17.0,18.0,25.4,38.8
1604484377,16.0,26.0,17.0,18.0,25.4,38.8
1604484378,16.0,26.0,17.0,18.0,25.4,38.8
1604484379,16.0,26.0,16.0,18.0,25.4,39.0
1604484380,16.0,26.0,16.0,18.0,25.4,39.0
1604484381,16.0,26.0,17.0,18.0,25.4,39.0
1604484382,16.0,26.0,17.0,18.0,25.4,39.0
1604484383,16.0,26.0,17.0,18.0,25.4,39.0
1604484384,16.0,26.0,17.0,18.0,25.4,39.2
1604484385,17.0,26.0,17.0,18.0,25.4,39.2
1604484386,17.0,26.0,17.0,18.0,25.4,39.2
1604484387,17.0,26.0,17.0,18.0,25.4,39.2
1604484388,17.0,26.0,17.0,18.0,25.4,39.2
1604484389,17.0,26.0,17.0,18.0,25.3,39.4
1604484390,17.0,26.0,17.0,18.0,25.3,39.4
1604484391,17.0,27.0,17.0,18.0,25.3,39.4
1604484392,17.0,27.0,17.0,18.0,25.3,39.4
1604484393,17.0,27.0,17.0,18.0,25.3,39.4
1604484394,17.0,27.0,17.0,18.0,25.3,39.5
1604484395,17.0,28.0,17.0,18.0,25.3,39.5
1604484396,16.0,28.0,17.0,18.0,25.3,39.5
1604484397,16.0,28.0,18.0,18.0,25.3,39.5
1604484398,16.0,28.0,18.0,18.0,25.3,39.5
1604484399,16.0,28.0,18.0,18.0,25.4,39.7
1604484400,16.0,28.0,18.0,18.0,25.4,39.7
1604484401,16.0,28.0,18.0,18.0,25.4,39.7
1604484402,16.0,28.0,18.0,19.0,25.4,39.7
1604484403,16.0,28.0,18.0,19.0,25.4,39.7
1604484404,16.0,29.0,18.0,19.0,25.4,39.9
1604484405,16.0,29.0,18.0,19.0,25.4,39.9
1604484406,16.0,29.0,18.0,20.0,25.4,39.9
1604484407,16.0,29.0,18.0,20.0,25.4,39.9
1604484408,16.0,29.0,17.0,20.0,25.4,39.9
1604484409,16.0,29.0,17.0,20.0,25.3,39.6
1604484410,16.0,29.0,17.0,20.0,25.3,39.6
1604484411,16.0,28.0,17.0,20.0,25.3,39.6
1604484412,16.0,28.0,17.0,20.0,25.3,39.6
1604484413,16.0,28.0,17.0,20.0,25.3,39.6
1604484414,16.0,28.0,17.0,20.0,25.3,39.8
1604484415,16.0,27.0,17.0,19.0,25.3,39.8
1604484416,16.0,27.0,17.0,19.0,25.3,39.8
1604484417,16.0,27.0,17.0,19.0,25.3,39.8
1604484418,16.0,27.0,16.0,18.0,25.3,39.8
1604484419,16.0,26.0,16.0,18.0,25.3,39.8
1604484420,16.0,26.0,16.0,18.0,25.3,39.8
1604484421,16.0,26.0,16.0,18.0,25.3,39.8
1604484422,16.0,26.0,16.0,18.0,25.3,39.8
1604484423,16.0,26.0,15.0,18.0,25.3,39.8
1604484424,15.0,26.0,15.0,18.0,25.3,39.9
1604484425,15.0,26.0,15.0,18.0,25.3,39.9
1604484426,15.0,26.0,15.0,18.0,25.3,39.9
1604484427,16.0,26.0,16.0,18.0,25.3,39.9
1604484428,16.0,26.0,16.0,18.0,25.3,39.9
1604484429,16.0,26.0,16.0,18.0,25.4,40.0
1604484430,16.0,26.0,16.0,18.0,25.4,40.0
1604484431,16.0,26.0,16.0,18.0,25.4,40.0
1604484432,16.0,26.0,16.0,18.0,25.4,40.0
1604484433,16.0,26.0,16.0,18.0,25.4,40.0
1604484434,16.0,25.0,16.0,18.0,25.4,40.3
1604484435,16.0,26.0,16.0,18.0,25.4,40.3
1604484436,16.0,26.0,16.0,18.0,25.4,40.3
1604484437,16.0,26.0,16.0,18.0,25.4,40.3
1604484438,16.0,26.0,16.0,18.0,25.4,40.3
1604484439,16.0,26.0,16.0,18.0,25.3,40.3
1604484440,16.0,26.0,16.0,18.0,25.3,40.3
1604484441,15.0,26.0,16.0,18.0,25.3,40.3
1604484442,15.0,27.0,16.0,18.0,25.3,40.3
1604484443,15.0,27.0,16.0,18.0,25.3,40.3
1604484444,15.0,27.0,16.0,17.0,25.3,40.2
1604484445,15.0,27.0,16.0,17.0,25.3,40.2
1604484446,15.0,27.0,16.0,17.0,25.3,40.2
1604484447,15.0,28.0,17.0,18.0,25.3,40.2
1604484448,15.0,28.0,17.0,17.0,25.3,40.2
1604484449,15.0,28.0,17.0,18.0,25.3,39.9
1604484450,15.0,28.0,17.0,18.0,25.3,39.9
1604484451,16.0,29.0,17.0,18.0,25.3,39.9
1604484452,16.0,29.0,17.0,18.0,25.3,39.9
1604484453,16.0,29.0,17.0,18.0,25.3,39.9
1604484454,16.0,29.0,17.0,18.0,25.3,40.3
1604484455,16.0,29.0,17.0,18.0,25.3,40.3
1604484456,16.0,29.0,17.0,18.0,25.3,40.3
1604484457,15.0,29.0,17.0,18.0,25.3,40.3
1604484458,15.0,28.0,17.0,18.0,25.3,40.3
1604484459,15.0,28.0,17.0,18.0,25.3,40.3
1604484460,15.0,27.0,17.0,18.0,25.3,40.3
1604484461,15.0,27.0,17.0,18.0,25.3,40.3
1604484462,15.0,27.0,17.0,18.0,25.3,40.3
1604484463,15.0,27.0,17.0,18.0,25.3,40.3
1604484464,15.0,26.0,17.0,19.0,25.4,40.5
1604484465,15.0,26.0,17.0,19.0,25.4,40.5
1604484466,15.0,26.0,17.0,19.0,25.4,40.5
1604484467,15.0,26.0,17.0,19.0,25.4,40.5
1604484468,15.0,26.0,17.0,19.0,25.4,40.5
1604484469,15.0,26.0,17.0,19.0,25.4,40.6
1604484470,15.0,26.0,17.0,19.0,25.4,40.6
1604484471,15.0,26.0,17.0,19.0,25.4,40.6
1604484472,15.0,26.0,17.0,19.0,25.4,40.6
1604484473,15.0,26.0,17.0,19.0,25.4,40.6
1604484474,15.0,26.0,17.0,19.0,25.4,40.6
1604484475,15.0,26.0,17.0,19.0,25.4,40.6
1604484476,15.0,26.0,17.0,19.0,25.4,40.6
1604484477,15.0,26.0,17.0,19.0,25.4,40.6
1604484478,15.0,26.0,17.0,19.0,25.4,40.6
1604484479,15.0,26.0,17.0,19.0,25.4,40.6
1604484480,16.0,26.0,16.0,19.0,25.4,40.6
1604484481,16.0,26.0,16.0,19.0,25.4,40.6
1604484482,16.0,26.0,16.0,19.0,25.3,40.6
1604484483,16.0,26.0,16.0,19.0,25.3,40.6
1604484484,16.0,26.0,16.0,19.0,25.3,40.6
1604484485,16.0,26.0,16.0,19.0,25.3,40.6
1604484486,16.0,26.0,16.0,19.0,25.3,40.6
1604484487,16.0,26.0,16.0,19.0,25.3,40.6
1604484488,16.0,26.0,16.0,19.0,25.3,40.6
1604484489,16.0,26.0,16.0,19.0,25.3,40.6
1604484490,16.0,25.0,16.0,18.0,25.3,40.6
1604484491,16.0,25.0,16.0,18.0,25.3,40.6
1604484492,16.0,25.0,16.0,18.0,25.4,40.5
1604484493,15.0,25.0,16.0,18.0,25.4,40.5
1604484494,15.0,25.0,17.0,18.0,25.4,40.5
1604484495,15.0,25.0,17.0,19.0,25.4,40.5
1604484496,15.0,25.0,17.0,19.0,25.4,40.5
1604484497,15.0,25.0,17.0,19.0,25.4,40.3
1604484498,15.0,25.0,17.0,19.0,25.4,40.3
1604484499,15.0,25.0,17.0,19.0,25.4,40.3
1604484500,14.0,25.0,17.0,19.0,25.4,40.3
1604484501,14.0,25.0,17.0,19.0,25.4,40.3
1604484502,14.0,25.0,17.0,20.0,25.4,40.0
1604484503,15.0,25.0,17.0,20.0,25.4,40.0
1604484504,15.0,25.0,16.0,20.0,25.4,40.0
1604484505,15.0,25.0,16.0,20.0,25.4,40.0
1604484506,15.0,26.0,16.0,20.0,25.4,40.0
1604484507,15.0,26.0,16.0,20.0,25.4,39.9
1604484508,15.0,26.0,16.0,20.0,25.4,39.9
1604484509,15.0,26.0,16.0,20.0,25.4,39.9
1604484510,15.0,26.0,16.0,20.0,25.4,39.9
1604484511,15.0,26.0,17.0,20.0,25.4,39.9
1604484512,15.0,26.0,17.0,19.0,25.4,39.8
1604484513,15.0,26.0,17.0,19.0,25.4,39.8
1604484514,15.0,27.0,17.0,19.0,25.4,39.8
1604484515,15.0,27.0,17.0,19.0,25.4,39.8
1604484516,15.0,27.0,17.0,19.0,25.4,39.8
1604484517,15.0,27.0,17.0,19.0,25.4,39.8
1604484518,15.0,26.0,17.0,18.0,25.4,39.8
1604484519,15.0,26.0,17.0,18.0,25.4,39.8
1604484520,15.0,26.0,17.0,18.0,25.4,39.8
1604484521,15.0,26.0,17.0,18.0,25.4,39.8
1604484522,15.0,26.0,17.0,18.0,25.4,39.2
1604484523,14.0,26.0,16.0,18.0,25.4,39.2
1604484524,14.0,26.0,16.0,18.0,25.4,39.2
1604484525,14.0,26.0,16.0,18.0,25.4,39.2
1604484526,14.0,26.0,16.0,18.0,25.4,39.2
1604484527,14.0,26.0,16.0,18.0,25.4,39.1
1604484528,14.0,26.0,16.0,18.0,25.4,39.1
1604484529,14.0,25.0,16.0,18.0,25.4,39.1
1604484530,14.0,24.0,17.0,18.0,25.4,39.1
1604484531,14.0,24.0,17.0,18.0,25.4,39.1
1604484532,14.0,24.0,17.0,19.0,25.4,38.9
1604484533,14.0,25.0,17.0,19.0,25.4,38.9
1604484534,14.0,25.0,17.0,19.0,25.4,38.9
1604484535,14.0,25.0,17.0,19.0,25.4,38.9
1604484536,14.0,25.0,17.0,19.0,25.4,38.9
1604484537,14.0,25.0,17.0,19.0,25.4,38.7
1604484538,14.0,25.0,17.0,19.0,25.4,38.7
1604484539,14.0,25.0,17.0,19.0,25.4,38.7
1604484540,14.0,26.0,17.0,19.0,25.4,38.7
1604484541,14.0,26.0,17.0,18.0,25.4,38.7
1604484542,15.0,26.0,17.0,18.0,25.4,38.7
1604484543,15.0,26.0,17.0,18.0,25.4,38.7
1604484544,15.0,25.0,17.0,18.0,25.4,38.7
1604484545,15.0,25.0,17.0,18.0,25.4,38.7
1604484546,15.0,25.0,17.0,18.0,25.4,38.7
1604484547,15.0,25.0,17.0,18.0,25.4,38.9
1604484548,15.0,25.0,17.0,18.0,25.4,38.9
1604484549,15.0,25.0,17.0,18.0,25.4,38.9
1604484550,15.0,24.0,17.0,18.0,25.4,38.9
1604484551,15.0,25.0,17.0,18.0,25.4,38.9
1604484552,15.0,25.0,17.0,18.0,25.4,38.9
1604484553,15.0,25.0,16.0,18.0,25.4,38.9
1604484554,15.0,25.0,16.0,18.0,25.4,38.9
1604484555,15.0,25.0,16.0,18.0,25.4,38.9
1604484556,15.0,25.0,16.0,18.0,25.4,38.9
1604484557,15.0,25.0,16.0,18.0,25.4,38.9
1604484558,15.0,25.0,16.0,18.0,25.4,38.9
1604484559,15.0,25.0,17.0,19.0,25.4,38.9
1604484560,15.0,25.0,17.0,19.0,25.4,38.9
1604484561,15.0,25.0,17.0,19.0,25.4,38.9
1604484562,15.0,25.0,17.0,19.0,25.4,38.8
1604484563,15.0,25.0,17.0,19.0,25.4,38.8
1604484564,15.0,26.0,17.0,18.0,25.4,38.8
1604484565,15.0,26.0,18.0,18.0,25.4,38.8
1604484566,15.0,26.0,18.0,18.0,25.4,38.8
1604484567,14.0,26.0,18.0,19.0,25.4,38.7
1604484568,14.0,26.0,18.0,19.0,25.4,38.7
1604484569,14.0,26.0,18.0,19.0,25.4,38.7
1604484570,14.0,26.0,18.0,19.0,25.4,38.7
1604484571,14.0,26.0,18.0,19.0,25.4,38.7
1604484572,14.0,26.0,18.0,19.0,25.4,38.7
1604484573,13.0,26.0,17.0,19.0,25.4,38.7
1604484574,13.0,26.0,17.0,19.0,25.4,38.7
1604484575,13.0,25.0,17.0,19.0,25.4,38.7
1604484576,13.0,25.0,17.0,19.0,25.4,38.7
1604484577,13.0,25.0,17.0,19.0,25.4,38.7
1604484578,13.0,25.0,17.0,19.0,25.4,38.7
1604484579,14.0,25.0,16.0,19.0,25.4,38.7
1604484580,14.0,24.0,16.0,19.0,25.4,38.7
1604484581,14.0,24.0,17.0,19.0,25.4,38.7
1604484582,14.0,24.0,17.0,19.0,25.4,38.4
1604484583,15.0,24.0,17.0,19.0,25.4,38.4
1604484584,15.0,24.0,17.0,19.0,25.4,38.4
1604484585,15.0,24.0,17.0,19.0,25.4,38.4
1604484586,16.0,24.0,16.0,19.0,25.4,38.4
1604484587,16.0,24.0,16.0,19.0,25.4,38.0
1604484588,16.0,24.0,16.0,19.0,25.4,38.0
1604484589,16.0,24.0,16.0,19.0,25.4,38.0
1604484590,16.0,24.0,16.0,19.0,25.4,38.0
1604484591,16.0,24.0,16.0,18.0,25.4,38.0
1604484592,16.0,24.0,16.0,18.0,25.4,38.0
1604484593,16.0,24.0,16.0,18.0,25.4,38.0
1604484594,15.0,24.0,16.0,18.0,25.4,38.0
1604484595,15.0,24.0,16.0,18.0,25.4,38.0
1604484596,15.0,24.0,16.0,18.0,25.4,38.0
1604484597,15.0,25.0,16.0,18.0,25.4,38.0
1604484598,15.0,25.0,16.0,18.0,25.4,38.0
1604484599,15.0,25.0,16.0,18.0,25.4,38.0
1604484600,14.0,25.0,16.0,18.0,25.4,38.0
1604484601,14.0,25.0,16.0,18.0,25.4,38.0
1604484602,14.0,25.0,16.0,18.0,25.4,38.0
1604484603,14.0,26.0,16.0,18.0,25.4,38.0
1604484604,14.0,26.0,17.0,18.0,25.4,38.0
1604484605,14.0,26.0,17.0,18.0,25.4,38.0
1604484606,14.0,26.0,17.0,18.0,25.4,38.0
1604484607,14.0,26.0,17.0,18.0,25.4,38.0
1604484608,14.0,26.0,17.0,18.0,25.4,38.0
1604484609,14.0,26.0,18.0,19.0,25.4,38.0
1604484610,14.0,26.0,18.0,19.0,25.4,38.0
1604484611,14.0,25.0,18.0,19.0,25.4,38.0
1604484612,15.0,25.0,18.0,19.0,25.3,38.0
1604484613,15.0,25.0,18.0,19.0,25.3,38.0
1604484614,15.0,25.0,18.0,19.0,25.3,38.0
1604484615,15.0,25.0,18.0,18.0,25.3,38.0
1604484616,15.0,25.0,18.0,18.0,25.3,38.0
1604484617,14.0,25.0,18.0,18.0,25.4,38.0
1604484618,15.0,25.0,18.0,20.0,25.4,38.0
1604484619,15.0,25.0,17.0,20.0,25.4,38.0
1604484620,15.0,25.0,17.0,20.0,25.4,38.0
1604484621,14.0,25.0,17.0,20.0,25.4,38.0
1604484622,14.0,25.0,17.0,20.0,25.3,37.9
1604484623,14.0,25.0,17.0,19.0,25.3,37.9
1604484624,15.0,25.0,17.0,19.0,25.3,37.9
1604484625,15.0,25.0,17.0,19.0,25.3,37.9
1604484626,15.0,26.0,17.0,19.0,25.3,37.9
1604484627,15.0,26.0,17.0,19.0,25.3,37.9
1604484628,15.0,26.0,17.0,18.0,25.3,37.9
1604484629,15.0,26.0,18.0,18.0,25.3,37.9
1604484630,15.0,26.0,18.0,18.0,25.3,37.9
1604484631,15.0,26.0,18.0,18.0,25.3,37.9
1604484632,15.0,27.0,18.0,18.0,25.3,37.9
1604484633,15.0,27.0,18.0,18.0,25.3,37.9
1604484634,15.0,27.0,18.0,18.0,25.3,37.9
1604484635,16.0,27.0,18.0,18.0,25.3,37.9
1604484636,16.0,27.0,18.0,18.0,25.3,37.9
1604484637,16.0,28.0,18.0,18.0,25.3,37.7
1604484638,16.0,28.0,18.0,18.0,25.3,37.7
1604484639,16.0,28.0,18.0,18.0,25.3,37.7
1604484640,15.0,28.0,18.0,18.0,25.3,37.7
1604484641,15.0,28.0,18.0,18.0,25.3,37.7
1604484642,15.0,28.0,18.0,19.0,25.3,37.5
1604484643,15.0,28.0,18.0,19.0,25.3,37.5
1604484644,15.0,27.0,18.0,19.0,25.3,37.5
1604484645,15.0,27.0,18.0,19.0,25.3,37.5
1604484646,15.0,27.0,18.0,19.0,25.3,37.5
1604484647,15.0,26.0,18.0,19.0,25.3,37.4
1604484648,15.0,26.0,18.0,19.0,25.3,37.4
1604484649,15.0,26.0,18.0,18.0,25.3,37.4
1604484650,15.0,26.0,18.0,18.0,25.3,37.4
1604484651,15.0,26.0,18.0,18.0,25.3,37.4
1604484652,15.0,26.0,18.0,18.0,25.3,37.4
1604484653,15.0,26.0,18.0,18.0,25.3,37.4
1604484654,15.0,26.0,18.0,18.0,25.3,37.4
1604484655,15.0,26.0,18.0,18.0,25.3,37.4
1604484656,15.0,26.0,18.0,18.0,25.3,37.4
1604484657,16.0,26.0,18.0,18.0,25.3,37.3
1604484658,16.0,26.0,18.0,19.0,25.3,37.3
1604484659,16.0,26.0,19.0,19.0,25.3,37.3
1604484660,16.0,26.0,19.0,18.0,25.3,37.3
1604484661,16.0,26.0,19.0,18.0,25.3,37.3
1604484662,16.0,26.0,19.0,18.0,25.3,37.4
1604484663,16.0,26.0,19.0,18.0,25.3,37.4
1604484664,16.0,25.0,19.0,18.0,25.3,37.4
1604484665,16.0,25.0,19.0,18.0,25.3,37.4
1604484666,16.0,25.0,20.0,18.0,25.3,37.4
1604484667,16.0,25.0,20.0,18.0,25.3,37.5
1604484668,16.0,25.0,20.0,18.0,25.3,37.5
1604484669,16.0,25.0,19.0,17.0,25.3,37.5
1604484670,16.0,25.0,19.0,17.0,25.3,37.5
1604484671,16.0,25.0,19.0,17.0,25.3,37.5
1604484672,16.0,25.0,18.0,17.0,25.3,37.5
1604484673,15.0,25.0,18.0,17.0,25.3,37.5
1604484674,15.0,25.0,18.0,17.0,25.3,37.5
1604484675,15.0,25.0,17.0,18.0,25.3,37.5
1604484676,15.0,25.0,17.0,18.0,25.3,37.5
1604484677,15.0,25.0,17.0,18.0,25.2,37.3
1604484678,15.0,25.0,17.0,18.0,25.2,37.3
1604484679,15.0,25.0,17.0,18.0,25.2,37.3
1604484680,15.0,25.0,18.0,18.0,25.2,37.3
1604484681,15.0,25.0,18.0,18.0,25.2,37.3
1604484682,15.0,25.0,18.0,18.0,25.2,37.2
1604484683,15.0,24.0,18.0,18.0,25.2,37.2
1604484684,15.0,24.0,18.0,18.0,25.2,37.2
1604484685,15.0,24.0,19.0,19.0,25.2,37.2
1604484686,15.0,24.0,19.0,19.0,25.2,37.2
1604484687,15.0,24.0,19.0,19.0,25.2,37.1
1604484688,15.0,24.0,18.0,19.0,25.2,37.1
1604484689,15.11111111111111,24.0,18.0,19.0,25.2,37.1
1604484690,15.22222222222222,24.0,18.0,19.0,25.2,37.1
1604484691,15.333333333333334,24.0,18.0,19.0,25.2,37.1
1604484692,15.444444444444445,24.0,18.0,19.0,25.2,37.1
1604484693,15.555555555555555,24.0,18.0,19.0,25.2,37.1
1604484694,15.666666666666666,24.0,18.0,19.0,25.2,37.1
1604484695,15.77777777777778,24.0,18.0,19.0,25.2,37.1
1604484696,15.88888888888889,24.0,18.0,19.0,25.2,37.1
1604484697,16.0,24.0,18.0,19.0,25.2,37.1
1604484698,16.0,23.0,18.0,19.0,25.2,37.1
1604484699,16.0,23.0,18.0,18.0,25.2,37.1
1604484700,16.0,24.0,18.0,18.0,25.3,37.1
1604484701,16.0,24.0,18.0,19.0,25.3,37.1
1604484702,16.0,24.0,18.0,19.0,25.3,37.1
1604484703,16.0,24.0,18.0,19.0,25.3,37.1
1604484704,16.0,24.0,18.0,19.0,25.3,37.1
1604484705,16.0,24.0,18.0,19.0,25.3,37.2
1604484706,16.0,25.0,18.0,19.0,25.3,37.2
1604484707,16.0,25.0,18.0,19.0,25.3,37.2
1604484708,16.0,26.0,18.0,18.0,25.3,37.2
1604484709,16.0,26.0,18.0,18.0,25.3,37.2
1604484710,16.0,26.0,18.0,18.0,25.1,37.2
1604484711,16.0,26.0,18.0,18.0,25.1,37.2
1604484712,16.0,26.0,17.0,18.0,25.1,37.2
1604484713,16.0,26.0,17.0,17.0,25.1,37.2
1604484714,16.0,26.0,17.0,17.0,25.1,37.2
1604484715,16.0,25.0,17.0,17.0,25.2,37.5
1604484716,16.0,25.0,17.0,16.0,25.2,37.5
1604484717,16.0,25.0,17.0,16.0,25.2,37.5
1604484718,16.0,25.0,17.0,16.0,25.2,37.5
1604484719,16.0,25.0,17.0,16.0,25.2,37.5
1604484720,16.0,25.0,17.0,16.0,25.2,37.6
1604484721,16.0,25.0,17.0,17.0,25.2,37.6
1604484722,16.0,25.0,17.0,17.0,25.2,37.6
1604484723,16.0,26.0,17.0,17.0,25.2,37.6
1604484724,16.0,26.0,17.0,17.0,25.2,37.6
1604484725,16.0,26.0,17.0,17.0,25.2,37.6
1604484726,16.0,26.0,17.0,17.0,25.2,37.6
1604484727,16.0,26.0,17.0,18.0,25.2,37.6
1604484728,16.0,26.0,17.0,18.0,25.2,37.6
1604484729,15.0,26.0,17.0,18.0,25.2,37.6
1604484730,15.0,26.0,17.0,18.0,25.4,37.8
1604484731,15.0,26.0,17.0,18.0,25.4,37.8
1604484732,15.0,25.0,17.0,18.0,25.4,37.8
1604484733,15.0,25.0,17.0,18.0,25.4,37.8
1604484734,15.0,25.0,18.0,18.0,25.4,37.8
1604484735,15.0,25.0,18.0,18.0,25.2,37.6
1604484736,15.0,25.0,18.0,18.0,25.2,37.6
1604484737,15.0,25.0,18.0,18.0,25.2,37.6
1604484738,15.0,24.0,18.0,18.0,25.2,37.6
1604484739,15.0,24.0,18.0,18.0,25.2,37.6
1604484740,15.0,24.0,18.0,17.0,25.3,37.8
1604484741,14.0,23.0,19.0,17.0,25.3,37.8
1604484742,14.0,23.0,19.0,17.0,25.3,37.8
1604484743,14.0,23.0,19.0,18.0,25.3,37.8
1604484744,14.0,22.0,19.0,17.0,25.3,37.8
1604484745,14.0,22.0,19.0,17.0,25.2,37.9
1604484746,14.0,22.0,19.0,18.0,25.2,37.9
1604484747,14.0,22.0,19.0,18.0,25.2,37.9
1604484748,15.0,22.0,20.0,18.0,25.2,37.9
1604484749,15.0,22.0,20.0,18.0,25.2,37.9
1604484750,15.0,22.0,18.0,18.0,25.2,38.5
1604484751,15.0,22.0,17.0,18.0,25.2,38.5
1604484752,15.0,22.0,17.0,18.0,25.2,38.5
1604484753,15.0,22.0,17.0,18.0,25.2,38.5
1604484754,15.0,23.0,17.0,18.0,25.2,38.5
1604484755,15.0,23.0,17.0,18.0,25.2,38.6
1604484756,16.0,23.0,17.0,18.0,25.2,38.6
1604484757,16.0,23.0,17.0,18.0,25.2,38.6
1604484758,16.0,24.0,17.0,18.0,25.2,38.6
1604484759,16.0,24.0,17.0,18.0,25.2,38.6
1604484760,16.0,24.0,17.0,18.0,25.2,38.7
1604484761,16.0,24.0,17.0,18.0,25.2,38.7
1604484762,16.0,24.0,17.0,18.0,25.2,38.7
1604484763,16.0,24.0,17.0,18.0,25.2,38.7
1604484764,16.0,24.0,17.0,18.0,25.2,38.7
1604484765,16.0,24.0,17.0,18.0,25.2,38.9
1604484766,16.0,24.0,17.0,18.0,25.2,38.9
1604484767,15.0,23.0,17.0,18.0,25.2,38.9
1604484768,15.0,23.0,17.0,18.0,25.2,38.9
1604484769,15.0,22.0,17.0,18.0,25.2,38.9
1604484770,15.0,22.0,17.0,17.0,25.2,39.1
1604484771,16.0,22.0,17.0,17.0,25.2,39.1
1604484772,16.0,22.0,17.0,17.0,25.2,39.1
1604484773,16.0,23.0,18.0,17.0,25.2,39.1
1604484774,16.0,23.0,18.0,17.0,25.2,39.1
1604484775,16.0,23.0,18.0,17.0,25.3,39.2
1604484776,16.0,23.0,18.0,18.0,25.3,39.2
1604484777,16.0,23.0,18.0,18.0,25.3,39.2
1604484778,16.0,23.0,19.0,18.0,25.3,39.2
1604484779,16.0,24.0,19.0,18.0,25.3,39.2
1604484780,16.0,24.0,19.0,18.0,25.3,39.3
1604484781,16.0,24.0,19.0,19.0,25.3,39.3
1604484782,16.0,24.0,19.0,19.0,25.3,39.3
1604484783,16.0,24.0,19.0,18.0,25.3,39.3
1604484784,16.0,23.0,19.0,18.0,25.3,39.3
1604484785,16.0,23.0,19.0,18.0,25.2,39.2
1604484786,15.0,23.0,19.0,18.0,25.2,39.2
1604484787,15.0,23.0,19.0,18.0,25.2,39.2
1604484788,15.0,22.0,19.0,18.0,25.2,39.2
1604484789,15.0,22.0,18.0,18.0,25.2,39.2
1604484790,15.0,21.0,18.0,18.0,25.3,39.0
1604484791,15.0,21.0,18.0,18.0,25.3,39.0
1604484792,15.0,20.0,18.0,18.0,25.3,39.0
1604484793,15.0,20.0,18.0,18.0,25.3,39.0
1604484794,16.0,20.0,17.0,18.0,25.3,39.0
1604484795,16.0,20.0,17.0,18.0,25.3,39.2
1604484796,16.0,20.0,17.0,18.0,25.3,39.2
1604484797,16.0,20.0,17.0,18.0,25.3,39.2
1604484798,16.0,20.0,17.0,18.0,25.3,39.2
1604484799,16.0,20.0,18.0,18.0,25.3,39.2
1604484800,16.0,20.0,18.0,18.0,25.3,39.2
1604484801,16.0,20.0,18.0,18.0,25.3,39.2
1604484802,16.0,20.0,18.0,18.0,25.3,39.2
1604484803,16.0,20.0,18.0,17.0,25.3,39.2
1604484804,16.0,20.0,18.0,17.0,25.3,39.2
1604484805,16.0,20.0,18.0,17.0,25.3,39.1
1604484806,16.0,20.0,18.0,17.0,25.3,39.1
1604484807,16.0,20.0,18.0,17.0,25.3,39.1
1604484808,16.0,20.0,18.0,17.0,25.3,39.1
1604484809,16.0,20.0,18.0,17.0,25.3,39.1
1604484810,16.0,20.0,18.0,17.0,25.3,39.1
1604484811,16.0,21.0,18.0,17.0,25.3,39.1
1604484812,16.0,21.0,18.0,17.0,25.3,39.1
1604484813,16.0,21.0,18.0,17.0,25.3,39.1
1604484814,16.0,21.0,19.0,17.0,25.3,39.1
1604484815,16.0,21.0,19.0,17.0,25.3,39.3
1604484816,16.0,21.0,19.0,18.0,25.3,39.3
1604484817,16.0,21.0,19.0,18.0,25.3,39.3
1604484818,16.0,21.0,20.0,17.0,25.3,39.3
1604484819,16.0,21.0,20.0,17.0,25.3,39.3
1604484820,16.0,21.0,20.0,17.0,25.4,39.7
1604484821,16.0,21.0,20.0,17.0,25.4,39.7
1604484822,16.0,21.0,20.0,17.0,25.4,39.7
1604484823,16.0,21.0,19.0,17.0,25.4,39.7
1604484824,16.0,21.0,19.0,17.0,25.4,39.7
1604484825,16.0,21.0,19.0,17.0,25.4,39.7
1604484826,16.0,21.0,19.0,17.0,25.4,39.7
1604484827,16.0,21.0,18.0,18.0,25.4,39.7
1604484828,16.0,21.0,18.0,18.0,25.4,39.7
1604484829,16.0,20.0,17.0,18.0,25.4,39.7
1604484830,16.0,20.0,17.0,18.0,25.3,39.4
1604484831,16.0,20.0,17.0,18.0,25.3,39.4
1604484832,16.0,20.0,17.0,19.0,25.3,39.4
1604484833,16.0,20.0,16.0,19.0,25.3,39.4
1604484834,15.0,20.0,16.0,18.0,25.3,39.4
1604484835,15.0,20.0,16.0,18.0,25.4,39.5
1604484836,15.0,20.0,16.0,18.0,25.4,39.5
1604484837,15.0,20.0,16.0,18.0,25.4,39.5
1604484838,15.0,20.0,16.0,18.0,25.4,39.5
1604484839,15.0,20.0,16.0,18.0,25.4,39.5
1604484840,15.0,20.0,16.0,18.0,25.4,39.4
1604484841,15.0,20.0,16.0,18.0,25.4,39.4
1604484842,15.0,20.0,16.0,18.0,25.4,39.4
1604484843,15.0,20.0,16.0,18.0,25.4,39.4
1604484844,15.0,20.0,16.0,17.0,25.4,39.4
1604484845,15.0,20.0,16.0,17.0,25.4,39.2
1604484846,15.0,20.0,16.0,17.0,25.4,39.2
1604484847,15.0,20.0,16.0,17.0,25.4,39.2
1604484848,15.0,20.0,16.0,17.0,25.4,39.2
1604484849,15.0,20.0,16.0,17.0,25.4,39.2
1604484850,15.0,20.0,16.0,17.0,25.4,39.0
1604484851,15.0,19.0,16.0,17.0,25.4,39.0
1604484852,15.0,19.0,16.0,17.0,25.4,39.0
1604484853,15.0,19.0,16.0,17.0,25.4,39.0
1604484854,15.0,19.0,16.0,17.0,25.4,39.0
1604484855,15.0,19.0,16.0,17.0,25.4,39.1
1604484856,15.0,20.0,16.0,18.0,25.4,39.1
1604484857,15.0,20.0,16.0,18.0,25.4,39.1
1604484858,15.0,20.0,16.0,18.0,25.4,39.1
1604484859,16.0,20.0,16.0,18.0,25.4,39.1
1604484860,16.0,20.0,16.0,18.0,25.4,39.0
1604484861,16.0,20.0,16.0,18.0,25.4,39.0
1604484862,16.0,20.0,16.0,18.0,25.4,39.0
1604484863,16.0,20.0,16.0,18.0,25.4,39.0
1604484864,16.0,20.0,16.0,18.0,25.4,39.0
1604484865,16.0,20.0,16.0,18.0,25.4,39.0
1604484866,16.0,20.0,15.0,17.0,25.4,39.0
1604484867,16.0,20.0,15.0,17.0,25.4,39.0
1604484868,16.0,20.0,15.0,17.0,25.4,39.0
1604484869,16.0,20.0,15.0,17.0,25.4,39.0
1604484870,16.0,20.0,15.0,17.0,25.4,38.9
1604484871,16.0,20.0,16.0,17.0,25.4,38.9
1604484872,16.0,20.0,16.0,16.0,25.4,38.9
1604484873,16.0,20.0,16.0,16.0,25.4,38.9
1604484874,16.0,20.0,16.0,16.0,25.4,38.9
1604484875,16.0,20.0,16.0,16.0,25.4,38.9
1604484876,16.0,20.0,16.0,16.0,25.4,38.9
1604484877,16.0,20.0,17.0,16.0,25.4,38.9
1604484878,16.0,20.0,17.0,16.0,25.4,38.9
1604484879,16.0,20.0,17.0,16.0,25.4,38.9
1604484880,16.0,20.0,17.0,16.0,25.4,39.0
1604484881,16.0,20.0,16.0,16.0,25.4,39.0
1604484882,16.0,20.0,16.0,16.0,25.4,39.0
1604484883,15.0,20.0,16.0,16.0,25.4,39.0
1604484884,15.0,20.0,16.0,16.0,25.4,39.0
1604484885,15.0,20.0,16.0,16.0,25.5,39.2
1604484886,15.0,20.0,16.0,16.0,25.5,39.2
1604484887,15.0,20.0,16.0,16.0,25.5,39.2
1604484888,14.0,20.0,16.0,16.0,25.5,39.2
1604484889,14.0,20.0,17.0,16.0,25.5,39.2
1604484890,14.0,20.0,17.0,16.0,25.4,39.1
1604484891,14.0,20.0,17.0,16.0,25.4,39.1
1604484892,14.0,20.0,17.0,16.0,25.4,39.1
1604484893,14.0,21.0,17.0,16.0,25.4,39.1
1604484894,14.0,21.0,17.0,16.0,25.4,39.1
1604484895,15.0,21.0,17.0,16.0,25.4,39.5
1604484896,15.0,21.0,17.0,16.0,25.4,39.5
1604484897,15.0,22.0,17.0,16.0,25.4,39.5
1604484898,15.0,22.0,17.0,16.0,25.4,39.5
1604484899,15.0,22.0,17.0,16.0,25.4,39.5
1604484900,15.0,22.0,17.0,16.0,25.5,39.8
1604484901,15.0,22.0,17.0,16.0,25.5,39.8
1604484902,15.0,22.0,17.0,16.0,25.5,39.8
1604484903,15.0,21.0,17.0,16.0,25.5,39.8
1604484904,14.0,21.0,17.0,17.0,25.5,39.8
1604484905,14.0,21.0,17.0,17.0,25.5,39.9
1604484906,14.0,21.0,17.0,17.0,25.5,39.9
1604484907,14.0,21.0,17.0,17.0,25.5,39.9
1604484908,14.0,21.0,17.1,17.0,25.5,39.9
1604484909,14.0,21.0,17.2,17.0,25.5,39.9
1604484910,14.0,21.0,17.3,17.0,25.5,39.9
1604484911,14.0,21.0,17.4,17.0,25.5,39.9
1604484912,14.0,21.0,17.5,17.0,25.5,39.9
1604484913,14.0,21.0,17.6,17.0,25.5,39.9
1604484914,14.0,21.0,17.7,17.0,25.5,39.9
1604484915,14.0,21.0,17.8,17.0,25.5,39.9
1604484916,14.0,21.0,17.9,17.0,25.5,39.9
1604484917,14.0,21.0,18.0,17.0,25.5,39.9
1604484918,14.0,22.0,18.0,17.0,25.5,39.9
1604484919,15.0,22.0,18.0,17.0,25.5,40.0
1604484920,15.0,22.0,18.0,17.0,25.5,40.0
1604484921,15.0,22.0,18.0,16.0,25.5,40.0
1604484922,15.0,22.0,18.0,16.0,25.5,40.0
1604484923,15.0,22.0,18.0,16.0,25.5,40.0
1604484924,15.0,22.0,18.0,16.0,25.5,40.0
1604484925,15.0,22.0,18.0,16.0,25.5,40.0
1604484926,15.0,22.0,18.0,16.0,25.5,40.0
1604484927,15.0,22.0,18.0,16.0,25.5,40.0
1604484928,15.0,22.0,17.0,16.0,25.5,40.0
1604484929,15.0,22.0,17.0,16.0,25.4,39.9
1604484930,15.0,22.0,17.0,17.0,25.4,39.9
1604484931,15.0,22.0,17.0,17.0,25.4,39.9
1604484932,15.0,22.0,16.0,17.0,25.4,39.9
1604484933,15.0,22.0,16.0,17.0,25.4,39.9
1604484934,15.0,22.0,16.0,17.0,25.5,39.8
1604484935,15.0,22.0,16.0,17.0,25.5,39.8
1604484936,15.0,21.0,16.0,17.0,25.5,39.8
1604484937,15.0,21.0,16.0,17.0,25.5,39.8
1604484938,15.0,21.0,16.0,17.0,25.5,39.8
1604484939,15.0,21.0,17.0,17.0,25.5,39.7
1604484940,16.0,21.0,17.0,17.0,25.5,39.7
1604484941,16.0,21.0,17.0,17.0,25.5,39.7
1604484942,16.0,21.0,17.0,17.0,25.5,39.7
1604484943,16.0,21.0,17.0,17.0,25.5,39.7
1604484944,16.0,21.0,18.0,17.0,25.5,39.6
1604484945,16.0,21.0,18.0,17.0,25.5,39.6
1604484946,16.0,20.0,17.0,16.0,25.5,39.6
1604484947,16.0,21.0,17.0,17.0,25.5,39.6
1604484948,16.0,21.0,17.0,17.0,25.5,39.6
1604484949,16.0,21.0,17.0,17.0,25.5,39.7
1604484950,16.0,21.0,17.0,17.0,25.5,39.7
1604484951,16.0,21.0,17.0,17.0,25.5,39.7
1604484952,16.0,21.0,17.0,17.0,25.5,39.7
1604484953,16.0,21.0,17.0,17.0,25.5,39.7
1604484954,16.0,21.0,17.0,18.0,25.5,39.6
1604484955,15.0,21.0,17.0,18.0,25.5,39.6
1604484956,15.0,21.0,17.0,18.0,25.5,39.6
1604484957,15.0,21.0,17.0,18.0,25.5,39.6
1604484958,15.0,21.0,17.0,18.0,25.5,39.6
1604484959,15.0,21.0,17.0,18.0,25.5,39.7
1604484960,15.0,21.0,17.0,18.0,25.5,39.7
1604484961,15.0,21.0,17.0,18.0,25.5,39.7
1604484962,15.0,21.0,17.0,18.0,25.5,39.7
1604484963,14.0,20.0,17.0,17.0,25.5,39.7
1604484964,14.0,20.0,18.0,17.0,25.5,39.8
1604484965,14.0,20.0,18.0,17.0,25.5,39.8
1604484966,15.0,20.0,18.0,17.0,25.5,39.8
1604484967,15.0,20.0,18.0,16.0,25.5,39.8
1604484968,15.0,20.0,18.0,16.0,25.5,39.8
1604484969,15.0,20.0,18.0,16.0,25.5,39.8
1604484970,15.0,20.0,18.0,16.0,25.5,39.8
1604484971,15.0,20.0,18.0,16.0,25.5,39.8
1604484972,15.0,20.0,17.0,16.0,25.5,39.8
1604484973,15.0,20.0,17.0,16.0,25.5,39.8
1604484974,15.0,20.0,17.0,16.0,25.5,40.1
1604484975,15.0,20.0,17.0,16.0,25.5,40.1
1604484976,15.0,20.0,17.0,16.0,25.5,40.1
1604484977,15.0,20.0,16.0,16.0,25.5,40.1
1604484978,15.0,20.0,16.0,16.0,25.5,40.1
1604484979,15.0,20.0,16.0,16.0,25.5,40.1
1604484980,15.0,20.0,16.0,16.0,25.5,40.1
1604484981,15.0,20.0,15.0,16.0,25.5,40.1
1604484982,14.0,20.0,15.0,16.0,25.5,40.1
1604484983,14.0,20.0,15.0,16.0,25.5,40.1
1604484984,14.0,20.0,15.0,16.0,25.5,40.1
1604484985,14.0,19.0,15.0,16.0,25.5,40.1
1604484986,13.0,19.0,15.0,16.0,25.5,40.1
1604484987,13.0,19.0,15.0,16.0,25.5,40.1
1604484988,13.0,20.0,15.0,16.0,25.5,40.1
1604484989,13.0,20.0,16.0,16.0,25.5,40.2
1604484990,13.0,20.0,16.0,16.0,25.5,40.2
1604484991,14.0,20.0,17.0,16.0,25.5,40.2
1604484992,14.0,21.0,17.0,16.0,25.5,40.2
1604484993,14.0,21.0,17.0,16.0,25.5,40.2
1604484994,14.0,21.0,18.0,16.0,25.5,40.3
1604484995,14.0,21.0,18.0,16.0,25.5,40.3
1604484996,14.0,21.0,18.0,16.0,25.5,40.3
1604484997,15.0,21.0,19.0,16.0,25.5,40.3
1604484998,15.0,21.0,19.0,16.0,25.5,40.3
1604484999,15.0,21.0,19.0,17.0,25.5,40.8
1604485000,15.0,21.0,19.0,17.0,25.5,40.8
1604485001,15.0,21.0,19.0,17.0,25.5,40.8
1604485002,15.0,20.0,19.0,17.0,25.5,40.8
1604485003,15.0,20.0,19.0,17.0,25.5,40.8
1604485004,15.0,20.0,19.0,17.0,25.5,40.9
1604485005,15.0,20.0,19.0,17.0,25.5,40.9
1604485006,15.0,20.0,18.0,17.0,25.5,40.9
1604485007,15.0,20.0,18.0,16.0,25.5,40.9
1604485008,15.0,20.0,17.0,16.0,25.5,40.9
1604485009,15.0,20.0,17.0,16.0,25.5,40.9
1604485010,15.0,20.0,16.0,16.0,25.5,40.9
1604485011,15.0,20.0,16.0,16.0,25.5,40.9
1604485012,15.0,20.0,16.0,16.0,25.5,40.9
1604485013,15.0,20.0,16.0,15.0,25.5,40.9
1604485014,15.0,20.0,17.0,15.0,25.6,40.8
1604485015,15.0,21.0,17.0,15.0,25.6,40.8
1604485016,15.0,21.0,17.0,15.0,25.6,40.8
1604485017,15.0,21.0,17.0,15.0,25.6,40.8
1604485018,15.0,21.0,18.0,15.0,25.6,40.8
1604485019,15.0,21.0,18.0,15.0,25.5,40.3
1604485020,14.0,21.0,18.0,15.0,25.5,40.3
1604485021,14.0,21.0,19.0,16.0,25.5,40.3
1604485022,14.0,21.0,19.0,16.0,25.5,40.3
1604485023,14.0,21.0,19.0,16.0,25.5,40.3
1604485024,13.0,21.0,19.0,16.0,25.6,40.3
1604485025,13.0,21.0,20.0,16.0,25.6,40.3
1604485026,13.0,21.0,20.0,16.0,25.6,40.3
1604485027,13.0,21.0,20.0,16.0,25.6,40.3
1604485028,13.0,21.0,19.0,16.0,25.6,40.3
1604485029,13.0,22.0,19.0,16.0,25.6,40.2
1604485030,13.0,22.0,19.0,16.0,25.6,40.2
1604485031,14.0,22.0,19.0,16.0,25.6,40.2
1604485032,14.0,22.0,19.0,16.0,25.6,40.2
1604485033,14.0,22.0,19.0,15.0,25.6,40.2
1604485034,14.0,22.0,19.0,15.0,25.6,40.3
1604485035,15.0,22.0,18.0,15.0,25.6,40.3
1604485036,15.0,21.0,18.0,15.0,25.6,40.3
1604485037,15.0,21.0,18.0,15.0,25.6,40.3
1604485038,15.0,21.0,18.0,15.0,25.6,40.3
1604485039,15.0,21.0,18.0,15.5,25.6,40.35
1604485040,15.0,21.0,18.0,16.0,25.6,40.4
1604485041,15.0,21.0,18.0,16.0,25.6,40.4
1604485042,15.0,21.0,18.0,16.0,25.6,40.4
1604485043,15.0,21.0,18.0,16.0,25.6,40.4
1604485044,15.0,21.0,17.0,16.0,25.6,40.4
1604485045,15.0,21.0,17.0,16.0,25.6,40.4
1604485046,15.0,21.0,17.0,16.0,25.6,40.4
1604485047,15.0,21.0,17.0,16.0,25.6,40.4
1604485048,15.0,21.0,17.0,16.0,25.6,40.4
1604485049,15.0,21.0,17.0,16.0,25.6,40.4
1604485050,15.0,21.0,16.0,16.0,25.6,40.5
1604485051,14.0,21.0,16.0,16.0,25.6,40.5
1604485052,14.0,22.0,16.0,16.0,25.6,40.5
1604485053,14.0,22.0,16.0,16.0,25.6,40.5
1604485054,14.0,22.0,16.0,16.0,25.6,40.5
1604485055,14.0,21.0,16.0,16.0,25.6,40.3
1604485056,14.0,21.0,16.0,16.0,25.6,40.3
1604485057,14.0,21.0,16.0,16.0,25.6,40.3
1604485058,14.0,21.0,16.0,16.0,25.6,40.3
1604485059,14.0,21.0,16.0,16.0,25.6,40.3
1604485060,14.0,20.0,17.0,16.0,25.6,40.4
1604485061,15.0,20.0,17.0,16.0,25.6,40.4
1604485062,15.0,20.0,17.0,16.0,25.6,40.4
1604485063,14.0,20.0,17.0,17.0,25.6,40.4
1604485064,14.0,20.0,17.0,17.0,25.6,40.4
1604485065,15.0,20.0,17.0,17.0,25.6,40.4
1604485066,14.0,20.0,17.0,17.0,25.6,40.4
1604485067,15.0,20.0,17.0,17.0,25.6,40.4
1604485068,15.0,20.0,17.0,17.0,25.6,40.4
1604485069,15.0,20.0,16.0,17.0,25.6,40.4
1604485070,15.0,20.0,16.0,17.0,25.6,40.3
1604485071,15.0,20.0,16.0,17.0,25.6,40.3
1604485072,15.0,20.0,16.0,17.0,25.6,40.3
1604485073,15.0,20.0,16.0,17.0,25.6,40.3
1604485074,15.0,20.0,16.0,17.0,25.6,40.3
1604485075,16.0,20.0,16.0,17.0,25.6,39.8
1604485076,16.0,19.0,16.0,17.0,25.6,39.8
1604485077,16.0,19.0,16.0,17.0,25.6,39.8
1604485078,15.0,19.0,16.0,17.0,25.6,39.8
1604485079,15.0,19.0,16.0,17.0,25.6,39.8
1604485080,15.0,19.0,16.0,17.0,25.6,40.0
1604485081,15.0,19.0,16.0,17.0,25.6,40.0
1604485082,15.0,19.0,16.0,17.0,25.6,40.0
1604485083,14.0,19.0,16.0,17.0,25.6,40.0
1604485084,14.0,19.0,16.0,17.0,25.6,40.0
1604485085,14.0,19.0,16.0,17.0,25.6,40.0
1604485086,13.0,19.0,16.0,17.0,25.6,40.0
1604485087,13.0,19.0,15.0,17.0,25.6,40.0
1604485088,13.0,19.0,15.0,17.0,25.6,40.0
1604485089,13.0,19.0,15.0,16.0,25.6,40.0
1604485090,13.0,19.0,15.0,16.0,25.6,39.9
1604485091,13.0,20.0,15.0,16.0,25.6,39.9
1604485092,13.0,20.0,15.0,16.0,25.6,39.9
1604485093,13.0,20.0,15.0,16.0,25.6,39.9
1604485094,13.0,20.0,15.0,16.0,25.6,39.9
1604485095,14.0,20.0,15.0,16.0,25.6,39.8
1604485096,14.0,20.0,15.0,17.0,25.6,39.8
1604485097,14.0,21.0,15.0,17.0,25.6,39.8
1604485098,14.0,21.0,15.0,17.0,25.6,39.8
1604485099,14.0,21.0,15.0,18.0,25.6,39.8
1604485100,15.0,21.0,15.0,18.0,25.6,39.2
1604485101,15.0,21.0,15.0,18.0,25.6,39.2
1604485102,15.0,20.0,15.0,18.0,25.6,39.2
1604485103,14.0,20.0,15.0,19.0,25.6,39.2
1604485104,14.0,20.0,15.0,19.0,25.6,39.2
1604485105,14.0,20.0,15.0,19.0,25.6,39.2
1604485106,14.0,20.0,15.0,19.0,25.6,39.2
1604485107,14.0,20.0,15.0,19.0,25.6,39.2
1604485108,14.0,20.0,15.0,19.0,25.6,39.2
1604485109,14.0,20.0,15.0,18.0,25.6,39.2
1604485110,14.0,20.0,16.0,18.0,25.6,39.2
1604485111,14.0,20.0,16.0,18.0,25.6,39.2
1604485112,14.0,21.0,16.0,18.0,25.6,39.2
1604485113,14.0,21.0,16.0,18.0,25.6,39.2
1604485114,14.0,21.0,16.0,17.0,25.6,39.2
1604485115,14.0,21.0,17.0,17.0,25.6,39.2
1604485116,14.0,21.0,17.0,17.0,25.6,39.2
1604485117,14.0,21.0,17.0,17.0,25.6,39.2
1604485118,14.0,21.0,17.0,17.0,25.6,39.2
1604485119,14.0,21.0,17.0,17.0,25.6,39.2
1604485120,14.0,21.0,16.0,17.0,25.6,39.0
1604485121,14.0,20.0,16.0,17.0,25.6,39.0
1604485122,14.0,20.0,16.0,17.0,25.6,39.0
1604485123,14.0,20.0,16.0,17.0,25.6,39.0
1604485124,14.0,20.0,16.0,17.0,25.6,39.0
1604485125,14.0,20.0,16.0,17.0,25.6,39.2
1604485126,14.0,20.0,16.0,17.0,25.6,39.2
1604485127,14.0,20.0,16.0,17.0,25.6,39.2
1604485128,14.0,20.0,16.0,17.0,25.6,39.2
1604485129,14.0,20.0,16.0,16.0,25.6,39.2
1604485130,14.0,20.0,16.0,16.0,25.61111111111111,39.21111111111112
1604485131,14.0,20.0,16.0,16.0,25.622222222222224,39.22222222222222
1604485132,14.0,20.0,16.0,16.0,25.633333333333333,39.23333333333333
1604485133,14.0,20.0,16.0,16.0,25.64444444444445,39.24444444444445
1604485134,14.0,20.0,16.0,16.0,25.655555555555555,39.25555555555555
1604485135,14.0,20.0,16.0,16.0,25.666666666666668,39.266666666666666
1604485136,14.0,20.0,16.0,16.0,25.677777777777777,39.27777777777778
1604485137,14.0,20.0,16.0,16.0,25.68888888888889,39.28888888888888
1604485138,14.0,20.0,16.0,16.0,25.7,39.3
1604485139,14.0,20.0,16.0,16.0,25.7,39.3
1604485140,14.0,20.0,16.0,16.0,25.7,39.3
1604485141,14.0,21.0,16.0,16.0,25.7,39.3
1604485142,14.0,21.0,16.0,16.0,25.7,39.3
1604485143,14.0,21.0,16.0,16.0,25.6,39.2
1604485144,14.0,21.0,16.0,17.0,25.6,39.2
1604485145,14.0,21.0,16.0,17.0,25.6,39.2
1604485146,14.0,21.0,16.0,17.0,25.6,39.2
1604485147,14.0,21.0,16.0,17.0,25.6,39.2
1604485148,14.0,21.0,16.0,17.0,25.7,39.1
1604485149,14.0,21.0,16.0,17.0,25.7,39.1
1604485150,14.0,21.0,16.0,18.0,25.7,39.1
1604485151,15.0,21.0,16.0,18.0,25.7,39.1
1604485152,15.0,21.0,16.0,18.0,25.7,39.1
1604485153,15.0,20.0,16.0,18.0,25.6,38.0
1604485154,15.0,20.0,16.0,18.0,25.6,38.0
1604485155,15.0,20.0,16.0,18.0,25.6,38.0
1604485156,15.0,20.0,16.0,18.0,25.6,38.0
1604485157,16.0,19.0,16.0,18.0,25.6,38.0
1604485158,16.0,19.0,16.0,18.0,25.7,37.8
1604485159,15.0,19.0,16.0,18.0,25.7,37.8
1604485160,15.0,19.0,16.0,18.0,25.7,37.8
1604485161,15.0,19.0,16.0,18.0,25.7,37.8
1604485162,15.0,19.0,16.0,18.0,25.7,37.8
1604485163,15.0,19.0,16.0,18.0,25.7,37.8
1604485164,15.0,19.0,16.0,18.0,25.7,37.8
1604485165,15.0,19.0,16.0,18.0,25.7,37.8
1604485166,15.0,19.0,16.0,18.0,25.7,37.8
1604485167,15.0,19.0,16.0,18.0,25.7,37.8
1604485168,15.0,19.0,16.0,18.0,25.7,37.6
1604485169,15.0,19.0,16.0,18.0,25.7,37.6
1604485170,15.0,19.0,16.0,18.0,25.7,37.6
1604485171,15.0,19.0,16.0,18.0,25.7,37.6
1604485172,15.0,19.0,16.0,18.0,25.7,37.6
1604485173,15.0,19.0,15.0,18.0,25.7,37.8
1604485174,15.0,19.0,15.0,18.0,25.7,37.8
1604485175,15.0,19.0,15.0,18.0,25.7,37.8
1604485176,15.0,19.0,15.0,18.0,25.7,37.8
1604485177,15.0,19.0,15.0,18.0,25.7,37.8
1604485178,15.0,20.0,15.0,17.0,25.7,37.7
1604485179,15.0,20.0,15.0,17.0,25.7,37.7
1604485180,15.0,19.0,15.0,17.0,25.7,37.7
1604485181,15.0,19.0,15.0,17.0,25.7,37.7
1604485182,15.0,19.0,15.0,17.0,25.7,37.7
1604485183,15.0,19.0,15.0,17.0,25.7,37.6
1604485184,15.0,19.0,15.0,17.0,25.7,37.6
1604485185,15.0,19.0,15.0,17.0,25.7,37.6
1604485186,15.0,19.0,15.0,17.0,25.7,37.6
1604485187,15.0,18.0,15.0,17.0,25.7,37.6
1604485188,15.0,18.0,15.0,17.0,25.7,37.4
1604485189,15.0,18.0,15.0,17.0,25.7,37.4
1604485190,15.0,18.0,15.0,17.0,25.7,37.4
1604485191,15.0,18.0,15.0,17.0,25.7,37.4
1604485192,14.0,18.0,15.0,17.0,25.7,37.4
1604485193,14.0,18.0,15.0,18.0,25.7,37.5
1604485194,14.0,18.0,15.0,18.0,25.7,37.5
1604485195,14.0,18.0,15.0,18.0,25.7,37.5
1604485196,14.0,18.0,15.0,18.0,25.7,37.5
1604485197,13.0,18.0,15.0,18.0,25.7,37.5
1604485198,13.0,18.0,15.0,18.0,25.7,37.4
1604485199,13.0,18.0,15.0,18.0,25.7,37.4
1604485200,13.0,18.0,15.0,18.0,25.7,37.4
1604485201,13.0,18.0,15.0,18.0,25.7,37.4
1604485202,13.0,18.0,15.0,17.0,25.7,37.4
1604485203,13.0,18.0,15.0,17.0,25.7,37.6
1604485204,13.0,19.0,15.0,17.0,25.7,37.6
1604485205,13.0,19.0,15.0,17.0,25.7,37.6
1604485206,13.0,19.0,15.0,17.0,25.7,37.6
1604485207,13.0,19.0,15.0,17.0,25.7,37.6
1604485208,13.0,19.0,15.0,17.0,25.7,37.8
1604485209,13.0,19.0,15.0,17.0,25.7,37.8
1604485210,13.0,19.0,15.0,17.0,25.7,37.8
1604485211,13.0,19.0,15.0,17.0,25.7,37.8
1604485212,13.0,19.0,15.0,17.0,25.7,37.8
1604485213,13.0,19.0,15.0,17.0,25.8,37.9
1604485214,13.0,19.0,15.0,17.0,25.8,37.9
1604485215,14.0,18.0,15.0,17.0,25.8,37.9
1604485216,14.0,18.0,14.0,17.0,25.8,37.9
1604485217,14.0,18.0,14.0,17.0,25.8,37.9
1604485218,14.0,18.0,14.0,17.0,25.8,38.0
1604485219,14.0,18.0,14.0,17.0,25.8,38.0
1604485220,14.0,18.0,14.0,17.0,25.8,38.0
1604485221,14.0,18.0,15.0,17.0,25.8,38.0
1604485222,14.0,18.0,15.0,17.0,25.8,38.0
1604485223,14.0,18.0,15.0,17.0,25.7,37.8
1604485224,14.0,18.0,15.0,17.0,25.7,37.8
1604485225,14.0,18.0,15.0,17.0,25.7,37.8
1604485226,13.0,18.0,15.0,17.0,25.7,37.8
1604485227,14.0,18.0,15.0,17.0,25.7,37.8
1604485228,14.0,18.0,15.0,17.0,25.8,38.2
1604485229,13.0,18.0,15.0,17.0,25.8,38.2
1604485230,13.0,18.0,15.0,17.0,25.8,38.2
1604485231,13.0,18.0,15.0,17.0,25.8,38.2
1604485232,14.0,18.0,15.0,17.0,25.8,38.2
1604485233,14.0,18.0,15.0,17.0,25.7,38.2
1604485234,14.0,18.0,15.0,18.0,25.7,38.2
1604485235,14.0,18.0,15.0,17.0,25.7,38.2
1604485236,14.0,18.0,15.0,17.0,25.7,38.2
1604485237,15.0,18.0,16.0,17.0,25.7,38.2
1604485238,15.0,18.0,16.0,17.0,25.9,38.3
1604485239,15.0,18.0,16.0,17.0,25.9,38.3
1604485240,15.0,18.0,16.0,17.0,25.9,38.3
1604485241,15.0,17.0,16.0,17.0,25.9,38.3
1604485242,15.0,17.0,16.0,17.0,25.9,38.3
1604485243,15.0,17.0,16.0,17.0,25.8,38.2
1604485244,15.0,17.0,16.0,17.0,25.8,38.2
1604485245,15.0,17.0,16.0,17.0,25.8,38.2
1604485246,15.0,16.0,16.0,17.0,25.8,38.2
1604485247,14.0,16.0,16.0,16.0,25.8,38.2
1604485248,14.0,16.0,16.0,16.0,25.8,38.2
1604485249,14.0,16.0,15.0,16.0,25.8,38.2
1604485250,14.0,16.0,15.0,16.0,25.8,38.2
1604485251,14.0,16.0,15.0,15.0,25.8,38.2
1604485252,14.0,16.0,15.0,15.0,25.8,38.2
1604485253,13.0,16.0,15.0,15.0,25.8,38.2
1604485254,13.0,17.0,15.0,15.0,25.8,38.2
1604485255,13.0,17.0,15.0,15.0,25.8,38.2
1604485256,13.0,17.0,15.0,15.0,25.8,38.2
1604485257,13.0,17.0,15.0,15.0,25.8,38.2
1604485258,13.0,17.0,15.0,15.0,25.8,38.2
1604485259,13.0,17.0,15.0,16.0,25.8,38.2
1604485260,13.0,17.0,15.0,16.0,25.8,38.2
1604485261,13.0,17.0,15.0,16.0,25.8,38.2
1604485262,13.0,17.0,16.0,16.0,25.8,38.2
1604485263,13.0,17.0,16.0,16.0,25.8,38.0
1604485264,13.0,17.0,16.0,16.0,25.8,38.0
1604485265,14.0,17.0,16.0,16.0,25.8,38.0
1604485266,14.0,17.0,17.0,16.0,25.8,38.0
1604485267,14.0,17.0,17.0,16.0,25.8,38.0
1604485268,14.0,17.0,17.0,16.0,25.8,37.9
1604485269,14.0,18.0,17.0,15.0,25.8,37.9
1604485270,14.0,18.0,17.0,15.0,25.8,37.9
1604485271,15.0,18.0,17.0,15.0,25.8,37.9
1604485272,15.0,18.0,17.0,15.0,25.8,37.9
1604485273,15.0,18.0,17.0,15.0,25.9,37.9
1604485274,15.0,18.0,16.0,15.0,25.9,37.9
1604485275,15.0,18.0,17.0,15.0,25.9,37.9
1604485276,15.0,18.0,17.0,15.0,25.9,37.9
1604485277,15.0,18.0,17.0,15.0,25.9,37.9
1604485278,15.0,18.0,17.0,15.0,25.9,37.7
1604485279,15.0,18.0,17.0,15.0,25.9,37.7
1604485280,15.0,18.0,15.0,15.0,25.9,37.7
1604485281,15.0,18.0,15.0,15.0,25.9,37.7
1604485282,14.0,18.0,15.0,15.0,25.9,37.7
1604485283,14.0,18.0,15.0,15.0,25.9,37.7
1604485284,14.0,18.0,15.0,15.0,25.9,37.7
1604485285,14.0,18.0,16.0,15.0,25.9,37.7
1604485286,14.0,18.0,16.0,15.0,25.9,37.7
1604485287,14.0,18.0,16.0,15.0,25.9,37.7
1604485288,13.0,18.0,16.0,15.0,25.9,37.6
1604485289,13.0,19.0,16.0,15.0,25.9,37.6
1604485290,13.0,19.0,16.0,15.0,25.9,37.6
1604485291,13.0,19.0,16.0,15.0,25.9,37.6
1604485292,13.0,19.0,17.0,15.0,25.9,37.6
1604485293,13.0,19.0,17.0,15.0,25.9,37.6
1604485294,13.0,19.0,17.0,15.0,25.9,37.6
1604485295,13.0,19.0,17.0,15.0,25.9,37.6
1604485296,13.0,19.0,17.0,15.0,25.9,37.6
1604485297,13.0,19.0,17.0,15.0,25.9,37.6
1604485298,13.0,19.0,18.0,15.0,25.9,37.5
1604485299,13.0,18.0,18.0,15.0,25.9,37.5
1604485300,13.0,18.0,19.0,15.0,25.9,37.5
1604485301,13.0,18.0,19.0,15.0,25.9,37.5
1604485302,14.0,18.0,19.0,15.0,25.9,37.5
1604485303,14.0,17.0,18.0,15.0,25.9,37.0
1604485304,14.0,17.0,18.0,15.0,25.9,37.0
1604485305,14.0,17.0,18.0,15.0,25.9,37.0
1604485306,14.0,17.0,18.0,15.0,25.9,37.0
1604485307,14.0,17.0,18.0,15.0,25.9,37.0
1604485308,15.0,17.0,18.0,16.0,25.9,36.9
1604485309,15.0,17.0,17.0,16.0,25.9,36.9
1604485310,15.0,17.0,17.0,16.0,25.9,36.9
1604485311,15.0,17.0,17.0,16.0,25.9,36.9
1604485312,15.0,17.0,17.0,16.0,25.9,36.9
1604485313,15.0,17.0,17.0,16.0,25.9,37.0
1604485314,14.0,17.0,17.0,16.0,25.9,37.0
1604485315,14.0,17.0,17.0,16.0,25.9,37.0
1604485316,14.0,17.0,17.0,17.0,25.9,37.0
1604485317,14.0,17.0,17.0,17.0,25.9,37.0
1604485318,14.0,17.0,17.0,16.0,25.9,37.2
1604485319,14.0,17.0,17.0,16.0,25.9,37.2
1604485320,14.0,17.0,17.0,16.0,25.9,37.2
1604485321,14.0,18.0,17.0,16.0,25.9,37.2
1604485322,14.0,18.0,17.0,16.0,25.9,37.2
1604485323,14.0,18.0,17.0,16.0,25.9,37.2
1604485324,14.0,18.0,17.0,16.0,25.9,37.2
1604485325,14.0,18.0,17.0,16.0,25.9,37.2
1604485326,15.0,18.0,17.0,16.0,25.9,37.2
1604485327,15.0,19.0,16.0,16.0,25.9,37.2
1604485328,14.0,19.0,16.0,16.0,25.9,37.1
1604485329,14.0,19.0,16.0,16.0,25.9,37.1
1604485330,14.0,19.0,16.0,15.0,25.9,37.1
1604485331,14.0,19.0,16.0,15.0,25.9,37.1
1604485332,14.0,19.0,16.0,15.0,25.9,37.1
1604485333,14.0,19.0,16.0,15.0,25.9,37.2
1604485334,14.0,19.0,16.0,15.0,25.9,37.2
1604485335,14.0,19.0,16.0,15.0,25.9,37.2
1604485336,14.0,19.0,16.0,15.0,25.9,37.2
1604485337,14.0,19.0,16.0,15.0,25.9,37.2
1604485338,14.0,19.0,16.0,15.0,25.9,37.0
1604485339,14.0,19.0,16.0,15.0,25.9,37.0
1604485340,14.0,19.0,17.0,15.0,25.9,37.0
1604485341,14.0,19.0,17.0,15.0,25.9,37.0
1604485342,14.0,19.0,17.0,16.0,25.9,37.0
1604485343,14.0,19.0,17.0,16.0,26.0,37.2
1604485344,14.0,19.0,18.0,16.0,26.0,37.2
1604485345,14.0,19.0,18.0,16.0,26.0,37.2
1604485346,14.0,19.0,18.0,16.0,26.0,37.2
1604485347,14.0,19.0,18.0,16.0,26.0,37.2
1604485348,14.0,17.0,18.0,16.0,26.0,37.3
1604485349,13.88888888888889,17.0,18.0,16.0,26.0,37.3
1604485350,13.77777777777778,17.0,18.0,16.0,26.0,37.3
1604485351,13.666666666666666,17.0,18.0,16.0,26.0,37.3
1604485352,13.555555555555555,17.0,18.0,16.0,26.0,37.3
1604485353,13.444444444444445,17.0,18.0,16.0,26.0,37.3
1604485354,13.333333333333334,17.0,18.0,16.0,26.0,37.3
1604485355,13.22222222222222,17.0,18.0,16.0,26.0,37.3
1604485356,13.11111111111111,17.0,18.0,16.0,26.0,37.3
1604485357,13.0,17.0,18.0,16.0,26.0,37.3
1604485358,13.0,17.0,18.0,16.0,26.0,37.3
1604485359,13.0,17.0,18.0,16.0,26.0,37.3
1604485360,13.0,17.0,17.0,16.0,26.0,37.3
1604485361,13.0,16.0,17.0,16.0,26.0,37.5
1604485362,13.0,16.0,17.0,16.0,26.0,37.5
1604485363,13.0,16.0,17.0,16.0,26.0,37.5
1604485364,13.0,16.0,17.0,16.0,26.0,37.5
1604485365,13.0,16.0,17.0,15.0,26.0,37.5
1604485366,13.0,16.0,17.0,16.0,26.0,37.5
1604485367,13.0,16.0,18.0,16.0,26.0,37.5
1604485368,13.0,16.0,18.0,16.0,26.0,37.5
1604485369,13.0,16.0,18.0,16.0,26.0,37.5
1604485370,13.0,16.0,18.0,16.0,26.0,37.5
1604485371,13.0,16.0,19.0,16.0,26.0,37.5
1604485372,13.0,16.0,19.0,16.0,26.0,37.5
1604485373,13.0,16.0,19.0,16.0,26.0,37.5
1604485374,13.0,16.0,19.0,16.0,26.0,37.5
1604485375,13.0,16.0,19.0,16.0,26.0,37.5
1604485376,13.0,16.0,19.0,16.0,26.0,37.6
1604485377,13.0,16.0,19.0,16.0,26.0,37.6
1604485378,13.0,16.0,19.0,16.0,26.0,37.6
1604485379,13.0,16.0,19.0,16.0,26.0,37.6
1604485380,13.0,16.0,19.0,16.0,26.0,37.6
1604485381,13.0,16.0,19.0,16.0,26.0,37.1
1604485382,14.0,16.0,18.0,16.0,26.0,37.1
1604485383,14.0,16.0,18.0,16.0,26.0,37.1
1604485384,14.0,16.0,18.0,16.0,26.0,37.1
1604485385,14.0,16.0,18.0,16.0,26.0,37.1
1604485386,14.0,16.0,17.0,16.0,26.0,37.1
1604485387,14.0,16.0,17.0,16.0,26.0,37.1
1604485388,14.0,16.0,17.0,16.0,26.0,37.1
1604485389,14.0,16.0,17.0,16.0,26.0,37.1
1604485390,14.0,16.0,17.0,16.0,26.0,37.1
1604485391,14.0,17.0,17.0,16.0,26.0,37.1
1604485392,14.0,17.0,17.0,16.0,26.0,37.1
1604485393,14.0,17.0,17.0,16.0,26.0,37.1
1604485394,14.0,17.0,17.0,16.0,26.0,37.1
1604485395,14.0,18.0,16.0,16.0,26.0,37.1
1604485396,14.0,18.0,16.0,16.0,26.0,36.9
1604485397,14.0,18.0,16.0,16.0,26.0,36.9
1604485398,14.0,18.0,16.0,16.0,26.0,36.9
1604485399,14.0,18.0,16.0,16.0,26.0,36.9
1604485400,14.0,19.0,16.0,16.0,26.0,36.9
1604485401,14.0,19.0,16.0,16.0,26.0,37.1
1604485402,14.0,18.0,16.0,16.0,26.0,37.1
1604485403,14.0,18.0,16.0,16.0,26.0,37.1
1604485404,14.0,18.0,16.0,16.0,26.0,37.1
1604485405,14.0,18.0,16.0,16.0,26.0,37.1
1604485406,14.0,18.0,17.0,16.0,26.0,37.0
1604485407,14.0,17.0,17.0,16.0,26.0,37.0
1604485408,14.0,17.0,17.0,15.0,26.0,37.0
1604485409,14.0,17.0,17.0,15.0,26.0,37.0
1604485410,14.0,16.0,17.0,15.0,26.0,37.0
1604485411,15.0,16.0,17.0,15.0,26.0,37.0
1604485412,15.0,16.0,17.0,16.0,26.0,37.0
1604485413,15.0,16.0,17.0,16.0,26.0,37.0
1604485414,15.0,16.0,17.0,16.0,26.0,37.0
1604485415,15.0,15.0,17.0,16.0,26.0,37.0
1604485416,15.0,15.0,17.0,16.0,26.0,37.1
1604485417,15.0,15.0,17.0,16.0,26.0,37.1
1604485418,15.0,15.0,17.0,16.0,26.0,37.1
1604485419,15.0,16.0,16.0,16.0,26.0,37.1
1604485420,16.0,16.0,16.0,16.0,26.0,37.1
1604485421,16.0,16.0,16.0,16.0,26.0,37.1
1604485422,16.0,16.0,16.0,16.0,26.0,37.1
1604485423,16.0,16.0,16.0,16.0,26.0,37.1
1604485424,16.0,16.0,16.0,16.0,26.0,37.1
1604485425,16.0,16.0,16.0,16.0,26.0,37.1
1604485426,16.0,17.0,16.0,16.0,26.1,37.4
1604485427,16.0,17.0,16.0,17.0,26.1,37.4
1604485428,16.0,17.0,16.0,17.0,26.1,37.4
1604485429,16.0,16.0,16.0,17.0,26.1,37.4
1604485430,16.0,16.0,16.0,17.0,26.1,37.4
1604485431,15.0,16.0,16.0,16.0,26.1,37.5
1604485432,15.0,16.0,16.0,16.0,26.1,37.5
1604485433,15.0,16.0,17.0,16.0,26.1,37.5
1604485434,15.0,16.0,17.0,16.0,26.1,37.5
1604485435,15.0,16.0,17.0,16.0,26.1,37.5
1604485436,15.0,16.0,17.0,16.0,26.0,37.6
1604485437,15.0,16.0,18.0,16.0,26.0,37.6
1604485438,15.0,16.0,18.0,16.0,26.0,37.6
1604485439,15.0,16.0,18.0,16.0,26.0,37.6
1604485440,15.0,16.0,18.0,16.0,26.0,37.6
1604485441,15.0,16.0,18.0,17.0,26.1,38.3
1604485442,16.0,16.0,18.0,17.0,26.1,38.3
1604485443,16.0,16.0,18.0,17.0,26.1,38.3
1604485444,16.0,16.0,18.0,17.0,26.1,38.3
1604485445,16.0,16.0,18.0,17.0,26.1,38.3
1604485446,15.0,15.0,18.0,18.0,26.1,38.4
1604485447,15.0,15.0,18.0,18.0,26.1,38.4
1604485448,15.0,15.0,17.0,18.0,26.1,38.4
1604485449,15.0,15.0,17.0,18.0,26.1,38.4
1604485450,15.0,16.0,16.0,18.0,26.1,38.4
1604485451,15.0,16.0,16.0,18.0,26.1,38.4
1604485452,15.0,16.0,16.0,17.0,26.1,38.4
1604485453,15.0,16.0,16.0,17.0,26.1,38.4
1604485454,15.0,16.0,15.0,17.0,26.1,38.4
1604485455,15.0,16.0,15.0,17.0,26.1,38.4
1604485456,15.0,17.0,15.0,16.0,26.1,38.4
1604485457,15.0,17.0,15.0,16.0,26.1,38.4
1604485458,15.0,17.0,15.0,16.0,26.1,38.4
1604485459,15.0,17.0,15.0,16.0,26.1,38.4
1604485460,15.0,17.0,15.0,16.0,26.1,38.4
1604485461,15.0,17.0,15.0,16.0,26.1,38.4
1604485462,15.0,16.0,15.0,16.0,26.1,38.4
1604485463,15.0,16.0,15.0,16.0,26.1,38.4
1604485464,15.0,16.0,15.0,16.0,26.1,38.4
1604485465,14.0,16.0,15.0,16.0,26.1,38.4
1604485466,14.0,16.0,15.0,16.0,26.1,38.4
1604485467,14.0,16.0,15.0,16.0,26.1,38.4
1604485468,14.0,15.0,15.0,16.0,26.1,38.4
1604485469,14.0,15.0,15.0,16.0,26.1,38.4
1604485470,14.0,16.0,15.0,16.0,26.1,38.4
1604485471,14.0,16.0,14.0,16.0,26.1,38.3
1604485472,13.0,16.0,14.0,16.0,26.1,38.3
1604485473,13.0,16.0,15.0,16.0,26.1,38.3
1604485474,13.0,16.0,15.0,16.0,26.1,38.3
1604485475,13.0,17.0,15.0,16.0,26.1,38.3
1604485476,13.0,17.0,15.0,17.0,26.1,38.1
1604485477,13.0,17.0,15.0,17.0,26.1,38.1
1604485478,13.0,17.0,15.0,17.0,26.1,38.1
1604485479,13.0,17.0,15.0,17.0,26.1,38.1
1604485480,13.0,17.0,15.0,17.0,26.1,38.1
1604485481,14.0,17.0,15.0,17.0,26.2,38.1
1604485482,14.0,17.0,15.0,17.0,26.2,38.1
1604485483,14.0,16.0,15.0,17.0,26.2,38.1
1604485484,14.0,16.0,15.0,17.0,26.2,38.1
1604485485,14.0,17.0,15.0,17.0,26.2,38.1
1604485486,14.0,17.0,15.0,17.0,26.1,38.2
1604485487,14.0,17.0,16.0,17.0,26.1,38.2
1604485488,14.0,17.0,16.0,17.0,26.1,38.2
1604485489,14.0,17.0,16.0,17.0,26.1,38.2
1604485490,14.0,17.0,16.0,17.0,26.1,38.2
1604485491,14.0,17.0,17.0,17.0,26.1,38.1
1604485492,14.0,17.0,17.0,17.0,26.1,38.1
1604485493,14.0,17.0,17.0,17.0,26.1,38.1
1604485494,14.0,16.0,17.0,17.0,26.1,38.1
1604485495,14.0,16.0,17.0,17.0,26.1,38.1
1604485496,14.0,16.0,17.0,17.0,26.1,37.6
1604485497,14.0,15.0,17.0,17.0,26.1,37.6
1604485498,15.0,15.0,16.0,17.0,26.1,37.6
1604485499,15.0,15.0,16.0,17.0,26.1,37.6
1604485500,15.0,15.0,16.0,17.0,26.1,37.6
1604485501,15.0,14.0,15.0,17.0,26.1,37.5
1604485502,15.0,14.0,15.0,17.0,26.1,37.5
1604485503,15.0,14.0,15.0,17.0,26.1,37.5
1604485504,15.0,15.0,15.0,17.0,26.1,37.5
1604485505,15.0,15.0,15.0,17.0,26.1,37.5
1604485506,15.0,16.0,15.0,17.0,26.1,37.5
1604485507,15.0,16.0,15.0,17.0,26.1,37.5
1604485508,15.0,16.0,15.0,17.0,26.1,37.5
1604485509,15.0,17.0,15.0,17.0,26.1,37.5
1604485510,15.0,17.0,16.0,17.0,26.1,37.5
1604485511,14.0,17.0,16.0,17.0,26.2,37.5
1604485512,14.0,18.0,16.0,17.0,26.2,37.5
1604485513,14.0,18.0,16.0,17.0,26.2,37.5
1604485514,14.0,18.0,16.0,17.0,26.2,37.5
1604485515,14.0,18.0,16.0,17.0,26.2,37.5
1604485516,13.0,18.0,16.0,17.0,26.2,37.4
1604485517,13.0,18.0,15.0,17.0,26.2,37.4
1604485518,13.0,18.0,15.0,16.0,26.2,37.4
1604485519,13.0,18.0,15.0,16.0,26.2,37.4
1604485520,13.0,18.0,15.0,16.0,26.2,37.4
1604485521,13.0,17.0,15.0,16.0,26.2,37.4
1604485522,13.0,17.0,15.0,16.0,26.2,37.4
1604485523,13.0,17.0,15.0,16.0,26.2,37.4
1604485524,13.0,17.0,15.0,16.0,26.2,37.4
1604485525,13.0,17.0,15.0,16.0,26.2,37.4
1604485526,13.0,17.0,15.0,16.0,26.0,37.5
1604485527,13.0,17.0,15.0,16.0,26.0,37.5
1604485528,14.0,17.0,15.0,16.0,26.0,37.5
1604485529,14.0,17.0,16.0,16.0,26.0,37.5
1604485530,14.0,17.0,16.0,16.0,26.0,37.5
1604485531,13.0,17.0,16.0,16.0,26.2,37.7
1604485532,13.0,17.0,16.0,16.0,26.2,37.7
1604485533,13.0,17.0,16.0,16.0,26.2,37.7
1604485534,13.0,17.0,16.0,16.0,26.2,37.7
1604485535,14.0,17.0,16.0,17.0,26.2,37.7
1604485536,14.0,17.0,16.0,17.0,26.2,38.1
1604485537,14.0,17.0,15.0,17.0,26.2,38.1
1604485538,14.0,17.0,15.0,17.0,26.2,38.1
1604485539,14.0,17.0,15.0,17.0,26.2,38.1
1604485540,14.0,17.0,15.0,17.0,26.2,38.1
1604485541,14.0,17.0,15.0,17.0,26.2,38.7
1604485542,14.0,18.0,15.0,17.0,26.2,38.7
1604485543,15.0,18.0,15.0,17.0,26.2,38.7
1604485544,15.0,18.0,15.0,17.0,26.2,38.7
1604485545,15.0,18.0,16.0,17.0,26.2,38.7
1604485546,15.0,18.0,16.0,17.0,26.3,38.7
1604485547,14.0,18.0,16.0,17.0,26.3,38.7
1604485548,14.0,18.0,16.0,17.0,26.3,38.7
1604485549,14.0,18.0,16.0,17.0,26.3,38.7
1604485550,14.0,18.0,16.0,17.0,26.3,38.7
1604485551,14.0,18.0,16.0,17.0,26.2,38.9
1604485552,14.0,18.0,16.0,17.0,26.2,38.9
1604485553,14.0,18.0,16.0,17.0,26.2,38.9
1604485554,14.0,17.0,17.0,17.0,26.2,38.9
1604485555,14.0,17.0,16.0,17.0,26.2,38.9
1604485556,14.0,17.0,16.0,17.0,26.2,38.6
1604485557,14.0,17.0,16.0,17.0,26.2,38.6
1604485558,14.0,17.0,16.0,17.0,26.2,38.6
1604485559,14.0,17.0,16.0,17.0,26.2,38.6
1604485560,14.0,17.0,16.0,17.0,26.2,38.6
1604485561,14.0,16.0,16.0,17.0,26.2,38.1
1604485562,14.0,16.0,16.0,17.0,26.2,38.1
1604485563,14.0,16.0,16.0,17.0,26.2,38.1
1604485564,14.0,16.0,16.0,17.0,26.2,38.1
1604485565,14.0,17.0,16.0,17.0,26.2,38.1
1604485566,14.0,17.0,16.0,17.0,26.2,37.8
1604485567,13.875,17.0,16.0,17.0,26.2,37.8
1604485568,13.75,17.0,16.0,17.0,26.2,37.8
1604485569,13.625,17.0,16.0,17.0,26.2,37.8
1604485570,13.5,17.0,16.0,17.0,26.2,37.8
1604485571,13.375,17.0,16.0,17.0,26.2,37.8
1604485572,13.25,17.0,16.0,17.0,26.2,37.8
1604485573,13.125,17.0,16.0,17.0,26.2,37.8
1604485574,13.0,17.0,16.0,17.0,26.2,37.8
1604485575,13.0,17.0,16.0,17.0,26.2,37.8
1604485576,13.0,17.0,16.0,17.0,26.2,37.8
1604485577,13.0,17.0,16.0,17.0,26.2,37.8
1604485578,13.0,17.0,16.0,17.0,26.2,37.4
1604485579,13.0,17.0,16.0,17.0,26.2,37.4
1604485580,13.0,17.0,17.0,17.0,26.2,37.4
1604485581,13.0,17.0,17.0,17.0,26.2,37.4
1604485582,13.0,17.0,17.0,17.0,26.2,37.4
1604485583,13.0,17.0,17.0,16.0,26.2,36.9
1604485584,13.0,17.0,17.0,16.0,26.2,36.9
1604485585,14.0,17.0,17.0,16.0,26.2,36.9
1604485586,14.0,17.0,17.0,16.0,26.2,36.9
1604485587,14.0,17.0,17.0,16.0,26.2,36.9
1604485588,14.0,17.0,17.0,16.0,26.2,36.7
1604485589,14.0,17.0,17.0,16.0,26.2,36.7
1604485590,14.0,17.0,16.0,16.0,26.2,36.7
1604485591,14.0,17.0,16.0,16.0,26.2,36.7
1604485592,14.0,17.0,16.0,16.0,26.2,36.7
1604485593,14.0,17.0,16.0,16.0,26.2,36.6
1604485594,14.0,17.0,16.0,16.0,26.2,36.6
1604485595,14.0,17.0,16.0,17.0,26.2,36.6
1604485596,13.0,17.0,15.0,17.0,26.2,36.6
1604485597,13.0,18.0,15.0,17.0,26.2,36.6
1604485598,13.0,18.0,15.0,17.0,26.1,36.6
1604485599,13.0,18.0,15.0,17.0,26.1,36.6
1604485600,13.0,18.0,16.0,16.0,26.1,36.6
1604485601,12.0,18.0,16.0,16.0,26.1,36.6
1604485602,12.0,18.0,16.0,16.0,26.1,36.6
1604485603,12.0,18.0,16.0,16.0,26.1,36.5
1604485604,12.0,18.0,17.0,16.0,26.1,36.5
1604485605,12.0,18.0,17.0,16.0,26.1,36.5
1604485606,12.0,18.0,17.0,16.0,26.1,36.5
1604485607,12.0,18.0,17.0,16.0,26.1,36.5
1604485608,12.0,18.0,17.0,16.0,26.2,36.5
1604485609,12.0,18.0,17.0,16.0,26.2,36.5
1604485610,12.0,18.0,17.0,16.0,26.2,36.5
1604485611,12.0,18.0,17.0,16.0,26.2,36.5
1604485612,12.0,18.0,17.0,16.0,26.2,36.5
1604485613,12.0,18.0,17.0,17.0,26.2,36.6
1604485614,13.0,18.0,17.0,17.0,26.2,36.6
1604485615,13.0,18.0,16.0,17.0,26.2,36.6
1604485616,13.0,18.0,16.0,17.0,26.2,36.6
1604485617,13.0,18.0,16.0,17.0,26.2,36.6
1604485618,13.0,18.0,16.0,17.0,26.2,36.6
1604485619,13.0,18.0,16.0,17.0,26.2,36.6
1604485620,13.0,18.0,16.0,17.0,26.2,36.6
1604485621,13.0,18.0,16.0,17.0,26.2,36.6
1604485622,13.0,18.0,16.0,17.0,26.2,36.6
1604485623,13.0,18.0,16.0,17.0,26.2,36.7
1604485624,13.0,19.0,16.0,17.0,26.2,36.7
1604485625,14.0,19.0,16.0,17.0,26.2,36.7
1604485626,14.0,19.0,16.0,17.0,26.2,36.7
1604485627,14.0,19.0,16.0,17.0,26.2,36.7
1604485628,14.0,18.0,16.0,17.0,26.2,36.8
1604485629,14.0,18.0,16.0,17.0,26.2,36.8
1604485630,14.0,18.0,16.0,17.0,26.2,36.8
1604485631,14.0,18.0,16.0,17.0,26.2,36.8
1604485632,14.0,18.0,16.0,17.0,26.2,36.8
1604485633,14.0,18.0,16.0,17.0,26.2,36.9
1604485634,14.0,18.0,16.0,17.0,26.2,36.9
1604485635,14.0,18.0,16.0,17.0,26.2,36.9
1604485636,14.0,18.0,16.0,17.0,26.2,36.9
1604485637,14.0,18.0,16.0,17.0,26.2,36.9
1604485638,14.0,18.0,17.0,17.0,26.1,36.9
1604485639,14.0,17.0,17.0,17.0,26.1,36.9
1604485640,14.0,17.0,17.0,17.0,26.1,36.9
1604485641,14.0,17.0,17.0,17.0,26.1,36.9
1604485642,14.0,17.0,17.0,17.0,26.1,36.9
1604485643,14.0,17.0,17.0,17.0,26.2,36.6
1604485644,14.0,17.0,17.0,17.0,26.2,36.6
1604485645,14.0,17.0,17.0,17.0,26.2,36.6
1604485646,14.0,17.0,17.0,17.0,26.2,36.6
1604485647,14.0,17.0,16.0,17.0,26.2,36.6
1604485648,14.0,17.0,16.0,17.0,26.2,36.4
1604485649,14.0,17.0,16.0,17.0,26.2,36.4
1604485650,14.0,17.0,16.0,17.0,26.2,36.4
1604485651,14.0,17.0,16.0,17.0,26.2,36.4
1604485652,14.0,17.0,15.0,17.0,26.2,36.4
1604485653,14.0,17.0,15.0,17.0,26.1,35.5
1604485654,14.0,17.0,15.0,17.0,26.1,35.5
1604485655,14.0,17.0,15.0,17.0,26.1,35.5
1604485656,14.0,17.0,15.0,17.0,26.1,35.5
1604485657,14.0,17.0,15.0,17.0,26.1,35.5
1604485658,14.0,17.0,15.0,17.0,26.2,35.4
1604485659,14.0,17.0,15.0,17.0,26.2,35.4
1604485660,14.0,17.0,15.0,16.0,26.2,35.4
1604485661,14.0,17.0,15.0,16.0,26.2,35.4
1604485662,14.0,17.0,15.0,16.0,26.2,35.4
1604485663,14.0,17.0,15.0,16.0,26.2,35.3
1604485664,13.0,17.0,15.0,17.0,26.2,35.3
1604485665,13.0,17.0,15.0,17.0,26.2,35.3
1604485666,13.0,17.0,15.0,17.0,26.2,35.3
1604485667,13.0,17.0,15.0,17.0,26.2,35.3
1604485668,13.0,17.0,15.0,17.0,26.1,35.3
1604485669,13.0,17.0,16.0,17.0,26.1,35.3
1604485670,13.0,17.0,16.0,17.0,26.1,35.3
1604485671,13.0,18.0,16.0,17.0,26.1,35.3
1604485672,13.0,18.0,16.0,17.0,26.1,35.3
1604485673,13.0,18.0,16.0,17.0,26.2,35.6
1604485674,13.0,18.0,16.0,17.0,26.2,35.6
1604485675,13.0,18.0,16.0,17.0,26.2,35.6
1604485676,13.0,18.0,17.0,17.0,26.2,35.6
1604485677,13.0,18.0,17.0,17.0,26.2,35.6
1604485678,13.0,18.0,17.0,17.0,26.1,35.6
1604485679,13.0,18.0,17.0,17.0,26.1,35.6
1604485680,13.0,18.0,17.0,18.0,26.1,35.6
1604485681,14.0,18.0,17.0,18.0,26.1,35.6
1604485682,14.0,17.0,17.0,18.0,26.1,35.6
1604485683,14.0,17.0,16.0,18.0,26.1,35.7
1604485684,14.0,17.0,16.0,18.0,26.1,35.7
1604485685,14.0,17.0,16.0,18.0,26.1,35.7
1604485686,14.0,17.0,16.0,18.0,26.1,35.7
1604485687,14.0,16.0,16.0,18.0,26.1,35.7
1604485688,14.0,16.0,16.0,18.0,26.1,35.8
1604485689,14.0,16.0,16.0,18.0,26.1,35.8
1604485690,14.0,16.0,16.0,17.0,26.1,35.8
1604485691,14.0,16.0,16.0,17.0,26.1,35.8
1604485692,14.0,16.0,17.0,17.0,26.1,35.8
1604485693,14.0,16.0,17.0,17.0,26.1,36.3
1604485694,14.0,16.0,17.0,17.0,26.1,36.3
1604485695,13.0,16.0,17.0,17.0,26.1,36.3
1604485696,13.0,16.0,17.0,17.0,26.1,36.3
1604485697,13.0,16.0,16.0,18.0,26.1,36.3
1604485698,13.0,16.0,16.0,18.0,26.1,36.3
1604485699,14.0,16.0,16.0,18.0,26.1,36.3
1604485700,14.0,16.0,16.0,18.0,26.1,36.3
1604485701,14.0,16.0,16.0,18.0,26.1,36.3
1604485702,14.0,16.0,15.0,18.0,26.1,36.3
1604485703,14.0,16.0,15.0,18.0,26.1,36.5
1604485704,15.0,16.0,15.0,18.0,26.1,36.5
1604485705,15.0,16.0,15.0,18.0,26.1,36.5
1604485706,15.0,16.0,16.0,18.0,26.1,36.5
1604485707,15.0,16.0,16.0,18.0,26.1,36.5
1604485708,15.0,16.0,16.0,18.0,26.1,36.6
1604485709,15.0,16.0,16.0,18.0,26.1,36.6
1604485710,15.0,16.0,16.0,17.0,26.1,36.6
1604485711,15.0,16.0,17.0,17.0,26.1,36.6
1604485712,14.0,16.0,17.0,17.0,26.1,36.6
1604485713,14.0,16.0,17.0,17.0,26.2,36.8
1604485714,14.0,15.0,17.0,17.0,26.2,36.8
1604485715,14.0,15.0,17.0,16.0,26.2,36.8
1604485716,13.0,15.0,17.0,16.0,26.2,36.8
1604485717,13.0,15.0,17.0,16.0,26.2,36.8
1604485718,13.0,15.0,17.0,16.0,26.1,37.0
1604485719,13.0,15.0,17.0,17.0,26.1,37.0
1604485720,13.0,15.0,17.0,17.0,26.1,37.0
1604485721,13.0,15.0,17.0,17.0,26.1,37.0
1604485722,13.0,15.0,17.0,17.0,26.1,37.0
1604485723,13.0,15.0,17.0,17.0,26.1,37.0
1604485724,13.0,15.0,17.0,17.0,26.1,37.0
1604485725,13.0,15.0,17.0,17.0,26.1,37.0
1604485726,13.0,15.0,17.0,17.0,26.1,37.0
1604485727,13.0,15.0,17.0,17.0,26.1,37.0
1604485728,13.0,15.0,17.0,18.0,26.1,37.0
1604485729,13.0,15.0,17.0,18.0,26.1,37.0
1604485730,13.0,15.0,17.0,18.0,26.1,37.0
1604485731,13.0,16.0,17.0,18.0,26.1,37.0
1604485732,13.0,16.0,16.0,18.0,26.1,37.0
1604485733,13.0,16.0,16.0,18.0,26.1,37.0
1604485734,13.0,16.0,16.0,18.0,26.2,37.1
1604485735,13.0,16.0,16.0,18.0,26.2,37.1
1604485736,13.0,16.0,15.0,18.0,26.2,37.1
1604485737,13.0,15.0,15.0,19.0,26.2,37.1
1604485738,13.0,15.0,15.0,19.0,26.2,37.1
1604485739,13.0,15.0,15.0,19.0,26.2,37.2
1604485740,14.0,15.0,15.0,19.0,26.2,37.2
1604485741,14.0,15.0,15.0,19.0,26.2,37.2
1604485742,14.0,15.0,15.0,18.0,26.2,37.2
1604485743,14.0,15.0,15.0,18.0,26.2,37.2
1604485744,14.0,15.0,15.0,18.0,26.1,37.2
1604485745,14.0,15.0,15.0,18.0,26.1,37.2
1604485746,14.0,15.0,16.0,18.0,26.1,37.2
1604485747,14.0,15.0,16.0,18.0,26.1,37.2
1604485748,14.0,16.0,16.0,18.0,26.1,37.2
1604485749,14.0,16.0,16.0,18.0,26.2,37.4
1604485750,14.0,16.0,16.0,18.0,26.2,37.4
1604485751,14.0,16.0,16.0,18.0,26.2,37.4
1604485752,14.0,16.0,16.0,18.0,26.2,37.4
1604485753,14.0,16.0,16.0,18.0,26.2,37.4
1604485754,14.0,16.0,16.0,18.0,26.2,37.6
1604485755,14.0,16.0,16.0,18.0,26.2,37.6
1604485756,14.0,16.0,16.0,18.0,26.2,37.6
1604485757,14.0,16.0,17.0,17.0,26.2,37.6
1604485758,14.0,16.0,17.0,17.0,26.2,37.6
1604485759,14.0,16.0,17.0,17.0,26.2,37.8
1604485760,14.0,16.0,17.0,17.0,26.2,37.8
1604485761,14.0,16.0,17.0,17.0,26.2,37.8
1604485762,14.0,16.0,17.0,18.0,26.2,37.8
1604485763,14.0,16.0,17.0,18.0,26.2,37.8
1604485764,14.0,16.0,17.0,18.0,26.2,37.9
1604485765,14.0,16.0,17.0,18.0,26.2,37.9
1604485766,14.0,16.0,17.0,19.0,26.2,37.9
1604485767,14.0,16.0,17.0,19.0,26.2,37.9
1604485768,14.0,15.0,17.0,19.0,26.2,37.9
1604485769,14.0,15.0,18.0,19.0,26.2,37.8
1604485770,14.0,15.0,18.0,19.0,26.2,37.8
1604485771,14.0,15.0,18.0,19.0,26.2,37.8
1604485772,14.0,15.0,18.0,19.0,26.2,37.8
1604485773,15.0,15.0,18.0,18.0,26.2,37.8
1604485774,15.0,15.0,17.0,18.0,26.2,37.7
1604485775,15.0,16.0,17.0,18.0,26.2,37.7
1604485776,15.0,16.0,17.0,18.0,26.2,37.7
1604485777,15.0,16.0,17.0,18.0,26.2,37.7
1604485778,15.0,17.0,17.0,18.0,26.2,37.7
1604485779,15.0,17.0,16.0,18.0,26.3,37.6
1604485780,15.0,17.0,16.0,18.0,26.3,37.6
1604485781,14.0,17.0,16.0,18.0,26.3,37.6
1604485782,14.0,18.0,16.0,18.0,26.3,37.6
1604485783,14.0,18.0,16.0,18.0,26.3,37.6
1604485784,14.0,18.0,15.0,18.0,26.2,37.5
1604485785,14.0,18.0,15.11111111111111,18.0,26.2,37.5
1604485786,14.0,18.0,15.22222222222222,18.0,26.2,37.5
1604485787,14.0,18.0,15.333333333333334,18.0,26.2,37.5
1604485788,14.0,18.0,15.444444444444445,18.0,26.2,37.5
1604485789,14.0,18.0,15.555555555555555,18.0,26.2,37.5
1604485790,14.0,18.0,15.666666666666666,18.0,26.2,37.5
1604485791,14.0,18.0,15.77777777777778,18.0,26.2,37.5
1604485792,14.0,18.0,15.88888888888889,18.0,26.2,37.5
1604485793,14.0,18.0,16.0,18.0,26.2,37.5
1604485794,14.0,18.0,16.0,18.0,26.2,37.5
1604485795,14.0,18.0,16.0,18.0,26.2,37.5
1604485796,14.0,18.0,16.0,18.0,26.2,37.5
1604485797,14.0,18.0,16.0,17.0,26.2,37.6
1604485798,14.0,17.0,16.0,17.0,26.2,37.6
1604485799,14.0,17.0,17.0,17.0,26.2,37.6
1604485800,14.0,17.0,17.0,17.0,26.2,37.6
1604485801,15.0,17.0,17.0,17.0,26.2,37.6
1604485802,15.0,17.0,17.0,17.0,26.2,37.7
1604485803,14.0,17.0,17.0,17.0,26.2,37.7
1604485804,14.0,17.0,17.0,17.0,26.2,37.7
1604485805,14.0,17.0,17.0,17.0,26.2,37.7
1604485806,14.0,17.0,18.0,17.0,26.2,37.7
1604485807,14.0,17.0,18.0,17.0,26.2,37.7
1604485808,14.0,16.0,18.0,17.0,26.2,37.7
1604485809,14.0,16.0,18.0,17.0,26.2,37.7
1604485810,14.0,16.0,18.0,17.0,26.2,37.7
1604485811,14.0,16.0,18.0,17.0,26.2,37.7
1604485812,14.0,16.0,18.0,17.0,26.3,37.8
1604485813,14.0,16.0,17.0,17.0,26.3,37.8
1604485814,14.0,16.0,17.0,17.0,26.3,37.8
1604485815,14.0,17.0,17.0,17.0,26.3,37.8
1604485816,14.0,17.0,17.0,17.0,26.3,37.8
1604485817,14.0,17.0,17.0,17.0,26.3,37.4
1604485818,14.0,17.0,17.0,17.0,26.3,37.4
1604485819,14.0,17.0,17.0,17.0,26.3,37.4
1604485820,14.0,17.0,17.0,17.0,26.3,37.4
1604485821,14.0,17.0,16.0,17.0,26.3,37.4
1604485822,14.0,17.0,16.0,18.0,26.3,37.2
1604485823,14.0,17.0,16.0,18.0,26.3,37.2
1604485824,14.0,17.0,16.0,18.0,26.3,37.2
1604485825,14.0,17.0,16.0,18.0,26.3,37.2
1604485826,14.0,17.0,16.0,18.0,26.3,37.2
1604485827,14.0,16.0,16.0,18.0,26.3,37.1
1604485828,14.0,16.0,16.0,18.0,26.3,37.1
1604485829,14.0,16.0,16.0,18.0,26.3,37.1
1604485830,15.0,16.0,16.0,18.0,26.3,37.1
1604485831,15.0,16.0,16.0,18.0,26.3,37.1
1604485832,14.0,16.0,17.0,18.0,26.3,37.2
1604485833,14.0,16.0,17.0,18.0,26.3,37.2
1604485834,14.0,16.0,17.0,18.0,26.3,37.2
1604485835,14.0,16.0,17.0,18.0,26.3,37.2
1604485836,14.0,16.0,17.0,18.0,26.3,37.2
1604485837,14.0,16.0,17.0,18.0,26.3,37.2
1604485838,13.0,16.0,16.0,18.0,26.3,37.2
1604485839,13.0,16.0,16.0,18.0,26.3,37.2
1604485840,13.0,16.0,16.0,18.0,26.3,37.2
1604485841,13.0,17.0,16.0,18.0,26.3,37.2
1604485842,13.0,17.0,16.0,18.0,26.3,37.3
1604485843,13.0,17.0,16.0,18.0,26.3,37.3
1604485844,13.0,17.0,16.0,18.0,26.3,37.3
1604485845,13.0,17.0,16.0,18.0,26.3,37.3
1604485846,13.0,17.0,16.0,18.0,26.3,37.3
1604485847,13.0,17.0,16.0,18.0,26.3,37.4
1604485848,14.0,17.0,16.0,18.0,26.3,37.4
1604485849,14.0,17.0,16.0,18.0,26.3,37.4
1604485850,14.0,17.0,16.0,18.0,26.3,37.4
1604485851,14.0,17.0,16.0,18.0,26.3,37.4
1604485852,14.0,17.0,16.0,18.0,26.2,37.4
1604485853,14.0,17.0,16.0,18.0,26.2,37.4
1604485854,14.0,17.0,16.0,18.0,26.2,37.4
1604485855,14.0,17.0,16.0,18.0,26.2,37.4
1604485856,14.0,17.0,16.0,18.0,26.2,37.4
1604485857,14.0,17.0,16.0,18.0,26.3,37.5
1604485858,14.0,17.0,16.0,18.0,26.3,37.5
1604485859,14.0,17.0,16.0,18.0,26.3,37.5
1604485860,14.0,17.0,16.0,18.0,26.3,37.5
1604485861,14.0,17.0,16.0,18.0,26.3,37.5
1604485862,14.0,17.0,16.0,18.0,26.3,37.3
1604485863,14.0,17.0,16.0,17.0,26.3,37.3
1604485864,14.0,16.0,16.0,17.0,26.3,37.3
1604485865,14.0,16.0,16.0,17.0,26.3,37.3
1604485866,14.0,16.0,16.0,17.0,26.3,37.3
1604485867,14.0,16.0,16.0,17.0,26.3,37.4
1604485868,14.0,16.0,16.0,17.0,26.3,37.4
1604485869,14.0,16.0,16.0,17.0,26.3,37.4
1604485870,14.0,16.0,16.0,17.0,26.3,37.4
1604485871,14.0,16.0,15.0,17.0,26.3,37.4
1604485872,15.0,16.0,15.0,17.0,26.3,37.5
1604485873,15.0,16.0,15.0,17.0,26.3,37.5
1604485874,15.0,16.0,15.0,17.0,26.3,37.5
1604485875,15.0,16.0,15.0,17.0,26.3,37.5
1604485876,15.0,17.0,15.0,18.0,26.3,37.5
1604485877,15.0,17.0,15.0,18.0,26.3,37.6
1604485878,15.0,17.0,15.0,18.0,26.3,37.6
1604485879,15.0,17.0,15.0,18.0,26.3,37.6
1604485880,15.0,17.0,15.0,18.0,26.3,37.6
1604485881,15.0,17.0,16.0,18.0,26.3,37.6
1604485882,15.0,17.0,16.0,18.0,26.3,38.0
1604485883,15.0,17.0,16.0,18.0,26.3,38.0
1604485884,15.0,17.0,16.0,18.0,26.3,38.0
1604485885,15.0,17.0,16.0,18.0,26.3,38.0
1604485886,15.0,17.0,17.0,18.0,26.3,38.0
1604485887,15.0,17.0,17.0,18.0,26.3,37.8
1604485888,16.0,17.0,17.0,18.0,26.3,37.8
1604485889,16.0,17.0,17.0,18.0,26.3,37.8
1604485890,16.0,17.0,17.0,18.0,26.3,37.8
1604485891,16.0,17.0,17.0,18.0,26.3,37.8
1604485892,16.0,17.0,17.0,18.0,26.3,37.5
1604485893,16.0,16.0,17.0,18.0,26.3,37.5
1604485894,15.0,16.0,17.0,18.0,26.3,37.5
1604485895,15.0,16.0,17.0,18.0,26.3,37.5
1604485896,15.0,16.0,17.0,17.0,26.3,37.5
1604485897,15.0,17.0,17.0,17.0,26.3,37.3
1604485898,15.0,17.0,17.0,17.0,26.3,37.3
1604485899,15.0,17.0,17.0,17.0,26.3,37.3
1604485900,14.0,17.0,17.0,17.0,26.3,37.3
1604485901,15.0,17.0,16.0,17.0,26.3,37.3
1604485902,15.0,17.0,16.0,17.0,26.3,37.2
1604485903,15.0,17.0,16.0,17.0,26.3,37.2
1604485904,15.0,17.0,16.0,17.0,26.3,37.2
1604485905,15.0,17.0,16.0,17.0,26.3,37.2
1604485906,15.0,17.0,16.0,17.0,26.3,37.2
1604485907,15.0,17.0,16.0,17.0,26.3,37.0
1604485908,15.0,18.0,16.0,17.0,26.3,37.0
1604485909,15.0,18.0,16.0,18.0,26.3,37.0
1604485910,15.0,18.0,16.0,18.0,26.3,37.0
1604485911,14.0,18.0,16.0,18.0,26.3,37.0
1604485912,14.0,18.0,17.0,18.0,26.3,36.8
1604485913,14.0,18.0,17.0,18.0,26.3,36.8
1604485914,14.0,18.0,17.0,18.0,26.3,36.8
1604485915,14.0,18.0,17.0,18.0,26.3,36.8
1604485916,13.0,18.0,17.0,18.0,26.3,36.8
1604485917,13.0,18.0,17.0,18.0,26.3,36.7
1604485918,13.0,18.0,17.0,18.0,26.3,36.7
1604485919,13.0,18.0,17.0,18.0,26.3,36.7
1604485920,13.0,17.0,17.0,18.0,26.3,36.7
1604485921,13.0,17.0,17.0,18.0,26.3,36.7
1604485922,13.0,17.0,17.0,18.0,26.3,36.6
1604485923,13.0,17.0,17.0,18.0,26.3,36.6
1604485924,14.0,17.0,17.0,18.0,26.3,36.6
1604485925,14.0,17.0,17.0,18.0,26.3,36.6
1604485926,14.0,17.0,17.0,18.0,26.3,36.6
1604485927,14.0,17.0,18.0,18.0,26.3,36.6
1604485928,14.0,18.0,18.0,18.0,26.3,36.6
1604485929,14.0,18.0,18.0,18.0,26.3,36.6
1604485930,14.0,18.0,18.0,18.0,26.3,36.6
1604485931,14.0,18.0,17.0,18.0,26.3,36.6
1604485932,14.0,18.0,17.0,19.0,26.3,37.0
1604485933,14.0,18.0,17.0,19.0,26.3,37.0
1604485934,14.0,18.0,17.0,19.0,26.3,37.0
1604485935,14.0,18.0,17.0,19.0,26.3,37.0
1604485936,15.0,19.0,16.0,19.0,26.3,37.0
1604485937,15.0,18.0,16.0,19.0,26.4,37.0
1604485938,15.0,18.0,16.0,19.0,26.4,37.0
1604485939,15.0,18.0,16.0,19.0,26.4,37.0
1604485940,15.0,18.0,16.0,18.0,26.4,37.0
1604485941,14.0,18.0,16.0,18.0,26.4,37.0
1604485942,14.0,17.0,16.0,18.0,26.4,37.0
1604485943,14.0,17.0,16.0,18.0,26.4,37.0
1604485944,14.0,17.0,16.0,18.0,26.4,37.0
1604485945,14.0,16.0,17.0,17.0,26.4,37.0
1604485946,14.0,16.0,17.0,17.0,26.4,37.0
1604485947,14.0,16.0,17.0,17.0,26.3,36.9
1604485948,14.0,16.0,17.0,17.0,26.3,36.9
1604485949,14.0,16.0,17.0,17.0,26.3,36.9
1604485950,14.0,16.0,17.0,17.0,26.3,36.9
1604485951,14.0,17.0,18.0,16.0,26.3,36.9
1604485952,14.0,17.0,18.0,17.0,26.4,37.2
1604485953,14.0,17.0,17.0,17.0,26.4,37.2
1604485954,13.0,17.0,17.0,17.0,26.4,37.2
1604485955,13.0,18.0,17.0,17.0,26.4,37.2
1604485956,13.0,18.0,17.0,17.0,26.4,37.2
1604485957,13.0,18.0,17.0,17.0,26.4,36.9
1604485958,13.0,18.0,17.0,17.0,26.4,36.9
1604485959,13.0,18.0,16.0,17.0,26.4,36.9
1604485960,13.0,18.0,16.0,17.0,26.4,36.9
1604485961,13.0,18.0,16.0,17.0,26.4,36.9
1604485962,13.0,18.0,16.0,17.0,26.4,36.9
1604485963,13.0,18.0,16.0,17.0,26.4,36.9
1604485964,13.0,18.0,16.0,16.0,26.4,36.9
1604485965,13.0,18.0,16.0,16.0,26.4,36.9
1604485966,13.0,18.0,15.0,16.0,26.4,36.9
1604485967,13.0,18.0,16.0,16.0,26.4,36.9
1604485968,13.0,18.0,16.0,16.0,26.4,36.9
1604485969,14.0,18.0,16.0,16.0,26.4,36.9
1604485970,14.0,18.0,16.0,16.0,26.4,36.9
1604485971,14.0,18.0,16.0,16.0,26.4,36.9
1604485972,14.0,18.0,16.0,16.0,26.4,36.6
1604485973,14.0,18.0,17.0,16.0,26.4,36.6
1604485974,14.0,18.0,17.0,16.0,26.4,36.6
1604485975,14.0,18.0,18.0,17.0,26.4,36.6
1604485976,14.0,18.0,18.0,17.0,26.4,36.6
1604485977,14.0,18.0,18.0,17.0,26.4,36.5
1604485978,14.0,18.0,18.0,17.0,26.4,36.5
1604485979,14.0,18.0,18.0,17.0,26.4,36.5
1604485980,15.0,18.0,18.0,17.0,26.4,36.5
1604485981,15.0,18.0,18.0,17.0,26.4,36.5
1604485982,15.0,18.0,18.0,17.0,26.4,36.5
1604485983,15.0,18.0,18.0,17.0,26.4,36.5
1604485984,15.0,18.0,18.0,17.0,26.4,36.5
1604485985,15.0,18.0,18.0,17.0,26.4,36.5
1604485986,15.0,18.0,18.0,17.0,26.4,36.5
1604485987,15.0,18.0,18.0,16.0,26.4,36.7
1604485988,15.0,18.0,18.0,16.0,26.4,36.7
1604485989,15.0,18.0,18.0,16.0,26.4,36.7
1604485990,15.0,18.0,18.0,16.0,26.4,36.7
1604485991,15.0,18.0,18.0,16.0,26.4,36.7
1604485992,15.0,17.0,18.0,16.0,26.4,37.6
1604485993,15.0,17.0,18.0,16.0,26.4,37.6
1604485994,15.0,17.0,18.0,16.0,26.4,37.6
1604485995,15.0,17.0,18.0,17.0,26.4,37.6
1604485996,15.0,17.0,18.0,17.0,26.4,37.6
1604485997,15.0,16.0,18.0,17.0,26.4,37.6
1604485998,15.0,16.0,18.0,17.0,26.4,37.6
1604485999,15.0,16.0,18.0,17.0,26.4,37.6
1604486000,15.0,16.0,18.0,17.0,26.4,37.6
1604486001,15.0,16.0,18.0,17.0,26.4,37.6
1604486002,15.0,16.0,18.0,17.0,26.4,37.4
1604486003,15.0,16.0,18.0,17.0,26.4,37.4
1604486004,15.0,16.0,18.0,17.0,26.4,37.4
1604486005,15.0,16.0,18.0,17.0,26.4,37.4
1604486006,15.0,16.0,18.0,17.0,26.4,37.4
1604486007,15.0,16.0,18.0,17.0,26.4,37.4
1604486008,15.0,16.0,18.0,17.0,26.4,37.4
1604486009,15.0,16.0,18.0,17.0,26.4,37.4
1604486010,15.0,16.0,18.0,17.0,26.4,37.4
1604486011,15.0,16.0,18.0,17.0,26.4,37.4
1604486012,15.0,16.0,18.0,17.0,26.4,37.4
1604486013,15.0,16.0,18.0,17.0,26.4,37.4
1604486014,15.0,16.0,18.0,17.0,26.4,37.4
1604486015,15.0,16.0,18.0,17.0,26.4,37.4
1604486016,15.0,16.0,18.0,17.0,26.4,37.4
1604486017,15.0,16.0,18.0,17.0,26.4,37.4
1604486018,14.0,16.0,17.0,17.0,26.4,37.4
1604486019,14.0,16.0,17.0,17.0,26.4,37.4
1604486020,14.0,16.0,17.0,17.0,26.4,37.3
1604486021,14.0,16.0,17.0,17.0,26.4,37.3
1604486022,14.0,16.0,16.0,17.0,26.4,37.3
1604486023,14.0,16.0,16.0,17.0,26.4,37.3
1604486024,14.0,16.0,16.0,17.0,26.4,37.3
1604486025,14.0,16.0,16.0,17.0,26.4,37.3
1604486026,14.0,16.0,17.0,17.0,26.4,37.3
1604486027,14.0,16.0,17.0,17.0,26.4,37.3
1604486028,14.0,16.0,17.0,17.0,26.4,37.3
1604486029,14.0,16.0,17.0,17.0,26.4,37.3
1604486030,14.0,16.0,17.0,17.0,26.5,37.2
1604486031,14.0,16.0,17.0,17.0,26.5,37.2
1604486032,14.0,16.0,18.0,17.0,26.5,37.2
1604486033,14.0,17.0,18.0,17.0,26.5,37.2
1604486034,15.0,17.0,18.0,17.0,26.5,37.2
1604486035,15.0,17.0,18.0,17.0,26.5,37.1
1604486036,15.0,17.0,18.0,17.0,26.5,37.1
1604486037,15.0,17.0,18.0,17.0,26.5,37.1
1604486038,15.0,17.0,18.0,17.0,26.5,37.1
1604486039,15.0,18.0,18.0,17.0,26.5,37.1
1604486040,15.0,18.0,18.0,17.0,26.5,37.0
1604486041,15.0,18.0,18.0,17.0,26.5,37.0
1604486042,15.0,18.0,18.0,17.0,26.5,37.0
1604486043,15.0,18.0,17.0,17.0,26.5,37.0
1604486044,15.0,18.0,17.0,17.0,26.5,37.0
1604486045,15.0,18.0,17.0,16.0,26.5,37.0
1604486046,15.0,18.0,17.0,16.0,26.5,37.0
1604486047,15.0,18.0,17.0,16.0,26.5,37.0
1604486048,15.0,17.0,16.0,16.0,26.5,37.0
1604486049,15.0,17.0,16.0,16.0,26.5,37.0
1604486050,15.0,17.0,16.0,16.0,26.4,36.7
1604486051,15.0,17.0,16.0,16.0,26.4,36.7
1604486052,15.0,17.0,16.0,16.0,26.4,36.7
1604486053,15.0,17.0,16.0,16.0,26.4,36.7
1604486054,15.0,17.0,16.0,16.0,26.4,36.7
1604486055,15.0,17.0,16.0,16.0,26.4,36.6
1604486056,15.0,17.0,16.0,16.0,26.4,36.6
1604486057,15.0,17.0,16.0,17.0,26.4,36.6
1604486058,15.0,17.0,16.0,17.0,26.4,36.6
1604486059,15.0,17.0,16.0,17.0,26.4,36.6
1604486060,15.0,17.0,16.0,17.0,26.5,36.4
1604486061,15.0,17.0,17.0,17.0,26.5,36.4
1604486062,15.0,17.0,17.0,17.0,26.5,36.4
1604486063,15.0,17.0,17.0,17.0,26.5,36.4
1604486064,15.0,18.0,17.0,17.0,26.5,36.4
1604486065,15.0,18.0,16.0,17.0,26.5,36.2
1604486066,15.0,18.0,17.0,17.0,26.5,36.2
1604486067,15.0,18.0,17.0,17.0,26.5,36.2
1604486068,15.0,18.0,16.0,17.0,26.5,36.2
1604486069,15.0,18.0,16.0,17.0,26.5,36.2
1604486070,15.0,18.0,16.0,18.0,26.5,36.4
1604486071,15.0,18.0,16.0,18.0,26.5,36.4
1604486072,15.0,18.0,16.0,18.0,26.5,36.4
1604486073,15.0,18.0,16.0,18.0,26.5,36.4
1604486074,15.0,18.0,16.0,18.0,26.5,36.4
1604486075,15.0,18.0,16.0,18.0,26.5,36.6
1604486076,15.0,18.0,16.0,18.0,26.5,36.6
1604486077,15.0,18.0,16.0,18.0,26.5,36.6
1604486078,14.0,18.0,16.0,18.0,26.5,36.6
1604486079,14.0,18.0,16.0,18.0,26.5,36.6
1604486080,14.0,18.0,16.0,18.0,26.5,36.7
1604486081,14.0,18.0,16.0,18.0,26.5,36.7
1604486082,15.0,18.0,16.0,18.0,26.5,36.7
1604486083,15.0,18.0,16.0,18.0,26.5,36.7
1604486084,15.0,18.0,16.0,18.0,26.5,36.7
1604486085,15.0,18.0,16.0,18.0,26.5,36.6
1604486086,15.0,18.0,16.0,18.0,26.5,36.6
1604486087,15.0,18.0,16.0,18.0,26.5,36.6
1604486088,15.0,18.0,16.0,18.0,26.5,36.6
1604486089,15.0,17.0,16.0,17.0,26.5,36.6
1604486090,15.0,17.0,16.0,17.0,26.5,36.5
1604486091,15.0,17.0,16.0,17.0,26.5,36.5
1604486092,15.0,17.0,15.0,17.0,26.5,36.5
1604486093,15.0,17.0,15.0,17.0,26.5,36.5
1604486094,15.0,16.0,15.0,17.0,26.5,36.5
1604486095,15.0,16.0,15.0,17.0,26.5,36.3
1604486096,15.0,16.0,15.0,17.0,26.5,36.3
1604486097,15.0,16.0,15.0,17.0,26.5,36.3
1604486098,15.0,16.0,15.0,17.0,26.5,36.3
1604486099,15.0,16.0,15.0,17.0,26.5,36.3
1604486100,16.0,16.0,15.0,17.0,26.5,36.3
1604486101,16.0,16.0,15.0,18.0,26.5,36.3
1604486102,16.0,16.0,15.0,18.0,26.5,36.3
1604486103,16.0,16.0,16.0,18.0,26.5,36.3
1604486104,16.0,16.0,16.0,18.0,26.5,36.3
1604486105,16.0,16.0,16.0,17.0,26.5,36.3
1604486106,16.0,16.0,16.0,17.0,26.5,36.3
1604486107,16.0,16.0,16.0,18.0,26.5,36.3
1604486108,16.0,16.0,16.0,18.0,26.5,36.3
1604486109,16.0,16.0,16.0,18.0,26.5,36.3
1604486110,16.0,16.0,16.0,18.0,26.5,35.7
1604486111,16.0,16.0,17.0,18.0,26.5,35.7
1604486112,16.0,16.0,17.0,18.0,26.5,35.7
1604486113,16.0,16.0,17.0,18.0,26.5,35.7
1604486114,16.0,17.0,17.0,18.0,26.5,35.7
1604486115,16.0,17.0,17.0,18.0,26.4,35.1
1604486116,16.0,18.0,17.0,18.0,26.4,35.1
1604486117,16.0,18.0,17.0,18.0,26.4,35.1
1604486118,16.0,18.0,17.0,18.0,26.4,35.1
1604486119,16.0,18.0,17.0,18.0,26.4,35.1
1604486120,16.0,19.0,17.0,18.0,26.4,35.0
1604486121,16.0,19.0,17.0,18.0,26.4,35.0
1604486122,16.0,19.0,16.0,18.0,26.4,35.0
1604486123,16.0,18.0,16.0,17.0,26.4,35.0
1604486124,16.0,18.0,16.0,17.0,26.4,35.0
1604486125,16.0,17.0,16.0,17.0,26.4,34.9
1604486126,16.0,17.0,16.0,17.0,26.4,34.9
1604486127,16.0,17.0,16.0,17.0,26.4,34.9
1604486128,16.0,17.0,16.0,17.0,26.4,34.9
1604486129,17.0,17.0,16.0,17.0,26.4,34.9
1604486130,17.0,17.0,15.0,17.0,26.5,34.9
1604486131,17.0,17.0,15.0,17.0,26.5,34.9
1604486132,17.0,17.0,15.0,17.0,26.5,34.9
1604486133,17.0,17.0,16.0,17.0,26.5,34.9
1604486134,17.0,17.0,16.0,17.0,26.5,34.9
1604486135,16.0,17.0,16.0,17.0,26.4,34.7
1604486136,16.0,17.0,16.0,17.0,26.4,34.7
1604486137,16.0,17.0,16.0,17.0,26.4,34.7
1604486138,16.0,17.0,16.0,17.0,26.4,34.7
1604486139,16.0,17.0,16.0,17.0,26.4,34.7
1604486140,15.0,17.0,16.0,17.0,26.4,34.8
1604486141,15.0,17.0,16.0,17.0,26.4,34.8
1604486142,15.0,17.0,16.0,17.0,26.4,34.8
1604486143,15.0,17.0,17.0,16.0,26.4,34.8
1604486144,15.0,17.0,17.0,16.0,26.4,34.8
1604486145,14.0,17.0,17.0,16.0,26.4,34.8
1604486146,14.0,17.0,17.0,16.0,26.4,34.8
1604486147,14.0,17.0,17.0,16.0,26.4,34.8
1604486148,14.0,17.0,17.0,16.0,26.4,34.8
1604486149,14.0,17.0,17.0,16.0,26.4,34.8
1604486150,14.0,17.0,17.0,16.0,26.4,34.8
1604486151,14.0,17.0,17.0,17.0,26.4,34.8
1604486152,14.0,17.0,17.0,17.0,26.4,34.8
1604486153,14.0,17.0,18.0,17.0,26.4,34.8
1604486154,14.0,17.0,18.0,17.0,26.4,34.8
1604486155,14.0,17.0,18.0,17.0,26.4,35.2
1604486156,14.0,16.0,18.0,17.0,26.4,35.2
1604486157,14.0,16.0,18.0,17.0,26.4,35.2
1604486158,14.0,16.0,18.0,17.0,26.4,35.2
1604486159,14.0,16.0,18.0,17.0,26.4,35.2
1604486160,14.0,16.0,18.0,17.0,26.4,35.4
1604486161,14.0,16.0,18.0,17.0,26.4,35.4
1604486162,14.0,16.0,17.0,17.0,26.4,35.4
1604486163,14.0,16.0,17.0,17.0,26.4,35.4
1604486164,15.0,16.0,17.0,17.0,26.4,35.4
1604486165,15.0,16.0,16.0,17.0,26.4,35.5
1604486166,15.0,16.0,16.0,17.0,26.4,35.5
1604486167,15.0,16.0,16.0,17.0,26.4,35.5
1604486168,15.0,16.0,16.0,17.0,26.4,35.5
1604486169,15.0,16.0,17.0,17.0,26.4,35.5
1604486170,15.0,16.0,17.0,17.0,26.4,35.7
1604486171,14.0,16.0,17.0,17.0,26.4,35.7
1604486172,14.0,16.0,17.0,17.0,26.4,35.7
1604486173,14.0,16.0,17.0,17.0,26.4,35.7
1604486174,14.0,16.0,18.0,17.0,26.4,35.7
1604486175,14.0,16.0,18.0,16.0,26.4,36.3
1604486176,14.0,16.0,18.0,16.0,26.4,36.3
1604486177,14.0,16.0,18.0,16.0,26.4,36.3
1604486178,14.0,16.0,18.0,16.0,26.4,36.3
1604486179,14.0,16.0,18.0,16.0,26.4,36.3
1604486180,14.0,16.0,18.0,16.0,26.4,36.5
1604486181,14.0,16.0,18.0,16.0,26.4,36.5
1604486182,14.0,16.0,18.0,16.0,26.4,36.5
1604486183,14.0,16.0,18.0,16.0,26.4,36.5
1604486184,14.0,16.0,17.0,16.0,26.4,36.5
1604486185,14.0,16.0,17.0,16.0,26.3,36.6
1604486186,14.0,16.0,17.0,16.0,26.3,36.6
1604486187,14.0,16.0,17.0,16.0,26.3,36.6
1604486188,14.0,16.0,17.0,16.0,26.3,36.6
1604486189,14.0,16.0,17.0,16.0,26.3,36.6
1604486190,14.0,17.0,17.0,16.0,26.3,36.6
1604486191,14.0,17.0,16.0,16.0,26.3,36.6
1604486192,14.0,17.0,16.0,16.0,26.3,36.6
1604486193,14.0,17.0,16.0,16.0,26.3,36.6
1604486194,13.0,17.0,16.0,17.0,26.3,36.6
1604486195,13.0,17.0,16.0,17.0,26.4,36.8
1604486196,13.0,17.0,16.0,17.0,26.4,36.8
1604486197,13.0,17.0,16.0,17.0,26.4,36.8
1604486198,13.0,17.0,16.0,17.0,26.4,36.8
1604486199,13.0,17.0,16.0,17.0,26.4,36.8
1604486200,13.0,17.0,15.0,17.0,26.4,36.2
1604486201,13.0,17.0,15.0,17.0,26.4,36.2
1604486202,13.0,17.0,15.0,17.0,26.4,36.2
1604486203,13.0,16.0,15.0,17.0,26.4,36.2
1604486204,14.0,16.0,15.0,17.0,26.4,36.2
1604486205,14.0,16.0,15.0,17.0,26.4,36.2
1604486206,14.0,16.0,15.0,17.0,26.4,36.2
1604486207,14.0,16.0,15.0,17.0,26.4,36.2
1604486208,14.0,16.0,15.0,17.0,26.4,36.2
1604486209,14.0,16.0,15.0,17.0,26.4,36.2
1604486210,14.0,16.0,15.0,16.0,26.4,35.9
1604486211,14.0,16.0,16.0,16.0,26.4,35.9
1604486212,14.0,16.0,16.0,16.0,26.4,35.9
1604486213,15.0,16.0,16.0,16.0,26.4,35.9
1604486214,15.0,16.0,17.0,16.0,26.4,35.9
1604486215,15.0,16.0,17.0,16.0,26.4,35.8
1604486216,15.0,16.0,17.0,16.0,26.4,35.8
1604486217,15.0,16.0,17.0,16.0,26.4,35.8
1604486218,15.0,16.0,17.0,16.0,26.4,35.8
1604486219,15.0,16.0,17.0,16.0,26.4,35.8
1604486220,15.0,16.0,17.0,16.0,26.4,35.6
1604486221,15.0,16.0,16.0,16.0,26.4,35.6
1604486222,15.0,16.0,16.0,16.0,26.4,35.6
1604486223,15.0,17.0,16.0,16.0,26.4,35.6
1604486224,15.0,17.0,16.0,16.0,26.4,35.6
1604486225,14.0,17.0,16.0,17.0,26.4,35.7
1604486226,14.0,17.0,16.0,17.0,26.4,35.7
1604486227,14.0,17.0,16.0,17.0,26.4,35.7
1604486228,14.0,17.0,16.0,17.0,26.4,35.7
1604486229,14.0,17.0,16.0,17.0,26.4,35.7
1604486230,14.0,17.0,16.0,17.0,26.4,35.7
1604486231,14.0,17.0,16.0,17.0,26.4,35.7
1604486232,14.0,17.0,16.0,17.0,26.4,35.7
1604486233,14.0,17.0,16.0,17.0,26.4,35.7
1604486234,14.0,17.0,16.0,17.0,26.4,35.7
1604486235,14.0,17.0,16.0,17.0,26.4,35.7
1604486236,14.0,17.0,16.0,17.0,26.4,35.7
1604486237,14.0,17.0,16.0,17.0,26.4,35.7
1604486238,14.0,17.0,16.0,16.0,26.4,35.8
1604486239,14.0,17.0,16.0,16.0,26.4,35.8
1604486240,14.0,16.0,16.0,16.0,26.4,35.8
1604486241,14.0,16.0,16.0,16.0,26.4,35.8
1604486242,14.0,16.0,16.0,16.0,26.4,35.8
1604486243,14.0,16.0,16.0,16.0,26.3,36.1
1604486244,14.0,16.0,17.0,16.0,26.3,36.1
1604486245,14.0,16.0,17.0,16.0,26.3,36.1
1604486246,14.0,16.0,17.0,16.0,26.3,36.1
1604486247,14.0,16.0,18.0,16.0,26.3,36.1
1604486248,14.0,16.0,18.0,16.0,26.4,36.5
1604486249,14.0,16.0,18.0,16.0,26.4,36.5
1604486250,14.0,16.0,18.0,16.0,26.4,36.5
1604486251,14.0,16.0,18.0,16.0,26.4,36.5
1604486252,14.0,16.0,18.0,17.0,26.4,36.5
1604486253,14.0,16.0,18.0,17.0,26.4,36.5
1604486254,14.0,15.0,18.0,17.0,26.4,36.5
1604486255,14.0,15.0,18.0,17.0,26.4,36.5
1604486256,13.0,15.0,17.0,17.0,26.4,36.5
1604486257,13.0,15.0,17.0,17.0,26.4,36.5
1604486258,13.0,15.0,17.0,17.0,26.4,36.6
1604486259,13.0,16.0,17.0,17.0,26.4,36.6
1604486260,13.0,16.0,17.0,17.0,26.4,36.6
1604486261,14.0,16.0,16.0,17.0,26.4,36.6
1604486262,14.0,16.0,16.0,17.0,26.4,36.6
1604486263,14.0,17.0,16.0,16.0,26.4,36.4
1604486264,14.0,17.0,16.0,16.0,26.4,36.4
1604486265,14.0,17.0,16.0,16.0,26.4,36.4
1604486266,14.0,17.0,17.0,16.0,26.4,36.4
1604486267,14.0,17.0,17.0,16.0,26.4,36.4
1604486268,14.0,17.0,17.0,16.0,26.4,36.3
1604486269,15.0,17.0,17.0,16.0,26.4,36.3
1604486270,15.0,17.0,17.0,16.0,26.4,36.3
1604486271,15.0,17.0,17.0,15.0,26.4,36.3
1604486272,15.0,17.0,16.0,15.0,26.4,36.3
1604486273,15.0,17.0,16.0,15.0,26.4,36.2
1604486274,15.0,17.0,16.0,15.0,26.4,36.2
1604486275,15.0,17.0,16.0,15.0,26.4,36.2
1604486276,15.0,18.0,16.0,16.0,26.4,36.2
1604486277,15.0,18.0,15.0,16.0,26.4,36.2
1604486278,15.0,18.0,15.0,16.0,26.4,36.2
1604486279,15.0,17.0,15.0,16.0,26.4,36.2
1604486280,15.0,17.0,15.0,16.0,26.4,36.2
1604486281,15.0,17.0,15.0,16.0,26.4,36.2
1604486282,15.0,17.0,15.0,16.0,26.4,36.2
1604486283,15.0,17.0,15.0,16.0,26.4,36.1
1604486284,15.0,17.0,15.0,16.0,26.4,36.1
1604486285,15.0,16.0,15.0,16.0,26.4,36.1
1604486286,14.0,16.0,15.0,16.0,26.4,36.1
1604486287,14.0,16.0,15.0,16.0,26.4,36.1
1604486288,14.0,16.0,15.0,16.0,26.4,36.2
1604486289,14.0,16.0,15.0,16.0,26.4,36.2
1604486290,14.0,16.0,16.0,16.0,26.4,36.2
1604486291,14.0,16.0,16.0,16.0,26.4,36.2
1604486292,14.0,16.0,16.0,16.0,26.4,36.2
1604486293,14.0,16.0,17.0,16.0,26.4,35.8
1604486294,14.0,16.0,17.0,16.0,26.4,35.8
1604486295,14.0,17.0,17.0,16.0,26.4,35.8
1604486296,14.0,17.0,18.0,16.0,26.4,35.8
1604486297,14.0,17.0,18.0,16.0,26.4,35.8
1604486298,14.0,17.0,18.0,17.0,26.4,35.8
1604486299,14.0,17.0,18.0,17.0,26.4,35.8
1604486300,14.0,17.0,18.0,17.0,26.4,35.8
1604486301,14.0,17.0,17.0,17.0,26.4,35.8
1604486302,14.0,17.0,17.0,17.0,26.4,35.8
1604486303,14.0,17.0,17.0,17.0,26.4,35.8
1604486304,14.0,18.0,17.0,17.0,26.4,35.8
1604486305,14.0,18.0,17.0,17.0,26.4,35.8
1604486306,14.0,18.0,17.0,17.0,26.4,35.8
1604486307,14.0,18.0,17.0,17.0,26.4,35.8
1604486308,13.0,17.0,17.0,17.0,26.4,35.8
1604486309,13.0,17.0,17.0,17.0,26.4,35.8
1604486310,13.0,17.0,17.0,17.0,26.4,35.8
1604486311,13.0,17.0,17.0,17.0,26.4,35.8
1604486312,13.0,17.0,17.0,17.0,26.4,35.8
1604486313,13.0,17.0,17.0,17.0,26.4,36.5
1604486314,13.0,17.0,17.0,17.0,26.4,36.5
1604486315,13.0,17.0,17.0,17.0,26.4,36.5
1604486316,13.0,16.0,17.0,17.0,26.4,36.5
1604486317,13.0,16.0,16.0,17.0,26.4,36.5
1604486318,13.0,16.0,16.0,17.0,26.4,36.7
1604486319,13.0,16.0,16.0,17.0,26.4,36.7
1604486320,13.0,16.0,16.0,17.0,26.4,36.7
1604486321,13.0,16.0,16.0,17.0,26.4,36.7
1604486322,13.0,16.0,16.0,17.0,26.4,36.7
1604486323,13.0,16.0,16.0,16.0,26.4,36.8
1604486324,13.0,16.0,16.0,16.0,26.4,36.8
1604486325,13.0,16.0,16.0,16.0,26.4,36.8
1604486326,13.0,16.0,16.0,16.0,26.4,36.8
1604486327,13.0,16.0,16.0,16.0,26.4,36.8
1604486328,14.0,16.0,16.0,16.0,26.5,37.1
1604486329,14.0,16.0,16.0,16.0,26.5,37.1
1604486330,14.0,16.0,16.0,16.0,26.5,37.1
1604486331,14.0,17.0,16.0,15.0,26.5,37.1
1604486332,14.0,17.0,16.0,15.0,26.5,37.1
1604486333,14.0,17.0,16.0,16.0,26.5,37.4
1604486334,14.0,17.0,16.0,16.0,26.5,37.4
1604486335,14.0,18.0,16.0,16.0,26.5,37.4
1604486336,14.0,18.0,16.0,16.0,26.5,37.4
1604486337,14.0,18.0,16.0,16.0,26.5,37.4
1604486338,14.0,18.0,16.0,16.0,26.5,37.4
1604486339,14.0,18.0,16.0,16.0,26.5,37.4
1604486340,14.0,19.0,16.0,16.0,26.5,37.4
1604486341,14.0,19.0,16.0,16.0,26.5,37.4
1604486342,14.0,19.0,16.0,16.0,26.5,37.4
1604486343,14.0,19.0,16.0,16.0,26.5,37.4
1604486344,14.0,19.0,16.0,16.0,26.5,37.4
1604486345,14.0,18.0,16.0,16.0,26.5,37.4
1604486346,14.0,18.0,16.0,16.0,26.5,37.4
1604486347,14.0,18.0,16.0,17.0,26.5,37.4
1604486348,14.0,18.0,16.0,17.0,26.5,37.4
1604486349,14.0,17.0,16.0,17.0,26.5,37.4
1604486350,14.0,17.0,16.0,17.0,26.5,37.4
1604486351,14.0,17.0,16.0,17.0,26.5,37.4
1604486352,14.0,16.0,16.0,17.0,26.5,37.4
1604486353,14.0,16.0,16.0,17.0,26.5,37.2
1604486354,14.0,16.0,16.0,17.0,26.5,37.2
1604486355,14.0,16.0,16.0,16.0,26.5,37.2
1604486356,14.0,16.0,16.0,16.0,26.5,37.2
1604486357,14.0,16.0,16.0,16.0,26.5,37.2
1604486358,14.0,16.0,16.0,16.0,26.5,37.1
1604486359,14.0,17.0,16.0,16.0,26.5,37.1
1604486360,13.0,17.0,16.0,16.0,26.5,37.1
1604486361,13.0,17.0,16.0,16.0,26.5,37.1
1604486362,13.0,17.0,16.0,15.0,26.5,37.1
1604486363,13.0,17.0,17.0,15.0,26.5,36.9
1604486364,13.0,17.0,17.0,16.0,26.5,36.9
1604486365,13.0,17.0,17.0,16.0,26.5,36.9
1604486366,14.0,16.0,17.0,16.0,26.5,36.9
1604486367,14.0,16.0,17.0,15.0,26.5,36.9
1604486368,14.0,16.0,17.0,15.0,26.5,36.8
1604486369,14.0,16.0,17.0,15.0,26.5,36.8
1604486370,14.0,15.0,17.0,16.0,26.5,36.8
1604486371,14.0,15.0,17.0,16.0,26.5,36.8
1604486372,14.0,15.0,18.0,16.0,26.5,36.8
1604486373,14.0,15.0,18.0,16.0,26.5,36.6
1604486374,14.0,15.0,18.0,16.0,26.5,36.6
1604486375,14.0,15.0,18.0,16.0,26.5,36.6
1604486376,14.0,15.0,18.0,16.0,26.5,36.6
1604486377,14.0,15.0,18.0,16.0,26.5,36.6
1604486378,14.0,15.0,18.0,16.0,26.5,36.4
1604486379,14.0,15.0,18.0,16.0,26.5,36.4
1604486380,14.0,15.0,18.0,15.0,26.5,36.4
1604486381,14.0,15.0,18.0,15.0,26.5,36.4
1604486382,14.0,15.0,17.0,15.0,26.5,36.4
1604486383,14.0,15.0,17.0,15.0,26.5,36.3
1604486384,14.0,15.0,17.0,15.0,26.5,36.3
1604486385,14.0,15.0,17.0,15.0,26.5,36.3
1604486386,14.0,15.0,16.0,15.0,26.5,36.3
1604486387,14.0,15.0,16.0,14.0,26.5,36.3
1604486388,14.0,15.0,16.0,14.0,26.5,36.4
1604486389,14.0,15.0,16.0,14.0,26.5,36.4
1604486390,14.0,15.0,16.0,14.0,26.5,36.4
1604486391,14.0,15.0,16.0,14.0,26.5,36.4
1604486392,14.0,15.0,16.0,14.0,26.5,36.4
1604486393,14.0,15.0,16.0,15.0,26.6,36.4
1604486394,14.0,15.0,16.0,15.0,26.6,36.4
1604486395,14.0,15.0,16.0,15.0,26.6,36.4
1604486396,13.0,15.0,16.0,15.0,26.6,36.4
1604486397,13.0,15.0,16.0,15.0,26.6,36.4
1604486398,13.0,15.0,16.0,15.0,26.5,36.4
1604486399,13.0,15.0,16.0,16.0,26.5,36.4
1604486400,13.0,15.0,16.0,16.0,26.5,36.4
1604486401,13.0,15.0,15.0,16.0,26.5,36.4
1604486402,13.0,15.0,15.0,16.0,26.5,36.4
1604486403,14.0,15.0,15.0,16.0,26.6,36.6
1604486404,14.0,15.0,15.0,16.0,26.6,36.6
1604486405,14.0,15.0,15.0,16.0,26.6,36.6
1604486406,14.0,15.0,15.0,16.0,26.6,36.6
1604486407,14.0,15.0,15.0,15.0,26.6,36.6
1604486408,14.0,15.0,15.0,15.0,26.6,36.5
1604486409,15.0,15.0,15.0,15.0,26.6,36.5
1604486410,15.0,15.0,15.0,15.0,26.6,36.5
1604486411,15.0,15.0,15.0,15.0,26.6,36.5
1604486412,15.0,15.0,15.0,15.0,26.6,36.5
1604486413,15.0,15.0,15.0,15.0,26.6,36.7
1604486414,15.0,15.0,15.0,15.0,26.6,36.7
1604486415,15.0,15.0,16.0,15.0,26.6,36.7
1604486416,15.0,15.0,16.0,15.0,26.6,36.7
1604486417,15.0,15.0,16.0,15.0,26.6,36.7
1604486418,15.0,15.0,16.0,15.0,26.6,36.7
1604486419,15.0,15.0,16.0,15.0,26.6,36.9
1604486420,15.0,15.0,16.0,15.0,26.6,36.9
1604486421,15.0,15.0,16.0,16.0,26.6,36.9
1604486422,16.0,15.0,16.0,16.0,26.6,36.9
1604486423,16.0,15.0,16.0,16.0,26.6,36.9
1604486424,16.0,15.0,16.0,16.0,26.6,36.8
1604486425,16.0,15.0,16.0,16.0,26.6,36.8
1604486426,16.0,15.0,16.0,16.0,26.6,36.8
1604486427,16.0,15.0,16.0,17.0,26.6,36.8
1604486428,15.0,15.0,16.0,17.0,26.6,36.8
1604486429,15.0,15.0,16.0,17.0,26.6,37.0
1604486430,15.0,14.0,16.0,17.0,26.6,37.0
1604486431,15.0,15.0,16.0,17.0,26.6,37.0
1604486432,15.0,15.0,16.0,17.0,26.6,37.0
1604486433,14.0,15.0,15.0,17.0,26.6,37.0
1604486434,14.0,15.0,15.0,17.0,26.6,37.4
1604486435,14.0,15.0,15.0,17.0,26.6,37.4
1604486436,14.0,15.0,15.0,17.0,26.6,37.4
1604486437,13.0,15.0,15.0,17.0,26.6,37.4
1604486438,13.0,16.0,15.0,17.0,26.6,37.4
1604486439,13.0,16.0,15.0,17.0,26.6,37.5
1604486440,13.0,16.0,15.0,17.0,26.6,37.5
1604486441,13.0,16.0,15.0,17.0,26.6,37.5
1604486442,13.0,16.0,15.0,17.0,26.6,37.5
1604486443,13.0,16.0,15.0,17.0,26.6,37.5
1604486444,13.0,16.0,15.0,17.0,26.7,37.8
1604486445,13.0,16.0,15.0,17.0,26.7,37.8
1604486446,13.0,16.0,15.0,17.0,26.7,37.8
1604486447,13.1,16.0,15.0,17.0,26.7,37.8
1604486448,13.2,16.0,15.0,17.0,26.7,37.8
1604486449,13.3,16.0,15.0,17.0,26.7,37.8
1604486450,13.4,16.0,15.0,17.0,26.7,37.8
1604486451,13.5,16.0,15.0,17.0,26.7,37.8
1604486452,13.6,16.0,15.0,17.0,26.7,37.8
1604486453,13.7,16.0,15.0,17.0,26.7,37.8
1604486454,13.8,16.0,15.0,17.0,26.7,37.8
1604486455,13.9,16.0,15.0,17.0,26.7,37.8
1604486456,14.0,16.0,15.0,17.0,26.7,37.8
1604486457,14.0,16.0,15.0,17.0,26.7,37.8
1604486458,14.0,16.0,15.0,17.0,26.7,37.8
1604486459,14.0,16.0,15.0,17.0,26.7,37.8
1604486460,14.0,16.0,15.0,17.0,26.7,37.8
1604486461,14.0,16.0,15.0,17.0,26.7,37.8
1604486462,14.0,16.0,15.0,17.0,26.7,37.8
1604486463,14.0,16.0,15.0,17.0,26.6,37.6
1604486464,14.0,16.0,15.0,16.0,26.6,37.6
1604486465,14.0,16.0,15.0,16.0,26.6,37.6
1604486466,14.0,16.0,15.0,16.0,26.6,37.6
1604486467,14.0,17.0,15.0,16.0,26.6,37.6
1604486468,14.0,17.0,15.0,15.0,26.6,37.5
1604486469,14.0,17.0,15.0,15.0,26.6,37.5
1604486470,14.0,17.0,15.0,15.0,26.6,37.5
1604486471,14.0,17.0,16.0,15.0,26.6,37.5
1604486472,14.0,17.0,16.0,15.0,26.6,37.5
1604486473,14.0,17.0,16.0,15.0,26.6,37.5
1604486474,14.0,16.0,17.0,15.0,26.6,37.5
1604486475,15.0,16.0,17.0,15.0,26.6,37.5
1604486476,15.0,16.0,17.0,15.0,26.6,37.5
1604486477,15.0,16.0,17.0,15.0,26.6,37.5
1604486478,15.0,15.0,17.0,15.0,26.7,37.6
1604486479,15.0,15.0,17.0,15.0,26.7,37.6
1604486480,15.0,15.0,17.0,15.0,26.7,37.6
1604486481,15.0,15.0,17.0,15.0,26.7,37.6
1604486482,15.0,15.0,17.0,15.0,26.7,37.6
1604486483,15.0,15.0,16.0,15.0,26.7,37.7
1604486484,15.0,16.0,16.0,15.0,26.7,37.7
1604486485,15.0,16.0,16.0,16.0,26.7,37.7
1604486486,15.0,16.0,16.0,16.0,26.7,37.7
1604486487,15.0,16.0,15.0,16.0,26.7,37.7
1604486488,15.0,16.0,15.0,16.0,26.7,37.6
1604486489,14.0,16.0,15.0,16.0,26.7,37.6
1604486490,14.0,17.0,16.0,16.0,26.7,37.6
1604486491,14.0,17.0,16.0,16.0,26.7,37.6
1604486492,14.0,17.0,16.0,16.0,26.7,37.6
1604486493,14.0,17.0,16.0,16.0,26.7,37.6
1604486494,14.0,17.0,16.0,16.0,26.7,37.6
1604486495,14.0,16.0,16.0,16.0,26.7,37.6
1604486496,14.0,16.0,16.0,16.0,26.7,37.6
1604486497,14.0,16.0,16.0,16.0,26.7,37.6
1604486498,14.0,16.0,16.0,16.0,26.7,37.6
1604486499,14.0,16.0,16.0,15.0,26.7,37.6
1604486500,14.0,16.0,16.0,15.0,26.7,37.6
1604486501,14.0,16.0,16.0,15.0,26.7,37.6
1604486502,14.0,16.0,16.0,15.0,26.7,37.6
1604486503,14.0,16.0,16.0,14.0,26.7,36.5
1604486504,14.0,16.0,16.0,14.0,26.7,36.5
1604486505,14.0,16.0,16.0,14.0,26.7,36.5
1604486506,14.0,16.0,16.0,14.0,26.7,36.5
1604486507,14.0,16.0,16.0,14.0,26.7,36.5
1604486508,14.0,16.0,16.0,14.0,26.7,36.3
1604486509,14.0,16.0,16.0,14.0,26.7,36.3
1604486510,14.0,16.0,16.0,14.0,26.7,36.3
1604486511,14.0,16.0,16.0,14.0,26.7,36.3
1604486512,14.0,16.0,15.0,14.0,26.7,36.3
1604486513,14.0,16.0,15.0,14.0,26.7,36.3
1604486514,14.0,16.0,15.0,14.0,26.7,36.3
1604486515,14.0,16.0,15.0,15.0,26.7,36.3
1604486516,14.0,16.0,15.0,15.0,26.7,36.3
1604486517,14.0,16.0,15.0,15.0,26.7,36.3
1604486518,14.0,16.0,15.0,15.0,26.7,36.2
1604486519,14.0,16.0,15.0,15.0,26.7,36.2
1604486520,14.0,16.0,15.0,15.0,26.7,36.2
1604486521,13.0,16.0,15.0,15.0,26.7,36.2
1604486522,13.0,16.0,15.0,15.0,26.7,36.2
1604486523,13.0,16.0,15.0,15.0,26.7,36.2
1604486524,13.0,16.0,15.0,15.0,26.7,36.2
1604486525,13.0,16.0,15.0,15.0,26.7,36.2
1604486526,13.0,16.0,15.0,15.0,26.7,36.2
1604486527,13.0,16.0,15.0,15.0,26.7,36.2
1604486528,13.0,16.0,15.0,15.0,26.7,36.2
1604486529,13.0,16.0,15.0,14.0,26.7,36.2
1604486530,13.0,16.0,15.0,14.0,26.7,36.2
1604486531,14.0,16.0,15.0,14.0,26.7,36.2
1604486532,14.0,16.0,15.0,14.0,26.7,36.2
1604486533,14.0,16.0,15.0,14.0,26.7,36.0
1604486534,14.0,16.0,15.0,14.0,26.7,36.0
1604486535,15.0,16.0,15.0,14.0,26.7,36.0
1604486536,15.0,16.0,15.0,14.0,26.7,36.0
1604486537,15.0,16.0,15.0,14.0,26.7,36.0
1604486538,15.0,16.0,15.0,14.0,26.7,35.9
1604486539,15.0,16.0,15.0,14.0,26.7,35.9
1604486540,15.0,16.0,15.0,15.0,26.7,35.9
1604486541,15.0,15.0,15.0,15.0,26.7,35.9
1604486542,15.0,15.0,15.0,15.0,26.7,35.9
1604486543,14.0,15.0,15.0,15.0,26.7,36.0
1604486544,14.0,15.0,15.0,15.0,26.7,36.0
1604486545,14.0,15.0,15.0,15.0,26.7,36.0
1604486546,14.0,15.0,15.0,15.0,26.7,36.0
1604486547,14.0,15.0,15.0,15.0,26.7,36.0
1604486548,14.0,15.0,15.0,15.0,26.7,36.0
1604486549,14.0,15.0,15.0,15.0,26.7,36.0
1604486550,14.0,15.0,15.0,15.0,26.7,36.0
1604486551,14.0,15.0,15.0,15.0,26.7,36.0
1604486552,14.0,15.0,15.0,15.0,26.7,36.0
1604486553,14.0,15.0,15.0,15.0,26.7,36.0
1604486554,14.0,16.0,15.0,15.0,26.7,36.0
1604486555,14.0,15.0,15.0,15.0,26.7,36.0
1604486556,14.0,15.0,15.0,15.0,26.7,36.0
1604486557,14.0,15.0,15.0,15.0,26.7,36.0
1604486558,14.0,15.0,15.0,16.0,26.8,35.9
1604486559,14.0,15.0,15.0,16.0,26.8,35.9
1604486560,14.0,15.0,15.0,15.0,26.8,35.9
1604486561,14.0,15.0,15.0,15.0,26.8,35.9
1604486562,14.0,15.0,15.0,15.0,26.8,35.9
1604486563,14.0,15.0,15.0,15.0,26.7,35.6
1604486564,14.0,15.0,15.0,15.0,26.7,35.6
1604486565,14.0,15.0,14.0,15.0,26.7,35.6
1604486566,14.0,15.0,14.0,15.0,26.7,35.6
1604486567,14.0,15.0,15.0,15.0,26.7,35.6
1604486568,14.0,15.0,15.0,14.0,26.7,35.5
1604486569,14.0,15.0,14.0,14.0,26.7,35.5
1604486570,14.0,15.0,15.0,15.0,26.7,35.5
1604486571,14.0,15.0,15.0,15.0,26.7,35.5
1604486572,14.0,15.0,15.0,15.0,26.7,35.5
1604486573,14.0,15.0,15.0,15.0,26.7,35.4
1604486574,14.0,16.0,15.0,15.0,26.7,35.4
1604486575,14.0,16.0,15.0,15.0,26.7,35.4
1604486576,14.0,16.0,15.0,15.0,26.7,35.4
1604486577,14.0,16.0,15.0,16.0,26.7,35.4
1604486578,14.0,16.0,16.0,16.0,26.7,35.4
1604486579,14.0,16.0,16.0,16.0,26.7,35.4
1604486580,14.0,16.0,16.0,16.0,26.7,35.4
1604486581,14.0,16.0,15.0,16.0,26.7,35.4
1604486582,14.0,16.0,15.0,16.0,26.7,35.4
1604486583,14.0,16.0,15.0,15.0,26.7,35.8
1604486584,13.0,16.0,15.0,15.0,26.7,35.8
1604486585,13.0,16.0,15.0,15.0,26.7,35.8
1604486586,13.0,16.0,14.0,15.0,26.7,35.8
1604486587,13.0,15.0,14.0,15.0,26.7,35.8
1604486588,14.0,15.0,14.0,15.0,26.8,36.4
1604486589,14.0,15.0,14.0,15.0,26.8,36.4
1604486590,14.0,16.0,14.0,15.0,26.8,36.4
1604486591,14.0,16.0,14.0,15.0,26.8,36.4
1604486592,14.0,16.0,14.0,15.0,26.8,36.4
1604486593,14.0,16.0,14.0,15.0,26.7,36.2
1604486594,14.0,16.0,14.0,15.0,26.7,36.2
1604486595,14.0,17.0,14.0,15.0,26.7,36.2
1604486596,14.0,17.0,15.0,15.0,26.7,36.2
1604486597,14.0,17.0,15.0,16.0,26.7,36.2
1604486598,14.0,17.0,15.0,16.0,26.8,35.7
1604486599,15.0,17.0,15.0,16.0,26.8,35.7
1604486600,15.0,17.0,15.0,16.0,26.8,35.7
1604486601,15.0,17.0,15.0,16.0,26.8,35.7
1604486602,14.0,18.0,15.0,16.0,26.8,35.7
1604486603,14.0,17.0,15.0,16.0,26.7,35.6
1604486604,14.0,17.0,15.0,16.0,26.7,35.6
1604486605,14.0,17.0,15.0,16.0,26.7,35.6
1604486606,14.0,17.0,15.0,16.0,26.7,35.6
1604486607,14.0,17.0,16.0,16.0,26.7,35.6
1604486608,14.0,17.0,16.0,17.0,26.8,35.6
1604486609,14.0,17.0,16.0,17.0,26.8,35.6
1604486610,14.0,17.0,16.0,17.0,26.8,35.6
1604486611,14.0,17.0,16.0,17.0,26.8,35.6
1604486612,13.0,17.0,16.0,18.0,26.8,35.6
1604486613,13.0,17.0,16.0,18.0,26.7,35.5
1604486614,13.0,17.0,16.0,18.0,26.7,35.5
1604486615,13.0,17.0,15.0,18.0,26.7,35.5
1604486616,13.0,16.0,14.0,18.0,26.7,35.5
1604486617,13.0,16.0,14.0,18.0,26.7,35.5
1604486618,13.0,16.0,14.0,18.0,26.8,35.5
1604486619,13.0,16.0,14.0,18.0,26.8,35.5
1604486620,13.0,16.0,14.0,18.0,26.8,35.5
1604486621,13.0,16.0,15.0,17.0,26.8,35.5
1604486622,13.0,16.0,15.0,17.0,26.8,35.5
1604486623,13.0,15.0,15.0,17.0,26.8,35.2
1604486624,13.0,15.0,15.0,16.0,26.8,35.2
1604486625,13.0,15.0,16.0,16.0,26.8,35.2
1604486626,13.0,15.0,16.0,16.0,26.8,35.2
1604486627,13.0,15.0,17.0,16.0,26.8,35.2
1604486628,14.0,15.0,17.0,16.0,26.8,35.0
1604486629,14.0,15.0,17.0,16.0,26.8,35.0
1604486630,14.0,15.0,17.0,15.0,26.8,35.0
1604486631,14.0,15.0,17.0,15.0,26.8,35.0
1604486632,14.0,15.0,17.0,15.0,26.8,35.0
1604486633,14.0,15.0,17.0,15.0,26.7,34.9
1604486634,14.0,15.0,17.0,15.0,26.7,34.9
1604486635,14.0,15.0,17.0,15.0,26.7,34.9
1604486636,14.0,15.0,16.0,15.0,26.7,34.9
1604486637,14.0,15.0,16.0,15.0,26.7,34.9
1604486638,14.0,16.0,16.0,15.0,26.8,35.2
1604486639,14.0,16.0,16.0,15.0,26.8,35.2
1604486640,14.0,16.0,16.0,15.0,26.8,35.2
1604486641,14.0,16.0,16.0,15.0,26.8,35.2
1604486642,14.0,17.0,16.0,15.0,26.8,35.2
1604486643,13.0,17.0,16.0,15.0,26.7,35.2
1604486644,13.0,17.0,15.0,15.0,26.7,35.2
1604486645,13.0,17.0,15.0,16.0,26.7,35.2
1604486646,13.0,17.0,15.0,16.0,26.7,35.2
1604486647,13.0,17.0,15.0,16.0,26.7,35.2
1604486648,13.0,17.0,15.0,16.0,26.7,35.0
1604486649,13.0,17.0,15.0,16.0,26.7,35.0
1604486650,13.0,17.0,14.0,16.0,26.7,35.0
1604486651,13.0,17.0,14.0,16.0,26.7,35.0
1604486652,13.0,17.0,14.0,17.0,26.7,35.0
1604486653,12.0,17.0,14.0,17.0,26.7,34.8
1604486654,12.0,16.0,14.0,17.0,26.7,34.8
1604486655,12.0,16.0,14.0,17.0,26.7,34.8
1604486656,12.0,16.0,14.0,17.0,26.7,34.8
1604486657,12.0,16.0,14.0,17.0,26.7,34.8
1604486658,12.0,16.0,14.0,17.0,26.7,34.6
1604486659,12.11111111111111,16.0,14.0,16.88888888888889,26.7,34.6
1604486660,12.22222222222222,16.0,14.0,16.77777777777778,26.7,34.6
1604486661,12.333333333333334,16.0,14.0,16.666666666666668,26.7,34.6
1604486662,12.444444444444445,16.0,14.0,16.555555555555557,26.7,34.6
1604486663,12.555555555555555,16.0,14.0,16.444444444444443,26.7,34.6
1604486664,12.666666666666666,16.0,14.0,16.333333333333332,26.7,34.6
1604486665,12.77777777777778,16.0,14.0,16.22222222222222,26.7,34.6
1604486666,12.88888888888889,16.0,14.0,16.11111111111111,26.7,34.6
1604486667,13.0,16.0,14.0,16.0,26.7,34.6
1604486668,13.0,16.0,15.0,16.0,26.7,34.6
1604486669,13.0,16.0,15.0,16.0,26.7,34.6
1604486670,13.0,16.0,15.0,16.0,26.7,34.6
1604486671,13.0,16.0,15.0,16.0,26.7,34.5
1604486672,13.0,16.0,15.0,16.0,26.7,34.5
1604486673,13.0,17.0,14.0,16.0,26.7,34.5
1604486674,13.0,17.0,14.0,16.0,26.7,34.5
1604486675,13.0,17.0,14.0,16.0,26.7,34.5
1604486676,13.0,17.0,14.0,16.0,26.7,34.4
1604486677,14.0,17.0,14.0,16.0,26.7,34.4
1604486678,14.0,17.0,14.0,16.0,26.7,34.4
1604486679,14.0,17.0,14.0,16.0,26.7,34.4
1604486680,14.0,17.0,14.0,16.0,26.7,34.4
1604486681,15.0,17.0,14.0,16.0,26.7,34.3
1604486682,15.0,17.0,14.0,16.0,26.7,34.3
1604486683,15.0,17.0,14.0,16.0,26.7,34.3
1604486684,15.0,17.0,14.0,16.0,26.7,34.3
1604486685,15.0,17.0,14.0,16.0,26.7,34.3
1604486686,14.0,17.0,14.0,16.0,26.7,34.5
1604486687,14.0,17.0,14.0,16.0,26.7,34.5
1604486688,14.0,17.0,14.0,16.0,26.7,34.5
1604486689,14.0,17.0,14.0,16.0,26.7,34.5
1604486690,14.0,16.0,14.0,16.0,26.7,34.5
1604486691,14.0,16.0,14.0,16.0,26.6,34.7
1604486692,14.0,16.0,14.0,16.0,26.6,34.7
1604486693,13.0,16.0,14.0,16.0,26.6,34.7
1604486694,13.0,16.0,15.0,16.0,26.6,34.7
1604486695,13.0,16.0,15.0,16.0,26.6,34.7
1604486696,13.0,16.0,15.0,16.0,26.6,34.8
1604486697,13.0,16.0,15.0,16.0,26.6,34.8
1604486698,13.0,15.0,15.0,17.0,26.6,34.8
1604486699,13.0,15.0,15.0,17.0,26.6,34.8
1604486700,13.0,15.0,15.0,17.0,26.6,34.8
1604486701,13.0,16.0,15.0,17.0,26.6,34.8
1604486702,13.0,16.0,15.0,17.0,26.6,34.8
1604486703,13.0,16.0,15.0,17.0,26.6,34.8
1604486704,13.0,16.0,15.0,16.0,26.6,34.8
1604486705,13.0,16.0,15.0,16.0,26.6,34.8
1604486706,13.0,16.0,15.0,16.0,26.6,34.9
1604486707,13.0,16.0,15.0,16.0,26.6,34.9
1604486708,14.0,16.0,15.0,16.0,26.6,34.9
1604486709,14.0,16.0,15.0,16.0,26.6,34.9
1604486710,14.0,16.0,15.0,16.0,26.6,34.9
1604486711,14.0,16.0,15.0,16.0,26.6,34.9
1604486712,14.0,16.0,15.0,16.0,26.6,34.9
1604486713,14.0,16.0,15.0,16.0,26.6,34.9
1604486714,14.0,16.0,15.0,16.0,26.6,34.9
1604486715,14.0,16.0,15.0,16.0,26.6,34.9
1604486716,14.0,16.0,15.0,16.0,26.6,34.9
1604486717,14.0,16.0,15.0,16.0,26.6,34.9
1604486718,14.0,16.0,15.0,16.0,26.6,34.9
1604486719,14.0,16.0,15.0,16.0,26.6,34.9
1604486720,14.0,15.0,15.0,16.0,26.6,34.9
1604486721,14.0,15.0,14.0,17.0,26.6,34.9
1604486722,14.0,15.0,14.0,17.0,26.6,34.9
1604486723,15.0,15.0,14.0,17.0,26.6,34.9
1604486724,15.0,15.0,14.0,17.0,26.6,34.9
1604486725,15.0,15.0,13.0,17.0,26.6,34.9
1604486726,15.0,15.0,13.0,18.0,26.5,35.0
1604486727,14.0,15.0,13.0,18.0,26.5,35.0
1604486728,14.0,15.0,13.0,18.0,26.5,35.0
1604486729,14.0,14.0,13.0,18.0,26.5,35.0
1604486730,14.0,14.0,13.0,18.0,26.5,35.0
1604486731,14.0,15.0,14.0,18.0,26.6,35.3
1604486732,14.0,15.0,14.0,18.0,26.6,35.3
1604486733,14.0,15.0,14.0,18.0,26.6,35.3
1604486734,14.0,15.0,15.0,18.0,26.6,35.3
1604486735,14.0,15.0,15.0,17.0,26.6,35.3
1604486736,14.0,15.0,15.0,17.0,26.6,35.5
1604486737,14.0,15.0,15.0,17.0,26.6,35.5
1604486738,14.0,15.0,15.0,16.0,26.6,35.5
1604486739,14.0,16.0,15.0,16.0,26.6,35.5
1604486740,14.0,16.0,15.0,16.0,26.6,35.5
1604486741,14.0,16.0,15.0,16.0,26.6,35.7
1604486742,14.0,16.0,15.0,16.0,26.6,35.7
1604486743,14.0,16.0,14.0,15.0,26.6,35.7
1604486744,13.0,16.0,14.0,15.0,26.6,35.7
1604486745,13.0,16.0,14.0,15.0,26.6,35.7
1604486746,13.0,16.0,14.0,15.0,26.6,35.7
1604486747,13.0,16.0,14.0,15.0,26.6,35.7
1604486748,13.0,16.0,14.0,16.0,26.6,35.7
1604486749,13.0,16.0,14.0,16.0,26.6,35.7
1604486750,13.0,16.0,14.0,16.0,26.6,35.7
1604486751,13.0,16.0,15.0,16.0,26.6,35.8
1604486752,13.0,16.0,14.0,16.0,26.6,35.8
1604486753,13.0,16.0,14.0,16.0,26.6,35.8
1604486754,13.0,16.0,14.0,16.0,26.6,35.8
1604486755,13.0,16.0,14.0,16.0,26.6,35.8
1604486756,13.0,16.0,14.0,17.0,26.6,35.8
1604486757,13.0,16.0,14.0,17.0,26.6,35.8
1604486758,13.0,16.0,14.0,17.0,26.6,35.8
1604486759,13.0,16.0,14.0,17.0,26.6,35.8
1604486760,13.0,15.0,14.0,17.0,26.6,35.8
1604486761,13.0,15.0,15.0,17.0,26.6,35.7
1604486762,13.0,15.0,15.0,17.0,26.6,35.7
1604486763,13.0,15.0,15.0,17.0,26.6,35.7
1604486764,13.0,14.0,15.0,17.0,26.6,35.7
1604486765,13.0,14.0,16.0,16.0,26.6,35.7
1604486766,13.0,14.0,16.0,16.0,26.6,35.7
1604486767,13.0,14.0,16.0,16.0,26.6,35.7
1604486768,13.0,14.0,16.0,16.0,26.6,35.7
1604486769,13.0,14.0,16.0,16.0,26.6,35.7
1604486770,13.0,14.0,17.0,16.0,26.6,35.7
1604486771,13.0,14.0,17.0,16.0,26.6,35.5
1604486772,13.0,14.0,16.0,16.0,26.6,35.5
1604486773,13.0,14.0,16.0,16.0,26.6,35.5
1604486774,13.0,14.0,16.0,16.0,26.6,35.5
1604486775,13.0,15.0,16.0,16.0,26.6,35.5
1604486776,13.0,15.0,16.0,16.0,26.6,35.6
1604486777,13.0,15.0,16.0,16.0,26.6,35.6
1604486778,13.0,16.0,16.0,16.0,26.6,35.6
1604486779,13.0,16.0,16.0,16.0,26.6,35.6
1604486780,13.0,16.0,15.0,16.0,26.6,35.6
1604486781,13.0,15.0,15.0,16.0,26.6,35.5
1604486782,13.0,15.0,15.0,16.0,26.6,35.5
1604486783,13.0,15.0,15.0,16.0,26.6,35.5
1604486784,13.0,15.0,15.0,16.0,26.6,35.5
1604486785,13.0,14.0,15.0,16.0,26.6,35.5
1604486786,13.0,14.0,15.0,16.0,26.6,35.5
1604486787,13.0,14.0,15.0,16.0,26.6,35.5
1604486788,13.0,14.0,15.0,16.0,26.6,35.5
1604486789,13.0,14.0,15.0,16.0,26.6,35.5
1604486790,13.0,14.0,14.0,16.0,26.6,35.5
1604486791,12.0,14.0,14.0,16.0,26.6,35.5
1604486792,12.0,14.0,14.0,16.0,26.6,35.5
1604486793,12.0,14.0,14.0,16.0,26.6,35.5
1604486794,12.0,14.0,14.0,16.0,26.6,35.5
1604486795,12.0,14.0,14.0,15.0,26.6,35.5
1604486796,12.0,14.0,14.0,15.0,26.6,35.5
1604486797,12.0,14.0,14.0,15.0,26.6,35.5
1604486798,13.0,15.0,14.0,15.0,26.6,35.5
1604486799,13.0,15.0,14.0,15.0,26.6,35.5
1604486800,13.0,15.0,14.0,15.0,26.6,35.5
1604486801,13.0,15.0,14.0,15.0,26.6,35.5
1604486802,13.0,15.0,14.0,15.0,26.6,35.5
1604486803,13.0,15.0,14.0,15.0,26.6,35.5
1604486804,13.0,15.0,14.0,15.0,26.6,35.5
1604486805,13.0,15.0,14.0,16.0,26.6,35.5
1604486806,13.0,15.0,15.0,16.0,26.6,35.6
1604486807,13.0,15.0,15.0,16.0,26.6,35.6
1604486808,13.0,15.0,15.0,16.0,26.6,35.6
1604486809,13.0,15.0,15.0,17.0,26.6,35.6
1604486810,13.0,15.0,15.0,17.0,26.6,35.6
1604486811,13.0,15.0,15.0,17.0,26.7,35.7
1604486812,13.0,15.0,15.0,17.0,26.7,35.7
1604486813,13.0,15.0,15.0,17.0,26.7,35.7
1604486814,13.0,15.0,15.0,17.0,26.7,35.7
1604486815,13.0,15.0,15.0,17.0,26.7,35.7
1604486816,13.0,15.0,15.0,17.0,26.6,35.5
1604486817,13.0,15.0,15.0,17.0,26.6,35.5
1604486818,13.0,15.0,14.0,17.0,26.6,35.5
1604486819,13.0,15.0,14.0,16.0,26.6,35.5
1604486820,13.0,15.0,14.0,16.0,26.6,35.5
1604486821,13.0,15.0,14.0,16.0,26.6,35.4
1604486822,12.0,16.0,14.0,16.0,26.6,35.4
1604486823,12.0,16.0,14.0,16.0,26.6,35.4
1604486824,12.0,16.0,14.0,16.0,26.6,35.4
1604486825,12.0,16.0,14.0,16.0,26.6,35.4
1604486826,12.0,16.0,14.0,16.0,26.6,35.2
1604486827,12.0,17.0,14.0,16.0,26.6,35.2
1604486828,11.0,17.0,14.0,16.0,26.6,35.2
1604486829,11.0,17.0,14.0,16.0,26.6,35.2
1604486830,11.0,17.0,14.0,16.0,26.6,35.2
1604486831,11.0,16.0,14.0,16.0,26.6,35.1
1604486832,11.0,16.0,14.0,16.0,26.6,35.1
1604486833,11.0,16.0,15.0,16.0,26.6,35.1
1604486834,11.0,15.0,15.0,16.0,26.6,35.1
1604486835,11.0,15.0,15.0,17.0,26.6,35.1
1604486836,11.0,15.0,15.0,17.0,26.7,35.1
1604486837,11.0,14.0,15.0,17.0,26.7,35.1
1604486838,12.0,14.0,15.0,17.0,26.7,35.1
1604486839,12.0,14.0,15.0,17.0,26.7,35.1
1604486840,12.0,15.0,15.0,17.0,26.7,35.1
1604486841,12.0,15.0,15.0,17.0,26.6,35.0
1604486842,12.0,15.0,15.0,17.0,26.6,35.0
1604486843,12.0,15.0,15.0,17.0,26.6,35.0
1604486844,12.0,16.0,15.0,17.0,26.6,35.0
1604486845,12.0,16.0,15.0,17.0,26.6,35.0
1604486846,12.0,16.0,15.0,17.0,26.6,34.6
1604486847,12.0,16.0,15.0,17.0,26.6,34.6
1604486848,12.0,17.0,15.0,17.0,26.6,34.6
1604486849,12.0,17.0,15.0,17.0,26.6,34.6
1604486850,12.0,17.0,15.0,17.0,26.6,34.6
1604486851,12.0,17.0,15.0,17.0,26.6,34.7
1604486852,12.0,17.0,15.0,16.0,26.6,34.7
1604486853,12.0,18.0,16.0,16.0,26.6,34.7
1604486854,12.0,18.0,16.0,16.0,26.6,34.7
1604486855,13.0,18.0,16.0,16.0,26.6,34.7
1604486856,13.0,18.0,16.0,16.0,26.6,34.8
1604486857,13.0,17.0,16.0,16.0,26.6,34.8
1604486858,13.0,17.0,16.0,16.0,26.6,34.8
1604486859,13.0,17.0,16.0,16.0,26.6,34.8
1604486860,13.0,17.0,16.0,16.0,26.6,34.8
1604486861,13.0,17.0,16.0,16.0,26.6,34.6
1604486862,13.0,17.0,16.0,16.0,26.6,34.6
1604486863,13.0,17.0,16.0,16.0,26.6,34.6
1604486864,13.0,17.0,16.0,16.0,26.6,34.6
1604486865,13.0,17.0,16.0,16.0,26.6,34.6
1604486866,13.0,17.0,16.0,16.0,26.6,34.6
1604486867,13.0,17.0,16.0,16.0,26.6,34.6
1604486868,13.0,17.0,16.0,16.0,26.6,34.6
1604486869,13.0,17.0,16.0,16.0,26.6,34.6
1604486870,13.0,17.0,16.0,16.0,26.6,34.6
1604486871,13.0,17.0,16.0,16.0,26.6,34.5
1604486872,12.0,17.0,16.0,16.0,26.6,34.5
1604486873,12.0,17.0,16.0,16.0,26.6,34.5
1604486874,12.0,17.0,16.0,16.0,26.6,34.5
1604486875,12.0,17.0,16.0,16.0,26.6,34.5
1604486876,12.22222222222222,17.0,16.0,16.0,26.6,34.48888888888889
1604486877,12.444444444444445,17.0,16.0,16.0,26.6,34.477777777777774
1604486878,12.666666666666666,17.0,16.0,16.0,26.6,34.46666666666667
1604486879,12.88888888888889,17.0,16.0,16.0,26.6,34.45555555555556
1604486880,13.11111111111111,17.0,16.0,16.0,26.6,34.44444444444444
1604486881,13.333333333333334,17.0,16.0,16.0,26.6,34.43333333333333
1604486882,13.555555555555555,17.0,16.0,16.0,26.6,34.422222222222224
1604486883,13.77777777777778,17.0,16.0,16.0,26.6,34.41111111111111
1604486884,14.0,17.0,16.0,16.0,26.6,34.4
1604486885,14.0,16.0,16.0,17.0,26.6,34.4
1604486886,14.0,16.0,16.0,17.0,26.6,34.4
1604486887,14.0,16.0,16.0,17.0,26.6,34.4
1604486888,14.0,15.0,16.0,17.0,26.6,34.4
1604486889,14.0,15.0,16.0,17.0,26.6,34.4
1604486890,14.0,15.0,16.0,17.0,26.6,34.4
1604486891,14.0,15.0,16.0,17.0,26.6,34.4
1604486892,13.0,15.0,16.0,17.0,26.6,34.4
1604486893,13.0,15.0,17.0,17.0,26.6,34.4
1604486894,13.0,15.0,17.0,17.0,26.6,34.6
1604486895,13.0,15.0,17.0,17.0,26.6,34.6
1604486896,12.0,15.0,17.0,17.0,26.6,34.6
1604486897,12.0,15.0,17.0,17.0,26.6,34.6
1604486898,12.0,15.0,17.0,17.0,26.6,34.6
1604486899,12.0,16.0,17.0,17.0,26.6,34.6
1604486900,12.0,16.0,17.0,17.0,26.6,34.6
1604486901,13.0,16.0,16.0,17.0,26.6,34.6
1604486902,13.0,16.0,16.0,17.0,26.6,34.6
1604486903,13.0,16.0,16.0,17.0,26.6,34.6
1604486904,13.0,17.0,16.0,17.0,26.6,34.6
1604486905,13.0,17.0,16.0,17.0,26.6,34.6
1604486906,14.0,17.0,15.0,17.0,26.6,34.6
1604486907,14.0,17.0,15.0,17.0,26.6,34.6
1604486908,14.0,17.0,15.0,17.0,26.6,34.6
1604486909,14.0,17.0,15.0,17.0,26.6,35.0
1604486910,14.0,17.0,15.0,17.0,26.6,35.0
1604486911,14.0,17.0,15.0,17.0,26.6,35.0
1604486912,14.0,17.0,15.0,17.0,26.6,35.0
1604486913,14.0,17.0,15.0,18.0,26.6,35.0
1604486914,14.0,17.0,15.0,18.0,26.6,35.0
1604486915,13.0,17.0,15.0,18.0,26.6,35.0
1604486916,13.0,17.0,15.0,18.0,26.6,35.0
1604486917,13.0,16.0,15.0,18.0,26.6,35.0
1604486918,13.0,16.0,15.0,18.0,26.6,35.0
1604486919,13.0,16.0,15.0,18.0,26.6,35.5
1604486920,13.0,16.0,14.0,18.0,26.6,35.5
1604486921,12.0,16.0,14.0,18.0,26.6,35.5
1604486922,12.0,16.0,14.0,18.0,26.6,35.5
1604486923,12.0,16.0,14.0,18.0,26.6,35.5
1604486924,12.0,15.0,14.0,17.0,26.6,35.8
1604486925,12.0,15.0,14.0,17.0,26.6,35.8
1604486926,13.0,16.0,15.0,17.0,26.6,35.8
1604486927,13.0,16.0,15.0,17.0,26.6,35.8
1604486928,13.0,16.0,15.0,17.0,26.6,35.8
1604486929,13.0,16.0,15.0,17.0,26.6,35.8
1604486930,13.0,16.0,15.0,17.0,26.6,35.8
1604486931,13.0,16.0,15.0,17.0,26.6,35.8
1604486932,13.0,16.0,15.0,17.0,26.6,35.8
1604486933,13.0,16.0,15.0,18.0,26.6,35.8
1604486934,13.0,16.0,15.0,18.0,26.7,35.8
1604486935,13.0,16.0,15.0,18.0,26.7,35.8
1604486936,13.0,17.0,15.0,18.0,26.7,35.8
1604486937,13.0,17.0,15.0,18.0,26.7,35.8
1604486938,14.0,16.0,15.0,18.0,26.7,35.8
1604486939,14.0,16.0,15.0,17.0,26.7,35.6
1604486940,14.0,16.0,15.0,17.0,26.7,35.6
1604486941,14.0,16.0,15.0,17.0,26.7,35.6
1604486942,14.0,16.0,15.0,17.0,26.7,35.6
1604486943,14.0,16.0,15.0,17.0,26.7,35.6
1604486944,15.0,16.0,15.0,17.0,26.7,35.4
1604486945,15.0,15.0,16.0,17.0,26.7,35.4
1604486946,15.0,15.0,16.0,17.0,26.7,35.4
1604486947,15.0,15.0,16.0,17.0,26.7,35.4
1604486948,14.0,15.0,16.0,17.0,26.7,35.4
1604486949,14.0,15.0,16.0,17.0,26.7,35.2
1604486950,14.0,15.0,16.0,17.0,26.7,35.2
1604486951,14.0,15.0,16.0,18.0,26.7,35.2
1604486952,14.0,15.0,16.0,18.0,26.7,35.2
1604486953,13.0,16.0,16.0,18.0,26.7,35.2
1604486954,13.0,16.0,16.0,18.0,26.7,35.1
1604486955,13.0,16.0,16.0,18.0,26.7,35.1
1604486956,13.0,16.0,16.0,18.0,26.7,35.1
1604486957,13.0,16.0,16.0,18.0,26.7,35.1
1604486958,13.0,16.0,16.0,17.0,26.7,35.1
1604486959,13.0,16.0,16.0,17.0,26.7,35.2
1604486960,12.0,16.0,16.0,17.0,26.7,35.2
1604486961,12.0,16.0,16.0,17.0,26.7,35.2
1604486962,12.0,15.0,16.0,17.0,26.7,35.2
1604486963,13.0,15.0,16.0,17.0,26.7,35.2
1604486964,13.0,15.0,16.0,17.0,26.7,35.2
1604486965,13.0,15.0,17.0,17.0,26.7,35.2
1604486966,13.0,15.0,17.0,17.0,26.7,35.2
1604486967,13.0,15.0,17.0,17.0,26.7,35.2
1604486968,13.0,15.0,17.0,17.0,26.7,35.2
1604486969,13.0,15.0,17.0,17.0,26.7,35.2
1604486970,13.0,15.0,17.0,17.0,26.7,35.2
1604486971,13.0,15.0,17.0,17.0,26.7,35.2
1604486972,13.0,16.0,17.0,17.0,26.7,35.2
1604486973,13.0,16.0,17.0,17.0,26.7,35.2
1604486974,13.0,16.0,17.0,17.0,26.7,35.3
1604486975,13.0,16.0,17.0,17.0,26.7,35.3
1604486976,13.0,16.0,17.0,17.0,26.7,35.3
1604486977,13.0,16.0,17.0,17.0,26.7,35.3
1604486978,13.0,16.0,17.0,17.0,26.7,35.3
1604486979,13.0,16.0,16.0,17.0,26.7,35.2
1604486980,13.0,16.0,16.0,17.0,26.7,35.2
1604486981,13.0,16.0,16.0,18.0,26.7,35.2
1604486982,12.0,16.0,16.0,18.0,26.7,35.2
1604486983,12.0,16.0,16.0,18.0,26.7,35.2
1604486984,12.0,16.0,16.0,18.0,26.7,35.0
1604486985,12.0,16.0,16.0,18.0,26.7,35.0
1604486986,12.0,16.0,16.0,18.0,26.7,35.0
1604486987,12.0,16.0,16.0,18.0,26.7,35.0
1604486988,12.0,16.0,16.0,18.0,26.7,35.0
1604486989,12.0,16.0,16.0,18.0,26.7,35.0
1604486990,13.0,16.0,16.0,18.0,26.7,35.0
1604486991,13.0,16.0,16.0,18.0,26.7,35.0
1604486992,13.0,16.0,16.0,18.0,26.7,35.0
1604486993,13.0,16.0,17.0,18.0,26.7,35.0
1604486994,13.0,16.0,17.0,18.0,26.8,35.0
1604486995,13.0,17.0,17.0,17.0,26.8,35.0
1604486996,13.0,17.0,17.0,18.0,26.8,35.0
1604486997,13.0,17.0,17.0,18.0,26.8,35.0
1604486998,13.0,17.0,17.0,18.0,26.8,35.0
1604486999,13.0,17.0,17.0,18.0,26.7,35.0
1604487000,13.0,17.0,16.0,18.0,26.7,35.0
1604487001,13.0,17.0,16.0,18.0,26.7,35.0
1604487002,13.0,17.0,16.0,18.0,26.7,35.0
1604487003,13.0,16.0,16.0,18.0,26.7,35.0
1604487004,13.0,16.0,16.0,19.0,26.8,35.0
1604487005,14.0,16.0,16.0,19.0,26.8,35.0
1604487006,14.0,16.0,16.0,19.0,26.8,35.0
1604487007,14.0,16.0,16.0,19.0,26.8,35.0
1604487008,14.0,16.0,16.0,19.0,26.8,35.0
1604487009,14.0,16.0,16.0,19.0,26.8,35.6
1604487010,14.0,15.0,16.0,18.0,26.8,35.6
1604487011,14.0,15.0,16.0,18.0,26.8,35.6
1604487012,14.0,15.0,16.0,18.0,26.8,35.6
1604487013,14.0,15.0,16.0,18.0,26.8,35.6
1604487014,14.0,15.0,16.0,18.0,26.8,35.8
1604487015,14.0,15.0,16.0,18.0,26.8,35.8
1604487016,14.0,15.0,16.0,17.0,26.8,35.8
1604487017,14.0,15.0,16.0,17.0,26.8,35.8
1604487018,14.0,15.0,15.0,17.0,26.8,35.8
1604487019,14.0,15.0,15.0,17.0,26.8,36.0
1604487020,14.0,15.0,15.0,17.0,26.8,36.0
1604487021,14.0,15.0,15.0,17.0,26.8,36.0
1604487022,13.0,15.0,15.0,17.0,26.8,36.0
1604487023,13.0,15.0,15.0,17.0,26.8,36.0
1604487024,13.0,16.0,15.0,17.0,26.8,36.1
1604487025,13.0,16.0,15.0,17.0,26.8,36.1
1604487026,13.0,16.0,15.0,17.0,26.8,36.1
1604487027,14.0,16.0,15.0,17.0,26.8,36.1
1604487028,14.0,16.0,15.0,17.0,26.8,36.1
1604487029,14.0,16.0,15.0,17.0,26.8,36.2
1604487030,14.0,16.0,15.0,17.0,26.8,36.2
1604487031,14.0,16.0,15.0,17.0,26.8,36.2
1604487032,14.0,16.0,16.0,17.0,26.8,36.2
1604487033,14.0,16.0,16.0,17.0,26.8,36.2
1604487034,14.0,16.0,16.0,17.0,26.8,36.3
1604487035,14.0,15.0,16.0,17.0,26.8,36.3
1604487036,14.0,15.0,16.0,17.0,26.8,36.3
1604487037,14.0,15.0,16.0,17.0,26.8,36.3
1604487038,14.0,15.0,16.0,17.0,26.8,36.3
1604487039,14.0,15.0,16.0,17.0,26.8,36.4
1604487040,14.0,15.0,16.0,17.0,26.8,36.4
1604487041,14.0,16.0,16.0,17.0,26.8,36.4
1604487042,14.0,16.0,16.0,17.0,26.8,36.4
1604487043,14.0,16.0,16.0,17.0,26.8,36.4
1604487044,14.0,16.0,17.0,17.0,26.8,36.4
1604487045,14.0,16.0,17.0,17.0,26.8,36.4
1604487046,14.0,17.0,17.0,17.0,26.8,36.4
1604487047,14.0,17.0,17.0,17.0,26.8,36.4
1604487048,14.0,17.0,17.0,17.0,26.8,36.4
1604487049,15.0,17.0,17.0,18.0,26.9,36.5
1604487050,15.0,17.0,17.0,18.0,26.9,36.5
1604487051,15.0,17.0,17.0,18.0,26.9,36.5
1604487052,15.0,17.0,17.0,18.0,26.9,36.5
1604487053,15.0,18.0,17.0,18.0,26.9,36.5
1604487054,15.0,17.0,17.0,18.0,26.9,36.5
1604487055,15.0,17.0,17.0,18.0,26.9,36.5
1604487056,15.0,17.0,16.0,18.0,26.9,36.5
1604487057,15.0,17.0,16.0,18.0,26.9,36.5
1604487058,15.0,17.0,16.0,18.0,26.9,36.5
1604487059,14.0,17.0,16.0,18.0,26.9,36.5
1604487060,14.0,16.0,16.0,18.0,26.9,36.5
1604487061,14.0,16.0,16.0,18.0,26.9,36.5
1604487062,14.0,16.0,16.0,18.0,26.9,36.5
1604487063,14.0,16.0,15.0,18.0,26.9,36.5
1604487064,14.0,15.0,15.0,18.0,26.9,36.6
1604487065,14.0,15.0,16.0,18.0,26.9,36.6
1604487066,14.0,15.0,16.0,17.0,26.9,36.6
1604487067,14.0,15.0,16.0,17.0,26.9,36.6
1604487068,14.0,15.0,16.0,17.0,26.9,36.6
1604487069,14.0,15.0,16.0,17.0,26.9,36.6
1604487070,14.0,15.0,17.0,17.0,26.9,36.6
1604487071,14.0,15.0,17.0,17.0,26.9,36.6
1604487072,14.0,15.0,17.0,18.0,26.9,36.6
1604487073,14.0,15.0,17.0,18.0,26.9,36.6
1604487074,14.0,16.0,17.0,18.0,26.9,36.6
1604487075,14.0,16.0,17.0,18.0,26.9,36.6
1604487076,14.0,16.0,17.0,18.0,26.9,36.6
1604487077,14.0,17.0,17.0,18.0,26.9,36.6
1604487078,14.0,17.0,17.0,18.0,26.9,36.6
1604487079,14.0,17.0,17.0,18.0,27.0,36.5
1604487080,14.0,17.0,17.0,18.0,27.0,36.5
1604487081,14.0,17.0,17.0,18.0,27.0,36.5
1604487082,14.0,17.0,17.0,18.0,27.0,36.5
1604487083,14.0,17.0,17.0,18.0,27.0,36.5
1604487084,14.0,17.0,17.0,18.0,26.9,36.2
1604487085,14.0,17.0,16.0,18.0,26.9,36.2
1604487086,14.0,17.0,16.0,17.0,26.9,36.2
1604487087,13.0,16.0,16.0,17.0,26.9,36.2
1604487088,13.0,16.0,16.0,17.0,26.9,36.2
1604487089,13.0,16.0,16.0,17.0,26.9,36.3
1604487090,13.0,16.0,16.0,17.0,26.9,36.3
1604487091,13.0,16.0,16.0,17.0,26.9,36.3
1604487092,13.0,15.0,16.0,18.0,26.9,36.3
1604487093,13.0,15.0,16.0,18.0,26.9,36.3
1604487094,13.0,15.0,16.0,18.0,26.9,36.3
1604487095,13.0,15.0,16.0,18.0,26.9,36.3
1604487096,13.0,15.0,16.0,18.0,26.9,36.3
1604487097,13.0,15.0,16.0,18.0,26.9,36.3
1604487098,13.0,15.0,16.0,18.0,26.9,36.3
1604487099,13.0,15.0,16.0,18.0,26.9,36.3
1604487100,13.0,15.0,16.0,18.0,26.9,36.3
1604487101,13.0,15.0,16.0,18.0,26.9,36.3
1604487102,13.0,15.0,16.0,18.0,26.9,36.3
1604487103,13.0,15.0,16.0,18.0,26.9,36.1
1604487104,13.0,15.0,16.0,17.0,26.9,36.1
1604487105,13.0,16.0,16.0,17.0,26.9,36.1
1604487106,13.0,16.0,16.0,17.0,26.9,36.1
1604487107,13.0,16.0,16.0,17.0,26.9,36.1
1604487108,14.0,16.0,16.0,17.0,26.9,35.4
1604487109,14.0,16.0,16.0,17.0,26.9,35.4
1604487110,13.0,16.0,16.0,17.0,26.9,35.4
1604487111,13.0,16.0,15.0,17.0,26.9,35.4
1604487112,13.0,16.0,15.0,17.0,26.9,35.4
1604487113,13.0,16.0,15.0,17.0,26.9,35.0
1604487114,13.0,15.0,15.0,17.0,26.9,35.0
1604487115,13.0,15.0,15.0,17.0,26.9,35.0
1604487116,13.0,15.0,16.0,17.0,26.9,35.0
1604487117,13.0,15.0,16.0,17.0,26.9,35.0
1604487118,13.0,14.0,16.0,17.0,26.9,34.6
1604487119,13.0,14.0,16.0,17.0,26.9,34.6
1604487120,13.0,14.0,16.0,17.0,26.9,34.6
1604487121,13.0,14.0,16.0,17.0,26.9,34.6
1604487122,13.0,14.0,16.0,17.0,26.9,34.6
1604487123,13.0,14.0,16.0,17.0,26.9,34.3
1604487124,14.0,14.0,16.0,17.0,26.9,34.3
1604487125,14.0,15.0,16.0,17.0,26.9,34.3
1604487126,14.0,15.0,16.0,18.0,26.9,34.3
1604487127,14.0,15.0,16.0,18.0,26.9,34.3
1604487128,14.0,16.0,16.0,17.0,26.9,33.9
1604487129,14.0,16.0,16.0,17.0,26.9,33.9
1604487130,14.0,16.0,16.0,17.0,26.9,33.9
1604487131,14.0,16.0,16.0,17.0,26.9,33.9
1604487132,14.0,16.0,16.0,17.0,26.9,33.9
1604487133,14.0,16.0,16.0,18.0,26.9,33.8
1604487134,14.0,16.0,16.0,18.0,26.9,33.8
1604487135,14.0,16.0,16.0,18.0,26.9,33.8
1604487136,14.0,16.0,16.0,18.0,26.9,33.8
1604487137,14.0,16.0,16.0,18.0,26.9,33.8
1604487138,14.0,16.0,16.0,18.0,26.9,34.2
1604487139,14.0,15.0,16.0,18.0,26.9,34.2
1604487140,14.0,15.0,16.0,18.0,26.9,34.2
1604487141,14.0,15.0,16.0,18.0,26.9,34.2
1604487142,14.0,15.0,16.0,18.0,26.9,34.2
1604487143,14.0,15.0,16.0,18.0,26.9,34.3
1604487144,14.0,15.0,16.0,17.0,26.9,34.3
1604487145,14.0,15.0,17.0,17.0,26.9,34.3
1604487146,14.0,15.0,17.0,17.0,26.9,34.3
1604487147,14.0,15.0,17.0,17.0,26.9,34.3
1604487148,14.0,15.0,17.0,17.0,26.9,34.3
1604487149,14.0,15.0,17.0,17.0,26.9,34.3
1604487150,14.0,15.0,17.0,17.0,26.9,34.3
1604487151,14.0,16.0,17.0,17.0,26.9,34.3
1604487152,14.0,16.0,17.0,17.0,26.9,34.3
1604487153,14.0,16.0,17.0,17.0,26.9,34.1
1604487154,14.0,16.0,17.0,17.0,26.9,34.1
1604487155,14.0,16.0,17.0,17.0,26.9,34.1
1604487156,14.0,17.0,17.0,18.0,26.9,34.1
1604487157,14.0,17.0,17.0,17.0,26.9,34.1
1604487158,14.0,17.0,17.0,17.0,26.9,34.0
1604487159,14.0,17.0,17.0,17.0,26.9,34.0
1604487160,14.0,17.0,17.0,17.0,26.9,34.0
1604487161,14.0,17.0,17.0,17.0,26.9,34.0
1604487162,14.0,17.0,17.0,17.0,26.9,34.0
1604487163,14.0,16.0,17.0,17.0,26.9,34.0
1604487164,13.0,16.0,17.0,17.0,26.9,34.0
1604487165,13.0,16.0,17.0,17.0,26.9,34.0
1604487166,13.0,16.0,17.0,17.0,26.9,34.0
1604487167,14.0,16.0,16.0,17.0,26.9,34.0
1604487168,14.0,16.0,16.0,17.0,26.9,34.1
1604487169,14.0,16.0,16.0,17.0,26.9,34.1
1604487170,14.0,16.0,16.0,17.0,26.9,34.1
1604487171,14.0,16.0,16.0,17.0,26.9,34.1
1604487172,14.0,16.0,16.0,17.0,26.9,34.1
1604487173,14.0,16.0,16.0,18.0,26.9,34.2
1604487174,15.0,16.0,16.0,18.0,26.9,34.2
1604487175,15.0,16.0,17.0,18.0,26.9,34.2
1604487176,15.0,16.0,17.0,18.0,26.9,34.2
1604487177,15.0,16.0,17.0,18.0,26.9,34.2
1604487178,15.0,17.0,17.0,18.0,26.9,34.0
1604487179,15.0,17.0,18.0,18.0,26.9,34.0
1604487180,14.0,17.0,18.0,18.0,26.9,34.0
1604487181,14.0,17.0,18.0,18.0,26.9,34.0
1604487182,14.0,17.0,18.0,18.0,26.9,34.0
1604487183,14.0,16.0,18.0,18.0,26.9,34.0
1604487184,14.0,16.0,18.0,18.0,26.9,34.0
1604487185,14.0,16.0,18.0,18.0,26.9,34.0
1604487186,14.0,16.0,18.0,18.0,26.9,34.0
1604487187,13.0,16.0,17.0,18.0,26.9,34.0
1604487188,13.0,16.0,17.0,18.0,26.9,33.9
1604487189,13.0,16.0,17.0,18.0,26.9,33.9
1604487190,13.0,16.0,16.0,18.0,26.9,33.9
1604487191,13.0,17.0,16.0,18.0,26.9,33.9
1604487192,13.0,17.0,16.0,18.0,26.9,33.9
1604487193,14.0,17.0,16.0,18.0,26.9,33.8
1604487194,14.0,17.0,16.0,17.0,26.9,33.8
1604487195,14.0,17.0,16.0,17.0,26.9,33.8
1604487196,14.0,17.0,16.0,17.0,26.9,33.8
1604487197,14.0,17.0,16.0,17.0,26.9,33.8
1604487198,14.0,17.0,16.0,17.0,26.9,33.3
1604487199,14.0,17.0,16.0,17.0,26.9,33.3
1604487200,14.0,17.0,17.0,17.0,26.9,33.3
1604487201,14.0,17.0,17.0,17.0,26.9,33.3
1604487202,14.0,17.0,17.0,17.0,26.9,33.3
1604487203,14.0,17.0,17.0,17.0,26.9,33.3
1604487204,14.0,17.0,17.0,17.0,26.9,33.3
1604487205,14.0,17.0,17.0,17.0,26.9,33.3
1604487206,14.0,17.0,17.0,17.0,26.9,33.3
1604487207,14.0,17.0,17.0,17.0,26.9,33.3
1604487208,14.0,17.0,17.0,17.0,26.8,33.1
1604487209,14.0,17.0,17.0,17.0,26.8,33.1
1604487210,14.0,17.0,17.0,17.0,26.8,33.1
1604487211,14.0,17.0,18.0,17.0,26.8,33.1
1604487212,14.0,17.0,17.0,17.0,26.8,33.1
1604487213,14.0,17.0,18.0,17.0,26.9,33.0
1604487214,14.0,17.0,18.0,17.0,26.9,33.0
1604487215,14.0,17.0,18.0,17.0,26.9,33.0
1604487216,14.0,17.0,18.0,17.0,26.9,33.0
1604487217,14.0,16.0,18.0,17.0,26.9,33.0
1604487218,14.0,16.0,18.0,17.0,26.8,32.8
1604487219,14.0,16.0,18.0,17.0,26.8,32.8
1604487220,14.0,16.0,18.0,17.0,26.8,32.8
1604487221,14.0,16.0,18.0,17.0,26.8,32.8
1604487222,14.0,16.0,18.0,17.0,26.8,32.8
1604487223,14.0,16.0,18.0,17.0,26.8,32.8
1604487224,14.0,16.0,18.0,17.0,26.8,32.8
1604487225,14.0,16.0,18.0,17.0,26.8,32.8
1604487226,14.0,16.0,18.0,17.0,26.8,32.8
1604487227,14.0,16.0,18.0,17.0,26.8,32.8
1604487228,14.0,16.0,18.0,17.0,26.7,32.5
1604487229,14.0,16.0,18.0,17.0,26.7,32.5
1604487230,14.0,17.0,18.0,17.0,26.7,32.5
1604487231,14.0,17.0,18.0,17.0,26.7,32.5
1604487232,14.0,17.0,18.0,17.0,26.7,32.5
1604487233,14.0,17.0,18.0,18.0,26.6,32.5
1604487234,14.0,17.0,18.0,17.0,26.6,32.5
1604487235,15.0,17.0,18.0,17.0,26.6,32.5
1604487236,15.0,17.0,18.0,18.0,26.6,32.5
1604487237,15.0,17.0,18.0,18.0,26.6,32.5
1604487238,15.0,17.0,18.0,18.0,26.5,32.4
1604487239,15.0,16.0,18.0,18.0,26.5,32.4
1604487240,15.0,16.0,18.0,18.0,26.5,32.4
1604487241,15.0,16.0,17.0,18.0,26.5,32.4
1604487242,15.0,16.0,17.0,18.0,26.5,32.4
1604487243,15.0,16.0,17.0,18.0,26.6,32.5
1604487244,15.0,16.0,17.0,17.0,26.6,32.5
1604487245,15.0,16.0,17.0,17.0,26.6,32.5
1604487246,15.0,16.0,17.0,17.0,26.6,32.5
1604487247,15.0,17.0,17.0,17.0,26.6,32.5
1604487248,15.0,17.0,17.0,17.0,26.5,32.9
1604487249,15.0,17.0,17.0,17.0,26.5,32.9
1604487250,15.0,17.0,17.0,17.0,26.5,32.9
1604487251,15.0,17.0,18.0,16.0,26.5,32.9
1604487252,15.0,17.0,18.0,16.0,26.5,32.9
1604487253,15.0,17.0,18.0,16.0,26.5,33.0
1604487254,15.0,17.0,18.0,16.0,26.5,33.0
1604487255,15.0,16.0,18.0,17.0,26.5,33.0
1604487256,14.0,16.0,19.0,17.0,26.5,33.0
1604487257,14.0,16.0,19.0,18.0,26.5,33.0
1604487258,14.0,16.0,19.0,18.0,26.4,33.0
1604487259,14.0,16.0,18.0,18.0,26.4,33.0
1604487260,14.0,16.0,18.0,18.0,26.4,33.0
1604487261,14.0,16.0,18.0,18.0,26.4,33.0
1604487262,14.0,16.0,17.0,18.0,26.4,33.0
1604487263,14.0,16.0,17.0,18.0,26.5,33.3
1604487264,14.0,16.0,17.0,18.0,26.5,33.3
1604487265,14.0,16.0,17.0,18.0,26.5,33.3
1604487266,14.0,17.0,17.0,18.0,26.5,33.3
1604487267,14.0,17.0,16.0,18.0,26.5,33.3
1604487268,14.0,17.0,16.0,18.0,26.5,34.0
1604487269,14.0,17.0,16.0,18.0,26.5,34.0
1604487270,14.0,17.0,16.0,18.0,26.5,34.0
1604487271,14.0,17.0,16.0,18.0,26.5,34.0
1604487272,14.0,17.0,16.0,18.0,26.5,34.0
1604487273,14.0,17.0,16.0,19.0,26.4,33.9
1604487274,14.0,17.0,16.0,19.0,26.4,33.9
1604487275,14.0,17.0,16.0,18.0,26.4,33.9
1604487276,14.0,17.0,16.0,18.0,26.4,33.9
1604487277,14.0,17.0,17.0,18.0,26.4,33.9
1604487278,14.0,17.0,17.0,18.0,26.4,34.0
1604487279,14.0,17.0,17.0,18.0,26.4,34.0
1604487280,14.0,17.0,17.0,17.0,26.4,34.0
1604487281,14.0,16.0,18.0,17.0,26.4,34.0
1604487282,14.0,16.0,18.0,17.0,26.4,34.0
1604487283,14.0,16.0,18.0,17.0,26.5,34.3
1604487284,14.0,16.0,18.0,17.0,26.5,34.3
1604487285,14.0,16.0,18.0,17.0,26.5,34.3
1604487286,14.0,16.0,18.0,17.0,26.5,34.3
1604487287,14.0,16.0,18.0,17.0,26.5,34.3
1604487288,14.0,17.0,18.0,17.0,26.4,34.4
1604487289,14.0,17.0,18.0,17.0,26.4,34.4
1604487290,14.0,17.0,17.0,17.0,26.4,34.4
1604487291,14.0,17.0,17.0,17.0,26.4,34.4
1604487292,14.0,18.0,17.0,18.0,26.4,34.4
1604487293,14.0,18.0,17.0,18.0,26.4,34.5
1604487294,14.0,18.0,17.0,18.0,26.4,34.5
1604487295,14.0,18.0,16.0,18.0,26.4,34.5
1604487296,14.0,18.0,16.0,18.0,26.4,34.5
1604487297,14.0,18.0,16.0,18.0,26.4,34.5
1604487298,14.0,18.0,16.0,18.0,26.5,34.8
1604487299,14.0,18.0,16.0,18.0,26.5,34.8
1604487300,14.0,18.0,16.0,18.0,26.5,34.8
1604487301,14.0,18.0,16.0,18.0,26.5,34.8
1604487302,14.0,18.0,16.0,18.0,26.5,34.8
1604487303,15.0,18.0,16.0,18.0,26.5,35.0
1604487304,15.0,17.0,16.0,18.0,26.5,35.0
1604487305,15.0,17.0,16.0,17.0,26.5,35.0
1604487306,15.0,17.0,16.0,17.0,26.5,35.0
1604487307,15.0,17.0,16.0,17.0,26.5,35.0
1604487308,15.0,17.0,16.0,17.0,26.5,35.2
1604487309,15.0,17.0,16.0,17.0,26.5,35.2
1604487310,15.0,16.0,16.0,17.0,26.5,35.2
1604487311,15.0,16.0,16.0,17.0,26.5,35.2
1604487312,15.0,16.0,17.0,17.0,26.5,35.2
1604487313,14.875,16.0,17.0,17.0,26.5,35.2
1604487314,14.75,16.0,17.0,17.0,26.5,35.2
1604487315,14.625,16.0,17.0,17.0,26.5,35.2
1604487316,14.5,16.0,17.0,17.0,26.5,35.2
1604487317,14.375,16.0,17.0,17.0,26.5,35.2
1604487318,14.25,16.0,17.0,17.0,26.5,35.2
1604487319,14.125,16.0,17.0,17.0,26.5,35.2
1604487320,14.0,16.0,17.0,17.0,26.5,35.2
1604487321,14.0,16.0,17.0,17.0,26.5,35.2
1604487322,14.0,16.0,17.0,17.0,26.5,35.2
1604487323,14.0,16.0,17.0,17.0,26.5,35.2
1604487324,14.0,16.0,17.0,17.0,26.5,35.2
1604487325,14.0,16.0,17.0,17.0,26.5,35.3
1604487326,14.0,16.0,17.0,17.0,26.5,35.3
1604487327,14.0,16.0,17.0,17.0,26.5,35.3
1604487328,14.0,16.0,17.0,17.0,26.5,35.3
1604487329,14.0,16.0,17.0,17.0,26.5,35.3
1604487330,14.0,16.0,17.0,17.0,26.5,35.7
1604487331,15.0,17.0,17.0,17.0,26.5,35.7
1604487332,15.0,17.0,17.0,17.0,26.5,35.7
1604487333,15.0,17.0,17.0,17.0,26.5,35.7
1604487334,15.0,17.0,17.0,17.0,26.5,35.7
1604487335,15.0,17.0,17.0,17.0,26.5,35.8
1604487336,15.0,17.0,17.0,17.0,26.5,35.8
1604487337,15.0,17.0,17.0,17.0,26.5,35.8
1604487338,15.0,17.0,17.0,17.0,26.5,35.8
1604487339,15.0,17.0,17.0,18.0,26.5,35.8
1604487340,15.0,17.0,17.0,18.0,26.5,35.8
1604487341,15.0,17.0,17.0,18.0,26.5,35.8
1604487342,15.0,17.0,17.0,18.0,26.5,35.8
1604487343,15.0,17.0,17.0,18.0,26.5,35.8
1604487344,15.0,17.0,17.0,18.0,26.5,35.8
1604487345,14.0,17.0,18.0,18.0,26.5,35.9
1604487346,14.0,17.0,17.0,18.0,26.5,35.9
1604487347,14.0,17.0,17.0,18.0,26.5,35.9
1604487348,15.0,17.0,17.0,18.0,26.5,35.9
1604487349,15.0,17.0,17.0,18.0,26.5,35.9
1604487350,15.0,17.0,17.0,18.0,26.5,36.0
1604487351,15.0,17.0,17.0,18.0,26.5,36.0
1604487352,15.0,17.0,17.0,18.0,26.5,36.0
1604487353,15.0,17.0,16.0,18.0,26.5,36.0
1604487354,15.0,17.0,16.0,18.0,26.5,36.0
1604487355,15.0,17.0,16.0,18.0,26.5,36.1
1604487356,15.0,17.0,16.0,18.0,26.5,36.1
1604487357,15.0,17.0,16.0,17.0,26.5,36.1
1604487358,15.0,17.0,16.0,17.0,26.5,36.1
1604487359,15.0,17.0,16.0,17.0,26.5,36.1
1604487360,15.0,17.0,16.0,17.0,26.6,36.2
1604487361,14.0,17.0,16.0,17.0,26.6,36.2
1604487362,14.0,17.0,16.0,16.0,26.6,36.2
1604487363,14.0,17.0,16.0,16.0,26.6,36.2
1604487364,14.0,17.0,16.0,16.0,26.6,36.2
1604487365,14.0,17.0,16.0,16.0,26.5,36.2
1604487366,14.0,17.0,16.0,16.0,26.5,36.2
1604487367,14.0,17.0,16.0,16.0,26.5,36.2
1604487368,14.0,17.0,16.0,16.0,26.5,36.2
1604487369,14.0,17.0,16.0,17.0,26.5,36.2
1604487370,14.0,16.0,16.0,17.0,26.6,36.4
1604487371,14.0,16.0,16.0,17.0,26.6,36.4
1604487372,14.0,16.0,16.0,17.0,26.6,36.4
1604487373,14.0,16.0,16.0,17.0,26.6,36.4
1604487374,14.0,16.0,16.0,17.0,26.6,36.4
1604487375,14.0,16.0,17.0,17.0,26.6,36.4
1604487376,15.0,15.0,17.0,17.0,26.6,36.4
1604487377,15.0,15.0,17.0,17.0,26.6,36.4
1604487378,15.0,15.0,17.0,17.0,26.6,36.4
1604487379,15.0,15.0,17.0,17.0,26.6,36.4
1604487380,15.0,15.0,17.0,17.0,26.6,36.2
1604487381,15.0,15.0,18.0,17.0,26.6,36.2
1604487382,14.0,15.0,18.0,17.0,26.6,36.2
1604487383,14.0,15.0,18.0,17.0,26.6,36.2
1604487384,14.0,15.0,18.0,17.0,26.6,36.2
1604487385,14.0,16.0,18.0,17.0,26.6,35.9
1604487386,14.0,16.0,18.0,17.0,26.6,35.9
1604487387,14.0,16.0,18.0,17.0,26.6,35.9
1604487388,14.0,16.0,18.0,17.0,26.6,35.9
1604487389,14.0,16.0,18.0,17.0,26.6,35.9
1604487390,14.0,16.0,17.0,17.0,26.6,35.3
1604487391,14.0,16.0,17.0,17.0,26.6,35.3
1604487392,14.0,16.0,17.0,17.0,26.6,35.3
1604487393,14.0,16.0,16.0,17.0,26.6,35.3
1604487394,14.0,16.0,16.0,17.0,26.6,35.3
1604487395,14.0,16.0,16.0,17.0,26.6,35.3
1604487396,15.0,17.0,16.0,17.0,26.6,35.3
1604487397,15.0,17.0,16.0,17.0,26.6,35.3
1604487398,15.0,17.0,16.0,17.0,26.6,35.3
1604487399,15.0,17.0,16.0,17.0,26.6,35.3
1604487400,15.0,17.0,16.0,17.0,26.7,35.3
1604487401,15.0,17.0,16.0,17.0,26.7,35.3
1604487402,15.0,18.0,16.0,17.0,26.7,35.3
1604487403,15.0,18.0,17.0,17.0,26.7,35.3
1604487404,15.0,18.0,17.0,17.0,26.7,35.3
1604487405,15.0,17.0,17.0,17.0,26.7,35.2
1604487406,15.0,16.0,17.0,17.0,26.7,35.2
1604487407,15.0,16.0,17.0,17.0,26.7,35.2
1604487408,14.0,16.0,17.0,17.0,26.7,35.2
1604487409,14.0,16.0,17.0,17.0,26.7,35.2
1604487410,14.0,16.0,16.0,17.0,26.7,35.6
1604487411,14.0,16.0,16.0,17.0,26.7,35.6
1604487412,14.0,16.0,16.0,17.0,26.7,35.6
1604487413,14.0,16.0,15.0,17.0,26.7,35.6
1604487414,14.0,16.0,15.0,17.0,26.7,35.6
1604487415,14.0,16.0,15.0,17.0,26.7,35.7
1604487416,14.0,16.0,15.0,17.0,26.7,35.7
1604487417,14.0,16.0,15.0,17.0,26.7,35.7
1604487418,14.0,16.0,15.0,17.0,26.7,35.7
1604487419,14.0,16.0,15.0,17.0,26.7,35.7
1604487420,14.0,16.0,15.0,17.0,26.7,35.7
1604487421,14.0,16.0,15.0,17.0,26.7,35.7
1604487422,14.0,16.0,15.0,16.0,26.7,35.7
1604487423,14.0,16.0,15.0,16.0,26.7,35.7
1604487424,14.0,17.0,15.0,16.0,26.7,35.7
1604487425,14.0,16.0,15.0,16.0,26.7,35.9
1604487426,14.0,17.0,16.0,17.0,26.7,35.9
1604487427,14.0,16.0,16.0,17.0,26.7,35.9
1604487428,14.0,16.0,16.0,17.0,26.7,35.9
1604487429,14.0,16.0,16.0,17.0,26.7,35.9
1604487430,15.0,16.0,16.0,17.0,26.7,35.9
1604487431,15.0,16.0,17.0,17.0,26.7,35.9
1604487432,15.0,16.0,17.0,17.0,26.7,35.9
1604487433,15.0,16.0,17.0,17.0,26.7,35.9
1604487434,15.0,16.0,17.0,17.0,26.7,35.9
1604487435,15.0,16.0,17.0,16.0,26.7,35.1
1604487436,15.0,16.0,17.0,16.0,26.7,35.1
1604487437,15.0,16.0,17.0,16.0,26.7,35.1
1604487438,15.0,16.0,16.0,16.0,26.7,35.1
1604487439,16.0,16.0,16.0,16.0,26.7,35.1
1604487440,16.0,16.0,16.0,16.0,26.7,35.1
1604487441,16.0,17.0,16.0,16.0,26.7,35.1
1604487442,16.0,17.0,16.0,16.0,26.7,35.1
1604487443,16.0,17.0,17.0,17.0,26.7,35.1
1604487444,16.0,17.0,17.0,17.0,26.7,35.1
1604487445,16.0,17.0,17.0,17.0,26.7,35.1
1604487446,15.0,17.0,17.0,17.0,26.7,35.1
1604487447,15.0,17.0,17.0,17.0,26.7,35.1
1604487448,15.0,17.0,18.0,17.0,26.7,35.1
1604487449,15.0,17.0,18.0,17.0,26.7,35.1
1604487450,15.0,16.0,17.0,17.0,26.7,35.0
1604487451,15.0,16.0,17.0,17.0,26.7,35.0
1604487452,15.0,16.0,17.0,17.0,26.7,35.0
1604487453,15.0,16.0,17.0,17.0,26.7,35.0
1604487454,15.0,16.0,17.0,17.0,26.7,35.0
1604487455,15.0,16.0,17.0,17.0,26.7,35.0
1604487456,15.0,16.0,17.0,17.0,26.7,35.0
1604487457,15.0,16.0,18.0,17.0,26.7,35.0
1604487458,15.0,16.0,18.0,17.0,26.7,35.0
1604487459,15.0,16.0,17.0,17.0,26.7,35.0
1604487460,15.0,16.0,17.0,17.0,26.7,35.1
1604487461,15.0,16.0,17.0,17.0,26.7,35.1
1604487462,15.0,16.0,17.0,17.0,26.7,35.1
1604487463,15.0,16.0,17.0,16.0,26.7,35.1
1604487464,15.0,16.0,17.0,16.0,26.7,35.1
1604487465,14.0,16.0,17.0,16.0,26.7,35.2
1604487466,14.0,16.0,17.0,16.0,26.7,35.2
1604487467,14.0,16.0,17.0,16.0,26.7,35.2
1604487468,14.0,16.0,16.0,16.0,26.7,35.2
1604487469,14.0,16.0,16.0,16.0,26.7,35.2
1604487470,14.0,16.0,16.0,16.0,26.7,35.1
1604487471,14.0,16.0,16.0,16.0,26.7,35.1
1604487472,14.0,16.0,16.0,16.0,26.7,35.1
1604487473,14.0,16.0,16.0,16.0,26.7,35.1
1604487474,14.0,16.0,16.0,16.0,26.7,35.1
1604487475,14.0,16.0,16.0,16.0,26.8,35.1
1604487476,14.0,16.0,16.0,16.0,26.8,35.1
1604487477,14.0,16.0,16.0,16.0,26.8,35.1
1604487478,14.0,16.0,16.0,16.0,26.8,35.1
1604487479,14.0,16.0,16.0,16.0,26.8,35.1
1604487480,14.0,16.0,16.0,16.0,26.7,35.0
1604487481,14.0,16.0,17.0,16.0,26.7,35.0
1604487482,14.0,16.0,17.0,16.0,26.7,35.0
1604487483,14.0,16.0,17.0,16.0,26.7,35.0
1604487484,14.0,16.0,17.0,16.0,26.7,35.0
1604487485,14.0,16.0,17.0,16.0,26.7,35.0
1604487486,14.0,16.0,17.0,16.0,26.7,35.0
1604487487,14.0,16.0,17.0,16.0,26.7,35.0
1604487488,14.0,16.0,18.0,16.0,26.7,35.0
1604487489,14.0,16.0,18.0,16.0,26.7,35.0
1604487490,14.0,16.0,18.0,16.0,26.7,35.0
1604487491,14.0,16.0,17.0,16.0,26.7,35.0
1604487492,14.0,16.0,17.0,17.0,26.7,35.0
1604487493,14.0,16.0,17.0,17.0,26.7,35.0
1604487494,14.0,16.0,17.0,17.0,26.7,35.0
1604487495,14.0,16.0,17.0,17.0,26.8,35.0
1604487496,14.0,16.0,17.0,17.0,26.8,35.0
1604487497,14.0,16.0,16.0,17.0,26.8,35.0
1604487498,14.0,15.0,16.0,17.0,26.8,35.0
1604487499,14.0,15.0,16.0,17.0,26.8,35.0
1604487500,14.0,15.0,16.0,16.0,26.8,35.0
1604487501,14.0,16.0,16.0,16.0,26.8,35.0
1604487502,14.0,16.0,16.0,16.0,26.8,35.0
1604487503,14.0,16.0,16.0,16.0,26.8,35.0
1604487504,15.0,16.0,16.0,16.0,26.8,35.0
1604487505,15.0,17.0,16.0,16.0,26.8,35.1
1604487506,15.0,17.0,16.0,17.0,26.8,35.1
1604487507,15.0,17.0,17.0,17.0,26.8,35.1
1604487508,14.0,18.0,17.0,17.0,26.8,35.1
1604487509,15.0,18.0,17.0,17.0,26.8,35.1
1604487510,15.0,18.0,17.0,17.0,26.8,35.1
1604487511,15.0,17.0,17.0,17.0,26.8,35.1
1604487512,15.0,17.0,17.0,17.0,26.8,35.1
1604487513,15.0,17.0,17.0,18.0,26.8,35.1
1604487514,15.0,17.0,16.0,18.0,26.8,35.1
1604487515,15.0,16.0,16.0,18.0,26.8,35.2
1604487516,15.0,16.0,16.0,18.0,26.8,35.2
1604487517,15.0,16.0,16.0,18.0,26.8,35.2
1604487518,15.0,16.0,16.0,18.0,26.8,35.2
1604487519,14.0,16.0,16.0,18.0,26.8,35.2
1604487520,14.0,15.0,16.0,18.0,26.8,35.1
1604487521,14.0,15.0,16.0,18.0,26.8,35.1
1604487522,14.0,15.0,16.0,18.0,26.8,35.1
1604487523,14.0,15.0,17.0,18.0,26.8,35.1
1604487524,14.0,15.0,17.0,18.0,26.8,35.1
1604487525,14.0,16.0,17.0,18.0,26.8,35.1
1604487526,14.0,16.0,17.0,18.0,26.8,35.1
1604487527,14.0,16.0,18.0,18.0,26.8,35.1
1604487528,14.0,16.0,18.0,18.0,26.8,35.1
1604487529,14.0,16.0,18.0,18.0,26.8,35.1
1604487530,14.0,16.0,18.0,18.0,26.81111111111111,35.111111111111114
1604487531,14.0,16.0,18.0,18.0,26.822222222222223,35.12222222222223
1604487532,14.0,16.0,18.0,18.0,26.83333333333333,35.13333333333333
1604487533,14.0,16.0,18.0,18.0,26.844444444444445,35.144444444444446
1604487534,14.0,16.0,18.0,18.0,26.855555555555554,35.15555555555556
1604487535,14.0,16.0,18.0,18.0,26.866666666666667,35.16666666666667
1604487536,14.0,16.0,18.0,18.0,26.877777777777776,35.17777777777778
1604487537,14.0,16.0,18.0,18.0,26.88888888888889,35.18888888888889
1604487538,14.0,16.0,18.0,18.0,26.9,35.2
1604487539,14.0,16.0,18.0,18.0,26.9,35.2
1604487540,14.0,16.0,18.0,18.0,26.9,35.2
1604487541,14.0,16.0,17.0,17.0,26.9,35.2
1604487542,14.0,16.0,17.0,17.0,26.9,35.2
1604487543,14.0,16.0,17.0,17.0,26.9,35.2
1604487544,14.0,16.0,17.0,17.0,26.9,35.2
1604487545,14.0,16.0,17.0,17.0,26.9,35.2
1604487546,14.0,16.0,17.0,17.0,26.9,35.2
1604487547,14.0,16.0,17.0,17.0,26.9,35.2
1604487548,14.0,16.0,18.0,17.0,26.8,35.0
1604487549,14.0,16.0,18.0,17.0,26.8,35.0
1604487550,14.0,16.0,18.0,17.0,26.8,35.0
1604487551,14.0,16.0,18.0,17.0,26.8,35.0
1604487552,14.0,16.0,18.0,17.0,26.8,35.0
1604487553,14.0,16.0,18.0,17.0,26.9,34.9
1604487554,14.0,16.0,18.0,16.0,26.9,34.9
1604487555,14.0,16.0,18.0,16.0,26.9,34.9
1604487556,14.0,16.0,17.0,16.0,26.9,34.9
1604487557,14.0,16.0,17.0,16.0,26.9,34.9
1604487558,14.0,16.0,17.0,16.0,26.9,34.8
1604487559,14.0,16.0,17.0,16.0,26.9,34.8
1604487560,14.0,16.0,16.0,16.0,26.9,34.8
1604487561,14.0,16.0,16.0,16.0,26.9,34.8
1604487562,14.0,16.0,16.0,16.0,26.9,34.8
1604487563,14.0,16.0,16.0,16.0,26.9,34.6
1604487564,14.0,16.0,16.0,16.0,26.9,34.6
1604487565,14.0,16.0,16.0,16.0,26.9,34.6
1604487566,14.0,16.0,16.0,16.0,26.9,34.6
1604487567,14.0,16.0,16.0,16.0,26.9,34.6
1604487568,15.0,16.0,16.0,16.0,26.9,34.1
1604487569,15.0,16.0,16.0,16.0,26.9,34.1
1604487570,15.0,16.0,16.0,16.0,26.9,34.1
1604487571,15.0,16.0,16.0,16.0,26.9,34.1
1604487572,15.0,16.0,16.0,17.0,26.9,34.1
1604487573,15.0,15.0,16.0,17.0,26.9,34.1
1604487574,15.0,15.0,16.0,17.0,26.9,34.1
1604487575,15.0,15.0,16.0,17.0,26.9,34.1
1604487576,15.0,15.0,16.0,17.0,26.9,34.1
1604487577,15.0,15.0,16.0,17.0,26.9,34.1
1604487578,15.0,15.0,16.0,17.0,26.9,34.0
1604487579,15.03448275862069,15.0,16.0,17.0,26.9,34.0
1604487580,15.06896551724138,15.0,16.0,17.0,26.9,34.0
1604487581,15.10344827586207,15.0,16.0,17.0,26.9,34.0
1604487582,15.137931034482758,15.0,16.0,17.0,26.9,34.0
1604487583,15.172413793103448,15.0,16.0,17.0,26.9,34.0
1604487584,15.20689655172414,15.0,16.0,17.0,26.9,34.0
1604487585,15.241379310344827,15.0,16.0,17.0,26.9,34.0
1604487586,15.275862068965518,15.0,16.0,17.0,26.9,34.0
1604487587,15.310344827586206,15.0,16.0,17.0,26.9,34.0
1604487588,15.344827586206897,15.0,16.0,17.0,26.9,34.0
1604487589,15.379310344827584,15.0,16.0,17.0,26.9,34.0
1604487590,15.413793103448276,15.0,16.0,17.0,26.9,34.0
1604487591,15.448275862068966,15.0,16.0,17.0,26.9,34.0
1604487592,15.482758620689657,15.0,16.0,17.0,26.9,34.0
1604487593,15.517241379310343,15.0,16.0,17.0,26.9,34.0
1604487594,15.551724137931034,15.0,16.0,17.0,26.9,34.0
1604487595,15.586206896551724,15.0,16.0,17.0,26.9,34.0
1604487596,15.620689655172416,15.0,16.0,17.0,26.9,34.0
1604487597,15.655172413793103,15.0,16.0,17.0,26.9,34.0
1604487598,15.689655172413794,15.0,16.0,17.0,26.9,34.0
1604487599,15.724137931034482,15.0,16.0,17.0,26.9,34.0
1604487600,15.758620689655173,15.0,16.0,17.0,26.9,34.0
1604487601,15.79310344827586,15.0,16.0,17.0,26.9,34.0
1604487602,15.827586206896552,15.0,16.0,17.0,26.9,34.0
1604487603,15.862068965517242,15.0,16.0,17.0,26.9,34.0
1604487604,15.89655172413793,15.0,16.0,17.0,26.9,34.0
1604487605,15.93103448275862,15.0,16.0,17.0,26.9,34.0
1604487606,15.96551724137931,15.0,16.0,17.0,26.9,34.0
1604487607,16.0,15.0,16.0,17.0,26.9,34.0
1604487608,15.0,15.0,16.0,17.0,26.9,34.0
1604487609,15.0,15.0,16.0,17.0,26.9,34.0
1604487610,15.0,16.0,17.0,17.0,26.9,34.0
1604487611,14.0,16.0,17.0,17.0,26.9,34.1
1604487612,14.0,16.0,17.0,17.0,26.9,34.1
1604487613,14.0,16.0,17.0,17.0,26.9,34.1
1604487614,14.0,16.0,17.0,17.0,26.9,34.1
1604487615,14.0,16.0,17.0,17.0,26.9,34.1
1604487616,14.0,16.0,17.0,17.0,27.0,34.2
1604487617,14.0,16.0,17.0,17.0,27.0,34.2
1604487618,14.0,16.0,17.0,17.0,27.0,34.2
1604487619,14.0,17.0,17.0,17.0,27.0,34.2
1604487620,14.0,17.0,16.0,17.0,27.0,34.2
1604487621,14.0,17.0,16.0,17.0,26.9,34.5
1604487622,14.0,17.0,16.0,17.0,26.9,34.5
1604487623,14.0,17.0,16.0,17.0,26.9,34.5
1604487624,14.0,17.0,16.0,17.0,26.9,34.5
1604487625,14.0,17.0,16.0,17.0,26.9,34.5
1604487626,14.0,17.0,16.0,17.0,26.9,34.7
1604487627,14.0,16.0,16.0,17.0,26.9,34.7
1604487628,14.0,16.0,16.0,17.0,26.9,34.7
1604487629,14.0,16.0,16.0,17.0,26.9,34.7
1604487630,14.0,16.0,16.0,17.0,26.9,34.7
1604487631,14.0,15.0,16.0,17.0,26.9,34.7
1604487632,14.0,15.0,16.0,17.0,26.9,34.7
1604487633,13.0,15.0,16.0,17.0,26.9,34.7
1604487634,13.0,15.0,16.0,18.0,26.9,34.7
1604487635,13.0,15.0,16.0,18.0,26.9,34.7
1604487636,13.0,15.0,16.0,18.0,26.9,34.7
1604487637,13.0,15.0,16.0,18.0,26.9,34.7
1604487638,13.0,16.0,16.0,18.0,26.9,34.7
1604487639,13.0,16.0,16.0,18.0,26.9,34.7
1604487640,13.0,16.0,16.0,18.0,26.9,34.7
1604487641,13.0,16.0,16.0,19.0,27.0,34.3
1604487642,13.0,16.0,16.0,19.0,27.0,34.3
1604487643,13.0,16.0,16.0,19.0,27.0,34.3
1604487644,13.0,16.0,16.0,19.0,27.0,34.3
1604487645,13.0,16.0,16.0,19.0,27.0,34.3
1604487646,13.0,16.0,16.0,19.0,26.9,34.0
1604487647,13.0,16.0,16.0,19.0,26.9,34.0
1604487648,14.0,16.0,16.0,19.0,26.9,34.0
1604487649,14.0,16.0,16.0,19.0,26.9,34.0
1604487650,14.0,15.0,16.0,19.0,26.9,34.0
1604487651,14.0,15.0,16.0,18.0,27.0,34.1
1604487652,14.0,15.0,16.0,18.0,27.0,34.1
1604487653,14.0,15.0,16.0,18.0,27.0,34.1
1604487654,14.0,15.0,16.0,18.0,27.0,34.1
1604487655,14.0,15.0,16.0,18.0,27.0,34.1
1604487656,15.0,15.0,16.0,18.0,26.9,33.8
1604487657,15.0,15.0,16.0,18.0,26.9,33.8
1604487658,15.0,15.0,16.0,17.0,26.9,33.8
1604487659,15.0,15.0,16.0,17.0,26.9,33.8
1604487660,15.0,16.0,16.0,17.0,26.9,33.8
1604487661,15.0,16.0,16.0,17.0,26.9,33.8
1604487662,15.0,16.0,16.0,17.0,26.9,33.8
1604487663,15.0,16.0,16.0,17.0,26.9,33.8
1604487664,16.0,16.0,16.0,16.0,26.9,33.8
1604487665,16.0,15.0,16.0,16.0,26.9,33.8
1604487666,16.0,15.0,16.0,16.0,27.0,33.8
1604487667,16.0,15.0,16.0,16.0,27.0,33.8
1604487668,16.0,15.0,16.0,16.0,27.0,33.8
1604487669,16.0,15.0,16.0,16.0,27.0,33.8
1604487670,16.0,15.0,16.0,16.0,27.0,33.8
1604487671,15.0,15.0,16.0,16.0,26.9,33.7
1604487672,15.0,15.0,16.0,16.0,26.9,33.7
1604487673,15.0,15.0,16.0,16.0,26.9,33.7
1604487674,15.0,15.0,16.0,17.0,26.9,33.7
1604487675,15.0,15.0,16.0,17.0,26.9,33.7
1604487676,15.0,15.0,16.0,17.0,26.9,33.7
1604487677,15.0,15.0,15.0,17.0,26.9,33.7
1604487678,15.0,15.0,15.0,17.0,26.9,33.7
1604487679,16.0,14.0,15.0,18.0,26.9,33.7
1604487680,16.0,14.0,15.0,18.0,26.9,33.7
1604487681,16.0,14.0,15.0,18.0,26.9,33.7
1604487682,16.0,14.0,15.0,18.0,26.9,33.7
1604487683,16.0,15.0,15.0,18.0,26.9,33.7
1604487684,16.0,15.0,15.0,17.0,26.9,33.7
1604487685,16.0,15.0,15.0,17.0,26.9,33.7
1604487686,15.0,15.0,15.0,17.0,26.9,33.7
1604487687,15.0,15.0,16.0,17.0,27.0,33.7
1604487688,15.0,15.0,16.0,17.0,27.0,33.7
1604487689,15.0,15.0,16.0,17.0,27.0,33.7
1604487690,15.0,16.0,16.0,17.0,27.0,33.7
1604487691,15.0,16.0,16.0,17.0,27.0,33.7
1604487692,15.0,16.0,16.0,16.0,26.9,33.7
1604487693,15.0,16.0,16.0,17.0,26.9,33.7
1604487694,15.0,16.0,16.0,17.0,26.9,33.7
1604487695,16.0,16.0,16.0,16.0,26.9,33.7
1604487696,16.0,16.0,16.0,17.0,26.9,33.7
1604487697,16.0,16.0,16.0,17.0,26.9,33.8
1604487698,16.0,16.0,15.0,17.0,26.9,33.8
1604487699,16.0,16.0,15.0,16.0,26.9,33.8
1604487700,16.0,16.0,15.0,16.0,26.9,33.8
1604487701,16.0,16.0,15.0,16.0,26.9,33.8
1604487702,16.0,16.0,15.0,16.0,27.0,33.9
1604487703,16.0,16.0,15.0,16.0,27.0,33.9
1604487704,16.0,16.0,15.0,16.0,27.0,33.9
1604487705,16.0,16.0,15.0,16.0,27.0,33.9
1604487706,16.0,15.0,15.0,16.0,27.0,33.9
1604487707,16.0,15.0,15.0,16.0,27.0,34.1
1604487708,16.0,15.0,15.0,16.0,27.0,34.1
1604487709,16.0,15.0,16.0,16.0,27.0,34.1
1604487710,16.0,15.0,16.0,16.0,27.0,34.1
1604487711,15.666666666666666,15.0,16.0,16.0,27.0,34.1
1604487712,15.333333333333334,15.0,16.0,16.0,27.0,34.1
1604487713,15.0,15.0,16.0,16.0,27.0,34.1
1604487714,14.666666666666666,15.0,16.0,16.0,27.0,34.1
1604487715,14.333333333333334,15.0,16.0,16.0,27.0,34.1
1604487716,14.0,15.0,16.0,16.0,27.0,34.1
1604487717,14.0,15.0,16.0,17.0,27.0,34.1
1604487718,14.0,15.0,16.0,17.0,27.0,34.1
1604487719,14.0,15.0,16.0,17.0,27.0,34.1
1604487720,14.0,15.0,16.0,16.0,27.0,34.1
1604487721,14.0,15.0,16.0,16.0,27.0,34.1
1604487722,14.0,15.0,16.0,16.0,27.0,34.1
1604487723,14.0,15.0,16.0,16.0,27.0,34.1
1604487724,14.0,15.0,16.0,17.0,27.0,34.1
1604487725,14.0,15.0,17.0,17.0,27.0,34.1
1604487726,14.0,15.0,17.0,17.0,27.0,34.1
1604487727,14.0,15.0,17.0,17.0,27.0,34.1
1604487728,14.0,15.0,17.0,16.0,27.0,34.1
1604487729,14.0,15.0,17.0,16.0,27.0,34.1
1604487730,14.0,15.0,17.0,16.0,27.0,34.1
1604487731,14.0,15.0,17.0,16.0,27.0,34.1
1604487732,14.0,15.0,18.0,16.0,27.0,33.8
1604487733,14.0,15.0,18.0,16.0,27.0,33.8
1604487734,13.0,15.0,18.0,16.0,27.0,33.8
1604487735,13.0,15.0,18.0,16.0,27.0,33.8
1604487736,13.0,15.0,18.0,16.0,27.0,33.8
1604487737,13.0,15.0,18.0,16.0,27.0,33.7
1604487738,13.0,15.0,17.0,15.0,27.0,33.7
1604487739,13.0,16.0,17.0,15.0,27.0,33.7
1604487740,13.0,16.0,17.0,15.0,27.0,33.7
1604487741,13.0,16.0,17.0,15.0,27.0,33.7
1604487742,13.0,17.0,16.0,15.0,27.0,33.6
1604487743,14.0,17.0,16.0,16.0,27.0,33.6
1604487744,14.0,17.0,16.0,16.0,27.0,33.6
1604487745,14.0,17.0,16.0,16.0,27.0,33.6
1604487746,14.0,17.0,16.0,16.0,27.0,33.6
1604487747,14.0,17.0,16.0,16.0,27.1,33.6
1604487748,14.0,17.0,16.0,16.0,27.1,33.6
1604487749,14.0,17.0,16.0,16.0,27.1,33.6
1604487750,14.0,16.0,16.0,16.0,27.1,33.6
1604487751,15.0,16.0,16.0,16.0,27.1,33.6
1604487752,15.0,16.0,17.0,16.0,27.0,33.6
1604487753,15.0,16.0,17.0,16.0,27.0,33.6
1604487754,15.0,16.0,17.0,16.0,27.0,33.6
1604487755,15.0,16.0,17.0,16.0,27.0,33.6
1604487756,15.0,16.0,17.0,16.0,27.0,33.6
1604487757,15.0,16.0,17.0,16.0,27.0,33.6
1604487758,15.0,16.0,17.0,16.0,27.0,33.6
1604487759,15.0,16.0,17.0,17.0,27.0,33.6
1604487760,15.0,16.0,17.0,17.0,27.0,33.6
1604487761,15.0,16.0,17.0,17.0,27.0,33.6
1604487762,15.0,16.0,17.0,17.0,27.0,33.6
1604487763,15.0,16.0,17.0,17.0,27.0,33.6
1604487764,15.0,16.0,17.0,17.0,27.0,33.6
1604487765,15.0,16.0,17.0,17.0,27.0,33.6
1604487766,15.0,16.0,17.0,17.0,27.0,33.6
1604487767,15.0,16.0,17.0,17.0,27.1,33.7
1604487768,15.0,16.0,17.0,16.0,27.1,33.7
1604487769,15.0,16.0,17.0,16.0,27.1,33.7
1604487770,15.0,16.0,17.0,16.0,27.1,33.7
1604487771,15.0,16.0,18.0,16.0,27.1,33.7
1604487772,15.0,16.0,18.0,16.0,27.0,33.7
1604487773,15.0,16.0,18.0,16.0,27.0,33.7
1604487774,15.0,15.0,18.0,16.0,27.0,33.7
1604487775,15.0,15.0,18.0,16.0,27.0,33.7
1604487776,15.0,15.0,18.0,16.0,27.0,33.7
1604487777,15.0,15.0,18.0,16.0,27.0,34.4
1604487778,15.0,15.0,18.0,16.0,27.0,34.4
1604487779,15.0,15.0,18.0,16.0,27.0,34.4
1604487780,15.0,15.0,17.0,16.0,27.0,34.4
1604487781,15.0,15.0,17.0,16.0,27.0,34.4
1604487782,15.0,15.0,17.0,16.0,27.0,34.5
1604487783,15.0,15.0,16.0,16.0,27.0,34.5
1604487784,15.0,15.0,16.0,16.0,27.0,34.5
1604487785,15.0,15.0,16.0,16.0,27.0,34.5
1604487786,15.0,15.0,16.0,16.0,27.0,34.5
1604487787,15.0,15.0,16.0,16.0,27.0,34.6
1604487788,15.0,15.0,15.0,16.0,27.0,34.6
1604487789,15.0,15.0,15.0,16.0,27.0,34.6
1604487790,15.0,15.0,15.0,16.0,27.0,34.6
1604487791,15.0,15.0,16.0,16.0,27.0,34.6
1604487792,14.0,15.0,16.0,16.0,27.0,34.6
1604487793,14.0,15.0,16.0,16.0,27.0,34.6
1604487794,14.0,15.0,16.0,16.0,27.0,34.6
1604487795,14.0,15.0,16.0,16.0,27.0,34.6
1604487796,14.0,15.0,16.0,16.0,27.0,34.6
1604487797,14.0,15.0,16.0,16.0,27.0,34.6
1604487798,14.0,16.0,16.0,16.0,27.0,34.6
1604487799,14.0,16.0,15.0,16.0,27.0,34.6
1604487800,14.0,16.0,15.0,16.0,27.0,34.6
1604487801,14.0,16.0,15.0,16.0,27.0,34.6
1604487802,15.0,16.0,15.0,16.0,27.1,34.7
1604487803,15.0,16.0,15.0,16.0,27.1,34.7
1604487804,15.0,16.0,15.0,16.0,27.1,34.7
1604487805,15.0,16.0,15.0,16.0,27.1,34.7
1604487806,15.0,16.0,15.0,16.0,27.1,34.7
1604487807,15.0,16.0,15.0,16.0,27.0,34.7
1604487808,15.0,16.0,16.0,16.0,27.0,34.7
1604487809,15.0,16.0,16.0,16.0,27.0,34.7
1604487810,15.0,15.0,16.0,16.0,27.0,34.7
1604487811,15.0,15.0,16.0,16.0,27.0,34.7
1604487812,15.0,15.0,16.0,16.0,27.0,35.0
1604487813,15.0,15.0,16.0,16.0,27.0,35.0
1604487814,15.0,15.0,16.0,16.0,27.0,35.0
1604487815,15.0,14.0,16.0,16.0,27.0,35.0
1604487816,14.0,14.0,16.0,16.0,27.0,35.0
1604487817,14.0,14.0,15.0,16.0,27.0,35.2
1604487818,14.0,14.0,15.0,16.0,27.0,35.2
1604487819,14.0,14.0,15.0,16.0,27.0,35.2
1604487820,14.0,14.0,15.0,16.0,27.0,35.2
1604487821,14.0,14.0,15.0,16.0,27.0,35.2
1604487822,14.0,14.0,15.0,16.0,27.0,35.2
1604487823,14.0,14.0,15.0,16.0,27.0,35.2
1604487824,14.0,14.0,15.0,16.0,27.0,35.2
1604487825,14.0,14.0,15.0,17.0,27.0,35.2
1604487826,14.0,14.0,15.0,17.0,27.0,35.2
1604487827,14.0,14.0,16.0,17.0,27.0,35.4
1604487828,14.0,14.0,16.0,17.0,27.0,35.4
1604487829,14.0,14.0,16.0,17.0,27.0,35.4
1604487830,14.0,15.0,16.0,17.0,27.0,35.4
1604487831,14.0,15.0,16.0,16.0,27.0,35.4
1604487832,14.0,15.0,16.0,16.0,27.0,35.4
1604487833,14.0,15.0,17.0,16.0,27.0,35.4
1604487834,14.0,15.0,17.0,16.0,27.0,35.4
1604487835,14.0,16.0,17.0,16.0,27.0,35.4
1604487836,14.0,16.0,17.0,16.0,27.0,35.4
1604487837,14.0,16.0,17.0,16.0,27.0,35.6
1604487838,14.0,16.0,17.0,16.0,27.0,35.6
1604487839,14.0,16.0,17.0,16.0,27.0,35.6
1604487840,14.0,16.0,17.0,16.0,27.0,35.6
1604487841,14.0,16.0,17.0,16.0,27.0,35.6
1604487842,14.0,16.0,17.0,16.0,27.1,36.0
1604487843,14.0,16.0,18.0,16.0,27.1,36.0
1604487844,14.0,15.0,17.0,16.0,27.1,36.0
1604487845,14.0,15.0,17.0,16.0,27.1,36.0
1604487846,14.0,15.0,17.0,16.0,27.1,36.0
1604487847,14.0,15.0,16.0,16.0,27.0,36.6
1604487848,14.0,15.0,16.0,16.0,27.0,36.6
1604487849,14.0,15.0,16.0,15.0,27.0,36.6
1604487850,14.0,15.0,16.0,15.0,27.0,36.6
1604487851,14.0,15.0,16.0,15.0,27.0,36.6
1604487852,14.0,15.0,16.0,15.0,27.0,36.9
1604487853,14.0,15.0,16.0,15.0,27.0,36.9
1604487854,14.0,15.0,16.0,15.0,27.0,36.9
1604487855,14.0,15.0,16.0,15.0,27.0,36.9
1604487856,14.0,15.0,16.0,15.0,27.0,36.9
1604487857,14.0,15.0,16.0,15.0,27.0,37.1
1604487858,14.0,15.0,17.0,15.0,27.0,37.1
1604487859,14.0,16.0,17.0,15.0,27.0,37.1
1604487860,14.0,16.0,17.0,15.0,27.0,37.1
1604487861,14.0,16.0,17.0,15.0,27.0,37.1
1604487862,14.0,16.0,17.0,15.0,27.0,37.3
1604487863,15.0,17.0,17.0,15.0,27.0,37.3
1604487864,15.0,17.0,17.0,15.0,27.0,37.3
1604487865,15.0,17.0,16.0,15.0,27.0,37.3
1604487866,15.0,17.0,16.0,15.0,27.0,37.3
1604487867,15.0,17.0,16.0,15.0,27.0,37.2
1604487868,15.0,17.0,15.0,15.0,27.0,37.2
1604487869,15.0,17.0,15.0,15.0,27.0,37.2
1604487870,15.0,17.0,15.0,15.0,27.0,37.2
1604487871,15.0,17.0,16.0,15.0,27.0,37.2
1604487872,15.0,17.0,16.0,15.0,27.0,37.0
1604487873,15.0,17.0,16.0,16.0,27.0,37.0
1604487874,14.0,16.0,16.0,16.0,27.0,37.0
1604487875,14.0,16.0,16.0,16.0,27.0,37.0
1604487876,14.0,16.0,17.0,16.0,27.0,37.0
1604487877,14.0,16.0,17.0,16.0,27.0,37.0
1604487878,14.0,16.0,17.0,16.0,27.0,37.0
1604487879,14.0,16.0,17.0,16.0,27.0,37.0
1604487880,14.0,15.0,17.0,16.0,27.0,37.0
1604487881,14.0,15.0,17.0,16.0,27.0,37.0
1604487882,14.0,15.0,17.0,16.0,27.0,36.9
1604487883,14.0,15.0,17.0,16.0,27.0,36.9
1604487884,14.0,14.0,16.0,16.0,27.0,36.9
1604487885,14.0,14.0,16.0,16.0,27.0,36.9
1604487886,14.0,14.0,16.0,16.0,27.0,36.9
1604487887,14.0,14.0,16.0,16.0,27.1,37.0
1604487888,14.0,14.0,15.0,16.0,27.1,37.0
1604487889,14.0,13.0,15.0,16.0,27.1,37.0
1604487890,14.0,13.0,15.0,16.0,27.1,37.0
1604487891,14.0,13.0,15.0,15.0,27.1,37.0
1604487892,14.0,13.0,16.0,15.0,27.0,37.0
1604487893,14.0,13.0,16.0,15.0,27.0,37.0
1604487894,14.0,13.0,16.0,15.0,27.0,37.0
1604487895,14.0,13.0,16.0,15.0,27.0,37.0
1604487896,14.0,13.0,16.0,15.0,27.0,37.0
1604487897,14.0,13.0,16.0,15.0,27.1,37.0
1604487898,14.0,13.0,16.0,15.0,27.1,37.0
1604487899,14.0,13.0,17.0,15.0,27.1,37.0
1604487900,14.0,13.0,17.0,15.0,27.1,37.0
1604487901,14.0,13.0,17.0,15.0,27.1,37.0
1604487902,14.0,13.0,17.0,15.0,27.1,37.0
1604487903,14.0,13.0,16.0,16.0,27.1,37.0
1604487904,14.0,13.0,16.0,16.0,27.1,37.0
1604487905,14.0,14.0,16.0,16.0,27.1,37.0
1604487906,14.0,14.0,16.0,16.0,27.1,37.0
1604487907,14.0,14.0,16.0,16.0,27.1,36.7
1604487908,14.0,14.0,16.0,16.0,27.1,36.7
1604487909,14.0,15.0,16.0,16.0,27.1,36.7
1604487910,14.0,15.0,16.0,16.0,27.1,36.7
1604487911,14.0,15.0,16.0,16.0,27.1,36.7
1604487912,14.0,15.0,15.0,16.0,27.1,36.6
1604487913,14.0,15.0,15.0,16.0,27.1,36.6
1604487914,14.0,15.0,16.0,16.0,27.1,36.6
1604487915,14.0,15.0,16.0,16.0,27.1,36.6
1604487916,14.0,15.0,16.0,16.0,27.1,36.6
1604487917,14.0,15.0,16.0,16.0,27.2,36.0
1604487918,14.0,15.0,16.0,16.0,27.2,36.0
1604487919,14.0,15.0,17.0,16.0,27.2,36.0
1604487920,15.0,15.0,17.0,16.0,27.2,36.0
1604487921,15.0,15.0,17.0,15.0,27.2,36.0
1604487922,15.0,15.0,17.0,15.0,27.0,35.8
1604487923,15.0,15.0,17.0,15.0,27.0,35.8
1604487924,15.0,15.0,17.0,16.0,27.0,35.8
1604487925,15.0,15.0,17.0,16.0,27.0,35.8
1604487926,15.0,15.0,17.0,16.0,27.0,35.8
1604487927,15.0,15.0,17.0,16.0,27.1,35.8
1604487928,15.0,15.0,17.0,16.0,27.1,35.8
1604487929,15.0,15.0,17.0,16.0,27.1,35.8
1604487930,15.0,15.0,17.0,16.0,27.1,35.8
1604487931,15.0,15.0,17.0,16.0,27.1,35.8
1604487932,15.0,15.0,17.0,16.0,27.1,35.8
1604487933,15.0,15.0,17.0,16.0,27.1,35.8
1604487934,15.0,15.0,17.0,16.0,27.1,35.8
1604487935,15.0,15.0,17.0,16.0,27.1,35.8
1604487936,15.0,15.0,17.0,16.0,27.1,35.8
1604487937,15.0,15.0,17.0,16.0,27.1,35.8
1604487938,15.0,15.0,17.0,16.0,27.1,35.8
1604487939,15.0,15.0,17.0,16.0,27.1,35.8
1604487940,15.0,15.0,17.0,16.0,27.1,35.8
1604487941,14.0,15.0,17.0,16.0,27.1,35.8
1604487942,14.0,15.0,17.0,16.0,27.1,35.8
1604487943,14.0,15.0,17.0,16.0,27.1,35.8
1604487944,14.0,15.0,17.0,16.0,27.1,35.8
1604487945,14.0,15.0,17.0,16.0,27.1,35.8
1604487946,14.0,15.0,17.0,16.0,27.1,36.1
1604487947,13.0,15.0,17.0,16.0,27.1,36.1
1604487948,13.0,15.0,16.0,16.0,27.1,36.1
1604487949,13.0,15.0,16.0,16.0,27.1,36.1
1604487950,13.0,15.0,16.0,16.0,27.1,36.1
1604487951,13.0,15.0,16.0,16.0,27.1,36.1
1604487952,13.0,15.0,16.0,16.0,27.1,36.1
1604487953,13.0,15.0,16.0,16.0,27.1,36.1
1604487954,13.0,15.0,15.0,16.0,27.1,36.1
1604487955,13.0,15.0,15.0,15.0,27.1,36.1
1604487956,13.0,15.0,15.0,15.0,27.1,36.1
1604487957,13.0,15.0,15.0,15.0,27.1,36.1
1604487958,13.0,15.0,15.0,15.0,27.1,36.1
1604487959,13.0,15.0,15.0,15.0,27.1,36.1
1604487960,13.0,15.0,15.0,15.0,27.1,36.1
1604487961,13.0,15.0,16.0,15.0,27.2,36.1
1604487962,13.0,15.0,16.0,15.0,27.2,36.1
1604487963,13.0,15.0,16.0,15.0,27.2,36.1
1604487964,13.0,15.0,16.0,15.0,27.2,36.1
1604487965,13.0,15.0,16.0,16.0,27.2,36.1
1604487966,13.0,15.0,16.0,16.0,27.1,35.8
1604487967,13.0,15.0,16.0,16.0,27.1,35.8
1604487968,13.0,15.0,16.0,16.0,27.1,35.8
1604487969,13.0,15.0,16.0,16.0,27.1,35.8
1604487970,13.0,15.0,16.0,15.0,27.1,35.8
1604487971,13.0,15.0,16.0,15.0,27.2,35.8
1604487972,13.0,15.0,16.0,15.0,27.2,35.8
1604487973,13.0,16.0,16.0,15.0,27.2,35.8
1604487974,13.0,16.0,16.0,15.0,27.2,35.8
1604487975,13.0,16.0,16.0,14.0,27.2,35.8
1604487976,13.0,16.0,16.0,14.0,27.2,35.8
1604487977,13.0,16.0,16.0,14.0,27.2,35.8
1604487978,13.0,16.0,16.0,14.0,27.2,35.8
1604487979,13.0,16.0,16.0,14.0,27.2,35.8
1604487980,13.0,16.0,16.0,14.0,27.2,35.8
1604487981,13.0,15.0,15.0,15.0,27.2,35.9
1604487982,14.0,15.0,15.0,15.0,27.2,35.9
1604487983,14.0,15.0,16.0,15.0,27.2,35.9
1604487984,14.0,14.0,16.0,15.0,27.2,35.9
1604487985,14.0,14.0,16.0,15.0,27.2,35.9
1604487986,14.0,14.0,16.0,15.0,27.2,35.9
1604487987,14.0,14.0,16.0,16.0,27.2,35.9
1604487988,15.0,13.0,16.0,16.0,27.2,35.9
1604487989,15.0,13.0,16.0,16.0,27.2,35.9
1604487990,15.0,13.0,16.0,15.0,27.2,35.9
1604487991,15.0,13.0,16.0,15.0,27.2,35.7
1604487992,14.0,13.0,16.0,15.0,27.2,35.7
1604487993,15.0,13.0,16.0,15.0,27.2,35.7
1604487994,14.0,13.0,17.0,15.0,27.2,35.7
1604487995,14.0,13.0,17.0,15.0,27.2,35.7
1604487996,14.0,14.0,17.0,15.0,27.2,35.5
1604487997,14.0,14.0,17.0,15.0,27.2,35.5
1604487998,14.0,14.0,16.0,15.0,27.2,35.5
1604487999,14.0,14.0,16.0,15.0,27.2,35.5
1604488000,14.0,14.0,16.0,15.0,27.2,35.5
1604488001,14.0,14.0,16.0,15.0,27.2,35.2
1604488002,15.0,14.0,16.0,15.0,27.2,35.2
1604488003,15.0,14.0,16.0,16.0,27.2,35.2
1604488004,15.0,15.0,16.0,16.0,27.2,35.2
1604488005,15.0,15.0,16.0,16.0,27.2,35.2
1604488006,15.0,15.0,16.0,16.0,27.2,34.9
1604488007,15.0,15.0,16.0,16.0,27.2,34.9
1604488008,15.0,15.0,16.0,16.0,27.2,34.9
1604488009,15.0,15.0,16.0,16.0,27.2,34.9
1604488010,14.0,15.0,16.0,16.0,27.2,34.9
1604488011,14.0,15.0,16.0,16.0,27.1,34.5
1604488012,14.0,15.0,16.0,16.0,27.1,34.5
1604488013,14.0,15.0,16.0,16.0,27.1,34.5
1604488014,14.0,15.0,15.0,16.0,27.1,34.5
1604488015,14.0,15.0,15.0,16.0,27.1,34.5
1604488016,14.0,15.0,15.0,16.0,27.1,34.1
1604488017,13.0,14.0,15.0,16.0,27.1,34.1
1604488018,13.0,14.0,15.0,16.0,27.1,34.1
1604488019,13.0,14.0,15.0,15.0,27.1,34.1
1604488020,13.0,14.0,15.0,15.0,27.1,34.1
1604488021,13.0,14.0,15.0,15.0,27.1,34.1
1604488022,13.0,14.0,16.0,15.0,27.1,34.1
1604488023,13.0,14.0,16.0,15.0,27.1,34.1
1604488024,13.0,14.0,16.0,15.0,27.1,34.1
1604488025,13.0,14.0,16.0,15.0,27.1,34.1
1604488026,13.0,14.0,16.0,15.0,27.1,34.0
1604488027,14.0,13.0,16.0,15.0,27.1,34.0
1604488028,14.0,13.0,16.0,15.0,27.1,34.0
1604488029,14.0,13.0,16.0,16.0,27.1,34.0
1604488030,14.0,13.0,16.0,16.0,27.1,34.0
1604488031,13.0,13.0,16.0,16.0,27.1,33.9
1604488032,13.0,13.0,15.0,16.0,27.1,33.9
1604488033,14.0,13.0,15.0,16.0,27.1,33.9
1604488034,14.0,13.0,15.0,16.0,27.1,33.9
1604488035,14.0,13.0,15.0,16.0,27.1,33.9
1604488036,14.0,13.0,15.0,16.0,27.0,33.8
1604488037,14.0,13.0,15.0,16.0,27.0,33.8
1604488038,14.0,13.0,15.0,16.0,27.0,33.8
1604488039,14.0,13.0,15.0,16.0,27.0,33.8
1604488040,14.0,13.0,15.0,16.0,27.0,33.8
1604488041,14.0,13.0,16.0,16.0,27.0,33.7
1604488042,14.0,13.0,16.0,16.0,27.0,33.7
1604488043,14.0,13.0,15.0,16.0,27.0,33.7
1604488044,14.0,13.0,15.0,17.0,27.0,33.7
1604488045,14.0,13.0,15.0,16.0,27.0,33.7
1604488046,14.0,13.0,15.0,16.0,27.0,33.7
1604488047,14.0,13.0,15.0,16.0,27.0,33.7
1604488048,14.0,13.0,15.0,16.0,27.0,33.7
1604488049,14.0,13.0,15.0,16.0,27.0,33.7
1604488050,14.0,13.0,15.0,16.0,27.0,33.7
1604488051,14.0,13.0,15.0,16.0,27.0,33.8
1604488052,14.0,13.0,15.0,16.0,27.0,33.8
1604488053,14.0,13.0,15.0,16.0,27.0,33.8
1604488054,14.0,13.0,15.0,16.0,27.0,33.8
1604488055,14.0,13.0,15.0,16.0,27.0,33.8
1604488056,14.0,13.0,15.0,16.0,27.1,34.0
1604488057,14.0,13.0,15.0,16.0,27.1,34.0
1604488058,13.0,14.0,14.0,15.0,27.1,34.0
1604488059,13.0,14.0,14.0,15.0,27.1,34.0
1604488060,13.0,14.0,14.0,15.0,27.1,34.0
1604488061,13.0,14.0,14.0,15.0,27.0,34.0
1604488062,13.0,14.0,14.0,15.0,27.0,34.0
1604488063,13.0,14.0,14.0,15.0,27.0,34.0
1604488064,13.0,14.0,14.0,15.0,27.0,34.0
1604488065,13.0,15.0,14.0,15.0,27.0,34.0
1604488066,13.0,15.0,14.0,15.0,27.0,34.1
1604488067,13.0,15.0,14.0,15.0,27.0,34.1
1604488068,13.0,15.0,14.0,16.0,27.0,34.1
1604488069,13.0,15.0,14.0,16.0,27.0,34.1
1604488070,14.0,15.0,14.0,16.0,27.0,34.1
1604488071,14.0,15.0,14.0,16.0,27.0,34.1
1604488072,14.0,15.0,15.0,16.0,27.0,34.1
1604488073,14.0,15.0,15.0,16.0,27.0,34.1
1604488074,14.0,15.0,15.0,16.0,27.0,34.1
1604488075,14.0,15.0,15.0,16.0,27.0,34.1
1604488076,14.0,16.0,15.0,16.0,27.0,33.9
1604488077,14.0,16.0,15.0,16.0,27.0,33.9
1604488078,14.0,16.0,15.0,16.0,27.0,33.9
1604488079,14.0,16.0,15.0,16.0,27.0,33.9
1604488080,14.0,16.0,15.0,16.0,27.0,33.9
1604488081,14.0,16.0,15.0,16.0,27.0,33.8
1604488082,14.0,16.0,15.0,16.0,27.0,33.8
1604488083,14.0,16.0,14.0,16.0,27.0,33.8
1604488084,14.0,16.0,15.0,15.0,27.0,33.8
1604488085,14.0,15.0,15.0,15.0,27.0,33.8
1604488086,14.0,15.0,15.0,15.0,27.0,33.8
1604488087,14.0,15.0,15.0,15.0,27.0,33.8
1604488088,14.0,14.0,15.0,15.0,27.0,33.8
1604488089,13.0,14.0,15.0,15.0,27.0,33.8
1604488090,13.0,14.0,15.0,15.0,27.0,33.8
1604488091,13.0,14.0,15.0,15.0,27.0,33.9
1604488092,13.0,13.0,15.0,15.0,27.0,33.9
1604488093,13.0,13.0,15.0,15.0,27.0,33.9
1604488094,13.0,13.0,15.0,15.0,27.0,33.9
1604488095,13.0,13.0,15.0,15.0,27.0,33.9
1604488096,13.0,13.0,15.0,15.0,27.0,34.0
1604488097,13.0,13.0,15.0,15.0,27.0,34.0
1604488098,13.0,13.0,15.0,15.0,27.0,34.0
1604488099,13.0,13.0,14.0,15.0,27.0,34.0
1604488100,13.0,13.0,14.0,16.0,27.0,34.0
1604488101,13.0,13.0,14.0,16.0,27.0,33.9
1604488102,13.0,13.0,14.0,16.0,27.0,33.9
1604488103,14.0,13.0,14.0,16.0,27.0,33.9
1604488104,14.0,13.0,14.0,16.0,27.0,33.9
1604488105,14.0,13.0,14.0,16.0,27.0,33.9
1604488106,14.0,13.0,14.0,16.0,27.0,34.0
1604488107,14.0,13.0,14.0,16.0,27.0,34.0
1604488108,14.0,13.0,14.0,16.0,27.0,34.0
1604488109,14.0,13.0,14.0,16.0,27.0,34.0
1604488110,14.0,13.0,14.0,16.0,27.0,34.0
1604488111,13.0,13.0,14.0,16.0,27.0,34.4
1604488112,13.0,13.0,13.0,16.0,27.0,34.4
1604488113,13.0,13.0,13.0,16.0,27.0,34.4
1604488114,14.0,13.0,13.0,16.0,27.0,34.4
1604488115,14.0,13.0,13.0,16.0,27.0,34.4
1604488116,14.0,13.0,13.0,15.0,27.0,34.4
1604488117,14.0,13.0,13.0,15.0,27.0,34.4
1604488118,14.0,13.0,13.0,15.0,27.0,34.4
1604488119,14.0,14.0,13.0,15.0,27.0,34.4
1604488120,14.0,14.0,13.0,15.0,27.0,34.4
1604488121,14.0,14.0,13.0,16.0,27.0,34.5
1604488122,14.0,14.0,13.0,16.0,27.0,34.5
1604488123,14.0,14.0,14.0,17.0,27.0,34.5
1604488124,15.0,13.0,14.0,17.0,27.0,34.5
1604488125,15.0,13.0,14.0,17.0,27.0,34.5
1604488126,15.0,13.0,14.0,17.0,27.0,34.5
1604488127,15.0,13.0,14.0,17.0,27.0,34.5
1604488128,15.0,13.0,15.0,18.0,27.0,34.5
1604488129,15.0,13.0,15.0,18.0,27.0,34.5
1604488130,15.0,13.0,15.0,18.0,27.0,34.5
1604488131,15.0,13.0,15.0,17.0,27.0,34.6
1604488132,15.0,13.0,15.0,17.0,27.0,34.6
1604488133,15.0,13.0,15.0,17.0,27.0,34.6
1604488134,15.0,14.0,15.0,17.0,27.0,34.6
1604488135,15.0,14.0,14.0,17.0,27.0,34.6
1604488136,15.0,14.0,14.0,17.0,27.0,34.9
1604488137,15.0,14.0,14.0,17.0,27.0,34.9
1604488138,14.0,14.0,14.0,17.0,27.0,34.9
1604488139,14.0,14.0,14.0,17.0,27.0,34.9
1604488140,14.0,14.0,14.0,17.0,27.0,34.9
1604488141,14.0,15.0,14.0,17.0,27.0,35.1
1604488142,13.0,15.0,14.0,17.0,27.0,35.1
1604488143,13.0,15.0,14.0,17.0,27.0,35.1
1604488144,13.0,15.0,14.0,17.0,27.0,35.1
1604488145,13.0,15.0,14.0,17.0,27.0,35.1
1604488146,13.0,15.0,15.0,17.0,27.0,35.2
1604488147,13.0,15.0,15.0,17.0,27.0,35.2
1604488148,13.0,15.0,15.0,17.0,27.0,35.2
1604488149,13.0,15.0,15.0,17.0,27.0,35.2
1604488150,13.11111111111111,15.0,15.0,17.0,27.0,35.2
1604488151,13.22222222222222,15.0,15.0,17.0,27.0,35.2
1604488152,13.333333333333334,15.0,15.0,17.0,27.0,35.2
1604488153,13.444444444444445,15.0,15.0,17.0,27.0,35.2
1604488154,13.555555555555555,15.0,15.0,17.0,27.0,35.2
1604488155,13.666666666666666,15.0,15.0,17.0,27.0,35.2
1604488156,13.77777777777778,15.0,15.0,17.0,27.0,35.2
1604488157,13.88888888888889,15.0,15.0,17.0,27.0,35.2
1604488158,14.0,15.0,15.0,17.0,27.0,35.2
1604488159,15.0,15.0,15.0,17.0,27.0,35.3
1604488160,15.0,14.0,15.0,17.0,27.0,35.3
1604488161,15.0,14.0,15.0,17.0,27.0,35.3
1604488162,14.0,14.0,15.0,17.0,27.0,35.3
1604488163,14.0,14.0,15.0,17.0,27.0,35.3
1604488164,14.0,14.0,15.0,17.0,27.0,35.3
1604488165,14.0,14.0,15.0,16.0,27.0,35.3
1604488166,14.0,14.0,15.0,16.0,27.0,35.3
1604488167,14.0,14.0,15.0,16.0,27.0,35.3
1604488168,14.0,15.0,15.0,16.0,27.0,35.3
1604488169,14.0,15.0,15.0,16.0,27.0,35.6
1604488170,14.0,15.0,15.0,16.0,27.0,35.6
1604488171,14.0,15.0,15.0,16.0,27.0,35.6
1604488172,14.0,15.0,15.0,16.0,27.0,35.6
1604488173,14.0,15.0,15.0,16.0,27.0,35.6
1604488174,13.0,15.0,15.0,16.0,27.0,35.6
1604488175,13.0,15.0,15.0,16.0,27.0,35.6
1604488176,13.0,15.0,14.0,16.0,27.0,35.6
1604488177,13.0,15.0,14.0,16.0,27.0,35.6
1604488178,13.0,15.0,14.0,16.0,27.0,35.6
1604488179,13.0,15.0,14.0,16.0,27.0,35.7
1604488180,13.0,15.0,14.0,16.0,27.0,35.7
1604488181,13.0,15.0,14.0,16.0,27.0,35.7
1604488182,13.0,15.0,14.0,16.0,27.0,35.7
1604488183,14.0,15.0,14.0,16.0,27.0,35.7
1604488184,14.0,15.0,14.0,16.0,27.0,35.8
1604488185,14.0,15.0,14.0,16.0,27.0,35.8
1604488186,13.0,15.0,14.0,16.0,27.0,35.8
1604488187,13.0,15.0,16.0,16.0,27.0,35.8
1604488188,13.0,15.0,15.0,16.0,27.0,35.8
1604488189,13.0,15.0,15.0,16.0,26.9,35.8
1604488190,13.0,15.0,15.0,16.0,26.9,35.8
1604488191,13.0,15.0,15.0,16.0,26.9,35.8
1604488192,13.0,15.0,15.0,16.0,26.9,35.8
1604488193,13.0,15.0,15.0,16.0,26.9,35.8
1604488194,13.0,15.0,15.0,16.0,26.9,34.8
1604488195,13.0,15.0,15.0,16.0,26.9,34.8
1604488196,13.0,15.0,15.0,16.0,26.9,34.8
1604488197,13.0,15.0,14.0,16.0,26.9,34.8
1604488198,13.0,15.0,14.0,16.0,26.9,34.8
1604488199,13.0,15.0,14.0,16.0,26.8,34.5
1604488200,14.0,15.0,14.0,17.0,26.8,34.5
1604488201,14.0,15.0,14.0,17.0,26.8,34.5
1604488202,14.0,15.0,14.0,17.0,26.8,34.5
1604488203,13.0,15.0,14.0,17.0,26.8,34.5
1604488204,13.0,15.0,14.0,17.0,26.8,34.4
1604488205,13.0,15.0,14.0,17.0,26.8,34.4
1604488206,13.0,15.0,14.0,17.0,26.8,34.4
1604488207,13.0,15.0,14.0,17.0,26.8,34.4
1604488208,13.0,15.0,14.0,17.0,26.8,34.4
1604488209,13.0,15.0,14.0,17.0,26.7,34.1
1604488210,13.0,15.0,14.0,17.0,26.7,34.1
1604488211,13.0,15.0,14.0,17.0,26.7,34.1
1604488212,13.0,15.0,14.0,17.0,26.7,34.1
1604488213,13.0,15.0,15.0,17.0,26.7,34.1
1604488214,13.0,15.0,15.0,17.0,26.7,34.0
1604488215,13.0,15.0,15.0,17.0,26.7,34.0
1604488216,13.0,15.0,15.0,17.0,26.7,34.0
1604488217,14.0,15.0,15.0,17.0,26.7,34.0
1604488218,14.0,15.0,15.0,17.0,26.7,34.0
1604488219,14.0,15.0,15.0,17.0,26.7,33.9
1604488220,14.0,15.0,15.0,17.0,26.7,33.9
1604488221,14.0,16.0,15.0,17.0,26.7,33.9
1604488222,14.0,16.0,15.0,17.0,26.7,33.9
1604488223,14.0,16.0,16.0,17.0,26.7,33.9
1604488224,14.0,16.0,16.0,17.0,26.7,34.0
1604488225,14.0,16.0,16.0,17.0,26.7,34.0
1604488226,14.0,16.0,16.0,17.0,26.7,34.0
1604488227,15.0,16.0,16.0,17.0,26.7,34.0
1604488228,15.0,16.0,16.0,16.0,26.7,34.0
1604488229,14.0,16.0,16.0,16.0,26.7,34.1
1604488230,14.0,16.0,16.0,16.0,26.7,34.1
1604488231,14.0,16.0,16.0,16.0,26.7,34.1
1604488232,14.0,16.0,16.0,16.0,26.7,34.1
1604488233,14.0,15.0,16.0,16.0,26.7,34.1
1604488234,14.0,15.0,16.0,16.0,26.7,34.2
1604488235,13.0,15.0,15.0,16.0,26.7,34.2
1604488236,13.0,15.0,15.0,16.0,26.7,34.2
1604488237,13.0,15.0,15.0,16.0,26.7,34.2
1604488238,13.0,15.0,15.0,16.0,26.7,34.2
1604488239,13.0,15.0,15.0,17.0,26.6,34.1
1604488240,13.0,15.0,15.0,17.0,26.6,34.1
1604488241,13.0,14.0,15.0,17.0,26.6,34.1
1604488242,13.0,14.0,15.0,17.0,26.6,34.1
1604488243,13.0,14.0,15.0,17.0,26.6,34.1
1604488244,13.0,14.0,15.0,17.0,26.6,34.4
1604488245,13.0,14.0,16.0,17.0,26.6,34.4
1604488246,13.0,14.0,16.0,17.0,26.6,34.4
1604488247,12.0,14.0,16.0,17.0,26.6,34.4
1604488248,12.0,14.0,16.0,17.0,26.6,34.4
1604488249,12.0,14.0,16.0,16.0,26.6,34.6
1604488250,12.0,14.0,15.0,16.0,26.6,34.6
1604488251,12.0,14.0,15.0,16.0,26.6,34.6
1604488252,12.0,15.0,15.0,16.0,26.6,34.6
1604488253,12.0,15.0,15.0,16.0,26.6,34.6
1604488254,12.0,15.0,15.0,16.0,26.7,34.7
1604488255,12.0,15.0,15.0,16.0,26.7,34.7
1604488256,13.0,15.0,15.0,16.0,26.7,34.7
1604488257,13.0,15.0,15.0,16.0,26.7,34.7
1604488258,13.0,15.0,15.0,16.0,26.7,34.7
1604488259,13.0,15.0,15.0,16.0,26.6,34.6
1604488260,13.0,15.0,15.0,17.0,26.6,34.6
1604488261,13.0,15.0,15.0,17.0,26.6,34.6
1604488262,13.0,15.0,15.0,17.0,26.6,34.6
1604488263,13.0,15.0,15.0,17.0,26.6,34.6
1604488264,13.0,15.0,16.0,17.0,26.7,34.8
1604488265,13.0,15.0,16.0,16.0,26.7,34.8
1604488266,13.0,15.0,16.0,16.0,26.7,34.8
1604488267,13.0,15.0,16.0,16.0,26.7,34.8
1604488268,13.0,15.0,17.0,16.0,26.7,34.8
1604488269,13.0,15.0,17.0,16.0,26.7,35.0
1604488270,13.0,15.0,17.0,16.0,26.7,35.0
1604488271,13.0,14.0,17.0,16.0,26.7,35.0
1604488272,12.0,14.0,17.0,16.0,26.7,35.0
1604488273,12.0,14.0,17.0,16.0,26.7,35.0
1604488274,12.0,14.0,17.0,16.0,26.7,35.0
1604488275,12.0,14.0,17.0,16.0,26.7,35.0
1604488276,12.0,14.0,17.0,16.0,26.7,35.0
1604488277,12.0,14.0,17.0,16.0,26.7,35.0
1604488278,12.0,14.0,16.0,17.0,26.7,35.0
1604488279,12.0,14.0,16.0,17.0,26.7,35.0
1604488280,12.0,15.0,16.0,17.0,26.7,35.0
1604488281,12.0,15.0,16.0,17.0,26.7,35.0
1604488282,12.0,15.0,15.0,17.0,26.7,35.0
1604488283,13.0,15.0,15.0,17.0,26.7,35.0
1604488284,13.0,15.0,15.0,17.0,26.7,35.1
1604488285,13.0,15.0,15.0,17.0,26.7,35.1
1604488286,13.0,15.0,15.0,17.0,26.7,35.1
1604488287,12.0,15.0,15.0,17.0,26.7,35.1
1604488288,12.0,15.0,15.0,17.0,26.7,35.1
1604488289,12.0,15.0,14.0,16.0,26.7,35.1
1604488290,12.0,14.0,14.0,16.0,26.7,35.1
1604488291,12.0,14.0,14.0,16.0,26.7,35.1
1604488292,12.0,14.0,15.0,16.0,26.7,35.1
1604488293,12.0,15.0,15.0,16.0,26.7,35.1
1604488294,13.0,15.0,15.0,16.0,26.7,35.0
1604488295,13.0,15.0,15.0,16.0,26.7,35.0
1604488296,13.0,15.0,15.0,16.0,26.7,35.0
1604488297,14.0,15.0,15.0,16.0,26.7,35.0
1604488298,14.0,15.0,15.0,16.0,26.7,35.0
1604488299,14.0,16.0,15.0,17.0,26.7,35.0
1604488300,14.0,16.0,15.0,17.0,26.7,35.0
1604488301,14.0,16.0,15.0,17.0,26.7,35.0
1604488302,14.0,16.0,15.0,17.0,26.7,35.0
1604488303,14.0,16.0,15.0,17.0,26.7,35.0
1604488304,14.0,16.0,14.0,17.0,26.7,35.0
1604488305,14.0,16.0,14.0,17.0,26.7,35.0
1604488306,14.0,16.0,14.0,17.0,26.7,35.0
1604488307,14.0,16.0,14.0,17.0,26.7,35.0
1604488308,14.0,16.0,14.0,17.0,26.7,35.0
1604488309,13.0,16.0,14.0,17.0,26.7,35.0
1604488310,13.0,16.0,14.0,17.0,26.7,35.0
1604488311,13.0,16.0,14.0,17.0,26.7,35.0
1604488312,13.0,16.0,15.0,17.0,26.7,35.0
1604488313,13.0,16.0,15.0,18.0,26.7,35.0
1604488314,12.0,16.0,15.0,18.0,26.7,34.7
1604488315,12.0,16.0,15.0,18.0,26.7,34.7
1604488316,12.0,16.0,15.0,18.0,26.7,34.7
1604488317,12.0,15.0,15.0,17.0,26.7,34.7
1604488318,12.0,15.0,15.0,17.0,26.7,34.7
1604488319,13.0,15.0,15.0,17.0,26.7,34.7
1604488320,13.0,15.0,16.0,17.0,26.7,34.7
1604488321,13.0,15.0,16.0,17.0,26.7,34.7
1604488322,13.0,15.0,16.0,17.0,26.7,34.7
1604488323,13.0,16.0,15.0,17.0,26.7,34.7
1604488324,13.0,16.0,15.0,17.0,26.7,34.8
1604488325,13.0,16.0,15.0,17.0,26.7,34.8
1604488326,13.0,16.0,15.0,17.0,26.7,34.8
1604488327,13.0,16.0,15.0,17.0,26.7,34.8
1604488328,13.0,16.0,14.0,17.0,26.7,34.8
1604488329,13.0,16.0,14.0,17.0,26.7,34.8
1604488330,13.0,16.0,14.0,18.0,26.7,34.8
1604488331,13.0,16.0,14.0,18.0,26.7,34.8
1604488332,13.0,15.0,14.0,18.0,26.7,34.8
1604488333,13.0,15.0,14.0,18.0,26.7,34.8
1604488334,13.0,15.0,14.0,18.0,26.8,34.9
1604488335,12.0,15.0,14.0,17.0,26.8,34.9
1604488336,12.0,15.0,14.0,17.0,26.8,34.9
1604488337,12.0,15.0,14.0,17.0,26.8,34.9
1604488338,12.0,15.0,15.0,17.0,26.8,34.9
1604488339,12.0,14.0,15.0,17.0,26.7,34.7
1604488340,12.0,14.0,15.0,17.0,26.7,34.7
1604488341,12.0,15.0,15.0,17.0,26.7,34.7
1604488342,12.0,15.0,15.0,17.0,26.7,34.7
1604488343,12.0,15.0,15.0,17.0,26.7,34.7
1604488344,12.0,15.0,15.0,17.0,26.8,34.7
1604488345,12.0,15.0,15.0,17.0,26.8,34.7
1604488346,12.0,15.0,15.0,17.0,26.8,34.7
1604488347,12.0,15.0,15.0,17.0,26.8,34.7
1604488348,12.0,15.0,15.0,17.0,26.8,34.7
1604488349,12.0,15.0,15.0,17.0,26.8,34.7
1604488350,12.0,15.0,15.0,17.0,26.8,34.7
1604488351,12.0,15.0,15.0,17.0,26.8,34.7
1604488352,12.0,15.0,15.0,17.0,26.8,34.7
1604488353,13.0,15.0,15.0,17.0,26.8,34.7
1604488354,13.0,15.0,15.0,17.0,26.7,34.5
1604488355,13.0,15.0,16.0,17.0,26.7,34.5
1604488356,13.0,15.0,16.0,17.0,26.7,34.5
1604488357,13.0,15.0,16.0,17.0,26.7,34.5
1604488358,13.0,15.0,16.0,17.0,26.7,34.5
1604488359,13.0,15.0,16.0,17.0,26.75,34.55
1604488360,13.0,15.0,16.0,17.0,26.8,34.6
1604488361,13.0,15.0,16.0,17.0,26.8,34.6
1604488362,13.0,15.0,16.0,16.0,26.8,34.6
1604488363,13.0,15.0,16.0,16.0,26.8,34.6
1604488364,13.0,15.0,16.0,17.0,26.8,34.6
1604488365,13.0,15.0,16.0,17.0,26.7,34.5
1604488366,14.0,15.0,16.0,17.0,26.7,34.5
1604488367,14.0,15.0,16.0,17.0,26.7,34.5
1604488368,14.0,15.0,16.0,17.0,26.7,34.5
1604488369,14.0,15.0,16.0,17.0,26.7,34.5
1604488370,14.0,15.0,16.0,17.0,26.7,34.4
1604488371,14.0,15.0,16.0,17.0,26.7,34.4
1604488372,13.88888888888889,15.0,16.0,17.0,26.7,34.4
1604488373,13.77777777777778,15.0,16.0,17.0,26.7,34.4
1604488374,13.666666666666666,15.0,16.0,17.0,26.7,34.4
1604488375,13.555555555555555,15.0,16.0,17.0,26.7,34.4
1604488376,13.444444444444445,15.0,16.0,17.0,26.7,34.4
1604488377,13.333333333333334,15.0,16.0,17.0,26.7,34.4
1604488378,13.22222222222222,15.0,16.0,17.0,26.7,34.4
1604488379,13.11111111111111,15.0,16.0,17.0,26.7,34.4
1604488380,13.0,15.0,16.0,17.0,26.7,34.4
1604488381,13.0,15.0,16.0,17.0,26.7,34.4
1604488382,13.0,15.0,16.0,17.0,26.7,34.4
1604488383,13.0,15.0,16.0,16.0,26.6,34.2
1604488384,13.0,15.0,15.0,16.0,26.6,34.2
1604488385,13.0,15.0,15.0,16.0,26.6,34.2
1604488386,13.0,15.0,15.0,16.0,26.6,34.2
1604488387,13.0,15.0,15.0,16.0,26.6,34.2
1604488388,13.0,15.0,15.0,16.0,26.7,34.2
1604488389,13.0,15.0,15.0,16.0,26.7,34.2
1604488390,13.0,15.0,15.0,16.0,26.7,34.2
1604488391,13.0,15.0,15.0,16.0,26.7,34.2
1604488392,13.0,16.0,15.0,16.0,26.7,34.2
1604488393,13.0,16.0,15.0,16.0,26.6,34.2
1604488394,13.0,16.0,15.0,16.0,26.6,34.2
1604488395,13.0,16.0,15.0,16.0,26.6,34.2
1604488396,13.0,16.0,16.0,16.0,26.6,34.2
1604488397,13.0,16.0,16.0,16.0,26.6,34.2
1604488398,13.0,16.0,16.0,16.0,26.6,34.2
1604488399,13.0,16.0,16.0,16.0,26.6,34.2
1604488400,13.0,16.0,16.0,16.0,26.6,34.2
1604488401,13.0,16.0,16.0,17.0,26.6,34.2
1604488402,13.0,16.0,16.0,17.0,26.6,34.2
1604488403,13.0,16.0,16.0,17.0,26.7,34.3
1604488404,13.0,16.0,16.0,17.0,26.7,34.3
1604488405,13.0,16.0,16.0,17.0,26.7,34.3
1604488406,13.0,16.0,17.0,17.0,26.7,34.3
1604488407,13.0,16.0,17.0,17.0,26.7,34.3
1604488408,13.0,16.0,17.0,17.0,26.7,34.4
1604488409,14.0,16.0,16.0,17.0,26.7,34.4
1604488410,14.0,16.0,16.0,16.0,26.7,34.4
1604488411,14.0,16.0,16.0,16.0,26.7,34.4
1604488412,14.0,16.0,16.0,16.0,26.7,34.4
1604488413,14.0,16.0,16.0,16.0,26.6,34.4
1604488414,14.0,16.0,16.0,16.0,26.6,34.4
1604488415,14.0,16.0,16.0,16.0,26.6,34.4
1604488416,14.0,16.0,15.0,16.0,26.6,34.4
1604488417,13.0,16.0,15.0,16.0,26.6,34.4
1604488418,13.0,16.0,15.0,16.0,26.7,34.5
1604488419,13.0,16.0,15.0,16.0,26.7,34.5
1604488420,13.0,16.0,15.0,16.0,26.7,34.5
1604488421,13.0,16.0,15.0,16.0,26.7,34.5
1604488422,13.0,17.0,15.0,16.0,26.7,34.5
1604488423,13.0,17.0,15.0,16.0,26.6,34.6
1604488424,13.0,17.0,15.0,16.0,26.6,34.6
1604488425,13.0,17.0,14.0,16.0,26.6,34.6
1604488426,13.0,17.0,14.0,16.0,26.6,34.6
1604488427,13.0,17.0,14.0,16.0,26.6,34.6
1604488428,13.0,17.0,14.0,16.0,26.7,34.5
1604488429,13.0,17.0,14.0,16.0,26.7,34.5
1604488430,13.0,17.0,14.0,16.0,26.7,34.5
1604488431,13.0,17.0,14.0,16.0,26.7,34.5
1604488432,13.0,17.0,14.0,16.0,26.7,34.5
1604488433,13.0,16.0,15.0,16.0,26.7,34.5
1604488434,13.0,16.0,15.0,17.0,26.7,34.5
1604488435,13.0,16.0,15.0,17.0,26.7,34.5
1604488436,13.0,16.0,15.0,17.0,26.7,34.5
1604488437,13.0,16.0,15.0,17.0,26.7,34.5
1604488438,13.0,16.0,15.0,17.0,26.7,34.5
1604488439,13.0,17.0,15.0,17.0,26.7,34.5
1604488440,13.0,17.0,15.0,17.0,26.7,34.5
1604488441,13.0,17.0,16.0,17.0,26.7,34.5
1604488442,13.0,17.0,16.0,17.0,26.7,34.5
1604488443,13.0,17.0,16.0,17.0,27.5,35.8
1604488444,13.0,17.0,16.0,17.0,27.5,35.8
1604488445,13.0,17.0,16.0,17.0,27.5,35.8
1604488446,13.0,17.0,16.0,17.0,27.5,35.8
1604488447,13.0,16.0,16.0,17.0,27.5,35.8
1604488448,13.0,16.0,16.0,17.0,27.6,35.9
1604488449,13.0,16.0,16.0,17.0,27.6,35.9
1604488450,13.0,16.0,16.0,17.0,27.6,35.9
1604488451,13.0,16.0,16.0,17.0,27.6,35.9
1604488452,13.0,15.0,16.0,17.0,27.6,35.9
1604488453,13.0,15.0,15.0,17.0,27.6,36.0
1604488454,13.0,15.0,15.0,17.0,27.6,36.0
1604488455,13.0,15.0,15.0,17.0,27.6,36.0
1604488456,13.0,16.0,15.0,17.0,27.6,36.0
1604488457,13.0,16.0,15.0,17.0,27.6,36.0
1604488458,13.0,16.0,15.0,17.0,27.6,35.6
1604488459,13.0,16.0,15.0,17.0,27.6,35.6
1604488460,13.0,16.0,15.0,17.0,27.6,35.6
1604488461,13.0,16.0,15.0,17.0,27.6,35.6
1604488462,13.0,17.0,15.0,17.0,27.6,35.6
1604488463,12.0,17.0,15.0,17.0,27.5,35.4
1604488464,12.0,17.0,15.0,17.0,27.5,35.4
1604488465,12.0,17.0,15.0,17.0,27.5,35.4
1604488466,12.0,17.0,15.0,17.0,27.5,35.4
1604488467,12.0,17.0,15.0,17.0,27.5,35.4
1604488468,13.0,17.0,17.0,17.0,27.6,35.3
1604488469,13.0,17.0,17.0,17.0,27.6,35.3
1604488470,13.0,17.0,17.0,17.0,27.6,35.3
1604488471,13.0,17.0,17.0,17.0,27.6,35.3
1604488472,13.0,17.0,17.0,17.0,27.6,35.3
1604488473,13.0,17.0,17.0,17.0,27.6,35.1
1604488474,14.0,17.0,17.0,17.0,27.6,35.1
1604488475,14.0,17.0,17.0,17.0,27.6,35.1
1604488476,14.0,17.0,16.0,17.0,27.6,35.1
1604488477,14.0,17.0,16.0,17.0,27.6,35.1
1604488478,14.0,17.0,16.0,16.0,27.6,35.3
1604488479,14.0,17.0,16.0,16.0,27.6,35.3
1604488480,14.0,17.0,16.0,16.0,27.6,35.3
1604488481,14.0,17.0,16.0,16.0,27.6,35.3
1604488482,14.0,17.0,16.0,16.0,27.6,35.3
1604488483,14.0,17.0,16.0,16.0,27.6,35.4
1604488484,14.0,17.0,16.0,16.0,27.6,35.4
1604488485,14.0,17.0,16.0,16.0,27.6,35.4
1604488486,14.0,17.0,16.0,16.0,27.6,35.4
1604488487,14.0,17.0,16.0,16.0,27.6,35.4
1604488488,14.0,17.0,16.0,16.0,27.6,35.6
1604488489,14.0,16.0,16.0,16.0,27.6,35.6
1604488490,14.0,16.0,16.0,16.0,27.6,35.6
1604488491,14.0,16.0,16.0,16.0,27.6,35.6
1604488492,14.0,16.0,16.0,16.0,27.6,35.6
1604488493,14.0,16.0,16.0,16.0,27.6,35.7
1604488494,14.0,16.0,16.0,16.0,27.6,35.7
1604488495,14.0,16.0,16.0,16.0,27.6,35.7
1604488496,14.0,16.0,17.0,16.0,27.6,35.7
1604488497,14.0,16.0,17.0,16.0,27.6,35.7
1604488498,14.0,15.0,17.0,16.0,27.7,36.0
1604488499,14.0,15.0,17.0,16.0,27.7,36.0
1604488500,14.0,15.0,17.0,16.0,27.7,36.0
1604488501,14.0,15.0,17.0,16.0,27.7,36.0
1604488502,14.0,15.0,17.0,16.0,27.7,36.0
1604488503,14.0,15.0,16.0,16.0,27.6,35.9
1604488504,14.0,15.0,16.0,16.0,27.6,35.9
1604488505,14.0,16.0,16.0,16.0,27.6,35.9
1604488506,13.0,16.0,16.0,16.0,27.6,35.9
1604488507,13.0,16.0,16.0,16.0,27.6,35.9
1604488508,13.0,16.0,16.0,16.0,27.7,36.0
1604488509,13.0,16.0,15.0,16.0,27.7,36.0
1604488510,13.0,16.0,15.0,16.0,27.7,36.0
1604488511,13.0,16.0,15.0,16.0,27.7,36.0
1604488512,13.0,15.0,15.0,16.0,27.7,36.0
1604488513,13.0,15.0,16.0,16.0,27.7,35.7
1604488514,13.0,15.0,15.0,16.0,27.7,35.7
1604488515,13.0,15.0,15.0,16.0,27.7,35.7
1604488516,13.0,15.0,15.0,16.0,27.7,35.7
1604488517,13.0,15.0,15.0,16.0,27.7,35.7
1604488518,13.0,15.0,15.0,16.0,27.7,35.6
1604488519,13.0,15.0,15.0,16.0,27.7,35.6
1604488520,13.0,16.0,15.0,16.0,27.7,35.6
1604488521,13.0,16.0,15.0,16.0,27.7,35.6
1604488522,14.0,16.0,15.0,16.0,27.7,35.6
1604488523,14.0,16.0,15.0,16.0,27.7,35.3
1604488524,14.0,16.0,15.0,15.0,27.7,35.3
1604488525,14.0,16.0,15.0,15.0,27.7,35.3
1604488526,14.0,16.0,14.0,15.0,27.7,35.3
1604488527,14.0,16.0,14.0,15.0,27.7,35.3
1604488528,14.0,16.0,14.0,15.0,27.7,35.0
1604488529,14.0,17.0,14.0,15.0,27.7,35.0
1604488530,14.0,17.0,14.0,15.0,27.7,35.0
1604488531,14.0,17.0,14.0,15.0,27.7,35.0
1604488532,14.0,17.0,14.0,15.0,27.7,35.0
1604488533,14.0,17.0,15.0,16.0,27.7,35.1
1604488534,14.0,17.0,15.0,16.0,27.7,35.1
1604488535,14.0,17.0,15.0,16.0,27.7,35.1
1604488536,14.0,17.0,15.0,16.0,27.7,35.1
1604488537,14.0,17.0,15.0,16.0,27.7,35.1
1604488538,14.0,16.0,16.0,16.0,27.7,34.9
1604488539,14.0,16.0,16.0,16.0,27.7,34.9
1604488540,14.0,16.0,16.0,16.0,27.7,34.9
1604488541,14.0,16.0,16.0,16.0,27.7,34.9
1604488542,14.0,16.0,16.0,16.0,27.7,34.9
1604488543,14.0,16.0,16.0,17.0,27.7,34.8
1604488544,14.0,16.0,17.0,17.0,27.7,34.8
1604488545,14.0,16.0,17.0,17.0,27.7,34.8
1604488546,14.0,16.0,16.0,17.0,27.7,34.8
1604488547,14.0,16.0,16.0,17.0,27.7,34.8
1604488548,14.0,16.0,16.0,17.0,27.7,34.7
1604488549,14.0,16.0,16.0,17.0,27.7,34.7
1604488550,13.0,16.0,16.0,17.0,27.7,34.7
1604488551,13.0,16.0,16.0,17.0,27.7,34.7
1604488552,13.0,16.0,16.0,17.0,27.7,34.7
1604488553,13.0,16.0,16.0,17.0,27.7,34.5
1604488554,13.0,16.0,16.0,17.0,27.7,34.5
1604488555,13.0,16.0,16.0,17.0,27.7,34.5
1604488556,13.0,16.0,16.0,17.0,27.7,34.5
1604488557,13.0,16.0,16.0,17.0,27.7,34.5
1604488558,13.0,17.0,16.0,16.0,27.7,34.5
1604488559,13.0,17.0,16.0,17.0,27.7,34.5
1604488560,13.0,17.0,16.0,17.0,27.7,34.5
1604488561,14.0,17.0,16.0,16.0,27.7,34.5
1604488562,14.0,17.0,16.0,16.0,27.7,34.5
1604488563,14.0,17.0,17.0,16.0,27.7,34.3
1604488564,14.0,18.0,17.0,16.0,27.7,34.3
1604488565,14.0,18.0,17.0,16.0,27.7,34.3
1604488566,13.0,18.0,17.0,16.0,27.7,34.3
1604488567,14.0,18.0,17.0,16.0,27.7,34.3
1604488568,14.0,18.0,17.0,15.0,27.7,34.6
1604488569,14.0,18.0,17.0,15.0,27.7,34.6
1604488570,14.0,18.0,17.0,15.0,27.7,34.6
1604488571,14.0,18.0,16.0,15.0,27.7,34.6
1604488572,14.0,18.0,16.0,15.0,27.7,34.6
1604488573,15.0,18.0,16.0,16.0,27.7,34.3
1604488574,15.0,18.0,16.0,16.0,27.7,34.3
1604488575,15.0,18.0,16.0,16.0,27.7,34.3
1604488576,15.0,18.0,15.0,16.0,27.7,34.3
1604488577,15.0,18.0,15.0,16.0,27.7,34.3
1604488578,15.0,18.0,15.0,16.0,27.6,34.1
1604488579,15.0,17.0,15.0,16.0,27.6,34.1
1604488580,15.0,17.0,15.0,17.0,27.6,34.1
1604488581,15.0,17.0,15.0,17.0,27.6,34.1
1604488582,15.0,17.0,15.0,17.0,27.6,34.1
1604488583,15.0,17.0,15.0,17.0,27.7,34.0
1604488584,15.0,17.0,15.0,17.0,27.7,34.0
1604488585,14.0,17.0,15.0,17.0,27.7,34.0
1604488586,14.0,17.0,15.0,17.0,27.7,34.0
1604488587,14.0,17.0,15.0,17.0,27.7,34.0
1604488588,14.0,17.0,15.0,16.0,27.7,33.9
1604488589,14.0,17.0,15.0,16.0,27.7,33.9
1604488590,14.0,17.0,15.0,16.0,27.7,33.9
1604488591,14.0,17.0,15.0,16.0,27.7,33.9
1604488592,13.88888888888889,17.0,15.0,16.0,27.7,33.9
1604488593,13.77777777777778,17.0,15.0,16.0,27.7,33.9
1604488594,13.666666666666666,17.0,15.0,16.0,27.7,33.9
1604488595,13.555555555555555,17.0,15.0,16.0,27.7,33.9
1604488596,13.444444444444445,17.0,15.0,16.0,27.7,33.9
1604488597,13.333333333333334,17.0,15.0,16.0,27.7,33.9
1604488598,13.22222222222222,17.0,15.0,16.0,27.7,33.9
1604488599,13.11111111111111,17.0,15.0,16.0,27.7,33.9
1604488600,13.0,17.0,15.0,16.0,27.7,33.9
1604488601,14.0,17.0,16.0,16.0,27.7,33.9
1604488602,14.0,17.0,16.0,16.0,27.7,33.9
1604488603,14.0,17.0,16.0,16.0,27.7,33.9
1604488604,14.0,17.0,16.0,16.0,27.7,33.9
1604488605,14.0,17.0,16.0,16.0,27.7,33.9
1604488606,14.0,17.0,16.0,16.0,27.7,33.9
1604488607,14.0,16.0,16.0,16.0,27.7,33.9
1604488608,14.0,16.0,16.0,17.0,27.7,33.9
1604488609,14.0,16.0,16.0,17.0,27.7,33.9
1604488610,14.0,16.0,16.0,17.0,27.7,33.9
1604488611,14.0,16.0,16.0,17.0,27.7,34.1
1604488612,14.0,16.0,17.0,17.0,27.7,34.1
1604488613,13.0,15.0,17.0,17.0,27.7,34.1
1604488614,13.0,15.0,17.0,18.0,27.7,34.1
1604488615,13.0,15.0,16.0,18.0,27.7,34.1
1604488616,13.0,15.0,16.0,18.0,27.7,34.1
1604488617,13.0,15.0,16.0,18.0,27.7,34.1
1604488618,13.0,15.0,16.0,18.0,27.7,34.1
1604488619,12.0,15.0,16.0,18.0,27.7,34.1
1604488620,12.0,15.0,16.0,18.0,27.7,34.1
1604488621,12.0,15.0,16.0,18.0,27.7,34.1
1604488622,13.0,16.0,16.0,18.0,27.7,34.1
1604488623,13.0,16.0,15.0,17.0,27.7,34.1
1604488624,13.0,16.0,15.0,17.0,27.7,34.1
1604488625,13.0,16.0,15.0,17.0,27.7,34.1
1604488626,13.0,16.0,15.0,17.0,27.7,34.2
1604488627,13.0,16.0,15.0,17.0,27.7,34.2
1604488628,13.0,17.0,15.0,17.0,27.7,34.2
1604488629,13.0,17.0,15.0,17.0,27.7,34.2
1604488630,13.0,17.0,15.0,17.0,27.7,34.2
1604488631,13.0,17.0,16.0,17.0,27.7,34.2
1604488632,13.0,17.0,16.0,17.0,27.7,34.2
1604488633,13.0,17.0,16.0,16.0,27.7,34.2
1604488634,13.0,17.0,16.0,16.0,27.7,34.2
1604488635,13.0,17.0,16.0,16.0,27.7,34.2
1604488636,13.0,17.0,16.0,16.0,27.7,34.2
1604488637,13.0,17.0,16.0,16.0,27.7,34.2
1604488638,13.0,17.0,16.0,16.0,27.7,34.2
1604488639,13.0,17.0,16.0,16.0,27.7,34.2
1604488640,13.0,17.0,16.0,16.0,27.7,34.2
1604488641,13.0,17.0,16.0,16.0,27.7,34.5
1604488642,13.0,17.0,15.0,16.0,27.7,34.5
1604488643,13.0,16.0,15.0,17.0,27.7,34.5
1604488644,13.0,16.0,15.0,17.0,27.7,34.5
1604488645,13.0,16.0,15.0,17.0,27.7,34.5
1604488646,13.0,16.0,15.0,17.0,27.7,34.5
1604488647,13.0,16.0,15.0,17.0,27.7,34.5
1604488648,13.0,16.0,15.0,17.0,27.7,34.5
1604488649,13.0,16.0,15.0,17.0,27.7,34.5
1604488650,13.0,16.0,15.0,17.0,27.7,34.5
1604488651,13.0,16.0,15.0,17.0,27.7,34.4
1604488652,13.0,16.0,15.0,17.0,27.7,34.4
1604488653,13.0,16.0,15.0,17.0,27.7,34.4
1604488654,13.0,16.0,15.0,17.0,27.7,34.4
1604488655,13.0,17.0,16.0,17.0,27.7,34.4
1604488656,14.0,17.0,16.0,16.0,27.7,34.4
1604488657,14.0,17.0,16.0,16.0,27.7,34.4
1604488658,14.0,17.0,16.0,16.0,27.7,34.4
1604488659,14.0,18.0,16.0,17.0,27.7,34.4
1604488660,14.0,18.0,16.0,17.0,27.7,34.4
1604488661,13.0,17.0,16.0,17.0,27.7,34.4
1604488662,13.0,17.0,16.0,17.0,27.7,34.4
1604488663,13.0,17.0,16.0,17.0,27.7,34.4
1604488664,13.0,17.0,16.0,17.0,27.7,34.4
1604488665,13.0,17.0,15.0,17.0,27.7,34.4
1604488666,13.0,16.0,15.0,17.0,27.7,34.5
1604488667,13.0,16.0,15.0,17.0,27.7,34.5
1604488668,13.0,16.0,15.0,17.0,27.7,34.5
1604488669,14.0,16.0,15.0,17.0,27.7,34.5
1604488670,14.0,16.0,16.0,17.0,27.7,34.5
1604488671,14.0,16.0,16.0,17.0,27.7,34.4
1604488672,14.0,16.0,16.0,17.0,27.7,34.4
1604488673,14.0,16.0,16.0,17.0,27.7,34.4
1604488674,14.0,16.0,16.0,17.0,27.7,34.4
1604488675,14.0,16.0,16.0,17.0,27.7,34.4
1604488676,14.0,16.0,16.0,17.0,27.7,34.6
1604488677,14.0,16.0,16.0,17.0,27.7,34.6
1604488678,14.0,16.0,16.0,16.0,27.7,34.6
1604488679,14.0,16.0,16.0,16.0,27.7,34.6
1604488680,14.0,16.0,16.0,17.0,27.7,34.6
1604488681,14.0,16.0,16.0,17.0,27.7,34.7
1604488682,14.0,16.0,16.0,17.0,27.7,34.7
1604488683,14.0,16.0,16.0,17.0,27.7,34.7
1604488684,14.0,16.0,16.0,17.0,27.7,34.7
1604488685,14.0,16.0,16.0,17.0,27.7,34.7
1604488686,14.0,16.0,16.0,17.0,27.7,35.2
1604488687,15.0,16.0,16.0,18.0,27.7,35.2
1604488688,15.0,16.0,16.0,18.0,27.7,35.2
1604488689,15.0,16.0,16.0,18.0,27.7,35.2
1604488690,15.0,16.0,16.0,18.0,27.7,35.2
1604488691,15.0,16.0,15.0,18.0,27.7,35.3
1604488692,15.0,16.0,16.0,18.0,27.7,35.3
1604488693,15.0,16.0,15.0,18.0,27.7,35.3
1604488694,15.0,16.0,15.0,17.0,27.7,35.3
1604488695,15.0,16.0,15.0,17.0,27.7,35.3
1604488696,15.0,16.0,15.0,17.0,27.7,35.3
1604488697,14.0,16.0,15.0,17.0,27.7,35.3
1604488698,14.0,16.0,16.0,16.0,27.7,35.3
1604488699,14.0,16.0,16.0,16.0,27.7,35.3
1604488700,14.0,16.0,16.0,16.0,27.7,35.3
1604488701,14.0,16.0,16.0,16.0,27.7,35.3
1604488702,14.0,16.0,16.0,16.0,27.7,35.3
1604488703,14.0,16.0,16.0,16.0,27.7,35.3
1604488704,14.0,16.0,16.0,16.0,27.7,35.3
1604488705,14.0,16.0,16.0,16.0,27.7,35.3
1604488706,14.0,16.0,16.0,16.0,27.7,35.3
1604488707,14.0,16.0,16.0,16.0,27.7,35.3
1604488708,14.0,16.0,16.0,16.0,27.7,35.3
1604488709,14.0,16.0,17.0,16.0,27.7,35.3
1604488710,14.0,16.0,17.0,16.0,27.7,35.3
1604488711,14.0,16.0,17.0,17.0,27.8,35.4
1604488712,14.0,16.0,17.0,17.0,27.8,35.4
1604488713,14.0,16.0,17.0,17.0,27.8,35.4
1604488714,14.0,16.0,17.0,17.0,27.8,35.4
1604488715,14.0,16.0,17.0,17.0,27.8,35.4
1604488716,14.0,16.0,16.0,17.0,27.8,35.0
1604488717,14.0,16.0,16.0,17.0,27.8,35.0
1604488718,14.0,16.0,16.0,17.0,27.8,35.0
1604488719,14.0,16.0,16.0,17.0,27.8,35.0
1604488720,14.0,16.0,16.0,17.0,27.8,35.0
1604488721,14.0,16.0,16.0,17.0,27.8,34.9
1604488722,14.0,16.0,16.0,17.0,27.8,34.9
1604488723,14.0,16.0,15.0,17.0,27.8,34.9
1604488724,14.0,16.0,15.0,17.0,27.8,34.9
1604488725,14.0,16.0,15.0,17.0,27.8,34.9
1604488726,14.0,16.0,15.0,17.0,27.8,35.1
1604488727,15.0,16.0,15.0,17.0,27.8,35.1
1604488728,15.0,16.0,15.0,17.0,27.8,35.1
1604488729,15.0,16.0,14.0,17.0,27.8,35.1
1604488730,15.0,16.0,14.0,18.0,27.8,35.1
1604488731,15.0,16.0,14.0,18.0,27.8,35.4
1604488732,15.0,16.0,15.0,18.0,27.8,35.4
1604488733,15.0,16.0,15.0,18.0,27.8,35.4
1604488734,14.0,16.0,15.0,18.0,27.8,35.4
1604488735,14.0,16.0,15.0,18.0,27.8,35.4
1604488736,14.0,16.0,15.0,18.0,27.8,35.3
1604488737,14.0,16.0,15.0,18.0,27.8,35.3
1604488738,14.0,16.0,15.0,18.0,27.8,35.3
1604488739,14.0,16.0,15.0,17.0,27.8,35.3
1604488740,14.0,16.0,15.0,17.0,27.8,35.3
1604488741,14.0,16.0,15.0,17.0,27.8,35.1
1604488742,14.0,16.0,16.0,17.0,27.8,35.1
1604488743,14.0,17.0,16.0,17.0,27.8,35.1
1604488744,14.0,17.0,16.0,17.0,27.8,35.1
1604488745,14.0,17.0,17.0,17.0,27.8,35.1
1604488746,14.0,17.0,17.0,17.0,27.8,34.9
1604488747,14.0,17.0,17.0,17.0,27.8,34.9
1604488748,13.0,16.0,17.0,18.0,27.8,34.9
1604488749,13.0,16.0,17.0,18.0,27.8,34.9
1604488750,13.0,16.0,17.0,18.0,27.8,34.9
1604488751,13.0,16.0,17.0,18.0,27.9,34.6
1604488752,13.0,16.0,17.0,18.0,27.9,34.6
1604488753,13.0,16.0,17.0,18.0,27.9,34.6
1604488754,13.0,16.0,16.0,18.0,27.9,34.6
1604488755,13.0,16.0,16.0,18.0,27.9,34.6
1604488756,13.0,16.0,16.0,18.0,27.9,34.6
1604488757,13.0,16.0,16.0,18.0,27.9,34.6
1604488758,13.0,17.0,16.0,18.0,27.9,34.6
1604488759,13.0,17.0,16.0,18.0,27.9,34.6
1604488760,13.0,17.0,16.0,18.0,27.9,34.6
1604488761,13.0,16.0,16.0,18.0,27.8,34.5
1604488762,13.0,16.0,16.0,18.0,27.8,34.5
1604488763,13.0,16.0,16.0,18.0,27.8,34.5
1604488764,14.0,16.0,17.0,18.0,27.8,34.5
1604488765,14.0,16.0,17.0,18.0,27.8,34.5
1604488766,14.0,16.0,17.0,17.0,27.9,35.0
1604488767,14.0,16.0,17.0,17.0,27.9,35.0
1604488768,14.0,16.0,17.0,17.0,27.9,35.0
1604488769,15.0,16.0,17.0,17.0,27.9,35.0
1604488770,15.0,16.0,17.0,17.0,27.9,35.0
1604488771,15.0,16.0,17.0,17.0,27.9,35.2
1604488772,15.0,16.0,17.0,17.0,27.9,35.2
1604488773,15.0,16.0,16.0,17.0,27.9,35.2
1604488774,15.0,16.0,16.0,17.0,27.9,35.2
1604488775,15.0,16.0,16.0,17.0,27.9,35.2
1604488776,15.0,17.0,16.0,17.0,27.9,35.3
1604488777,15.0,17.0,16.0,17.0,27.9,35.3
1604488778,15.0,17.0,16.0,17.0,27.9,35.3
1604488779,15.0,16.0,16.0,17.0,27.9,35.3
1604488780,15.0,16.0,16.0,17.0,27.9,35.3
1604488781,15.0,17.0,16.0,17.0,27.9,35.6
1604488782,15.0,17.0,16.0,17.0,27.9,35.6
1604488783,14.0,17.0,16.0,17.0,27.9,35.6
1604488784,14.0,16.0,16.0,18.0,27.9,35.6
1604488785,14.0,16.0,16.0,18.0,27.9,35.6
1604488786,14.0,16.0,16.0,18.0,27.9,35.9
1604488787,14.0,16.0,16.0,18.0,27.9,35.9
1604488788,14.0,16.0,16.0,18.0,27.9,35.9
1604488789,14.0,16.0,16.0,18.0,27.9,35.9
1604488790,13.0,16.0,16.0,18.0,27.9,35.9
1604488791,13.0,16.0,16.0,18.0,27.8,36.1
1604488792,13.0,16.0,16.0,18.0,27.8,36.1
1604488793,13.0,16.0,16.0,18.0,27.8,36.1
1604488794,13.0,17.0,16.0,18.0,27.8,36.1
1604488795,13.0,17.0,16.0,18.0,27.8,36.1
1604488796,13.0,17.0,16.0,18.0,27.9,36.1
1604488797,14.0,17.0,16.0,18.0,27.9,36.1
1604488798,14.0,17.0,16.0,18.0,27.9,36.1
1604488799,14.0,17.0,16.0,18.0,27.9,36.1
1604488800,14.0,17.0,16.0,18.0,27.9,36.1
1604488801,15.0,17.0,16.0,18.0,27.9,35.8
1604488802,15.0,17.0,15.0,18.0,27.9,35.8
1604488803,15.0,17.0,15.0,17.0,27.9,35.8
1604488804,15.0,16.0,15.0,17.0,27.9,35.8
1604488805,15.0,16.0,15.0,17.0,27.9,35.8
1604488806,15.0,16.0,15.0,17.0,27.9,35.3
1604488807,15.0,16.0,15.0,17.0,27.9,35.3
1604488808,15.0,16.0,15.0,17.0,27.9,35.3
1604488809,15.0,16.0,15.0,17.0,27.9,35.3
1604488810,15.0,16.0,15.0,17.0,27.9,35.3
1604488811,15.0,16.0,15.0,17.0,27.91111111111111,35.266666666666666
1604488812,15.0,16.0,15.0,17.0,27.92222222222222,35.233333333333334
1604488813,15.0,16.0,15.0,17.0,27.933333333333334,35.2
1604488814,15.0,16.0,15.0,17.0,27.944444444444443,35.166666666666664
1604488815,15.0,16.0,15.0,17.0,27.95555555555556,35.13333333333333
1604488816,15.0,16.0,15.0,17.0,27.966666666666665,35.1
1604488817,15.0,16.0,15.0,17.0,27.977777777777774,35.06666666666666
1604488818,15.0,16.0,15.0,17.0,27.988888888888887,35.03333333333333
1604488819,15.0,16.0,15.0,17.0,28.0,35.0
1604488820,15.0,16.0,15.0,17.0,28.0,35.0
1604488821,15.0,16.0,15.0,17.0,28.0,35.0
1604488822,14.0,16.0,15.0,17.0,28.0,35.0
1604488823,14.0,16.0,15.0,17.0,28.0,35.0
1604488824,14.0,16.0,15.0,17.0,27.9,34.8
1604488825,14.0,16.0,15.0,17.0,27.9,34.8
1604488826,14.0,16.0,15.0,17.0,27.9,34.8
1604488827,14.0,16.0,15.0,16.0,27.9,34.8
1604488828,14.0,16.0,15.0,16.0,27.9,34.8
1604488829,14.0,17.0,15.0,16.0,28.0,34.9
1604488830,13.0,17.0,15.0,16.0,28.0,34.9
1604488831,13.0,17.0,15.0,16.0,28.0,34.9
1604488832,13.0,17.0,15.0,16.0,28.0,34.9
1604488833,13.0,17.0,16.0,16.0,28.0,34.9
1604488834,14.0,17.0,16.0,16.0,28.0,34.9
1604488835,14.0,17.0,16.0,16.0,28.0,34.9
1604488836,14.0,17.0,16.0,16.0,28.0,34.9
1604488837,14.0,17.0,17.0,16.0,28.0,34.9
1604488838,14.0,16.0,17.0,16.0,28.0,34.9
1604488839,14.0,16.0,17.0,16.0,28.0,34.9
1604488840,14.0,16.0,17.0,17.0,28.0,34.9
1604488841,14.0,16.0,17.0,17.0,28.0,34.9
1604488842,14.0,16.0,17.0,17.0,28.0,34.9
1604488843,14.0,16.0,17.0,17.0,28.0,34.9
1604488844,14.0,16.0,17.0,17.0,28.0,34.9
1604488845,14.0,16.0,17.0,17.0,28.0,34.9
1604488846,14.0,16.0,16.0,18.0,28.0,34.9
1604488847,14.0,16.0,16.0,18.0,28.0,34.9
1604488848,13.0,16.0,16.0,18.0,28.0,34.9
1604488849,13.0,16.0,15.0,18.0,28.1,34.8
1604488850,13.0,16.0,15.0,18.0,28.1,34.8
1604488851,13.0,16.0,15.0,18.0,28.1,34.8
1604488852,13.0,16.0,15.0,18.0,28.1,34.8
1604488853,13.0,16.0,15.0,18.0,28.1,34.8
1604488854,13.0,16.0,15.0,18.0,28.1,34.5
1604488855,13.0,16.0,15.0,18.0,28.1,34.5
1604488856,13.0,16.0,15.0,18.0,28.1,34.5
1604488857,13.0,16.0,15.0,18.0,28.1,34.5
1604488858,13.0,16.0,15.0,18.0,28.1,34.5
1604488859,13.0,16.0,15.0,17.0,28.0,34.3
1604488860,13.0,17.0,15.0,17.0,28.0,34.3
1604488861,13.0,17.0,15.0,17.0,28.0,34.3
1604488862,13.0,17.0,15.0,17.0,28.0,34.3
1604488863,13.0,17.0,15.0,17.0,28.0,34.3
1604488864,13.0,17.0,16.0,17.0,28.1,34.3
1604488865,13.0,17.0,16.0,17.0,28.1,34.3
1604488866,13.0,17.0,16.0,17.0,28.1,34.3
1604488867,13.0,17.0,16.0,17.0,28.1,34.3
1604488868,14.0,17.0,16.0,17.0,28.1,34.3
1604488869,14.0,16.0,16.0,17.0,28.1,34.2
1604488870,14.0,16.0,16.0,17.0,28.1,34.2
1604488871,14.0,16.0,16.0,17.0,28.1,34.2
1604488872,14.0,16.0,16.0,17.0,28.1,34.2
1604488873,14.0,16.0,16.0,17.0,28.1,34.2
1604488874,14.0,16.0,15.0,17.0,28.0,34.0
1604488875,14.0,16.0,15.0,17.0,28.0,34.0
1604488876,14.0,17.0,15.0,17.0,28.0,34.0
1604488877,14.0,17.0,15.0,17.0,28.0,34.0
1604488878,14.0,17.0,15.0,16.0,28.0,34.0
1604488879,14.0,17.0,15.0,16.0,28.1,34.0
1604488880,14.0,17.0,15.0,16.0,28.1,34.0
1604488881,14.0,17.0,15.0,16.0,28.1,34.0
1604488882,14.0,17.0,15.0,16.0,28.1,34.0
1604488883,14.0,18.0,15.0,16.0,28.1,34.0
1604488884,14.0,18.0,15.0,16.0,28.1,34.0
1604488885,14.0,18.0,15.0,16.0,28.1,34.0
1604488886,14.0,18.0,15.0,16.0,28.1,34.0
1604488887,13.0,18.0,16.0,16.0,28.1,34.0
1604488888,13.0,18.0,16.0,16.0,28.1,34.0
1604488889,13.0,18.0,16.0,16.0,28.1,34.0
1604488890,14.0,18.0,16.0,16.0,28.1,34.0
1604488891,14.0,18.0,16.0,17.0,28.1,34.0
1604488892,14.0,18.0,16.0,17.0,28.1,34.0
1604488893,14.0,18.0,16.0,17.0,28.1,34.0
1604488894,14.0,18.0,16.0,17.0,28.1,34.2
1604488895,14.0,18.0,16.0,17.0,28.1,34.2
1604488896,14.0,17.0,16.0,17.0,28.1,34.2
1604488897,14.0,17.0,16.0,17.0,28.1,34.2
1604488898,14.0,18.0,16.0,17.0,28.1,34.2
1604488899,14.0,18.0,16.0,17.0,28.2,34.3
1604488900,14.0,18.0,16.0,17.0,28.2,34.3
1604488901,14.0,18.0,16.0,17.0,28.2,34.3
1604488902,13.0,18.0,17.0,17.0,28.2,34.3
1604488903,13.0,17.0,17.0,17.0,28.2,34.3
1604488904,13.0,17.0,17.0,17.0,28.2,34.4
1604488905,13.0,17.0,17.0,17.0,28.2,34.4
1604488906,13.0,17.0,17.0,17.0,28.2,34.4
1604488907,13.0,16.0,17.0,17.0,28.2,34.4
1604488908,13.0,16.0,17.0,17.0,28.2,34.4
1604488909,13.0,16.0,17.0,17.0,28.2,34.3
1604488910,13.0,16.0,17.0,17.0,28.2,34.3
1604488911,13.0,16.0,17.0,17.0,28.2,34.3
1604488912,13.0,15.0,16.0,17.0,28.2,34.3
1604488913,13.0,15.0,16.0,17.0,28.2,34.3
1604488914,13.0,15.0,16.0,17.0,28.1,34.1
1604488915,13.0,15.0,16.0,17.0,28.1,34.1
1604488916,13.0,15.0,16.0,17.0,28.1,34.1
1604488917,13.0,15.0,16.0,16.0,28.1,34.1
1604488918,13.0,16.0,16.0,16.0,28.1,34.1
1604488919,13.0,16.0,16.0,16.0,28.2,33.7
1604488920,13.0,16.0,16.0,16.0,28.2,33.7
1604488921,13.0,16.0,15.0,16.0,28.2,33.7
1604488922,13.0,16.0,15.0,16.0,28.2,33.7
1604488923,13.0,16.0,15.0,16.0,28.2,33.7
1604488924,13.0,16.0,15.0,16.0,28.2,33.6
1604488925,14.0,16.0,15.0,16.0,28.2,33.6
1604488926,14.0,16.0,15.0,16.0,28.2,33.6
1604488927,14.0,16.0,15.0,16.0,28.2,33.6
1604488928,14.0,16.0,15.0,17.0,28.2,33.6
1604488929,14.0,16.0,15.0,17.0,28.2,33.6
1604488930,14.0,16.0,15.0,17.0,28.2,33.6
1604488931,14.0,16.0,15.0,18.0,28.2,33.6
1604488932,14.0,16.0,15.0,18.0,28.2,33.6
1604488933,14.0,16.0,15.0,18.0,28.2,33.6
1604488934,14.0,16.0,15.0,19.0,28.2,33.7
1604488935,15.0,16.0,15.0,19.0,28.2,33.7
1604488936,15.0,16.0,15.0,19.0,28.2,33.7
1604488937,14.0,16.0,15.0,19.0,28.2,33.7
1604488938,14.0,16.0,15.0,19.0,28.2,33.7
1604488939,14.0,16.0,16.0,19.0,28.3,33.7
1604488940,14.0,16.0,16.0,20.0,28.3,33.7
1604488941,14.0,17.0,16.0,20.0,28.3,33.7
1604488942,14.0,17.0,16.0,20.0,28.3,33.7
1604488943,14.0,17.0,16.0,20.0,28.3,33.7
1604488944,14.0,17.0,16.0,20.0,28.2,33.8
1604488945,14.0,17.0,16.0,20.0,28.2,33.8
1604488946,14.0,17.0,16.0,20.0,28.2,33.8
1604488947,14.0,17.0,16.0,20.0,28.2,33.8
1604488948,14.0,17.0,16.0,20.0,28.2,33.8
1604488949,13.0,17.0,16.0,20.0,28.2,33.8
1604488950,13.0,18.0,16.0,20.0,28.2,33.8
1604488951,13.0,18.0,16.0,20.0,28.2,33.8
1604488952,13.0,18.0,15.0,20.0,28.2,33.8
1604488953,13.0,18.0,15.0,20.0,28.2,33.8
1604488954,14.0,18.0,15.0,20.0,28.2,33.8
1604488955,14.0,18.0,16.0,19.0,28.2,33.8
1604488956,14.0,18.0,16.0,19.0,28.2,33.8
1604488957,14.0,18.0,16.0,18.0,28.2,33.8
1604488958,14.0,18.0,16.0,18.0,28.2,33.8
1604488959,14.0,17.0,16.0,18.0,28.2,33.8
1604488960,14.0,17.0,16.0,17.0,28.2,33.8
1604488961,14.0,17.0,16.0,17.0,28.2,33.8
1604488962,14.0,16.0,17.0,17.0,28.2,33.8
1604488963,14.0,16.0,17.0,17.0,28.2,33.8
1604488964,14.0,16.0,17.0,17.0,28.2,33.9
1604488965,14.0,16.0,17.0,17.0,28.2,33.9
1604488966,14.0,15.0,16.0,17.0,28.2,33.9
1604488967,14.0,15.0,16.0,17.0,28.2,33.9
1604488968,14.0,15.0,16.0,18.0,28.2,33.9
1604488969,14.0,15.0,16.0,18.0,28.1,33.9
1604488970,14.0,15.0,16.0,18.0,28.1,33.9
1604488971,14.0,15.0,16.0,19.0,28.1,33.9
1604488972,14.0,15.0,15.0,19.0,28.1,33.9
1604488973,14.0,15.0,15.0,19.0,28.1,33.9
1604488974,14.0,15.0,16.0,19.0,28.2,34.0
1604488975,14.0,15.0,16.0,19.0,28.2,34.0
1604488976,14.0,15.0,16.0,19.0,28.2,34.0
1604488977,14.0,15.0,16.0,19.0,28.2,34.0
1604488978,14.0,15.0,16.0,18.0,28.2,34.0
1604488979,14.0,16.0,17.0,18.0,28.2,34.0
1604488980,14.0,16.0,17.0,18.0,28.2,34.0
1604488981,14.0,16.0,17.0,18.0,28.2,34.0
1604488982,14.0,16.0,17.0,17.0,28.2,34.0
1604488983,14.0,16.0,17.0,17.0,28.2,34.0
1604488984,14.0,17.0,17.0,17.0,28.1,34.2
1604488985,14.0,17.0,17.0,17.0,28.1,34.2
1604488986,14.0,17.0,17.0,17.0,28.1,34.2
1604488987,14.0,17.0,16.0,17.0,28.1,34.2
1604488988,14.0,17.0,16.0,17.0,28.1,34.2
1604488989,14.0,17.0,16.0,17.0,28.2,34.4
1604488990,14.0,17.0,16.0,17.0,28.2,34.4
1604488991,13.0,16.0,16.0,17.0,28.2,34.4
1604488992,13.0,16.0,16.0,17.0,28.2,34.4
1604488993,13.0,16.0,16.0,17.0,28.2,34.4
1604488994,13.0,16.0,16.0,17.0,28.2,34.1
1604488995,13.0,16.0,16.0,17.0,28.2,34.1
1604488996,13.0,16.0,15.0,17.0,28.2,34.1
1604488997,13.0,16.0,15.0,17.0,28.2,34.1
1604488998,13.0,15.0,15.0,17.0,28.2,34.1
1604488999,13.0,15.0,15.0,17.0,28.1,33.8
1604489000,13.0,16.0,15.0,17.0,28.1,33.8
1604489001,13.0,16.0,15.0,17.0,28.1,33.8
1604489002,13.0,15.0,15.0,17.0,28.1,33.8
1604489003,13.0,15.0,15.0,17.0,28.1,33.8
1604489004,13.0,15.0,15.0,17.0,28.2,33.5
1604489005,13.0,15.0,15.0,18.0,28.2,33.5
1604489006,13.0,15.0,15.0,18.0,28.2,33.5
1604489007,14.0,15.0,15.0,18.0,28.2,33.5
1604489008,14.0,15.0,15.0,18.0,28.2,33.5
1604489009,14.0,15.0,15.0,18.0,28.1,33.3
1604489010,14.0,15.0,15.0,18.0,28.1,33.3
1604489011,14.0,15.0,15.0,19.0,28.1,33.3
1604489012,14.0,15.0,15.0,19.0,28.1,33.3
1604489013,14.0,15.0,16.0,19.0,28.1,33.3
1604489014,14.0,15.0,16.0,19.0,28.2,33.4
1604489015,14.0,15.0,16.0,19.0,28.2,33.4
1604489016,14.0,15.0,17.0,19.0,28.2,33.4
1604489017,14.0,15.0,17.0,19.0,28.2,33.4
1604489018,14.0,15.0,17.0,19.0,28.2,33.4
1604489019,14.0,15.0,17.0,19.0,28.1,33.1
1604489020,14.0,15.0,17.0,19.0,28.1,33.1
1604489021,14.0,15.0,17.0,19.0,28.1,33.1
1604489022,14.0,15.0,17.0,19.0,28.1,33.1
1604489023,14.0,15.0,17.0,19.0,28.1,33.1
1604489024,14.0,15.0,16.0,19.0,28.1,33.0
1604489025,14.0,15.0,16.0,19.0,28.1,33.0
1604489026,14.0,15.0,16.0,19.0,28.1,33.0
1604489027,14.0,15.0,16.0,19.0,28.1,33.0
1604489028,14.0,15.0,16.0,19.0,28.1,33.0
1604489029,14.0,15.0,16.0,19.0,28.1,32.7
1604489030,14.0,14.0,16.0,19.0,28.1,32.7
1604489031,13.0,14.0,16.0,19.0,28.1,32.7
1604489032,13.11111111111111,14.0,16.0,19.0,28.1,32.7
1604489033,13.22222222222222,14.0,16.0,19.0,28.1,32.7
1604489034,13.333333333333334,14.0,16.0,19.0,28.1,32.7
1604489035,13.444444444444445,14.0,16.0,19.0,28.1,32.7
1604489036,13.555555555555555,14.0,16.0,19.0,28.1,32.7
1604489037,13.666666666666666,14.0,16.0,19.0,28.1,32.7
1604489038,13.77777777777778,14.0,16.0,19.0,28.1,32.7
1604489039,13.88888888888889,14.0,16.0,19.0,28.1,32.7
1604489040,14.0,14.0,16.0,19.0,28.1,32.7
1604489041,14.0,14.0,16.0,19.0,28.1,32.7
1604489042,14.0,14.0,16.0,19.0,28.1,32.7
1604489043,14.0,14.0,16.0,18.0,28.1,32.7
1604489044,14.0,14.0,16.0,18.0,28.1,32.7
1604489045,14.0,14.0,16.0,18.0,28.1,32.7
1604489046,14.0,14.0,16.0,18.0,28.1,32.7
1604489047,14.0,14.0,16.0,18.0,28.1,32.7
1604489048,14.0,15.0,16.0,18.0,28.2,32.7
1604489049,14.0,15.0,16.0,17.0,28.2,32.7
1604489050,14.0,15.0,15.0,17.0,28.2,32.7
1604489051,14.0,15.0,15.0,17.0,28.2,32.7
1604489052,14.0,16.0,15.0,17.0,28.2,32.7
1604489053,14.0,16.0,15.0,17.0,28.1,32.7
1604489054,14.0,16.0,15.0,17.0,28.1,32.7
1604489055,14.0,16.0,15.0,17.0,28.1,32.7
1604489056,14.0,16.0,15.0,17.0,28.1,32.7
1604489057,14.0,16.0,15.0,18.0,28.1,32.7
1604489058,14.0,16.0,15.0,18.0,28.2,32.7
1604489059,14.0,16.0,16.0,18.0,28.2,32.7
1604489060,14.0,16.0,16.0,18.0,28.2,32.7
1604489061,14.0,16.0,16.0,18.0,28.2,32.7
1604489062,14.0,16.0,16.0,18.0,28.2,32.7
1604489063,14.0,16.0,16.0,18.0,28.2,32.7
1604489064,14.0,16.0,16.0,18.0,28.2,32.7
1604489065,14.0,16.0,16.0,18.0,28.2,32.7
1604489066,14.0,16.0,17.0,18.0,28.2,32.7
1604489067,14.0,16.0,17.0,18.0,28.2,32.7
1604489068,14.0,16.0,17.0,18.0,28.1,32.5
1604489069,15.0,16.0,17.0,19.0,28.1,32.5
1604489070,15.0,16.0,17.0,17.0,28.1,32.5
1604489071,15.0,16.0,18.0,17.0,28.1,32.5
1604489072,15.0,16.0,18.0,17.0,28.1,32.5
1604489073,15.0,16.0,18.0,17.0,28.1,32.5
1604489074,15.0,16.0,18.0,17.0,28.1,32.5
1604489075,15.0,16.0,18.0,17.0,28.1,32.5
1604489076,15.0,16.0,18.0,17.0,28.1,32.5
1604489077,15.0,16.0,18.0,17.0,28.1,32.5
1604489078,15.0,16.0,18.0,17.0,28.1,32.4
1604489079,15.0,16.0,18.0,17.0,28.1,32.4
1604489080,15.0,16.0,18.0,17.0,28.1,32.4
1604489081,14.0,16.0,18.0,18.0,28.1,32.4
1604489082,14.0,16.0,17.0,18.0,28.1,32.4
1604489083,14.0,16.0,17.0,18.0,28.1,32.5
1604489084,14.0,16.0,17.0,19.0,28.1,32.5
1604489085,14.0,16.0,17.0,19.0,28.1,32.5
1604489086,14.0,16.0,17.0,18.0,28.1,32.5
1604489087,14.0,16.0,17.0,18.0,28.1,32.5
1604489088,14.0,17.0,17.0,18.0,28.1,32.4
1604489089,14.0,17.0,17.0,18.0,28.1,32.4
1604489090,14.0,17.0,17.0,18.0,28.1,32.4
1604489091,14.0,17.0,17.0,18.0,28.1,32.4
1604489092,14.0,17.0,17.0,18.0,28.1,32.4
1604489093,14.0,16.0,17.0,18.0,28.1,32.5
1604489094,14.0,16.0,17.0,17.0,28.1,32.5
1604489095,14.0,16.0,17.0,17.0,28.1,32.5
1604489096,15.0,16.0,17.0,17.0,28.1,32.5
1604489097,15.0,16.0,17.0,17.0,28.1,32.5
1604489098,15.0,16.0,17.0,17.0,28.1,32.6
1604489099,15.0,16.0,17.0,17.0,28.1,32.6
1604489100,15.0,16.0,17.0,17.0,28.1,32.6
1604489101,15.0,16.0,17.0,17.0,28.1,32.6
1604489102,15.0,16.0,17.0,17.0,28.1,32.6
1604489103,15.0,16.0,17.0,18.0,28.1,32.9
1604489104,15.0,15.0,17.0,18.0,28.1,32.9
1604489105,15.0,15.0,17.0,18.0,28.1,32.9
1604489106,15.0,15.0,17.0,18.0,28.1,32.9
1604489107,15.0,15.0,17.0,18.0,28.1,32.9
1604489108,15.0,15.0,18.0,18.0,28.1,33.1
1604489109,14.0,15.0,19.0,18.0,28.1,33.1
1604489110,14.0,15.0,19.0,18.0,28.1,33.1
1604489111,14.0,15.0,20.0,18.0,28.1,33.1
1604489112,14.0,15.0,20.0,18.0,28.1,33.1
1604489113,14.0,15.0,21.0,18.0,28.1,33.4
1604489114,14.0,15.0,21.0,18.0,28.1,33.4
1604489115,14.0,15.0,21.0,18.0,28.1,33.4
1604489116,14.0,15.0,21.0,18.0,28.1,33.4
1604489117,14.0,15.0,21.0,18.0,28.1,33.4
1604489118,14.0,15.0,21.0,18.0,28.1,33.5
1604489119,14.0,15.0,20.0,18.0,28.1,33.5
1604489120,14.0,15.0,20.0,18.0,28.1,33.5
1604489121,14.0,15.0,19.0,18.0,28.1,33.5
1604489122,14.0,15.0,19.0,18.0,28.1,33.5
1604489123,14.0,15.0,18.0,18.0,28.1,33.7
1604489124,14.0,16.0,18.0,18.0,28.1,33.7
1604489125,14.0,16.0,18.0,18.0,28.1,33.7
1604489126,14.0,16.0,18.0,17.0,28.1,33.7
1604489127,15.0,16.0,18.0,17.0,28.1,33.7
1604489128,15.0,16.0,18.0,17.0,28.1,34.0
1604489129,15.0,16.0,18.0,17.0,28.1,34.0
1604489130,15.0,17.0,18.0,17.0,28.1,34.0
1604489131,15.0,17.0,17.0,17.0,28.1,34.0
1604489132,15.0,17.0,17.0,17.0,28.1,34.0
1604489133,15.0,17.0,17.0,17.0,28.1,34.2
1604489134,15.0,17.0,17.0,17.0,28.1,34.2
1604489135,15.0,18.0,17.0,17.0,28.1,34.2
1604489136,15.0,17.0,17.0,17.0,28.1,34.2
1604489137,14.0,17.0,17.0,18.0,28.1,34.2
1604489138,14.0,17.0,17.0,18.0,28.1,34.3
1604489139,14.0,17.0,17.0,18.0,28.1,34.3
1604489140,14.0,17.0,17.0,18.0,28.1,34.3
1604489141,14.0,16.0,17.0,18.0,28.1,34.3
1604489142,14.0,16.0,17.0,18.0,28.1,34.3
1604489143,14.0,16.0,17.0,18.0,28.1,34.2
1604489144,14.0,16.0,17.0,18.0,28.1,34.2
1604489145,14.0,16.0,16.0,18.0,28.1,34.2
1604489146,14.0,16.0,16.0,18.0,28.1,34.2
1604489147,14.0,16.0,17.0,18.0,28.1,34.2
1604489148,14.0,16.0,17.0,18.0,28.1,34.2
1604489149,14.0,16.0,17.0,18.0,28.1,34.2
1604489150,14.0,16.0,17.0,18.0,28.1,34.2
1604489151,14.0,16.0,17.0,18.0,28.1,34.2
1604489152,14.0,16.0,17.0,18.0,28.1,34.2
1604489153,14.0,16.0,17.0,18.0,28.1,34.2
1604489154,14.0,16.0,17.0,18.0,28.1,34.2
1604489155,14.0,16.0,17.0,18.0,28.1,34.2
1604489156,14.0,16.0,17.0,18.0,28.1,34.2
1604489157,14.0,16.0,17.0,19.0,28.1,34.2
1604489158,14.0,15.0,16.0,19.0,28.1,34.6
1604489159,14.0,15.0,16.0,19.0,28.1,34.6
1604489160,14.0,15.0,16.0,19.0,28.1,34.6
1604489161,14.0,15.0,16.0,19.0,28.1,34.6
1604489162,14.0,15.0,16.0,19.0,28.1,34.6
1604489163,15.0,15.0,16.0,19.0,28.1,34.7
1604489164,15.0,15.0,16.0,19.0,28.1,34.7
1604489165,15.0,15.0,16.0,19.0,28.1,34.7
1604489166,15.0,15.0,16.0,19.0,28.1,34.7
1604489167,15.0,15.0,16.0,18.0,28.1,34.7
1604489168,15.0,15.0,17.0,18.0,28.1,34.8
1604489169,14.0,15.0,17.0,18.0,28.1,34.8
1604489170,14.0,15.0,17.0,18.0,28.1,34.8
1604489171,14.0,15.0,18.0,17.0,28.1,34.8
1604489172,14.0,15.0,18.0,17.0,28.1,34.8
1604489173,14.0,15.0,18.0,17.0,28.1,34.7
1604489174,14.0,15.0,18.0,17.0,28.1,34.7
1604489175,14.0,15.0,18.0,17.0,28.1,34.7
1604489176,14.0,15.0,18.0,17.0,28.1,34.7
1604489177,14.0,15.0,18.0,17.0,28.1,34.7
1604489178,14.0,15.0,17.0,18.0,28.1,34.6
1604489179,14.0,15.0,17.0,18.0,28.1,34.6
1604489180,14.0,15.0,17.0,18.0,28.1,34.6
1604489181,14.0,15.0,17.0,18.0,28.1,34.6
1604489182,14.0,14.0,17.0,18.0,28.1,34.6
1604489183,14.0,14.0,16.0,18.0,28.1,34.4
1604489184,14.0,15.0,16.0,18.0,28.1,34.4
1604489185,15.0,15.0,16.0,18.0,28.1,34.4
1604489186,15.0,15.0,16.0,18.0,28.1,34.4
1604489187,15.0,15.0,16.0,18.0,28.1,34.4
1604489188,15.0,15.0,16.0,18.0,28.1,34.4
1604489189,15.0,15.0,16.0,18.0,28.1,34.4
1604489190,15.0,15.0,16.0,18.0,28.1,34.4
1604489191,15.0,15.0,16.0,18.0,28.1,34.4
1604489192,15.0,15.0,16.0,18.0,28.1,34.4
1604489193,15.0,15.0,16.0,18.0,28.1,34.4
1604489194,15.0,16.0,16.0,18.0,28.1,34.4
1604489195,15.0,16.0,16.0,18.0,28.1,34.4
1604489196,15.0,16.0,16.0,19.0,28.1,34.4
1604489197,15.0,16.0,17.0,19.0,28.1,34.4
1604489198,15.0,16.0,17.0,19.0,28.1,34.4
1604489199,14.0,16.0,17.0,19.0,28.1,34.4
1604489200,14.0,16.0,17.0,19.0,28.1,34.4
1604489201,14.0,16.0,17.0,19.0,28.1,34.4
1604489202,14.0,16.0,18.0,19.0,28.1,34.4
1604489203,14.0,16.0,18.0,19.0,28.1,34.4
1604489204,14.0,16.0,18.0,19.0,28.1,34.4
1604489205,14.0,16.0,18.0,19.0,28.1,34.4
1604489206,14.0,16.0,18.0,18.0,28.1,34.4
1604489207,15.0,16.0,18.0,18.0,28.1,34.4
1604489208,15.0,16.0,18.0,18.0,28.1,34.3
1604489209,15.0,16.0,18.0,18.0,28.1,34.3
1604489210,15.0,16.0,17.0,18.0,28.1,34.3
1604489211,15.0,16.0,17.0,18.0,28.1,34.3
1604489212,15.0,15.0,17.0,18.0,28.1,34.3
1604489213,15.0,15.0,17.0,18.0,28.1,34.3
1604489214,15.0,15.0,17.0,18.0,28.1,34.3
1604489215,15.0,15.0,17.0,17.0,28.1,34.3
1604489216,15.0,15.0,17.0,17.0,28.1,34.3
1604489217,15.0,15.0,17.0,17.0,28.1,34.3
1604489218,15.0,15.0,17.0,17.0,28.1,34.2
1604489219,14.0,15.0,17.0,17.0,28.1,34.2
1604489220,14.0,15.0,17.0,17.0,28.1,34.2
1604489221,14.0,15.0,17.0,17.0,28.1,34.2
1604489222,14.0,15.0,17.0,17.0,28.1,34.2
1604489223,14.0,15.0,17.0,17.0,28.1,34.1
1604489224,14.0,15.0,17.0,17.0,28.1,34.1
1604489225,14.0,15.0,17.0,17.0,28.1,34.1
1604489226,14.0,15.0,17.0,17.0,28.1,34.1
1604489227,14.0,15.0,17.0,17.0,28.1,34.1
1604489228,14.0,15.0,17.0,17.0,28.1,34.1
1604489229,14.0,15.0,17.0,17.0,28.1,34.1
1604489230,15.0,15.0,17.0,17.0,28.1,34.1
1604489231,15.0,15.0,17.0,17.0,28.1,34.1
1604489232,15.0,15.0,17.0,17.0,28.1,34.1
1604489233,15.0,15.0,17.0,17.0,28.1,34.0
1604489234,15.0,15.0,17.0,17.0,28.1,34.0
1604489235,15.0,15.0,17.0,17.0,28.1,34.0
1604489236,16.0,15.0,17.0,17.0,28.1,34.0
1604489237,15.0,15.0,18.0,17.0,28.1,34.0
1604489238,15.0,15.0,18.0,17.0,28.1,33.9
1604489239,15.0,15.0,18.0,17.0,28.1,33.9
1604489240,15.0,15.0,18.0,17.0,28.1,33.9
1604489241,15.0,15.0,18.0,18.0,28.1,33.9
1604489242,15.0,15.0,19.0,18.0,28.1,33.9
1604489243,14.0,15.0,19.0,18.0,28.0,33.9
1604489244,14.0,15.0,19.0,18.0,28.0,33.9
1604489245,14.0,16.0,18.0,18.0,28.0,33.9
1604489246,14.0,16.0,18.0,18.0,28.0,33.9
1604489247,14.0,16.0,18.0,18.0,28.0,33.9
1604489248,14.0,16.0,18.0,18.0,28.1,33.9
1604489249,14.0,16.0,17.0,18.0,28.1,33.9
1604489250,14.0,17.0,17.0,18.0,28.1,33.9
1604489251,14.0,17.0,17.0,18.0,28.1,33.9
1604489252,14.0,17.0,17.0,18.0,28.1,33.9
1604489253,14.0,17.0,17.0,17.0,28.1,34.2
1604489254,14.0,16.0,17.0,17.0,28.1,34.2
1604489255,14.0,16.0,17.0,17.0,28.1,34.2
1604489256,14.11111111111111,16.0,17.0,17.0,28.1,34.2
1604489257,14.22222222222222,16.0,17.0,17.0,28.1,34.2
1604489258,14.333333333333334,16.0,17.0,17.0,28.1,34.2
1604489259,14.444444444444445,16.0,17.0,17.0,28.1,34.2
1604489260,14.555555555555555,16.0,17.0,17.0,28.1,34.2
1604489261,14.666666666666666,16.0,17.0,17.0,28.1,34.2
1604489262,14.77777777777778,16.0,17.0,17.0,28.1,34.2
1604489263,14.88888888888889,16.0,17.0,17.0,28.1,34.2
1604489264,15.0,16.0,17.0,17.0,28.1,34.2
1604489265,15.0,15.0,17.0,17.0,28.1,34.2
1604489266,15.0,15.0,17.0,17.0,28.1,34.3
1604489267,15.0,15.0,17.0,18.0,28.1,34.3
1604489268,15.0,15.0,17.0,18.0,28.1,34.3
1604489269,15.0,15.0,17.0,18.0,28.1,34.3
1604489270,15.0,15.0,17.0,18.0,28.1,34.3
1604489271,15.0,15.0,17.0,18.0,28.1,34.3
1604489272,15.0,15.0,17.0,18.0,28.1,34.3
1604489273,15.0,15.0,17.0,18.0,28.1,34.3
1604489274,15.0,15.0,17.0,18.0,28.1,34.3
1604489275,15.0,15.0,16.0,18.0,28.1,34.3
1604489276,15.0,15.0,16.0,17.0,28.1,34.4
1604489277,15.0,15.0,16.0,17.0,28.1,34.4
1604489278,16.0,15.0,18.0,17.0,28.1,34.4
1604489279,16.0,15.0,18.0,18.0,28.1,34.4
1604489280,16.0,15.0,18.0,18.0,28.1,34.4
1604489281,16.0,15.0,18.0,18.0,28.1,34.6
1604489282,16.0,15.0,18.0,18.0,28.1,34.6
1604489283,16.0,15.0,18.0,18.0,28.1,34.6
1604489284,15.0,14.0,19.0,18.0,28.1,34.6
1604489285,15.0,14.0,19.0,18.0,28.1,34.6
1604489286,15.0,14.0,19.0,19.0,28.1,34.8
1604489287,15.0,15.0,18.0,19.0,28.1,34.8
1604489288,15.0,15.0,18.0,19.0,28.1,34.8
1604489289,14.0,15.0,18.0,19.0,28.1,34.8
1604489290,14.0,15.0,18.0,19.0,28.1,34.8
1604489291,14.0,15.0,18.0,18.0,28.0,34.7
1604489292,14.0,15.0,18.0,18.0,28.0,34.7
1604489293,14.0,15.0,18.0,18.0,28.0,34.7
1604489294,14.0,15.0,18.0,18.0,28.0,34.7
1604489295,14.0,15.0,18.0,18.0,28.0,34.7
1604489296,14.0,15.0,18.0,18.0,28.1,34.8
1604489297,14.0,15.0,18.0,18.0,28.1,34.8
1604489298,14.0,15.0,18.0,18.0,28.1,34.8
1604489299,14.0,15.0,18.0,18.0,28.1,34.8
1604489300,14.0,15.0,18.0,18.0,28.1,34.8
1604489301,14.0,15.0,18.0,18.0,28.1,34.6
1604489302,14.0,15.0,18.0,18.0,28.1,34.6
1604489303,15.0,15.0,18.0,18.0,28.1,34.6
1604489304,15.0,15.0,17.0,18.0,28.1,34.6
1604489305,15.0,16.0,17.0,18.0,28.1,34.6
1604489306,15.0,16.0,17.0,17.0,28.1,34.5
1604489307,15.0,16.0,17.0,17.0,28.1,34.5
1604489308,15.0,16.0,17.0,17.0,28.1,34.5
1604489309,15.0,16.0,17.0,17.0,28.1,34.5
1604489310,15.0,16.0,17.0,17.0,28.1,34.5
1604489311,15.0,16.0,17.0,17.0,28.1,34.4
1604489312,15.0,16.0,17.0,17.0,28.1,34.4
1604489313,15.0,16.0,17.0,17.0,28.1,34.4
1604489314,14.0,16.0,17.0,17.0,28.1,34.4
1604489315,14.0,16.0,17.0,17.0,28.1,34.4
1604489316,14.0,16.0,17.0,17.0,28.0,34.3
1604489317,14.0,16.0,17.0,17.0,28.0,34.3
1604489318,14.0,15.0,17.0,17.0,28.0,34.3
1604489319,14.0,15.0,17.0,17.0,28.0,34.3
1604489320,14.0,15.0,17.0,17.0,28.0,34.3
1604489321,14.0,15.0,17.0,17.0,28.0,34.3
1604489322,14.0,15.0,16.0,17.0,28.0,34.3
1604489323,14.0,15.0,16.0,17.0,28.0,34.3
1604489324,14.0,16.0,16.0,17.0,28.0,34.3
1604489325,14.0,16.0,16.0,17.0,28.0,34.3
1604489326,15.0,16.0,16.0,17.0,28.0,33.9
1604489327,15.0,16.0,16.0,17.0,28.0,33.9
1604489328,15.0,16.0,16.0,17.0,28.0,33.9
1604489329,15.0,16.0,16.0,17.0,28.0,33.9
1604489330,15.0,16.0,16.0,17.0,28.0,33.9
1604489331,15.0,16.0,16.0,17.0,28.0,33.9
1604489332,15.0,16.0,16.0,18.0,28.0,33.9
1604489333,15.0,16.0,16.0,18.0,28.0,33.9
1604489334,15.0,15.0,16.0,18.0,28.0,33.9
1604489335,15.0,15.0,16.0,18.0,28.0,33.9
1604489336,15.0,15.0,16.0,18.0,28.0,33.4
1604489337,15.0,15.0,16.0,18.0,28.0,33.4
1604489338,15.0,15.0,16.0,18.0,28.0,33.4
1604489339,15.0,15.0,16.0,18.0,28.0,33.4
1604489340,15.0,15.0,16.0,18.0,28.0,33.4
1604489341,15.0,15.0,16.0,18.0,28.0,33.2
1604489342,15.0,15.0,16.0,18.0,28.0,33.2
1604489343,15.0,15.0,16.0,18.0,28.0,33.2
1604489344,15.0,15.0,16.0,18.0,28.0,33.2
1604489345,15.0,15.0,16.0,18.0,28.0,33.2
1604489346,15.0,15.0,16.0,18.0,27.9,33.0
1604489347,15.0,14.0,16.0,18.0,27.9,33.0
1604489348,15.0,14.0,16.0,18.0,27.9,33.0
1604489349,15.0,14.0,17.0,18.0,27.9,33.0
1604489350,15.0,14.0,17.0,18.0,27.9,33.0
1604489351,15.0,14.0,17.0,18.0,28.0,32.9
1604489352,15.0,14.0,17.0,18.0,28.0,32.9
1604489353,15.0,14.0,17.0,18.0,28.0,32.9
1604489354,14.0,14.0,18.0,18.0,28.0,32.9
1604489355,14.0,14.0,18.0,18.0,28.0,32.9
1604489356,14.0,14.0,18.0,18.0,28.0,32.8
1604489357,14.0,14.0,18.0,18.0,28.0,32.8
1604489358,14.0,14.0,18.0,18.0,28.0,32.8
1604489359,14.0,14.0,18.0,18.0,28.0,32.8
1604489360,14.0,14.0,18.0,18.0,28.0,32.8
1604489361,14.0,14.0,18.0,18.0,28.0,32.7
1604489362,14.0,15.0,17.0,18.0,28.0,32.7
1604489363,14.0,15.0,17.0,18.0,28.0,32.7
1604489364,14.0,15.0,17.0,18.0,28.0,32.7
1604489365,14.0,15.0,17.0,18.0,28.0,32.7
1604489366,14.0,15.0,17.0,18.0,28.0,32.8
1604489367,14.0,15.0,17.0,18.0,28.0,32.8
1604489368,14.0,15.0,17.0,18.0,28.0,32.8
1604489369,15.0,15.0,17.0,18.0,28.0,32.8
1604489370,15.0,15.0,17.0,18.0,28.0,32.8
1604489371,15.0,15.0,17.0,18.0,28.0,32.8
1604489372,15.0,15.0,17.0,18.0,28.0,32.8
1604489373,16.0,15.0,17.0,18.0,28.0,32.8
1604489374,15.0,15.0,17.0,18.0,28.0,32.8
1604489375,15.0,15.0,17.0,18.0,28.0,32.8
1604489376,15.0,15.0,16.0,18.0,28.0,33.0
1604489377,15.0,15.0,16.0,18.0,28.0,33.0
1604489378,15.0,15.0,16.0,18.0,28.0,33.0
1604489379,15.0,15.0,16.0,19.0,28.0,33.0
1604489380,15.0,14.0,16.0,19.0,28.0,33.0
1604489381,15.0,14.0,16.0,19.0,28.0,33.0
1604489382,14.0,14.0,16.0,19.0,28.0,33.0
1604489383,14.0,14.0,16.0,19.0,28.0,33.0
1604489384,14.0,14.0,16.0,19.0,28.0,33.0
1604489385,14.0,14.0,17.0,19.0,28.0,33.0
1604489386,14.0,14.0,17.0,19.0,28.0,32.6
1604489387,14.0,14.0,17.0,19.0,28.0,32.6
1604489388,15.0,15.0,17.0,19.0,28.0,32.6
1604489389,15.0,15.0,17.0,19.0,28.0,32.6
1604489390,15.0,15.0,17.0,19.0,28.0,32.6
1604489391,15.0,15.0,16.0,19.0,28.0,32.9
1604489392,15.0,15.0,16.0,19.0,28.0,32.9
1604489393,15.0,15.0,16.0,19.0,28.0,32.9
1604489394,15.0,15.0,16.0,19.0,28.0,32.9
1604489395,16.0,15.0,16.0,19.0,28.0,32.9
1604489396,16.0,15.0,16.0,19.0,28.0,32.8
1604489397,16.0,15.0,16.0,19.0,28.0,32.8
1604489398,16.0,15.0,17.0,19.0,28.0,32.8
1604489399,16.0,15.0,17.0,19.0,28.0,32.8
1604489400,16.0,15.0,17.0,19.0,28.0,32.8
1604489401,16.0,15.0,18.0,19.0,28.0,32.7
1604489402,16.0,15.0,18.0,19.0,28.0,32.7
1604489403,16.0,15.0,18.0,19.0,28.0,32.7
1604489404,16.0,15.0,18.0,19.0,28.0,32.7
1604489405,16.0,16.0,18.0,19.0,28.0,32.7
1604489406,16.0,16.0,17.0,19.0,28.0,32.7
1604489407,15.0,16.0,17.0,19.0,28.0,32.7
1604489408,15.0,16.0,17.0,19.0,28.0,32.7
1604489409,15.0,17.0,17.0,20.0,28.0,32.7
1604489410,15.0,17.0,16.0,20.0,28.0,32.7
1604489411,15.0,17.0,16.0,20.0,28.0,32.7
1604489412,15.0,16.0,16.0,21.0,28.0,32.7
1604489413,15.0,16.0,16.0,21.0,28.0,32.7
1604489414,15.0,16.0,16.0,21.0,28.0,32.7
1604489415,15.0,16.0,16.0,22.0,28.0,32.7
1604489416,15.0,15.0,16.0,22.0,28.1,32.6
1604489417,15.0,15.0,16.0,22.0,28.1,32.6
1604489418,15.0,14.0,16.0,22.0,28.1,32.6
1604489419,15.0,14.0,16.0,22.0,28.1,32.6
1604489420,15.0,14.0,16.0,22.0,28.1,32.6
1604489421,15.0,14.0,16.0,22.0,28.1,32.4
1604489422,15.0,14.0,17.0,22.0,28.1,32.4
1604489423,15.0,14.0,17.0,22.0,28.1,32.4
1604489424,15.0,14.0,17.0,22.0,28.1,32.4
1604489425,15.0,14.0,16.0,22.0,28.1,32.4
1604489426,15.0,14.0,16.0,22.0,28.0,32.5
1604489427,15.0,14.0,16.0,22.0,28.0,32.5
1604489428,15.0,14.0,16.0,22.0,28.0,32.5
1604489429,15.0,14.0,16.0,22.0,28.0,32.5
1604489430,15.0,14.0,16.0,22.0,28.0,32.5
1604489431,15.0,14.0,16.0,21.0,28.1,32.5
1604489432,15.0,14.0,16.0,21.0,28.1,32.5
1604489433,15.0,15.0,16.0,21.0,28.1,32.5
1604489434,15.0,15.0,16.0,20.0,28.1,32.5
1604489435,15.0,15.0,16.0,20.0,28.1,32.5
1604489436,15.0,15.0,17.0,20.0,28.1,32.5
1604489437,15.0,15.0,17.0,19.0,28.1,32.5
1604489438,15.0,15.0,17.0,19.0,28.1,32.5
1604489439,15.0,15.0,17.0,19.0,28.1,32.5
1604489440,15.0,15.0,17.0,19.0,28.1,32.5
1604489441,15.0,15.0,17.0,19.0,28.1,32.6
1604489442,15.0,15.0,17.0,19.0,28.1,32.6
1604489443,15.0,15.0,17.0,19.0,28.1,32.6
1604489444,15.0,15.0,17.0,19.0,28.1,32.6
1604489445,14.0,15.0,18.0,19.0,28.1,32.6
1604489446,14.0,15.0,18.0,19.0,28.0,32.7
1604489447,14.0,15.0,18.0,19.0,28.0,32.7
1604489448,14.0,15.0,18.0,19.0,28.0,32.7
1604489449,14.0,15.0,18.0,19.0,28.0,32.7
1604489450,14.0,15.0,17.0,19.0,28.0,32.7
1604489451,14.0,15.0,17.0,19.0,28.1,32.8
1604489452,15.0,15.0,17.0,19.0,28.1,32.8
1604489453,15.0,15.0,17.0,19.0,28.1,32.8
1604489454,15.0,15.0,17.0,19.0,28.1,32.8
1604489455,16.0,15.0,17.0,20.0,28.1,32.8
1604489456,16.0,15.0,17.0,20.0,28.1,32.8
1604489457,16.0,15.0,17.0,20.0,28.1,32.8
1604489458,16.0,14.0,16.0,20.0,28.1,32.8
1604489459,16.0,14.0,16.0,20.0,28.1,32.8
1604489460,16.0,14.0,16.0,20.0,28.1,32.8
1604489461,16.0,14.0,16.0,20.0,28.1,32.8
1604489462,16.0,14.0,16.0,20.0,28.1,32.8
1604489463,16.0,14.0,16.0,20.0,28.1,32.8
1604489464,16.0,14.0,16.0,20.0,28.1,32.8
1604489465,15.0,14.0,16.0,20.0,28.1,32.8
1604489466,15.0,14.0,16.0,20.0,28.1,32.8
1604489467,15.0,15.0,16.0,20.0,28.1,32.8
1604489468,15.0,15.0,16.0,20.0,28.1,32.8
1604489469,15.0,15.0,16.0,20.0,28.1,32.8
1604489470,14.0,15.0,16.0,20.0,28.1,32.8
1604489471,14.0,15.0,17.0,20.0,28.1,32.8
1604489472,14.0,15.0,17.0,20.0,28.1,32.8
1604489473,14.0,15.0,17.0,20.0,28.1,32.8
1604489474,14.0,15.0,17.0,20.0,28.1,32.8
1604489475,14.0,15.0,17.0,20.0,28.1,32.8
1604489476,14.0,15.0,18.0,20.0,28.1,32.8
1604489477,14.11111111111111,15.0,18.0,20.0,28.1,32.8
1604489478,14.22222222222222,15.0,18.0,20.0,28.1,32.8
1604489479,14.333333333333334,15.0,18.0,20.0,28.1,32.8
1604489480,14.444444444444445,15.0,18.0,20.0,28.1,32.8
1604489481,14.555555555555555,15.0,18.0,20.0,28.1,32.8
1604489482,14.666666666666666,15.0,18.0,20.0,28.1,32.8
1604489483,14.77777777777778,15.0,18.0,20.0,28.1,32.8
1604489484,14.88888888888889,15.0,18.0,20.0,28.1,32.8
1604489485,15.0,15.0,18.0,20.0,28.1,32.8
1604489486,16.0,15.0,18.0,20.0,28.1,32.8
1604489487,16.0,15.0,19.0,20.0,28.1,32.8
1604489488,16.0,15.0,19.0,20.0,28.1,32.8
1604489489,16.0,15.0,18.0,20.0,28.1,32.8
1604489490,16.0,15.0,18.0,20.0,28.1,32.8
1604489491,16.0,15.0,18.0,20.0,28.1,32.8
1604489492,16.0,15.0,18.0,20.0,28.1,32.8
1604489493,15.0,15.0,18.0,20.0,28.1,32.8
1604489494,15.0,15.0,18.0,20.0,28.1,32.8
1604489495,15.0,15.0,18.0,20.0,28.1,32.8
1604489496,15.0,15.0,18.0,20.0,28.1,32.8
1604489497,15.0,15.0,18.0,20.0,28.1,32.8
1604489498,15.0,15.0,18.0,20.0,28.1,32.8
1604489499,15.0,15.0,18.0,20.0,28.1,32.8
1604489500,15.0,15.0,18.0,20.0,28.1,32.8
1604489501,15.0,15.0,18.0,20.0,28.1,32.8
1604489502,15.0,15.0,18.0,20.0,28.1,32.8
1604489503,15.0,15.0,18.0,19.0,28.1,32.8
1604489504,15.0,15.0,17.0,19.0,28.1,32.7
1604489505,15.0,15.0,17.0,19.0,28.1,32.7
1604489506,15.0,15.0,17.0,18.0,28.1,32.7
1604489507,15.0,15.0,17.0,18.0,28.1,32.7
1604489508,15.0,15.0,17.0,18.0,28.1,32.7
1604489509,15.0,15.0,17.0,18.0,28.2,32.7
1604489510,15.0,15.0,17.0,18.0,28.2,32.7
1604489511,15.0,15.0,17.0,18.0,28.2,32.7
1604489512,15.0,15.0,17.0,18.0,28.2,32.7
1604489513,15.0,15.0,17.0,18.0,28.2,32.7
1604489514,15.0,15.0,17.0,18.0,28.2,32.7
1604489515,15.0,15.0,17.0,18.0,28.2,32.7
1604489516,15.0,14.0,17.0,18.0,28.2,32.7
1604489517,15.0,14.0,17.0,18.0,28.2,32.7
1604489518,16.0,14.0,17.0,18.0,28.2,32.7
1604489519,16.0,14.0,17.0,19.0,28.2,32.7
1604489520,16.0,14.0,18.0,19.0,28.2,32.7
1604489521,16.0,14.0,17.0,19.0,28.2,32.7
1604489522,16.0,14.0,17.0,19.0,28.2,32.7
1604489523,16.0,14.0,17.0,19.0,28.2,32.7
1604489524,16.0,14.0,17.0,18.0,28.2,32.6
1604489525,16.0,14.0,17.0,18.0,28.2,32.6
1604489526,16.0,14.0,17.0,18.0,28.2,32.6
1604489527,16.0,14.0,17.0,18.0,28.2,32.6
1604489528,16.0,15.0,17.0,18.0,28.2,32.6
1604489529,16.0,15.0,17.0,18.0,28.2,32.5
1604489530,15.0,15.0,17.0,19.0,28.2,32.5
1604489531,15.0,15.0,17.0,19.0,28.2,32.5
1604489532,15.0,16.0,16.0,19.0,28.2,32.5
1604489533,15.0,16.0,16.0,19.0,28.2,32.5
1604489534,15.0,16.0,16.0,19.0,28.2,32.6
1604489535,15.0,16.0,16.0,19.0,28.2,32.6
1604489536,15.0,16.0,16.0,19.0,28.2,32.6
1604489537,15.0,16.0,16.0,19.0,28.2,32.6
1604489538,15.0,16.0,16.0,19.0,28.2,32.6
1604489539,15.0,16.0,16.0,19.0,28.2,32.4
1604489540,15.0,16.0,16.0,19.0,28.2,32.4
1604489541,14.0,15.0,16.0,19.0,28.2,32.4
1604489542,14.0,15.0,16.0,19.0,28.2,32.4
1604489543,14.0,15.0,16.0,18.0,28.2,32.4
1604489544,14.0,15.0,16.0,18.0,28.2,32.4
1604489545,14.0,15.0,16.0,18.0,28.2,32.4
1604489546,14.0,14.0,16.0,18.0,28.2,32.4
1604489547,14.0,14.0,16.0,18.0,28.2,32.4
1604489548,14.0,14.0,16.0,18.0,28.2,32.4
1604489549,14.0,14.0,16.0,18.0,28.1,32.2
1604489550,14.0,14.0,16.0,18.0,28.1,32.2
1604489551,15.0,14.0,18.0,18.0,28.1,32.2
1604489552,15.0,14.0,18.0,18.0,28.1,32.2
1604489553,15.0,14.0,18.0,18.0,28.1,32.2
1604489554,15.0,14.0,18.0,18.0,28.1,32.2
1604489555,15.0,14.0,18.0,18.0,28.1,32.2
1604489556,15.0,14.0,18.0,18.0,28.1,32.2
1604489557,15.0,14.0,18.0,18.0,28.1,32.2
1604489558,15.0,14.0,18.0,18.0,28.1,32.2
1604489559,15.0,14.0,18.0,18.0,28.1,32.4
1604489560,15.0,14.0,18.0,18.0,28.1,32.4
1604489561,15.0,14.0,19.0,18.0,28.1,32.4
1604489562,15.0,14.0,19.0,18.0,28.1,32.4
1604489563,15.0,14.0,19.0,18.0,28.1,32.4
1604489564,15.0,14.0,19.0,18.0,28.2,32.3
1604489565,15.0,14.0,19.0,18.0,28.2,32.3
1604489566,15.0,14.0,19.0,18.0,28.2,32.3
1604489567,15.0,14.0,19.0,19.0,28.2,32.3
1604489568,15.0,14.0,19.0,19.0,28.2,32.3
1604489569,15.0,14.0,18.0,19.0,28.2,32.2
1604489570,15.0,14.0,18.0,19.0,28.2,32.2
1604489571,15.0,14.0,18.0,19.0,28.2,32.2
1604489572,14.0,14.0,17.0,20.0,28.2,32.2
1604489573,14.0,14.0,17.0,20.0,28.2,32.2
1604489574,14.0,14.0,17.0,20.0,28.2,32.2
1604489575,14.0,14.0,18.0,20.0,28.2,32.2
1604489576,14.0,14.0,18.0,20.0,28.2,32.2
1604489577,14.0,14.0,18.0,20.0,28.2,32.2
1604489578,14.0,14.0,18.0,19.0,28.2,32.2
1604489579,15.0,14.0,18.0,19.0,28.2,32.2
1604489580,15.0,14.0,18.0,19.0,28.2,32.2
1604489581,14.0,14.0,19.0,19.0,28.2,32.2
1604489582,14.0,14.0,19.0,18.0,28.2,32.2
1604489583,14.0,14.0,19.0,18.0,28.2,32.2
1604489584,14.0,14.0,19.0,18.0,28.1,32.3
1604489585,14.0,14.0,19.0,18.0,28.1,32.3
1604489586,14.0,14.0,19.0,18.0,28.1,32.3
1604489587,14.0,14.0,19.0,18.0,28.1,32.3
1604489588,14.0,14.0,19.0,18.0,28.1,32.3
1604489589,13.0,15.0,19.0,18.0,28.2,32.3
1604489590,13.0,15.0,19.0,19.0,28.2,32.3
1604489591,13.0,15.0,18.0,19.0,28.2,32.3
1604489592,13.0,15.0,18.0,19.0,28.2,32.3
1604489593,13.0,15.0,18.0,19.0,28.2,32.3
1604489594,13.0,15.0,18.0,19.0,28.2,32.2
1604489595,13.0,15.0,18.0,19.0,28.2,32.2
1604489596,13.0,15.0,18.0,19.0,28.2,32.2
1604489597,14.0,15.0,18.0,19.0,28.2,32.2
1604489598,14.0,15.0,18.0,19.0,28.2,32.2
1604489599,14.0,15.0,18.0,19.0,28.2,32.1
1604489600,14.0,15.0,18.0,19.0,28.2,32.1
1604489601,15.0,15.0,18.0,19.0,28.2,32.1
1604489602,15.0,15.0,19.0,19.0,28.2,32.1
1604489603,15.0,15.0,19.0,19.0,28.2,32.1
1604489604,15.0,15.0,19.0,18.0,28.2,31.5
1604489605,15.0,15.0,19.0,18.0,28.2,31.5
1604489606,15.0,15.0,20.0,18.0,28.2,31.5
1604489607,15.0,15.0,20.0,18.0,28.2,31.5
1604489608,15.0,15.0,20.0,18.0,28.2,31.5
1604489609,15.0,15.0,20.0,18.0,28.2,31.9
1604489610,15.0,15.0,20.0,18.0,28.2,31.9
1604489611,15.0,15.0,20.0,17.0,28.2,31.9
1604489612,15.0,15.0,20.0,17.0,28.2,31.9
1604489613,15.0,15.0,20.0,17.0,28.2,31.9
1604489614,15.0,15.0,19.0,17.0,28.2,31.9
1604489615,15.0,15.0,19.0,17.0,28.2,31.9
1604489616,15.0,15.0,19.0,17.0,28.2,31.9
1604489617,15.0,15.0,19.0,17.0,28.2,31.9
1604489618,15.0,15.0,19.0,17.0,28.2,31.9
1604489619,15.0,15.0,20.0,17.0,28.2,32.0
1604489620,15.0,15.0,20.0,17.0,28.2,32.0
1604489621,15.0,15.0,20.0,17.0,28.2,32.0
1604489622,15.0,15.0,20.0,18.0,28.2,32.0
1604489623,15.0,15.0,20.0,18.0,28.2,32.0
1604489624,15.0,15.0,20.0,18.0,28.2,32.1
1604489625,15.0,15.0,20.0,18.0,28.2,32.1
1604489626,16.0,15.0,20.0,18.0,28.2,32.1
1604489627,16.0,15.0,20.0,18.0,28.2,32.1
1604489628,16.0,15.0,20.0,18.0,28.2,32.1
1604489629,16.0,15.0,20.0,18.0,28.2,32.1
1604489630,16.0,15.0,20.0,17.0,28.2,32.1
1604489631,16.0,15.0,20.0,17.0,28.2,32.1
1604489632,16.0,15.0,20.0,17.0,28.2,32.1
1604489633,16.0,15.0,20.0,17.0,28.2,32.1
1604489634,16.0,15.0,20.0,17.0,28.2,32.1
1604489635,16.0,15.0,20.0,17.0,28.2,32.1
1604489636,16.0,15.0,19.0,17.0,28.2,32.1
1604489637,16.0,15.0,19.0,18.0,28.2,32.1
1604489638,16.0,15.0,19.0,18.0,28.2,32.1
1604489639,16.0,15.0,19.0,18.0,28.2,32.1
1604489640,16.0,15.0,19.0,18.0,28.2,32.1
1604489641,16.0,15.0,19.0,18.0,28.2,32.1
1604489642,16.0,15.0,19.0,18.0,28.2,32.1
1604489643,16.0,15.0,19.0,18.0,28.2,32.1
1604489644,15.0,15.0,19.0,18.0,28.2,32.1
1604489645,15.0,15.0,19.0,18.0,28.2,32.1
1604489646,15.0,15.0,19.0,18.0,28.2,32.1
1604489647,15.0,15.0,19.0,18.0,28.2,32.1
1604489648,15.0,15.0,20.0,18.0,28.2,32.1
1604489649,14.0,15.0,20.0,19.0,28.3,32.1
1604489650,14.0,15.0,19.0,19.0,28.3,32.1
1604489651,14.0,15.0,19.0,19.0,28.3,32.1
1604489652,14.0,15.0,19.0,19.0,28.3,32.1
1604489653,14.0,15.0,19.0,19.0,28.3,32.1
1604489654,14.0,15.0,19.0,19.0,28.2,32.0
1604489655,14.0,15.0,18.0,19.0,28.2,32.0
1604489656,14.0,15.0,18.0,19.0,28.2,32.0
1604489657,14.0,15.0,18.0,19.0,28.2,32.0
1604489658,14.0,15.0,18.0,19.0,28.2,32.0
1604489659,14.0,15.0,18.0,19.0,28.2,32.1
1604489660,14.0,15.0,18.0,19.0,28.2,32.1
1604489661,15.0,15.0,19.0,19.0,28.2,32.1
1604489662,15.0,15.0,19.0,19.0,28.2,32.1
1604489663,15.0,15.0,19.0,19.0,28.2,32.1
1604489664,15.0,15.0,19.0,18.0,28.2,32.0
1604489665,15.0,15.0,19.0,18.0,28.2,32.0
1604489666,15.0,15.0,19.0,18.0,28.2,32.0
1604489667,15.0,15.0,19.0,18.0,28.2,32.0
1604489668,15.0,16.0,19.0,18.0,28.2,32.0
1604489669,15.0,16.0,19.0,18.0,28.2,32.0
1604489670,15.0,16.0,19.0,18.0,28.2,32.0
1604489671,15.0,16.0,19.0,18.0,28.2,32.0
1604489672,15.0,16.0,19.0,18.0,28.2,32.0
1604489673,15.0,16.0,18.0,18.0,28.2,32.0
1604489674,16.0,16.0,18.0,18.0,28.2,32.1
1604489675,16.0,16.0,18.0,18.0,28.2,32.1
1604489676,16.0,16.0,18.0,18.0,28.2,32.1
1604489677,16.0,16.0,18.0,18.0,28.2,32.1
1604489678,16.0,16.0,18.0,18.0,28.2,32.1
1604489679,16.0,16.0,18.0,18.0,28.3,32.1
1604489680,15.0,16.0,18.0,18.0,28.3,32.1
1604489681,15.0,16.0,18.0,18.0,28.3,32.1
1604489682,15.0,16.0,18.0,18.0,28.3,32.1
1604489683,15.0,16.0,18.0,18.0,28.3,32.1
1604489684,14.0,16.0,18.0,18.0,28.3,32.1
1604489685,14.0,16.0,18.0,18.0,28.3,32.1
1604489686,14.0,16.0,18.0,18.0,28.3,32.1
1604489687,14.0,15.0,18.0,18.0,28.3,32.1
1604489688,14.0,15.0,17.0,19.0,28.3,32.1
1604489689,14.0,15.0,17.0,19.0,28.3,32.2
1604489690,14.0,15.0,17.0,19.0,28.3,32.2
1604489691,13.0,15.0,17.0,19.0,28.3,32.2
1604489692,13.0,15.0,17.0,19.0,28.3,32.2
1604489693,14.0,15.0,17.0,18.0,28.3,32.2
1604489694,14.0,15.0,17.0,19.0,28.3,32.3
1604489695,14.0,15.0,18.0,19.0,28.3,32.3
1604489696,14.0,15.0,18.0,18.0,28.3,32.3
1604489697,14.0,15.0,18.0,19.0,28.3,32.3
1604489698,14.0,15.0,18.0,19.0,28.3,32.3
1604489699,14.0,15.0,18.0,19.0,28.2,32.4
1604489700,14.0,15.0,18.0,19.0,28.2,32.4
1604489701,14.0,15.0,18.0,19.0,28.2,32.4
1604489702,14.11111111111111,15.0,18.0,19.0,28.2,32.4
1604489703,14.22222222222222,15.0,18.0,19.0,28.2,32.4
1604489704,14.333333333333334,15.0,18.0,19.0,28.2,32.4
1604489705,14.444444444444445,15.0,18.0,19.0,28.2,32.4
1604489706,14.555555555555555,15.0,18.0,19.0,28.2,32.4
1604489707,14.666666666666666,15.0,18.0,19.0,28.2,32.4
1604489708,14.77777777777778,15.0,18.0,19.0,28.2,32.4
1604489709,14.88888888888889,15.0,18.0,19.0,28.2,32.4
1604489710,15.0,15.0,18.0,19.0,28.2,32.4
1604489711,15.0,15.0,18.0,19.0,28.2,32.4
1604489712,15.0,15.0,18.0,19.0,28.3,32.5
1604489713,15.0,15.0,18.5,19.0,28.3,32.5
1604489714,15.0,15.0,19.0,19.0,28.3,32.5
1604489715,15.0,16.0,19.0,18.0,28.3,32.5
1604489716,15.0,16.0,19.0,18.0,28.3,32.5
1604489717,15.0,16.0,19.0,18.0,28.3,32.5
1604489718,15.0,16.0,19.0,18.0,28.3,32.5
1604489719,15.0,16.0,19.0,18.0,28.3,32.5
1604489720,15.0,16.0,18.0,18.0,28.3,32.5
1604489721,15.0,16.0,18.0,19.0,28.3,32.5
1604489722,15.0,16.0,18.0,19.0,28.3,32.5
1604489723,15.0,16.0,18.0,19.0,28.3,32.5
1604489724,15.0,16.0,18.0,19.0,28.3,32.5
1604489725,15.0,16.0,18.0,19.0,28.3,32.5
1604489726,15.0,16.0,18.0,19.0,28.3,32.5
1604489727,15.0,17.0,18.0,19.0,28.3,32.5
1604489728,15.0,17.0,18.0,19.0,28.2,32.4
1604489729,15.0,17.0,18.0,19.0,28.2,32.4
1604489730,15.0,17.0,18.0,19.0,28.2,32.4
1604489731,15.0,18.0,17.0,19.0,28.2,32.4
1604489732,15.0,18.0,17.0,18.0,28.2,32.4
1604489733,15.0,18.0,17.0,18.0,28.3,32.6
1604489734,15.0,17.0,17.0,18.0,28.3,32.6
1604489735,15.0,17.0,17.0,18.0,28.3,32.6
1604489736,15.0,17.0,16.0,18.0,28.3,32.6
1604489737,15.0,17.0,16.0,18.0,28.3,32.6
1604489738,16.0,16.0,16.0,18.0,28.3,32.7
1604489739,16.0,16.0,16.0,18.0,28.3,32.7
1604489740,16.0,16.0,16.0,18.0,28.3,32.7
1604489741,16.0,15.0,16.0,18.0,28.3,32.7
1604489742,17.0,15.0,16.0,18.0,28.3,32.7
1604489743,17.0,15.0,17.0,18.0,28.3,33.2
1604489744,17.0,15.0,17.0,18.0,28.3,33.2
1604489745,17.0,15.0,17.0,18.0,28.3,33.2
1604489746,18.0,15.0,17.0,18.0,28.3,33.2
1604489747,18.0,15.0,17.0,18.0,28.3,33.2
1604489748,17.0,15.0,18.0,18.0,28.3,33.2
1604489749,17.0,16.0,18.0,18.0,28.3,33.2
1604489750,17.0,16.0,18.0,18.0,28.3,33.2
1604489751,18.0,16.0,19.0,18.0,28.3,33.2
1604489752,18.0,16.0,19.0,18.0,28.3,33.2
1604489753,18.0,16.0,19.0,18.0,28.3,33.2
1604489754,17.0,16.0,19.0,18.0,28.3,33.2
1604489755,17.0,16.0,19.0,18.0,28.3,33.2
1604489756,17.0,16.0,19.0,18.0,28.3,33.2
1604489757,17.0,16.0,19.0,18.0,28.3,33.2
1604489758,17.0,16.0,19.0,18.0,28.3,33.2
1604489759,17.0,16.0,19.0,18.0,28.3,33.2
1604489760,17.0,16.0,18.0,18.0,28.3,33.2
1604489761,17.0,16.0,18.0,18.0,28.3,33.2
1604489762,17.0,16.0,18.0,18.0,28.3,33.2
1604489763,16.0,15.0,17.0,19.0,28.3,32.6
1604489764,16.0,15.0,17.0,19.0,28.3,32.6
1604489765,16.0,15.0,17.0,19.0,28.3,32.6
1604489766,16.0,15.0,17.0,19.0,28.3,32.6
1604489767,15.0,15.0,16.0,19.0,28.3,32.6
1604489768,15.0,15.0,16.0,19.0,28.3,32.7
1604489769,15.0,15.0,16.0,19.0,28.3,32.7
1604489770,15.0,15.0,16.0,20.0,28.3,32.7
1604489771,15.0,15.0,16.0,20.0,28.3,32.7
1604489772,15.0,15.0,16.0,20.0,28.3,32.7
1604489773,15.0,15.0,17.0,20.0,28.3,32.7
1604489774,15.0,16.0,17.0,20.0,28.3,32.7
1604489775,15.0,16.0,17.0,19.0,28.3,32.7
1604489776,15.0,16.0,18.0,19.0,28.3,32.7
1604489777,16.0,16.0,18.0,19.0,28.3,32.7
1604489778,16.0,16.0,18.0,19.0,28.2,32.2
1604489779,16.0,15.0,19.0,19.0,28.2,32.2
1604489780,16.0,15.0,19.0,19.0,28.2,32.2
1604489781,16.0,15.0,19.0,19.0,28.2,32.2
1604489782,16.0,15.0,19.0,19.0,28.2,32.2
1604489783,16.0,15.0,19.0,19.0,28.3,32.1
1604489784,16.0,15.0,19.0,19.0,28.3,32.1
1604489785,16.0,15.0,19.0,19.0,28.3,32.1
1604489786,16.0,15.0,19.0,19.0,28.3,32.1
1604489787,16.0,15.0,19.0,18.0,28.3,32.1
1604489788,16.0,15.0,18.0,18.0,28.3,32.2
1604489789,16.0,15.0,18.0,18.0,28.3,32.2
1604489790,16.0,15.0,18.0,18.0,28.3,32.2
1604489791,16.0,15.0,18.0,18.0,28.3,32.2
1604489792,15.0,15.0,18.0,18.0,28.3,32.2
1604489793,15.0,15.0,17.0,18.0,28.2,32.3
1604489794,15.0,15.0,17.0,18.0,28.2,32.3
1604489795,15.0,15.0,17.0,18.0,28.2,32.3
1604489796,15.0,15.0,17.0,18.0,28.2,32.3
1604489797,15.0,15.0,17.0,18.0,28.2,32.3
1604489798,16.0,16.0,17.0,18.0,28.3,32.5
1604489799,16.0,16.0,17.0,18.0,28.3,32.5
1604489800,16.0,16.0,17.0,18.0,28.3,32.5
1604489801,16.0,16.0,17.0,18.0,28.3,32.5
1604489802,16.0,16.0,17.0,18.0,28.3,32.5
1604489803,16.0,16.0,17.0,18.0,28.2,32.5
1604489804,16.0,16.0,17.0,18.0,28.2,32.5
1604489805,17.0,16.0,17.0,18.0,28.2,32.5
1604489806,17.0,16.0,17.0,18.0,28.2,32.5
1604489807,17.0,16.0,17.0,18.0,28.2,32.5
1604489808,17.0,16.0,17.0,18.0,28.2,33.1
1604489809,17.0,16.0,17.0,18.0,28.2,33.1
1604489810,17.0,16.0,17.0,18.0,28.2,33.1
1604489811,16.0,15.0,17.0,18.0,28.2,33.1
1604489812,16.0,15.0,17.0,18.0,28.2,33.1
1604489813,16.0,15.0,17.0,18.0,28.2,33.1
1604489814,16.0,15.0,17.0,18.0,28.2,33.1
1604489815,16.0,15.0,17.0,18.0,28.2,33.1
1604489816,15.0,15.0,17.0,18.0,28.2,33.1
1604489817,15.0,15.0,17.0,18.0,28.2,33.1
1604489818,15.0,15.0,17.0,18.0,28.3,33.2
1604489819,15.0,15.0,17.0,17.0,28.3,33.2
1604489820,14.0,15.0,17.0,17.0,28.3,33.2
1604489821,14.0,15.0,17.0,17.0,28.3,33.2
1604489822,14.0,15.0,17.0,17.0,28.3,33.2
1604489823,14.0,15.0,17.0,17.0,28.2,33.3
1604489824,14.0,15.0,16.0,17.0,28.2,33.3
1604489825,14.0,15.0,16.0,17.0,28.2,33.3
1604489826,14.0,15.0,16.0,17.0,28.2,33.3
1604489827,14.0,15.0,16.0,17.0,28.2,33.3
1604489828,14.0,15.0,16.0,17.0,28.3,33.2
1604489829,14.0,15.0,16.0,17.0,28.3,33.2
1604489830,14.0,15.0,16.0,17.0,28.3,33.2
1604489831,14.0,15.0,16.0,17.0,28.3,33.2
1604489832,14.0,14.0,16.0,18.0,28.3,33.2
1604489833,14.0,14.0,16.0,18.0,28.3,33.0
1604489834,14.0,14.0,16.0,18.0,28.3,33.0
1604489835,14.0,14.0,16.0,18.0,28.3,33.0
1604489836,14.0,14.0,16.0,18.0,28.3,33.0
1604489837,14.0,14.0,16.0,18.0,28.3,33.0
1604489838,14.0,14.0,16.0,18.0,28.3,33.0
1604489839,14.0,14.0,16.0,18.0,28.3,33.0
1604489840,14.0,15.0,16.0,18.0,28.3,33.0
1604489841,14.0,15.0,16.0,18.0,28.3,33.0
1604489842,14.0,15.0,16.0,18.0,28.3,33.0
1604489843,14.0,15.0,17.0,18.0,28.3,33.0
1604489844,14.0,15.0,17.0,19.0,28.3,33.0
1604489845,14.0,15.0,17.0,19.0,28.3,33.0
1604489846,15.0,15.0,17.0,18.0,28.3,33.0
1604489847,15.0,15.0,17.0,18.0,28.3,33.0
1604489848,15.0,15.0,17.0,18.0,28.3,33.0
1604489849,15.0,15.0,17.0,19.0,28.3,33.0
1604489850,15.0,15.0,17.0,19.0,28.3,33.0
1604489851,16.0,16.0,17.0,19.0,28.3,33.0
1604489852,16.0,16.0,17.0,19.0,28.3,33.0
1604489853,16.0,16.0,17.0,19.0,28.3,33.0
1604489854,16.0,16.0,18.0,19.0,28.3,33.0
1604489855,16.0,16.0,18.0,19.0,28.3,33.0
1604489856,16.0,17.0,18.0,19.0,28.3,33.0
1604489857,16.0,17.0,18.0,18.0,28.3,33.0
1604489858,16.0,17.0,18.0,18.0,28.3,33.0
1604489859,16.0,17.0,18.0,18.0,28.3,33.0
1604489860,16.0,17.0,18.0,19.0,28.3,33.0
1604489861,15.0,17.0,18.0,19.0,28.3,33.0
1604489862,15.0,18.0,18.0,19.0,28.3,33.0
1604489863,15.0,18.0,18.0,19.0,28.3,33.3
1604489864,15.0,18.0,18.0,19.0,28.3,33.3
1604489865,15.0,18.0,18.0,19.0,28.3,33.3
1604489866,15.0,18.0,18.0,18.0,28.3,33.3
1604489867,15.0,18.0,18.0,18.0,28.3,33.3
1604489868,15.0,19.0,18.0,18.0,28.3,33.2
1604489869,15.0,18.0,18.0,18.0,28.3,33.2
1604489870,15.0,18.0,18.0,18.0,28.3,33.2
1604489871,15.0,18.0,18.0,18.0,28.3,33.2
1604489872,15.0,18.0,18.0,18.0,28.3,33.2
1604489873,15.0,17.0,18.0,18.0,28.3,32.9
1604489874,15.0,17.0,18.0,18.0,28.3,32.9
1604489875,15.0,17.0,17.0,18.0,28.3,32.9
1604489876,15.0,17.0,17.0,18.0,28.3,32.9
1604489877,15.0,16.0,17.0,18.0,28.3,32.9
1604489878,15.0,16.0,17.0,18.0,28.3,32.8
1604489879,15.0,16.0,17.0,18.0,28.3,32.8
1604489880,15.0,16.0,18.0,19.0,28.3,32.8
1604489881,15.0,16.0,18.0,19.0,28.3,32.8
1604489882,15.0,16.0,18.0,19.0,28.3,32.8
1604489883,15.0,16.0,18.0,19.0,28.3,32.7
1604489884,15.0,16.0,18.0,19.0,28.3,32.7
1604489885,15.0,16.0,19.0,19.0,28.3,32.7
1604489886,15.0,16.0,19.0,19.0,28.3,32.7
1604489887,14.0,15.0,19.0,19.0,28.3,32.7
1604489888,14.0,15.0,19.0,19.0,28.3,32.9
1604489889,14.0,15.0,19.0,19.0,28.3,32.9
1604489890,14.0,15.0,19.0,18.0,28.3,32.9
1604489891,14.0,15.0,19.0,18.0,28.3,32.9
1604489892,14.0,15.0,19.0,18.0,28.3,32.9
1604489893,14.0,15.0,19.0,18.0,28.3,33.5
1604489894,15.0,15.0,18.0,18.0,28.3,33.5
1604489895,15.0,15.0,18.0,18.0,28.3,33.5
1604489896,15.0,15.0,18.0,18.0,28.3,33.5
1604489897,15.0,15.0,18.0,18.0,28.3,33.5
1604489898,15.0,15.0,19.0,18.0,28.3,33.5
1604489899,15.0,15.0,19.0,18.0,28.3,33.5
1604489900,16.0,15.0,19.0,18.0,28.3,33.5
1604489901,16.0,15.0,19.0,18.0,28.3,33.5
1604489902,16.0,15.0,19.0,18.0,28.3,33.5
1604489903,16.0,15.0,19.0,18.0,28.3,33.5
1604489904,16.0,15.0,19.0,18.0,28.3,33.5
1604489905,16.0,15.0,19.0,18.0,28.3,33.5
1604489906,16.0,15.0,19.0,18.0,28.3,33.5
1604489907,16.0,15.0,19.0,18.0,28.3,33.5
1604489908,16.0,15.0,18.0,18.0,28.3,33.5
1604489909,16.0,15.0,18.0,18.0,28.3,33.5
1604489910,15.0,15.0,18.0,18.0,28.3,33.5
1604489911,15.0,15.0,18.0,18.0,28.3,33.5
1604489912,15.0,15.0,17.0,17.0,28.3,33.5
1604489913,15.0,15.0,17.0,17.0,28.3,33.0
1604489914,15.0,15.0,17.0,18.0,28.3,33.0
1604489915,15.0,15.0,17.0,18.0,28.3,33.0
1604489916,15.0,15.0,18.0,18.0,28.3,33.0
1604489917,15.0,15.0,18.0,18.0,28.3,33.0
1604489918,14.0,15.0,18.0,18.0,28.4,32.9
1604489919,14.0,15.0,18.0,19.0,28.4,32.9
1604489920,14.0,15.0,18.0,19.0,28.4,32.9
1604489921,14.0,16.0,18.0,19.0,28.4,32.9
1604489922,14.0,16.0,18.0,19.0,28.4,32.9
1604489923,14.0,16.0,18.0,19.0,28.4,32.7
1604489924,14.0,16.0,18.0,19.0,28.4,32.7
1604489925,14.0,17.0,18.0,19.0,28.4,32.7
1604489926,15.0,17.0,18.0,18.0,28.4,32.7
1604489927,15.0,17.0,18.0,18.0,28.4,32.7
1604489928,15.0,17.0,18.0,18.0,28.4,32.6
1604489929,15.0,17.0,17.0,18.0,28.4,32.6
1604489930,15.0,17.0,17.0,17.0,28.4,32.6
1604489931,15.0,17.0,17.0,17.0,28.4,32.6
1604489932,15.0,17.0,17.0,17.0,28.4,32.6
1604489933,15.0,17.0,17.0,17.0,28.4,32.6
1604489934,15.0,17.0,17.0,17.0,28.4,32.6
1604489935,15.0,17.0,17.0,17.0,28.4,32.6
1604489936,15.0,17.0,17.0,17.0,28.4,32.6
1604489937,15.0,17.0,17.0,17.0,28.4,32.6
1604489938,15.0,17.0,17.0,17.0,28.4,32.6
1604489939,15.0,17.0,17.0,17.0,28.4,32.6
1604489940,15.0,17.0,17.0,17.0,28.4,32.6
1604489941,15.0,16.0,17.0,17.0,28.4,32.4
1604489942,15.0,16.0,17.0,17.0,28.4,32.4
1604489943,15.0,16.0,17.0,17.0,28.4,32.4
1604489944,15.0,16.0,17.0,17.0,28.4,32.4
1604489945,15.0,16.0,17.0,17.0,28.4,32.4
1604489946,15.0,16.0,17.0,17.0,28.4,32.3
1604489947,15.0,16.0,17.0,17.0,28.4,32.3
1604489948,15.0,16.0,17.0,17.0,28.4,32.3
1604489949,15.0,16.0,17.0,17.0,28.4,32.3
1604489950,15.0,16.0,17.0,17.0,28.4,32.3
1604489951,15.0,16.0,17.0,18.0,28.4,32.2
1604489952,15.0,16.0,17.0,18.0,28.4,32.2
1604489953,15.0,16.0,17.0,18.0,28.4,32.2
1604489954,15.0,16.0,17.0,18.0,28.4,32.2
1604489955,15.0,16.0,17.0,18.0,28.4,32.2
1604489956,15.0,16.0,17.0,18.0,28.4,32.2
1604489957,15.0,16.0,17.0,18.0,28.4,32.2
1604489958,15.0,16.0,17.0,18.0,28.4,32.2
1604489959,15.0,16.0,17.0,18.0,28.4,32.2
1604489960,15.0,16.0,17.0,18.0,28.4,32.2
1604489961,15.0,16.0,17.0,18.0,28.4,32.2
1604489962,15.0,16.0,17.0,18.0,28.4,32.2
1604489963,15.0,16.0,17.0,18.0,28.4,32.2
1604489964,15.0,16.0,17.0,18.0,28.4,32.2
1604489965,15.0,16.0,16.0,18.0,28.4,32.2
1604489966,15.0,16.0,16.0,18.0,28.4,31.8
1604489967,14.0,16.0,16.0,18.0,28.4,31.8
1604489968,14.0,16.0,16.0,18.0,28.4,31.8
1604489969,14.0,16.0,16.0,18.0,28.4,31.8
1604489970,14.0,16.0,16.0,18.0,28.4,31.8
1604489971,14.0,15.0,16.0,18.0,28.4,31.7
1604489972,14.0,15.0,16.0,18.0,28.4,31.7
1604489973,14.0,15.0,16.0,18.0,28.4,31.7
1604489974,14.0,15.0,16.0,18.0,28.4,31.7
1604489975,15.0,15.0,16.0,18.0,28.4,31.7
1604489976,15.0,15.0,16.0,18.0,28.4,31.6
1604489977,15.0,15.0,17.0,18.0,28.4,31.6
1604489978,15.0,15.0,17.0,19.0,28.4,31.6
1604489979,15.0,15.0,17.0,19.0,28.4,31.6
1604489980,16.0,15.0,17.0,19.0,28.4,31.6
1604489981,16.0,15.0,17.0,19.0,28.4,31.5
1604489982,16.0,15.0,17.0,20.0,28.4,31.5
1604489983,16.0,15.0,17.0,20.0,28.4,31.5
1604489984,15.0,15.0,17.0,20.0,28.4,31.5
1604489985,15.0,15.0,18.0,20.0,28.4,31.5
1604489986,15.0,15.0,18.0,20.0,28.4,30.9
1604489987,15.0,16.0,18.0,19.0,28.4,30.9
1604489988,15.0,16.0,18.0,19.0,28.4,30.9
1604489989,14.0,16.0,18.0,19.0,28.4,30.9
1604489990,14.0,16.0,18.0,19.0,28.4,30.9
1604489991,14.0,17.0,18.0,19.0,28.4,31.6
1604489992,14.0,17.0,18.0,19.0,28.4,31.6
1604489993,14.0,17.0,18.0,19.0,28.4,31.6
1604489994,14.0,17.0,18.0,19.0,28.4,31.6
1604489995,14.0,18.0,18.0,19.0,28.4,31.6
1604489996,14.0,18.0,18.0,19.0,28.4,31.7
1604489997,14.0,18.0,18.0,19.0,28.4,31.7
1604489998,14.0,18.0,18.0,18.0,28.4,31.7
1604489999,15.0,18.0,18.0,18.0,28.4,31.7
1604490000,15.0,18.0,18.0,18.0,28.4,31.7
1604490001,15.0,18.0,18.0,18.0,28.4,31.9
1604490002,15.0,18.0,18.0,18.0,28.4,31.9
1604490003,15.0,17.0,18.0,18.0,28.4,31.9
1604490004,15.0,17.0,18.0,18.0,28.4,31.9
1604490005,15.0,17.0,18.0,18.0,28.4,31.9
1604490006,15.0,17.0,18.0,18.0,28.5,32.0
1604490007,15.0,17.0,18.0,18.0,28.5,32.0
1604490008,15.0,16.0,19.0,18.0,28.5,32.0
1604490009,15.0,16.0,19.0,18.0,28.5,32.0
1604490010,15.0,16.0,19.0,18.0,28.5,32.0
1604490011,15.0,16.0,19.0,18.0,28.4,31.9
1604490012,15.0,15.0,19.0,18.0,28.4,31.9
1604490013,15.0,15.0,20.0,18.0,28.4,31.9
1604490014,15.0,15.0,20.0,18.0,28.4,31.9
1604490015,14.0,15.0,19.0,18.0,28.4,31.9
1604490016,14.0,15.0,19.0,18.0,28.4,32.0
1604490017,14.0,15.0,19.0,18.0,28.4,32.0
1604490018,14.0,15.0,18.0,18.0,28.4,32.0
1604490019,14.0,15.0,18.0,18.0,28.4,32.0
1604490020,14.0,15.0,18.0,18.0,28.4,32.0
1604490021,14.0,15.0,17.0,18.0,28.5,32.1
1604490022,14.0,15.0,17.0,18.0,28.5,32.1
1604490023,14.0,14.0,17.0,18.0,28.5,32.1
1604490024,14.0,14.0,17.0,17.0,28.5,32.1
1604490025,15.0,14.0,17.0,18.0,28.5,32.1
1604490026,15.0,14.0,17.0,18.0,28.4,32.4
1604490027,15.0,14.0,17.0,18.0,28.4,32.4
1604490028,15.0,14.0,17.0,18.0,28.4,32.4
1604490029,15.0,14.0,17.0,18.0,28.4,32.4
1604490030,15.0,14.0,17.0,18.0,28.4,32.4
1604490031,16.0,14.0,17.0,18.0,28.5,32.4
1604490032,16.0,14.0,17.0,18.0,28.5,32.4
1604490033,16.0,14.0,17.0,18.0,28.5,32.4
1604490034,16.0,14.0,17.0,18.0,28.5,32.4
1604490035,16.0,14.0,17.0,18.0,28.5,32.4
1604490036,16.0,15.0,17.0,18.0,28.5,32.3
1604490037,16.0,15.0,17.0,18.0,28.5,32.3
1604490038,16.0,15.0,18.0,18.0,28.5,32.3
1604490039,16.0,15.0,18.0,18.0,28.5,32.3
1604490040,15.0,15.0,18.0,18.0,28.5,32.3
1604490041,15.0,15.0,18.0,18.0,28.4,32.2
1604490042,15.0,16.0,18.0,18.0,28.4,32.2
1604490043,14.0,16.0,18.0,19.0,28.4,32.2
1604490044,14.0,16.0,18.0,19.0,28.4,32.2
1604490045,14.0,16.0,18.0,19.0,28.4,32.2
1604490046,14.0,16.0,19.0,19.0,28.5,32.3
1604490047,14.0,16.0,18.0,19.0,28.5,32.3
1604490048,14.0,16.0,18.0,19.0,28.5,32.3
1604490049,14.0,16.0,18.0,19.0,28.5,32.3
1604490050,14.0,16.0,18.0,18.0,28.5,32.3
1604490051,14.0,16.0,18.0,18.0,28.5,32.2
1604490052,14.0,16.0,18.0,18.0,28.5,32.2
1604490053,14.0,16.0,18.0,18.0,28.5,32.2
1604490054,14.0,16.0,18.0,17.0,28.5,32.2
1604490055,15.0,16.0,18.0,17.0,28.5,32.2
1604490056,15.0,16.0,18.0,17.0,28.4,32.0
1604490057,15.0,16.0,18.0,17.0,28.4,32.0
1604490058,15.0,16.0,18.0,17.0,28.4,32.0
1604490059,15.0,15.0,18.0,17.0,28.4,32.0
1604490060,15.0,15.0,18.0,17.0,28.4,32.0
1604490061,15.0,15.0,18.0,17.0,28.3,31.9
1604490062,15.0,16.0,18.0,17.0,28.3,31.9
1604490063,15.0,15.0,18.0,18.0,28.3,31.9
1604490064,15.0,15.0,18.0,18.0,28.3,31.9
1604490065,15.0,15.0,18.0,18.0,28.3,31.9
1604490066,15.0,15.0,18.0,18.0,28.4,32.1
1604490067,15.0,15.0,18.0,18.0,28.4,32.1
1604490068,15.0,15.0,18.0,18.0,28.4,32.1
1604490069,15.0,15.0,18.0,19.0,28.4,32.1
1604490070,15.0,15.0,18.0,19.0,28.4,32.1
1604490071,15.0,15.0,18.0,19.0,28.4,32.1
1604490072,15.0,15.0,18.0,19.0,28.4,32.1
1604490073,16.0,15.0,18.0,19.0,28.4,32.1
1604490074,16.0,15.0,18.0,19.0,28.4,32.1
1604490075,16.0,15.0,17.0,19.0,28.4,32.1
1604490076,16.0,15.0,17.0,19.0,28.5,32.3
1604490077,16.0,15.0,17.0,19.0,28.5,32.3
1604490078,15.0,15.0,17.0,19.0,28.5,32.3
1604490079,15.0,15.0,17.0,19.0,28.5,32.3
1604490080,15.0,15.0,17.0,19.0,28.5,32.3
1604490081,15.0,16.0,17.0,19.0,28.5,32.4
1604490082,15.0,16.0,17.0,19.0,28.5,32.4
1604490083,15.0,16.0,17.0,19.0,28.5,32.4
1604490084,15.0,16.0,17.0,19.0,28.5,32.4
1604490085,15.0,16.0,17.0,19.0,28.5,32.4
1604490086,15.0,16.0,17.0,18.0,28.5,32.5
1604490087,15.0,16.0,17.0,18.0,28.5,32.5
1604490088,15.0,16.0,17.0,18.0,28.5,32.5
1604490089,15.0,16.0,17.0,18.0,28.5,32.5
1604490090,15.0,16.0,17.0,18.0,28.5,32.5
1604490091,15.0,16.0,17.0,18.0,28.4,32.5
1604490092,15.0,16.0,17.0,18.0,28.4,32.5
1604490093,15.0,16.0,17.0,17.0,28.4,32.5
1604490094,15.0,16.0,17.0,17.0,28.4,32.5
1604490095,15.0,16.0,17.0,17.0,28.4,32.5
1604490096,15.0,16.0,17.0,17.0,28.5,32.6
1604490097,15.0,16.0,17.0,17.0,28.5,32.6
1604490098,15.0,16.0,17.0,17.0,28.5,32.6
1604490099,15.0,16.0,17.0,18.0,28.5,32.6
1604490100,15.0,16.0,17.0,18.0,28.5,32.6
1604490101,14.0,16.0,17.0,18.0,28.5,32.6
1604490102,14.0,16.0,16.0,18.0,28.5,32.6
1604490103,14.0,16.0,16.0,18.0,28.5,32.6
1604490104,14.0,16.0,16.0,19.0,28.5,32.6
1604490105,14.0,16.0,16.0,19.0,28.5,32.6
1604490106,15.0,16.0,16.0,19.0,28.5,32.5
1604490107,15.0,16.0,17.0,18.0,28.5,32.5
1604490108,15.0,16.0,17.0,18.0,28.5,32.5
1604490109,15.0,16.0,17.0,18.0,28.5,32.5
1604490110,15.0,16.0,17.0,18.0,28.5,32.5
1604490111,15.0,15.0,17.0,18.0,28.5,32.4
1604490112,15.0,15.0,17.0,18.0,28.5,32.4
1604490113,15.0,15.0,18.0,18.0,28.5,32.4
1604490114,15.0,15.0,18.0,18.0,28.5,32.4
1604490115,15.0,15.0,18.0,18.0,28.5,32.4
1604490116,15.0,15.0,18.0,18.0,28.5,32.4
1604490117,15.0,15.0,18.0,19.0,28.5,32.4
1604490118,15.0,15.0,18.0,19.0,28.5,32.4
1604490119,15.0,15.0,18.0,19.0,28.5,32.4
1604490120,15.0,15.0,18.0,19.0,28.5,32.4
1604490121,15.0,15.0,17.0,19.0,28.5,32.0
1604490122,15.0,15.0,17.0,20.0,28.5,32.0
1604490123,15.0,15.0,17.0,20.0,28.5,32.0
1604490124,15.0,15.0,17.0,20.0,28.5,32.0
1604490125,15.0,15.0,17.0,20.0,28.5,32.0
1604490126,16.0,15.0,17.0,20.0,28.5,31.8
1604490127,16.0,15.0,17.0,19.0,28.5,31.8
1604490128,16.0,15.0,17.0,19.0,28.5,31.8
1604490129,16.0,15.0,17.0,18.0,28.5,31.8
1604490130,16.0,16.0,17.0,18.0,28.5,31.8
1604490131,16.0,16.0,17.0,19.0,28.5,31.7
1604490132,16.0,16.0,17.0,19.0,28.5,31.7
1604490133,16.0,16.0,17.0,19.0,28.5,31.7
1604490134,16.0,17.0,17.0,18.0,28.5,31.7
1604490135,16.0,17.0,17.0,18.0,28.5,31.7
1604490136,16.0,17.0,17.0,18.0,28.4,31.5
1604490137,16.0,16.0,17.0,18.0,28.4,31.5
1604490138,16.0,16.0,17.0,18.0,28.4,31.5
1604490139,15.0,16.0,18.0,18.0,28.4,31.5
1604490140,15.0,16.0,18.0,18.0,28.4,31.5
1604490141,15.0,15.0,18.0,18.0,28.5,31.6
1604490142,15.0,15.0,18.0,18.0,28.5,31.6
1604490143,15.0,15.0,18.0,19.0,28.5,31.6
1604490144,14.0,15.0,18.0,19.0,28.5,31.6
1604490145,14.0,15.0,18.0,19.0,28.5,31.6
1604490146,14.0,16.0,18.0,19.0,28.5,31.6
1604490147,14.0,16.0,18.0,19.0,28.5,31.6
1604490148,14.0,16.0,17.0,19.0,28.5,31.6
1604490149,14.0,16.0,17.0,19.0,28.5,31.6
1604490150,14.0,16.0,17.0,19.0,28.5,31.6
1604490151,14.0,16.0,17.0,19.0,28.5,31.6
1604490152,14.0,16.0,17.0,19.0,28.5,31.6
1604490153,15.0,16.0,17.0,19.0,28.5,31.6
1604490154,15.0,16.0,17.0,19.0,28.5,31.6
1604490155,15.0,16.0,17.0,19.0,28.5,31.6
1604490156,15.0,16.0,17.0,19.0,28.5,31.7
1604490157,15.11111111111111,16.0,17.0,19.0,28.5,31.7
1604490158,15.22222222222222,16.0,17.0,19.0,28.5,31.7
1604490159,15.333333333333334,16.0,17.0,19.0,28.5,31.7
1604490160,15.444444444444445,16.0,17.0,19.0,28.5,31.7
1604490161,15.555555555555555,16.0,17.0,19.0,28.5,31.7
1604490162,15.666666666666666,16.0,17.0,19.0,28.5,31.7
1604490163,15.77777777777778,16.0,17.0,19.0,28.5,31.7
1604490164,15.88888888888889,16.0,17.0,19.0,28.5,31.7
1604490165,16.0,16.0,17.0,19.0,28.5,31.7
1604490166,16.0,16.0,17.0,18.0,28.5,31.7
1604490167,16.0,16.0,17.0,18.0,28.5,31.7
1604490168,15.0,16.0,17.0,18.0,28.5,31.7
1604490169,15.0,16.0,18.0,19.0,28.5,31.6
1604490170,15.0,16.0,18.0,19.0,28.5,31.6
1604490171,15.0,16.0,19.0,19.0,28.5,31.6
1604490172,15.0,16.0,19.0,19.0,28.5,31.6
1604490173,15.0,16.0,19.0,19.0,28.5,31.6
1604490174,15.0,16.0,20.0,19.0,28.5,31.7
1604490175,15.0,17.0,20.0,19.0,28.5,31.7
1604490176,15.0,17.0,20.0,19.0,28.5,31.7
1604490177,15.0,17.0,20.0,20.0,28.5,31.7
1604490178,15.0,17.0,20.0,19.0,28.5,31.7
1604490179,15.0,17.0,20.0,19.0,28.5,31.7
1604490180,15.0,17.0,20.0,19.0,28.5,31.7
1604490181,15.0,17.0,20.0,19.0,28.5,31.7
1604490182,15.0,17.0,20.0,19.0,28.5,31.7
1604490183,15.0,17.0,20.0,19.0,28.5,31.7
1604490184,16.0,17.0,19.0,19.0,28.5,31.7
1604490185,16.0,17.0,18.0,19.0,28.5,31.7
1604490186,16.0,17.0,18.0,19.0,28.5,31.7
1604490187,16.0,17.0,18.0,19.0,28.5,31.7
1604490188,16.0,17.0,18.0,18.0,28.5,31.7
1604490189,16.0,17.0,17.0,18.0,28.5,31.8
1604490190,16.0,16.0,17.0,18.0,28.5,31.8
1604490191,16.0,16.0,17.0,18.0,28.5,31.8
1604490192,16.0,16.0,17.0,18.0,28.5,31.8
1604490193,16.0,16.0,17.0,18.0,28.5,31.8
1604490194,16.0,16.0,17.0,18.0,28.5,31.6
1604490195,15.0,16.0,18.0,18.0,28.5,31.6
1604490196,15.0,15.0,18.0,18.0,28.5,31.6
1604490197,15.0,15.0,18.0,18.0,28.5,31.6
1604490198,15.0,15.0,18.0,18.0,28.5,31.6
1604490199,15.0,15.0,18.0,18.0,28.5,31.6
1604490200,15.0,15.0,19.0,18.0,28.5,31.6
1604490201,15.0,15.0,18.0,18.0,28.5,31.6
1604490202,15.0,14.0,18.0,18.0,28.5,31.6
1604490203,15.0,14.0,18.0,18.0,28.5,31.6
1604490204,15.0,14.0,18.0,19.0,28.5,31.7
1604490205,15.0,14.0,18.0,19.0,28.5,31.7
1604490206,14.0,14.0,17.0,19.0,28.5,31.7
1604490207,14.0,14.0,17.0,19.0,28.5,31.7
1604490208,14.0,14.0,17.0,19.0,28.5,31.7
1604490209,14.0,14.0,17.0,19.0,28.6,31.9
1604490210,14.0,14.0,17.0,19.0,28.6,31.9
1604490211,14.0,14.0,17.0,19.0,28.6,31.9
1604490212,14.0,14.0,17.0,19.0,28.6,31.9
1604490213,14.0,14.0,17.0,19.0,28.6,31.9
1604490214,14.0,14.0,17.0,19.0,28.6,32.1
1604490215,14.0,14.0,17.0,19.0,28.6,32.1
1604490216,15.0,14.0,17.0,19.0,28.6,32.1
1604490217,15.0,15.0,17.0,19.0,28.6,32.1
1604490218,15.0,15.0,17.0,19.0,28.6,32.1
1604490219,15.0,15.0,17.0,19.0,28.5,31.7
1604490220,15.0,15.0,17.0,19.0,28.5,31.7
1604490221,15.0,15.0,17.0,19.0,28.5,31.7
1604490222,16.0,15.0,17.0,19.0,28.5,31.7
1604490223,16.0,16.0,17.0,19.0,28.5,31.7
1604490224,16.0,16.0,18.0,19.0,28.5,32.4
1604490225,16.0,16.0,18.0,19.0,28.5,32.4
1604490226,16.0,16.0,18.0,19.0,28.5,32.4
1604490227,15.0,16.0,18.0,18.0,28.5,32.4
1604490228,15.0,16.0,18.0,18.0,28.5,32.4
1604490229,15.0,16.0,18.0,18.0,28.5,32.4
1604490230,15.0,16.0,18.0,18.0,28.5,32.4
1604490231,15.0,16.0,18.0,18.0,28.5,32.4
1604490232,14.0,17.0,18.0,18.0,28.5,32.4
1604490233,14.0,17.0,17.0,18.0,28.5,32.4
1604490234,14.0,17.0,17.0,17.0,28.5,32.4
1604490235,14.0,17.0,17.0,17.0,28.5,32.4
1604490236,14.0,17.0,17.0,17.0,28.5,32.4
1604490237,15.0,17.0,17.0,17.0,28.5,32.4
1604490238,15.0,17.0,16.0,17.0,28.5,32.4
1604490239,15.0,17.0,16.0,17.0,28.6,32.6
1604490240,15.0,17.0,16.0,17.0,28.6,32.6
1604490241,15.0,17.0,16.0,17.0,28.6,32.6
1604490242,15.0,17.0,16.0,17.0,28.6,32.6
1604490243,16.0,17.0,16.0,17.0,28.6,32.6
1604490244,16.0,17.0,16.0,18.0,28.5,32.6
1604490245,16.0,17.0,16.0,18.0,28.5,32.6
1604490246,16.0,17.0,16.0,18.0,28.5,32.6
1604490247,16.0,17.0,17.0,18.0,28.5,32.6
1604490248,16.0,17.0,17.0,18.0,28.5,32.6
1604490249,15.0,17.0,17.0,19.0,28.6,32.8
1604490250,15.0,17.0,17.0,19.0,28.6,32.8
1604490251,15.0,17.0,17.0,19.0,28.6,32.8
1604490252,15.0,17.0,17.0,19.0,28.6,32.8
1604490253,15.0,17.0,17.0,19.0,28.6,32.8
1604490254,15.0,17.0,17.0,19.0,28.6,32.8
1604490255,15.0,17.0,17.0,19.0,28.6,32.8
1604490256,15.0,17.0,17.0,19.0,28.6,32.8
1604490257,15.0,17.0,17.0,19.0,28.6,32.8
1604490258,15.0,16.0,16.0,18.0,28.6,32.8
1604490259,15.0,16.0,16.0,18.0,28.6,33.0
1604490260,15.0,16.0,16.0,18.0,28.6,33.0
1604490261,15.0,16.0,16.0,18.0,28.6,33.0
1604490262,15.0,16.0,16.0,18.0,28.6,33.0
1604490263,15.0,16.0,16.0,18.0,28.6,33.0
1604490264,15.0,16.0,16.0,18.0,28.6,33.0
1604490265,15.0,16.0,16.0,18.0,28.6,33.0
1604490266,15.0,16.0,17.0,18.0,28.6,33.0
1604490267,15.0,16.0,17.0,17.0,28.6,33.0
1604490268,15.0,16.0,18.0,17.0,28.6,33.0
1604490269,15.0,16.0,18.0,17.0,28.6,33.1
1604490270,15.0,15.0,18.0,17.0,28.6,33.1
1604490271,15.0,15.0,19.0,17.0,28.6,33.1
1604490272,15.0,15.0,19.0,17.0,28.6,33.1
1604490273,15.0,15.0,20.0,17.0,28.6,33.1
1604490274,15.0,15.0,20.0,17.0,28.6,33.2
1604490275,15.0,15.0,20.0,17.0,28.6,33.2
1604490276,15.0,15.0,19.0,17.0,28.6,33.2
1604490277,15.0,15.0,19.0,17.0,28.6,33.2
1604490278,15.0,15.0,19.0,17.0,28.6,33.2
1604490279,15.0,15.0,19.0,17.0,28.6,32.8
1604490280,15.0,15.0,18.0,17.0,28.6,32.8
1604490281,15.0,15.0,18.0,17.0,28.6,32.8
1604490282,15.0,15.0,18.0,17.0,28.6,32.8
1604490283,14.0,16.0,18.0,17.0,28.6,32.8
1604490284,14.0,16.0,18.0,17.0,28.6,32.6
1604490285,14.0,16.0,18.0,18.0,28.6,32.6
1604490286,14.0,16.0,18.0,18.0,28.6,32.6
1604490287,14.0,16.0,18.0,18.0,28.6,32.6
1604490288,15.0,16.0,18.0,18.0,28.6,32.6
1604490289,15.0,16.0,18.0,18.0,28.6,32.6
1604490290,15.0,16.0,18.0,18.0,28.6,32.6
1604490291,15.0,16.0,18.0,18.0,28.6,32.6
1604490292,16.0,16.0,18.0,18.0,28.6,32.6
1604490293,16.0,16.0,18.0,18.0,28.6,32.6
1604490294,17.0,16.0,18.0,18.0,28.6,32.6
1604490295,17.0,16.0,18.0,18.0,28.6,32.6
1604490296,17.0,16.0,18.0,18.0,28.6,32.6
1604490297,17.0,16.0,17.0,18.0,28.6,32.6
1604490298,17.0,16.0,17.0,18.0,28.6,32.6
1604490299,17.0,16.0,17.0,18.0,28.6,32.7
1604490300,17.0,16.0,17.0,18.0,28.6,32.7
1604490301,17.0,15.0,16.0,18.0,28.6,32.7
1604490302,17.0,15.0,16.0,18.0,28.6,32.7
1604490303,17.0,15.0,16.0,17.0,28.6,32.7
1604490304,17.0,15.0,16.0,17.0,28.6,32.6
1604490305,16.0,15.0,16.0,17.0,28.6,32.6
1604490306,16.0,15.0,16.0,17.0,28.6,32.6
1604490307,16.0,15.0,16.0,17.0,28.6,32.6
1604490308,16.0,15.0,16.0,17.0,28.6,32.6
1604490309,16.0,15.0,16.0,17.0,28.6,32.6
1604490310,16.0,15.0,16.0,18.0,28.6,32.6
1604490311,16.0,15.0,16.0,18.0,28.6,32.6
1604490312,16.0,15.0,16.0,18.0,28.6,32.6
1604490313,16.0,15.0,16.0,18.0,28.6,32.6
1604490314,16.0,15.0,16.0,18.0,28.6,32.6
1604490315,16.0,15.0,16.0,18.0,28.6,32.6
1604490316,16.0,15.0,16.0,18.0,28.6,32.6
1604490317,16.0,15.0,16.0,18.0,28.6,32.6
1604490318,16.0,15.0,17.0,18.0,28.6,32.6
1604490319,16.0,15.0,17.0,18.0,28.7,32.6
1604490320,16.0,15.0,17.0,18.0,28.7,32.6
1604490321,16.0,15.0,17.0,18.0,28.7,32.6
1604490322,16.0,15.0,17.0,18.0,28.7,32.6
1604490323,16.0,15.0,17.0,18.0,28.7,32.6
1604490324,16.0,15.0,17.0,18.0,28.7,32.6
1604490325,16.0,16.0,17.0,18.0,28.7,32.6
1604490326,16.0,16.0,17.0,18.0,28.7,32.6
1604490327,16.0,16.0,17.0,18.0,28.7,32.6
1604490328,16.0,16.0,17.0,18.0,28.7,32.6
1604490329,16.0,16.0,17.0,19.0,28.7,32.7
1604490330,16.0,16.0,17.0,19.0,28.7,32.7
1604490331,16.0,16.0,17.0,19.0,28.7,32.7
1604490332,16.0,16.0,17.0,19.0,28.7,32.7
1604490333,16.0,16.0,17.0,19.0,28.7,32.7
1604490334,16.0,16.0,17.0,18.0,28.7,32.7
1604490335,16.0,16.0,18.0,18.0,28.7,32.7
1604490336,16.0,16.0,18.0,18.0,28.7,32.7
1604490337,16.0,16.0,18.0,18.0,28.7,32.7
1604490338,15.0,16.0,18.0,18.0,28.7,32.7
1604490339,15.0,16.0,18.0,18.0,28.7,32.9
1604490340,15.0,16.0,19.0,18.0,28.7,32.9
1604490341,15.0,16.0,19.0,18.0,28.7,32.9
1604490342,15.0,16.0,19.0,18.0,28.7,32.9
1604490343,15.0,16.0,19.0,18.0,28.7,32.9
1604490344,15.0,16.0,19.0,18.0,28.7,32.9
1604490345,15.0,16.0,19.0,19.0,28.7,32.9
1604490346,15.0,15.0,19.0,19.0,28.7,32.9
1604490347,15.0,15.0,18.0,19.0,28.7,32.9
1604490348,15.0,15.0,18.0,19.0,28.7,32.9
1604490349,15.0,15.0,18.0,19.0,28.7,32.9
1604490350,15.0,15.0,17.0,19.0,28.7,32.9
1604490351,15.0,15.0,17.0,19.0,28.7,32.9
1604490352,15.0,15.0,17.0,20.0,28.7,32.9
1604490353,15.0,15.0,17.0,20.0,28.7,32.9
1604490354,15.0,15.0,17.0,20.0,28.8,32.9
1604490355,15.0,15.0,16.0,19.0,28.8,32.9
1604490356,15.0,15.0,16.0,19.0,28.8,32.9
1604490357,15.0,15.0,16.0,19.0,28.8,32.9
1604490358,15.0,15.0,16.0,19.0,28.8,32.9
1604490359,16.0,15.0,16.0,19.0,28.8,32.9
1604490360,16.0,15.0,17.0,19.0,28.8,32.9
1604490361,16.0,15.0,17.0,18.0,28.8,32.9
1604490362,16.0,15.0,17.0,18.0,28.8,32.9
1604490363,16.0,15.0,17.0,18.0,28.8,32.9
1604490364,16.0,16.0,17.0,18.0,28.8,33.0
1604490365,16.0,16.0,17.0,18.0,28.8,33.0
1604490366,16.0,15.0,18.0,18.0,28.8,33.0
1604490367,16.0,15.0,18.0,18.0,28.8,33.0
1604490368,16.0,15.0,18.0,18.0,28.8,33.0
1604490369,16.0,15.0,18.0,18.0,28.8,33.0
1604490370,16.0,15.0,18.0,18.0,28.8,33.0
1604490371,16.0,15.0,18.0,18.0,28.8,33.0
1604490372,15.0,15.0,18.0,18.0,28.8,33.0
1604490373,15.0,15.0,18.0,18.0,28.8,33.0
1604490374,15.0,15.0,18.0,18.0,28.8,33.0
1604490375,15.0,15.0,18.0,18.0,28.8,33.0
1604490376,15.0,15.0,18.0,17.0,28.8,33.0
1604490377,15.0,16.0,17.0,17.0,28.8,33.0
1604490378,15.0,16.0,17.0,17.0,28.8,33.0
1604490379,15.0,17.0,17.0,17.0,28.9,33.2
1604490380,15.0,17.0,17.0,17.0,28.9,33.2
1604490381,15.0,17.0,17.0,17.0,28.9,33.2
1604490382,15.0,17.0,17.0,17.0,28.9,33.2
1604490383,15.0,17.0,17.0,17.0,28.9,33.2
1604490384,15.0,17.0,17.0,17.0,28.9,33.2
1604490385,15.0,17.0,17.0,17.0,28.9,33.2
1604490386,15.0,16.9,17.0,17.0,28.9,33.2
1604490387,15.0,16.8,17.0,17.0,28.9,33.2
1604490388,15.0,16.7,17.0,17.0,28.9,33.2
1604490389,15.0,16.6,17.0,17.0,28.9,33.2
1604490390,15.0,16.5,17.0,17.0,28.9,33.2
1604490391,15.0,16.4,17.0,17.0,28.9,33.2
1604490392,15.0,16.3,17.0,17.0,28.9,33.2
1604490393,15.0,16.2,17.0,17.0,28.9,33.2
1604490394,15.0,16.1,17.0,17.0,28.9,33.2
1604490395,15.0,16.0,17.0,17.0,28.9,33.2
1604490396,15.0,16.0,17.0,18.0,28.9,33.2
1604490397,15.0,16.0,17.0,18.0,28.9,33.2
1604490398,15.0,16.0,17.0,18.0,28.9,33.4
1604490399,15.0,16.0,17.0,18.0,28.9,33.4
1604490400,15.0,16.0,17.0,18.0,28.9,33.4
1604490401,15.0,16.0,17.0,18.0,28.9,33.4
1604490402,15.0,16.0,17.0,19.0,28.9,33.4
1604490403,15.0,16.0,17.0,19.0,28.9,33.3
1604490404,15.0,16.0,17.0,18.0,28.9,33.3
1604490405,15.0,16.0,17.0,18.0,28.9,33.3
1604490406,15.0,16.0,17.0,18.0,28.9,33.3
1604490407,15.0,16.0,17.0,18.0,28.9,33.3
1604490408,15.0,16.0,17.0,18.0,28.9,33.3
1604490409,15.0,16.0,17.0,18.0,28.9,33.3
1604490410,16.0,16.0,17.0,18.0,28.9,33.3
1604490411,16.0,16.0,17.0,18.0,28.9,33.3
1604490412,16.0,16.0,17.0,19.0,28.9,33.3
1604490413,16.0,16.0,17.0,19.0,28.9,33.3
1604490414,16.0,16.0,17.0,19.0,28.9,33.4
1604490415,16.0,16.0,17.0,19.0,28.9,33.4
1604490416,15.0,16.0,17.0,19.0,28.9,33.4
1604490417,15.0,16.0,18.0,20.0,28.9,33.4
1604490418,15.0,16.0,18.0,20.0,28.9,33.4
1604490419,15.0,16.0,18.0,20.0,28.9,33.3
1604490420,15.0,16.0,18.0,20.0,28.9,33.3
1604490421,15.0,16.0,18.0,20.0,28.9,33.3
1604490422,15.0,16.0,18.0,20.0,28.9,33.3
1604490423,15.0,16.0,18.0,20.0,28.9,33.3
1604490424,15.0,17.0,18.0,19.0,28.9,33.4
1604490425,15.0,17.0,18.0,19.0,28.9,33.4
1604490426,14.0,17.0,18.0,19.0,28.9,33.4
1604490427,14.0,17.0,18.0,19.0,28.9,33.4
1604490428,14.0,17.0,18.0,18.0,28.9,33.4
1604490429,14.0,17.0,18.0,18.0,28.9,32.8
1604490430,14.0,17.0,18.0,18.0,28.9,32.8
1604490431,14.0,18.0,18.0,18.0,28.9,32.8
1604490432,14.0,18.0,17.0,18.0,28.9,32.8
1604490433,14.0,18.0,17.0,18.0,28.9,32.8
1604490434,14.0,18.0,17.0,18.0,28.9,33.5
1604490435,14.0,18.0,17.0,18.0,28.9,33.5
1604490436,14.0,17.0,16.0,18.0,28.9,33.5
1604490437,14.0,17.0,16.0,18.0,28.9,33.5
1604490438,14.0,17.0,16.0,18.0,28.9,33.5
1604490439,14.0,17.0,16.0,18.0,28.9,33.4
1604490440,14.0,17.0,16.0,18.0,28.9,33.4
1604490441,15.0,17.0,17.0,18.0,28.9,33.4
1604490442,14.0,17.0,17.0,18.0,28.9,33.4
1604490443,14.0,17.0,17.0,18.0,28.9,33.4
1604490444,14.0,16.0,17.0,18.0,28.9,33.5
1604490445,14.0,16.0,17.0,18.0,28.9,33.5
1604490446,14.0,16.0,18.0,18.0,28.9,33.5
1604490447,14.0,16.0,18.0,18.0,28.9,33.5
1604490448,14.0,16.0,18.0,18.0,28.9,33.5
1604490449,14.0,16.0,18.0,18.0,28.9,33.3
1604490450,14.0,16.0,18.0,19.0,28.9,33.3
1604490451,14.0,16.0,18.0,19.0,28.9,33.3
1604490452,14.0,15.0,18.0,19.0,28.9,33.3
1604490453,14.0,15.0,17.0,19.0,28.9,33.3
1604490454,14.0,15.0,17.0,19.0,29.0,32.7
1604490455,15.0,15.0,17.0,19.0,29.0,32.7
1604490456,15.0,15.0,17.0,19.0,29.0,32.7
1604490457,15.0,16.0,17.0,19.0,29.0,32.7
1604490458,15.0,16.0,16.0,19.0,29.0,32.7
1604490459,15.0,16.0,16.0,19.0,29.0,32.6
1604490460,15.0,16.0,16.0,19.0,29.0,32.6
1604490461,15.0,16.0,16.0,19.0,29.0,32.6
1604490462,15.0,16.0,16.0,19.0,29.0,32.6
1604490463,15.0,16.0,16.0,19.0,29.0,32.6
1604490464,15.0,17.0,16.0,19.0,29.0,32.6
1604490465,15.0,17.0,16.0,19.0,29.0,32.6
1604490466,15.0,17.0,17.0,19.0,29.0,32.6
1604490467,15.0,17.0,17.0,19.0,29.0,32.6
1604490468,14.0,17.0,17.0,19.0,29.0,32.6
1604490469,14.0,17.0,17.0,19.0,29.0,32.6
1604490470,14.0,17.0,17.0,19.0,29.0,32.6
1604490471,14.0,17.0,17.0,19.0,29.0,32.6
1604490472,14.0,17.0,17.0,19.0,29.0,32.6
1604490473,14.0,17.0,17.0,18.0,29.0,32.6
1604490474,14.0,17.0,17.0,18.0,29.0,32.6
1604490475,15.0,17.0,17.0,18.0,29.0,32.6
1604490476,15.0,17.0,17.0,18.0,29.0,32.6
1604490477,15.0,17.0,17.0,18.0,29.0,32.6
1604490478,15.0,17.0,17.0,18.0,29.0,32.6
1604490479,15.0,16.0,17.0,18.0,29.0,32.8
1604490480,15.0,16.0,17.0,18.0,29.0,32.8
1604490481,15.0,16.0,17.0,17.0,29.0,32.8
1604490482,15.0,16.0,17.0,17.0,29.0,32.8
1604490483,15.0,16.0,17.0,17.0,29.0,32.8
1604490484,15.0,16.0,17.0,17.0,29.0,33.0
1604490485,15.0,17.0,17.0,17.0,29.0,33.0
1604490486,15.0,17.0,17.0,18.0,29.0,33.0
1604490487,15.0,17.0,17.0,18.0,29.0,33.0
1604490488,15.0,17.0,17.0,18.0,29.0,33.0
1604490489,15.0,17.0,18.0,18.0,29.0,33.1
1604490490,15.0,17.0,18.0,18.0,29.0,33.1
1604490491,16.0,17.0,18.0,18.0,29.0,33.1
1604490492,16.0,17.0,19.0,19.0,29.0,33.1
1604490493,16.0,17.0,19.0,19.0,29.0,33.1
1604490494,16.0,17.0,19.0,19.0,29.0,32.9
1604490495,16.0,17.0,19.0,19.0,29.0,32.9
1604490496,16.0,17.0,19.0,19.0,29.0,32.9
1604490497,16.0,16.0,19.0,19.0,29.0,32.9
1604490498,16.0,16.0,19.0,19.0,29.0,32.9
1604490499,16.0,16.0,19.0,19.0,29.0,32.7
1604490500,16.0,16.0,19.0,18.0,29.0,32.7
1604490501,16.0,16.0,19.0,18.0,29.0,32.7
1604490502,16.0,16.0,18.0,18.0,29.0,32.7
1604490503,15.0,16.0,18.0,18.0,29.0,32.7
1604490504,15.0,16.0,18.0,18.0,29.1,32.7
1604490505,15.0,16.0,18.0,18.0,29.1,32.7
1604490506,15.0,16.0,18.0,18.0,29.1,32.7
1604490507,15.0,16.0,17.0,18.0,29.1,32.7
1604490508,15.0,16.0,17.0,18.0,29.1,32.7
1604490509,15.0,16.0,17.0,18.0,29.1,32.7
1604490510,15.0,16.0,17.0,18.0,29.1,32.7
1604490511,15.0,16.0,17.0,18.0,29.1,32.7
1604490512,15.0,16.0,17.0,18.0,29.1,32.7
1604490513,15.0,16.0,17.0,18.0,29.1,32.7
1604490514,15.0,16.0,17.0,18.0,29.1,32.4
1604490515,15.0,16.0,17.0,18.0,29.1,32.4
1604490516,15.0,16.0,17.0,18.0,29.1,32.4
1604490517,15.0,16.0,17.0,18.0,29.1,32.4
1604490518,15.0,15.0,17.0,18.0,29.1,32.4
1604490519,15.0,15.0,17.0,18.0,29.1,32.5
1604490520,15.0,15.0,18.0,18.0,29.1,32.5
1604490521,15.0,15.0,18.0,18.0,29.1,32.5
1604490522,15.0,15.0,18.0,18.0,29.1,32.5
1604490523,15.0,15.0,18.0,18.0,29.1,32.5
1604490524,15.0,15.0,18.0,18.0,29.0,32.3
1604490525,15.0,15.0,18.0,18.0,29.0,32.3
1604490526,15.0,15.0,18.0,18.0,29.0,32.3
1604490527,15.0,15.0,18.0,18.0,29.0,32.3
1604490528,15.0,15.0,18.0,19.0,29.0,32.3
1604490529,16.0,15.0,18.0,19.0,29.1,32.3
1604490530,16.0,16.0,18.0,19.0,29.1,32.3
1604490531,16.0,16.0,18.0,19.0,29.1,32.3
1604490532,17.0,16.0,18.0,19.0,29.1,32.3
1604490533,17.0,16.0,18.0,19.0,29.1,32.3
1604490534,17.0,16.0,17.0,18.0,29.1,32.2
1604490535,17.0,16.0,17.0,18.0,29.1,32.2
1604490536,17.0,16.0,17.0,18.0,29.1,32.2
1604490537,16.0,16.0,17.0,18.0,29.1,32.2
1604490538,16.0,17.0,17.0,18.0,29.1,32.2
1604490539,16.0,17.0,17.0,18.0,29.1,32.3
1604490540,16.0,17.0,17.0,18.0,29.1,32.3
1604490541,15.0,17.0,18.0,18.0,29.1,32.3
1604490542,15.0,17.0,18.0,18.0,29.1,32.3
1604490543,15.0,17.0,18.0,18.0,29.1,32.3
1604490544,15.0,17.0,18.0,18.0,29.1,32.4
1604490545,15.0,17.0,18.0,18.0,29.1,32.4
1604490546,15.0,17.0,18.0,18.0,29.1,32.4
1604490547,15.0,17.0,18.0,18.0,29.1,32.4
1604490548,15.0,16.0,18.0,18.0,29.1,32.4
1604490549,15.0,16.0,18.0,18.0,29.1,32.5
1604490550,15.0,16.0,18.0,18.0,29.1,32.5
1604490551,15.0,16.0,17.0,18.0,29.1,32.5
1604490552,15.0,16.0,17.0,18.0,29.1,32.5
1604490553,16.0,16.0,17.0,18.0,29.1,32.5
1604490554,16.0,16.0,17.0,18.0,29.1,32.7
1604490555,16.0,16.0,17.0,19.0,29.1,32.7
1604490556,16.0,16.0,16.0,19.0,29.1,32.7
1604490557,16.0,16.0,16.0,19.0,29.1,32.7
1604490558,16.0,16.0,16.0,19.0,29.1,32.7
1604490559,16.0,16.0,16.0,19.0,29.1,32.7
1604490560,15.0,16.0,16.0,19.0,29.1,32.7
1604490561,15.0,17.0,16.0,19.0,29.1,32.7
1604490562,15.0,17.0,16.0,19.0,29.1,32.7
1604490563,15.0,17.0,16.0,19.0,29.1,32.7
1604490564,15.0,17.0,16.0,19.0,29.1,32.7
1604490565,14.0,17.0,16.0,19.0,29.1,32.7
1604490566,14.0,17.0,16.0,19.0,29.1,32.7
1604490567,14.0,17.0,16.0,18.0,29.1,32.7
1604490568,14.0,17.0,17.0,18.0,29.1,32.7
1604490569,14.0,17.0,17.0,18.0,29.1,32.7
1604490570,14.0,17.0,17.0,18.0,29.1,32.7
1604490571,15.0,17.0,17.0,18.0,29.1,32.7
1604490572,15.0,17.0,17.0,18.0,29.1,32.7
1604490573,15.0,17.0,17.0,18.0,29.1,32.7
1604490574,15.0,17.0,17.0,18.0,29.2,32.5
1604490575,15.0,17.0,17.0,18.0,29.2,32.5
1604490576,14.0,17.0,17.0,18.0,29.2,32.5
1604490577,14.0,17.0,17.0,18.0,29.2,32.5
1604490578,14.0,17.0,17.0,18.0,29.2,32.5
1604490579,14.0,17.0,17.0,18.0,29.1,32.4
1604490580,14.0,17.0,17.0,18.0,29.1,32.4
1604490581,14.0,17.0,17.0,18.0,29.1,32.4
1604490582,14.0,17.0,17.0,18.0,29.1,32.4
1604490583,14.0,17.0,17.0,18.0,29.1,32.4
1604490584,14.0,17.0,17.0,18.0,29.2,32.4
1604490585,14.0,17.0,17.0,18.0,29.2,32.4
1604490586,14.0,17.0,17.0,18.0,29.2,32.4
1604490587,14.0,17.0,17.0,18.0,29.2,32.4
1604490588,14.0,17.0,17.0,18.0,29.2,32.4
1604490589,14.0,17.0,17.0,18.0,29.1,32.2
1604490590,14.0,17.0,17.0,18.0,29.1,32.2
1604490591,14.0,17.0,17.0,18.0,29.1,32.2
1604490592,14.0,17.0,17.0,18.0,29.1,32.2
1604490593,14.0,17.0,17.0,18.0,29.1,32.2
1604490594,15.0,17.0,17.0,18.0,29.1,32.3
1604490595,15.0,17.0,17.0,18.0,29.1,32.3
1604490596,15.0,17.0,17.0,18.0,29.1,32.3
1604490597,14.0,18.0,17.0,18.0,29.1,32.3
1604490598,14.0,18.0,17.0,18.0,29.1,32.3
1604490599,14.0,18.0,17.0,18.0,29.2,32.4
1604490600,14.0,18.0,17.0,18.0,29.2,32.4
1604490601,14.0,18.0,17.0,18.0,29.2,32.4
1604490602,14.0,18.0,17.0,18.0,29.2,32.4
1604490603,14.0,18.0,16.0,18.0,29.2,32.4
1604490604,14.0,16.0,16.0,18.0,29.2,32.3
1604490605,14.0,16.0,16.0,18.0,29.2,32.3
1604490606,15.0,16.0,17.0,18.0,29.2,32.3
1604490607,15.0,17.0,17.0,18.0,29.2,32.3
1604490608,15.0,17.0,17.0,18.0,29.2,32.3
1604490609,14.0,17.0,17.0,18.0,29.1,32.3
1604490610,14.0,17.0,17.0,18.0,29.1,32.3
1604490611,14.0,17.0,17.0,18.0,29.1,32.3
1604490612,14.0,17.0,18.0,18.0,29.1,32.3
1604490613,14.0,17.0,18.0,18.0,29.1,32.3
1604490614,14.0,16.0,18.0,19.0,29.2,32.4
1604490615,14.0,16.0,18.0,19.0,29.2,32.4
1604490616,14.11111111111111,16.0,18.0,19.11111111111111,29.2,32.4
1604490617,14.22222222222222,16.0,18.0,19.22222222222222,29.2,32.4
1604490618,14.333333333333334,16.0,18.0,19.33333333333333,29.2,32.4
1604490619,14.444444444444445,16.0,18.0,19.444444444444443,29.2,32.4
1604490620,14.555555555555555,16.0,18.0,19.55555555555556,29.2,32.4
1604490621,14.666666666666666,16.0,18.0,19.666666666666668,29.2,32.4
1604490622,14.77777777777778,16.0,18.0,19.77777777777778,29.2,32.4
1604490623,14.88888888888889,16.0,18.0,19.88888888888889,29.2,32.4
1604490624,15.0,16.0,18.0,20.0,29.2,32.4
1604490625,15.0,16.0,18.0,20.0,29.2,32.4
1604490626,15.0,16.0,19.0,20.0,29.2,32.4
1604490627,15.0,16.0,19.0,20.0,29.2,32.4
1604490628,14.0,16.0,19.0,20.0,29.2,32.4
1604490629,14.0,16.0,19.0,21.0,29.2,32.4
1604490630,14.0,16.0,18.0,21.0,29.2,32.4
1604490631,15.0,16.0,18.0,21.0,29.2,32.4
1604490632,15.0,16.0,19.0,21.0,29.2,32.4
1604490633,15.0,16.0,18.0,21.0,29.2,32.4
1604490634,15.0,16.0,18.0,21.0,29.2,32.4
1604490635,15.0,16.0,18.0,21.0,29.2,32.4
1604490636,15.0,16.0,18.0,21.0,29.2,32.4
1604490637,15.0,16.0,18.0,21.0,29.2,32.4
1604490638,15.0,16.0,18.0,21.0,29.2,32.4
1604490639,15.0,16.0,19.0,21.0,29.2,32.4
1604490640,15.0,16.0,19.0,21.0,29.2,32.4
1604490641,15.0,16.0,19.0,21.0,29.2,32.4
1604490642,15.0,16.0,19.0,21.0,29.2,32.4
1604490643,15.0,16.0,20.0,21.0,29.2,32.4
1604490644,15.0,15.0,20.0,20.0,29.2,32.4
1604490645,15.0,15.0,20.0,20.0,29.2,32.4
1604490646,15.0,15.0,20.0,20.0,29.2,32.4
1604490647,15.0,15.0,20.0,20.0,29.2,32.5
1604490648,15.0,15.0,19.0,20.0,29.2,32.5
1604490649,14.0,15.0,19.0,20.0,29.2,32.5
1604490650,14.0,16.0,19.0,20.0,29.2,32.5
1604490651,14.0,16.0,19.0,20.0,29.2,32.5
1604490652,14.0,16.0,19.0,20.0,29.2,32.5
1604490653,14.0,16.0,16.0,20.0,29.2,32.5
1604490654,14.0,16.0,16.0,20.0,29.2,32.5
1604490655,14.0,16.0,16.0,20.0,29.2,32.5
1604490656,14.0,16.0,16.0,20.0,29.2,32.5
1604490657,14.0,16.0,16.0,20.0,29.2,32.5
1604490658,14.0,16.0,16.0,20.0,29.2,32.5
1604490659,14.0,16.0,16.0,20.0,29.2,32.5
1604490660,14.0,16.0,16.0,20.0,29.2,32.5
1604490661,14.0,16.0,16.0,20.0,29.2,32.5
1604490662,14.0,16.0,16.0,20.0,29.2,32.6
1604490663,14.0,16.0,16.0,20.0,29.2,32.6
1604490664,14.0,16.0,16.0,20.0,29.2,32.6
1604490665,14.0,16.0,16.0,20.0,29.2,32.6
1604490666,14.0,16.0,16.0,20.0,29.2,32.6
1604490667,14.0,16.0,16.0,19.0,29.2,32.7
1604490668,14.0,16.0,17.0,19.0,29.2,32.7
1604490669,14.0,16.0,17.0,19.0,29.2,32.7
1604490670,14.0,16.0,17.0,19.0,29.2,32.7
1604490671,14.0,16.0,18.0,20.0,29.2,32.7
1604490672,14.0,16.0,18.0,20.0,29.2,32.8
1604490673,14.0,16.0,18.0,20.0,29.2,32.8
1604490674,14.0,16.0,18.0,20.0,29.2,32.8
1604490675,15.0,17.0,18.0,20.0,29.2,32.8
1604490676,15.0,17.0,18.0,20.0,29.2,32.8
1604490677,15.0,17.0,18.0,20.0,29.2,32.7
1604490678,15.0,17.0,18.0,20.0,29.2,32.7
1604490679,15.0,17.0,18.0,20.0,29.2,32.7
1604490680,15.0,16.0,18.0,20.0,29.2,32.7
1604490681,15.0,16.0,18.0,19.0,29.2,32.7
1604490682,15.0,16.0,18.0,19.0,29.3,32.7
1604490683,15.0,16.0,18.0,19.0,29.3,32.7
1604490684,15.0,16.0,18.0,19.0,29.3,32.7
1604490685,15.0,15.0,18.0,19.0,29.3,32.7
1604490686,15.0,15.0,18.0,19.0,29.3,32.7
1604490687,15.0,15.0,18.0,19.0,29.3,32.8
1604490688,14.0,15.0,18.0,19.0,29.3,32.8
1604490689,14.0,15.0,18.0,19.0,29.3,32.8
1604490690,14.0,16.0,18.0,19.0,29.3,32.8
1604490691,14.0,16.0,18.0,19.0,29.3,32.8
1604490692,14.0,16.0,18.0,19.0,29.2,32.7
1604490693,15.0,16.0,18.0,19.0,29.2,32.7
1604490694,15.0,16.0,18.0,20.0,29.2,32.7
1604490695,15.0,16.0,18.0,20.0,29.2,32.7
1604490696,15.0,17.0,18.0,20.0,29.2,32.7
1604490697,15.0,17.0,17.0,20.0,29.3,32.6
1604490698,15.0,16.0,17.0,20.0,29.3,32.6
1604490699,15.0,16.0,17.0,20.0,29.3,32.6
1604490700,15.0,16.0,17.0,20.0,29.3,32.6
1604490701,15.0,16.0,17.0,20.0,29.3,32.6
1604490702,15.0,16.0,17.0,20.0,29.3,32.5
1604490703,15.0,16.0,17.0,20.0,29.3,32.5
1604490704,15.0,16.0,17.0,20.0,29.3,32.5
1604490705,15.0,16.0,17.0,20.0,29.3,32.5
1604490706,15.0,16.0,17.0,19.0,29.3,32.5
1604490707,15.0,16.0,17.0,19.0,29.2,32.5
1604490708,15.0,16.0,17.0,19.0,29.2,32.5
1604490709,14.0,16.0,17.0,19.0,29.2,32.5
1604490710,15.0,16.0,17.0,19.0,29.2,32.5
1604490711,15.0,17.0,17.0,19.0,29.2,32.5
1604490712,15.0,17.0,17.0,19.0,29.3,32.6
1604490713,15.0,17.0,17.0,20.0,29.3,32.6
1604490714,15.0,17.0,17.0,20.0,29.3,32.6
1604490715,15.0,17.0,16.0,20.0,29.3,32.6
1604490716,15.0,17.0,16.0,20.0,29.3,32.6
1604490717,15.0,17.0,16.0,20.0,29.2,32.6
1604490718,16.0,17.0,16.0,20.0,29.2,32.6
1604490719,16.0,17.0,16.0,20.0,29.2,32.6
1604490720,16.0,17.0,16.0,20.0,29.2,32.6
1604490721,16.0,17.0,16.0,20.0,29.2,32.6
1604490722,16.0,17.0,17.0,20.0,29.3,33.1
1604490723,16.0,17.0,17.0,20.0,29.3,33.1
1604490724,16.0,17.0,17.0,20.0,29.3,33.1
1604490725,16.0,17.0,17.0,20.0,29.3,33.1
1604490726,16.0,17.0,17.0,20.0,29.3,33.1
1604490727,16.0,17.0,18.0,20.0,29.3,33.2
1604490728,16.0,17.0,18.0,20.0,29.3,33.2
1604490729,16.0,17.0,18.0,20.0,29.3,33.2
1604490730,16.0,17.0,18.0,20.0,29.3,33.2
1604490731,16.0,17.0,18.0,20.0,29.3,33.2
1604490732,16.0,17.0,18.0,20.0,29.4,33.3
1604490733,16.0,17.0,17.0,20.0,29.4,33.3
1604490734,16.0,17.0,17.0,20.0,29.4,33.3
1604490735,16.0,17.0,17.0,20.0,29.4,33.3
1604490736,16.0,17.0,17.0,20.0,29.4,33.3
1604490737,16.0,17.0,17.0,20.0,29.3,33.2
1604490738,16.0,17.0,17.0,20.0,29.3,33.2
1604490739,16.0,17.0,16.0,20.0,29.3,33.2
1604490740,16.0,17.0,16.0,20.0,29.3,33.2
1604490741,15.0,17.0,16.0,20.0,29.3,33.2
1604490742,15.0,17.0,16.0,20.0,29.3,32.8
1604490743,15.0,17.0,16.0,20.0,29.3,32.8
1604490744,15.0,17.0,16.0,20.0,29.3,32.8
1604490745,15.0,17.0,16.0,20.0,29.3,32.8
1604490746,15.0,17.0,16.0,20.0,29.3,32.8
1604490747,15.0,17.0,16.0,20.0,29.3,32.9
1604490748,15.0,17.0,17.0,20.0,29.3,32.9
1604490749,15.0,17.0,17.0,20.0,29.3,32.9
1604490750,15.0,17.0,17.0,20.0,29.3,32.9
1604490751,15.0,17.0,17.0,21.0,29.3,32.9
1604490752,15.0,16.0,17.0,21.0,29.3,32.9
1604490753,15.0,16.0,18.0,21.0,29.3,32.9
1604490754,15.0,16.0,18.0,21.0,29.3,32.9
1604490755,15.0,16.0,17.0,21.0,29.3,32.9
1604490756,15.0,16.0,17.0,21.0,29.3,32.9
1604490757,15.0,16.0,17.0,21.0,29.3,33.0
1604490758,15.0,16.0,17.0,21.0,29.3,33.0
1604490759,15.0,16.0,18.0,21.0,29.3,33.0
1604490760,15.0,16.0,18.0,21.0,29.3,33.0
1604490761,15.0,16.0,17.0,21.0,29.3,33.0
1604490762,15.0,16.0,17.0,21.0,29.3,33.0
1604490763,15.0,16.0,17.0,21.0,29.3,33.0
1604490764,15.0,15.0,17.0,21.0,29.3,33.0
1604490765,15.0,15.0,17.0,21.0,29.3,33.0
1604490766,16.0,15.0,17.0,21.0,29.3,33.0
1604490767,16.0,15.0,17.0,21.0,29.4,33.0
1604490768,16.0,15.0,17.0,21.0,29.4,33.0
1604490769,16.0,15.0,16.0,20.0,29.4,33.0
1604490770,16.0,15.0,16.0,20.0,29.4,33.0
1604490771,16.0,15.0,16.0,20.0,29.4,33.0
1604490772,16.0,15.0,16.0,20.0,29.4,33.0
1604490773,16.0,15.0,16.0,20.0,29.4,33.0
1604490774,16.0,16.0,17.0,20.0,29.4,33.0
1604490775,16.0,16.0,17.0,20.0,29.4,33.0
1604490776,16.0,16.0,17.0,20.0,29.4,33.0
1604490777,16.0,16.0,17.0,20.0,29.3,32.8
1604490778,16.0,16.0,17.0,20.0,29.3,32.8
1604490779,16.0,16.0,18.0,20.0,29.3,32.8
1604490780,16.0,16.0,18.0,20.0,29.3,32.8
1604490781,16.0,17.0,18.0,20.0,29.3,32.8
1604490782,16.0,17.0,18.0,19.0,29.4,32.8
1604490783,16.0,17.0,18.0,19.0,29.4,32.8
1604490784,16.0,17.0,18.0,19.0,29.4,32.8
1604490785,16.0,17.0,18.0,19.0,29.4,32.8
1604490786,16.0,17.0,18.0,19.0,29.4,32.8
1604490787,16.0,17.0,17.0,19.0,29.4,32.7
1604490788,16.0,17.0,17.0,19.0,29.4,32.7
1604490789,16.0,17.0,17.0,19.0,29.4,32.7
1604490790,16.0,17.0,18.0,20.0,29.4,32.7
1604490791,16.0,17.0,18.0,20.0,29.4,32.7
1604490792,15.0,17.0,18.0,20.0,29.4,32.6
1604490793,15.0,16.0,18.0,20.0,29.4,32.6
1604490794,15.0,16.0,19.0,20.0,29.4,32.6
1604490795,15.0,16.0,19.0,20.0,29.4,32.6
1604490796,15.0,16.0,19.0,20.0,29.4,32.6
1604490797,15.0,16.0,19.0,21.0,29.4,32.4
1604490798,15.0,16.0,19.0,21.0,29.4,32.4
1604490799,14.0,16.0,19.0,21.0,29.4,32.4
1604490800,14.0,16.0,19.0,21.0,29.4,32.4
1604490801,14.0,16.0,19.0,21.0,29.4,32.4
1604490802,14.0,16.0,19.0,21.0,29.4,32.2
1604490803,14.0,16.0,18.0,21.0,29.4,32.2
1604490804,15.0,16.0,18.0,21.0,29.4,32.2
1604490805,15.0,16.0,18.0,21.0,29.4,32.2
1604490806,15.0,16.0,18.0,20.0,29.4,32.2
1604490807,15.0,16.0,18.0,20.0,29.4,32.0
1604490808,15.0,17.0,18.0,20.0,29.4,32.0
1604490809,15.0,17.0,18.0,19.0,29.4,32.0
1604490810,15.0,17.0,18.0,19.0,29.4,32.0
1604490811,15.0,17.0,18.0,19.0,29.4,32.0
1604490812,15.0,17.0,18.0,19.0,29.4,31.7
1604490813,15.0,17.0,18.0,19.0,29.4,31.7
1604490814,15.0,16.0,18.0,19.0,29.4,31.7
1604490815,15.0,16.0,18.0,19.0,29.4,31.7
1604490816,15.0,16.0,18.0,19.0,29.4,31.7
1604490817,15.0,16.0,18.0,19.0,29.4,31.6
1604490818,15.0,16.0,18.0,19.0,29.4,31.6
1604490819,15.0,16.0,18.0,19.0,29.4,31.6
1604490820,15.0,16.0,18.0,19.0,29.4,31.6
1604490821,15.0,16.0,18.0,19.0,29.4,31.6
1604490822,15.0,16.0,18.0,19.0,29.4,31.6
1604490823,15.0,16.0,18.0,19.0,29.4,31.6
1604490824,15.0,16.0,18.0,19.0,29.4,31.6
1604490825,15.0,16.0,18.0,19.0,29.4,31.6
1604490826,15.0,16.0,17.0,19.0,29.4,31.6
1604490827,15.0,16.0,17.0,19.0,29.4,31.5
1604490828,15.0,16.0,17.0,19.0,29.4,31.5
1604490829,15.0,16.0,17.0,20.0,29.4,31.5
1604490830,15.0,16.0,17.0,20.0,29.4,31.5
1604490831,15.0,16.0,17.0,20.0,29.4,31.5
1604490832,15.0,16.0,17.0,20.0,29.4,31.3
1604490833,14.0,16.0,17.0,20.0,29.4,31.3
1604490834,14.0,16.0,17.0,19.0,29.4,31.3
1604490835,14.0,16.0,17.0,19.0,29.4,31.3
1604490836,14.0,16.0,17.0,19.0,29.4,31.3
1604490837,14.0,15.0,17.0,19.0,29.4,31.2
1604490838,14.0,15.0,17.0,19.0,29.4,31.2
1604490839,14.2,15.0,17.0,19.0,29.4,31.2
1604490840,14.4,15.0,17.0,19.0,29.4,31.2
1604490841,14.6,15.0,17.0,19.0,29.4,31.2
1604490842,14.8,15.0,17.0,19.0,29.4,31.2
1604490843,15.0,15.0,17.0,19.0,29.4,31.2
1604490844,15.2,15.0,17.0,19.0,29.4,31.2
1604490845,15.4,15.0,17.0,19.0,29.4,31.2
1604490846,15.6,15.0,17.0,19.0,29.4,31.2
1604490847,15.8,15.0,17.0,19.0,29.4,31.2
1604490848,16.0,15.0,17.0,19.0,29.4,31.2
1604490849,16.0,16.0,18.0,19.0,29.4,31.2
1604490850,16.0,16.0,18.0,19.0,29.4,31.2
1604490851,16.0,16.0,18.0,19.0,29.4,31.3
1604490852,16.0,16.0,18.0,19.0,29.4,31.3
1604490853,16.0,16.0,18.0,19.0,29.4,31.3
1604490854,15.0,16.0,19.0,19.0,29.4,31.3
1604490855,15.0,16.0,19.0,20.0,29.4,31.3
1604490856,15.0,16.0,19.0,20.0,29.4,31.4
1604490857,15.0,16.0,18.0,20.0,29.4,31.4
1604490858,15.0,16.0,18.0,20.0,29.4,31.4
1604490859,15.0,16.0,18.0,20.0,29.4,31.4
1604490860,15.0,16.0,18.0,20.0,29.4,31.4
1604490861,15.0,16.0,18.0,20.0,29.4,31.4
1604490862,15.0,16.0,17.0,20.0,29.4,31.4
1604490863,16.0,16.0,17.0,20.0,29.4,31.4
1604490864,16.0,16.0,17.0,20.0,29.4,31.4
1604490865,16.0,15.0,17.0,20.0,29.4,31.4
1604490866,16.0,16.0,17.0,20.0,29.4,31.6
1604490867,16.0,16.0,17.0,19.0,29.4,31.6
1604490868,16.0,15.0,17.0,19.0,29.4,31.6
1604490869,16.0,16.0,17.0,19.0,29.4,31.6
1604490870,16.0,15.0,17.0,19.0,29.4,31.6
1604490871,16.0,16.0,17.0,18.0,29.4,31.7
1604490872,16.0,16.0,17.0,18.0,29.4,31.7
1604490873,16.0,16.0,17.0,18.0,29.4,31.7
1604490874,16.0,16.0,17.0,18.0,29.4,31.7
1604490875,16.0,16.0,17.0,18.0,29.4,31.7
1604490876,16.0,16.0,17.0,18.0,29.4,31.9
1604490877,17.0,16.0,17.0,18.0,29.4,31.9
1604490878,17.0,16.0,17.0,18.0,29.4,31.9
1604490879,17.0,16.0,17.0,17.0,29.4,31.9
1604490880,16.0,16.0,17.0,18.0,29.4,31.9
1604490881,16.0,16.0,17.0,18.0,29.4,32.8
1604490882,16.0,16.0,17.0,18.0,29.4,32.8
1604490883,16.0,17.0,17.0,18.0,29.4,32.8
1604490884,16.0,17.0,17.0,18.0,29.4,32.8
1604490885,16.0,17.0,18.0,18.0,29.4,32.8
1604490886,16.0,17.0,18.0,18.0,29.4,32.9
1604490887,16.0,17.0,18.0,19.0,29.4,32.9
1604490888,16.0,17.0,18.0,19.0,29.4,32.9
1604490889,16.0,17.0,18.0,19.0,29.4,32.9
1604490890,16.0,17.0,18.0,19.0,29.4,32.9
1604490891,16.0,17.0,19.0,18.0,29.4,33.1
1604490892,16.0,17.0,19.0,18.0,29.4,33.1
1604490893,16.0,17.0,19.0,18.0,29.4,33.1
1604490894,16.0,17.0,19.0,18.0,29.4,33.1
1604490895,16.0,17.0,19.0,18.0,29.4,33.1
1604490896,16.0,17.0,19.0,18.0,29.4,33.2
1604490897,16.0,17.0,18.0,18.0,29.4,33.2
1604490898,16.0,16.0,18.0,18.0,29.4,33.2
1604490899,16.0,16.0,18.0,19.0,29.4,33.2
1604490900,16.0,16.0,18.0,19.0,29.4,33.2
1604490901,16.0,16.0,18.0,19.0,29.4,33.5
1604490902,16.0,16.0,18.0,19.0,29.4,33.5
1604490903,16.0,16.0,18.0,19.0,29.4,33.5
1604490904,16.0,16.0,18.0,19.0,29.4,33.5
1604490905,16.0,16.0,18.0,19.0,29.4,33.5
1604490906,16.0,16.0,18.0,19.0,29.4,33.5
1604490907,16.0,16.0,18.0,19.0,29.4,33.5
1604490908,16.0,17.0,18.0,19.0,29.4,33.5
1604490909,16.0,17.0,18.0,19.0,29.4,33.5
1604490910,16.0,17.0,18.0,19.0,29.4,33.5
1604490911,16.0,17.0,18.0,19.0,29.5,33.5
1604490912,16.0,17.0,18.0,19.0,29.5,33.5
1604490913,16.0,17.0,18.0,19.0,29.5,33.5
1604490914,16.0,18.0,18.0,19.0,29.5,33.5
1604490915,16.0,18.0,18.0,19.0,29.5,33.5
1604490916,16.0,18.0,18.0,19.0,29.4,33.4
1604490917,16.0,18.0,18.0,19.0,29.4,33.4
1604490918,16.0,18.0,18.0,19.0,29.4,33.4
1604490919,16.0,18.0,18.0,19.0,29.4,33.4
1604490920,15.0,19.0,18.0,19.0,29.4,33.4
1604490921,15.0,19.0,18.0,19.0,29.5,33.5
1604490922,15.0,19.0,18.0,19.0,29.5,33.5
1604490923,15.0,19.0,19.0,19.0,29.5,33.5
1604490924,15.0,19.0,19.0,19.0,29.5,33.5
1604490925,15.0,19.0,19.0,19.0,29.5,33.5
1604490926,15.0,18.0,19.0,19.0,29.5,33.4
1604490927,15.0,18.0,19.0,19.0,29.5,33.4
1604490928,15.0,18.0,18.0,19.0,29.5,33.4
1604490929,15.0,18.0,18.0,19.0,29.5,33.4
1604490930,15.0,18.0,18.0,20.0,29.5,33.4
1604490931,15.0,18.0,18.0,20.0,29.5,33.4
1604490932,15.0,18.0,18.0,20.0,29.5,33.4
1604490933,15.0,18.0,18.0,20.0,29.5,33.4
1604490934,15.0,18.0,17.0,20.0,29.5,33.4
1604490935,15.0,18.0,17.0,20.0,29.5,33.4
1604490936,15.0,18.0,17.0,20.0,29.5,33.3
1604490937,15.0,18.0,17.0,20.0,29.5,33.3
1604490938,15.0,18.0,17.0,20.0,29.5,33.3
1604490939,15.0,18.0,21.0,20.0,29.5,33.3
1604490940,15.0,18.0,21.0,20.0,29.5,33.3
1604490941,15.0,18.0,21.0,19.0,29.5,33.1
1604490942,15.0,18.0,21.0,19.0,29.5,33.1
1604490943,15.0,18.0,20.0,19.0,29.5,33.1
1604490944,15.0,18.0,20.0,19.0,29.5,33.1
1604490945,15.0,18.0,20.0,19.0,29.5,33.1
1604490946,15.0,18.0,19.0,19.0,29.5,32.2
1604490947,15.0,18.0,19.0,19.0,29.5,32.2
1604490948,16.0,18.0,19.0,19.0,29.5,32.2
1604490949,16.0,18.0,18.0,20.0,29.5,32.2
1604490950,16.0,18.0,18.0,20.0,29.5,32.2
1604490951,16.0,18.0,18.0,20.0,29.4,31.9
1604490952,16.0,18.0,18.0,20.0,29.4,31.9
1604490953,16.0,18.0,18.0,21.0,29.4,31.9
1604490954,16.0,18.0,17.0,21.0,29.4,31.9
1604490955,16.0,18.0,17.0,21.0,29.4,31.9
1604490956,16.0,18.0,17.0,21.0,29.5,31.9
1604490957,16.0,18.0,18.0,21.0,29.5,31.9
1604490958,16.0,18.0,18.0,21.0,29.5,31.9
1604490959,16.0,18.0,18.0,21.0,29.5,31.9
1604490960,16.0,18.0,18.0,21.0,29.5,31.9
1604490961,16.0,19.0,18.0,21.0,29.5,31.4
1604490962,16.0,19.0,18.0,21.0,29.5,31.4
1604490963,16.0,19.0,18.0,21.0,29.5,31.4
1604490964,16.0,19.0,18.0,21.0,29.5,31.4
1604490965,15.0,19.0,18.0,21.0,29.5,31.4
1604490966,15.0,19.0,18.0,21.0,29.5,31.5
1604490967,15.0,19.0,18.0,20.0,29.5,31.5
1604490968,15.0,19.0,18.0,20.0,29.5,31.5
1604490969,16.0,19.0,18.0,20.0,29.5,31.5
1604490970,16.0,18.0,18.0,20.0,29.5,31.5
1604490971,16.0,18.0,18.0,19.0,29.5,31.4
1604490972,16.0,18.0,19.0,19.0,29.5,31.4
1604490973,16.0,18.0,19.0,19.0,29.5,31.4
1604490974,16.0,18.0,19.0,19.0,29.5,31.4
1604490975,16.0,18.0,18.0,19.0,29.5,31.4
1604490976,16.0,18.0,18.0,19.0,29.5,31.4
1604490977,16.0,18.0,18.0,19.0,29.5,31.4
1604490978,16.0,17.0,18.0,19.0,29.5,31.4
1604490979,16.0,17.0,18.0,19.0,29.5,31.4
1604490980,16.0,17.0,18.0,19.0,29.5,31.4
1604490981,16.0,17.0,17.0,19.0,29.4,30.8
1604490982,16.0,17.0,17.0,19.0,29.4,30.8
1604490983,15.0,17.0,17.0,19.0,29.4,30.8
1604490984,15.0,17.0,17.0,19.0,29.4,30.8
1604490985,15.0,17.0,17.0,19.0,29.4,30.8
1604490986,15.0,17.0,17.0,19.0,29.4,30.6
1604490987,15.0,17.0,18.0,19.0,29.4,30.6
1604490988,15.0,17.0,18.0,19.0,29.4,30.6
1604490989,15.0,17.0,18.0,19.0,29.4,30.6
1604490990,15.0,17.0,18.0,19.0,29.4,30.6
1604490991,15.0,17.0,18.0,19.0,29.4,30.4
1604490992,15.0,17.0,18.0,20.0,29.4,30.4
1604490993,15.0,17.0,18.0,20.0,29.4,30.4
1604490994,15.0,17.0,18.0,20.0,29.4,30.4
1604490995,15.0,17.0,18.0,20.0,29.4,30.4
1604490996,15.0,17.0,18.0,20.0,29.4,30.3
1604490997,15.0,16.0,18.0,20.0,29.4,30.3
1604490998,15.0,16.0,18.0,20.0,29.4,30.3
1604490999,15.0,16.0,18.0,20.0,29.4,30.3
1604491000,15.0,16.0,17.0,20.0,29.4,30.3
1604491001,15.0,16.0,17.0,20.0,29.4,30.4
1604491002,15.0,16.0,17.0,20.0,29.4,30.4
1604491003,15.0,16.0,17.0,20.0,29.4,30.4
1604491004,15.0,16.0,17.0,19.0,29.4,30.4
1604491005,15.0,16.0,18.0,19.0,29.4,30.4
1604491006,16.0,16.0,18.0,19.0,29.4,30.5
1604491007,16.0,16.0,18.0,19.0,29.4,30.5
1604491008,16.0,16.0,18.0,19.0,29.4,30.5
1604491009,16.0,16.0,18.0,19.0,29.4,30.5
1604491010,16.0,16.0,18.0,19.0,29.4,30.5
1604491011,16.0,17.0,18.0,19.0,29.4,30.6
1604491012,16.0,17.0,18.0,19.0,29.4,30.6
1604491013,16.0,17.0,18.0,19.0,29.4,30.6
1604491014,16.0,17.0,18.0,19.0,29.4,30.6
1604491015,16.0,18.0,18.0,19.0,29.4,30.6
1604491016,16.0,18.0,18.0,19.0,29.4,30.6
1604491017,16.0,18.0,18.0,19.0,29.4,30.6
1604491018,16.0,18.0,18.0,20.0,29.4,30.6
1604491019,16.0,18.0,18.0,20.0,29.4,30.6
1604491020,16.0,18.0,18.0,20.0,29.4,30.6
1604491021,16.0,18.0,18.0,20.0,29.3,30.7
1604491022,16.0,18.0,18.0,20.0,29.3,30.7
1604491023,15.0,18.0,18.0,20.0,29.3,30.7
1604491024,15.0,18.0,18.0,20.0,29.3,30.7
1604491025,15.0,18.0,18.0,20.0,29.3,30.7
1604491026,15.0,18.0,18.0,19.0,29.4,30.9
1604491027,15.0,17.0,18.0,19.0,29.4,30.9
1604491028,15.0,17.0,18.0,19.0,29.4,30.9
1604491029,15.0,17.0,18.0,19.0,29.4,30.9
1604491030,15.0,17.0,18.0,19.0,29.4,30.9
1604491031,15.0,17.0,18.0,19.0,29.4,31.0
1604491032,15.0,17.0,18.0,19.0,29.4,31.0
1604491033,15.0,17.0,18.0,19.0,29.4,31.0
1604491034,16.0,17.0,18.0,20.0,29.4,31.0
1604491035,16.0,17.0,18.0,20.0,29.4,31.0
1604491036,16.0,17.0,18.0,20.0,29.3,31.0
1604491037,16.0,17.0,18.0,20.0,29.3,31.0
1604491038,16.0,17.0,18.0,20.0,29.3,31.0
1604491039,16.0,17.0,18.0,20.0,29.3,31.0
1604491040,15.0,17.0,17.0,20.0,29.3,31.0
1604491041,15.0,16.0,17.0,20.0,29.4,30.8
1604491042,15.0,16.0,17.0,20.0,29.4,30.8
1604491043,15.0,16.0,17.0,20.0,29.4,30.8
1604491044,15.0,16.0,18.0,20.0,29.4,30.8
1604491045,15.0,17.0,18.0,20.0,29.4,30.8
1604491046,15.0,17.0,18.0,20.0,29.3,30.8
1604491047,14.0,17.0,18.0,20.0,29.3,30.8
1604491048,15.0,17.0,19.0,20.0,29.3,30.8
1604491049,15.0,17.0,19.0,20.0,29.3,30.8
1604491050,15.0,17.0,19.0,20.0,29.3,30.8
1604491051,15.0,17.0,19.0,20.0,29.3,30.9
1604491052,15.0,17.0,18.0,20.0,29.3,30.9
1604491053,15.0,17.0,18.0,20.0,29.3,30.9
1604491054,15.0,17.0,18.0,20.0,29.3,30.9
1604491055,15.0,18.0,18.0,20.0,29.3,30.9
1604491056,15.0,18.0,18.0,20.0,29.3,30.9
1604491057,16.0,18.0,18.0,20.0,29.3,30.9
1604491058,16.0,18.0,18.0,20.0,29.3,30.9
1604491059,16.0,18.0,18.0,20.0,29.3,30.9
1604491060,16.0,18.0,18.0,20.0,29.3,30.9
1604491061,16.0,18.0,18.0,20.0,29.3,31.0
1604491062,16.0,18.0,18.0,20.0,29.3,31.0
1604491063,16.0,18.0,18.0,20.0,29.3,31.0
1604491064,16.0,18.0,18.0,20.0,29.3,31.0
1604491065,16.0,18.0,19.0,19.0,29.3,31.0
1604491066,16.0,18.0,19.0,19.0,29.3,31.022222222222226
1604491067,16.0,18.0,19.0,19.0,29.3,31.044444444444444
1604491068,16.0,18.0,19.0,19.0,29.3,31.066666666666663
1604491069,16.0,18.0,19.0,19.0,29.3,31.08888888888889
1604491070,16.0,18.0,19.0,19.0,29.3,31.11111111111111
1604491071,16.0,18.0,19.0,19.0,29.3,31.133333333333333
1604491072,16.0,18.0,19.0,19.0,29.3,31.155555555555555
1604491073,16.0,18.0,19.0,19.0,29.3,31.177777777777777
1604491074,16.0,18.0,19.0,19.0,29.3,31.2
1604491075,16.0,18.0,19.0,19.0,29.3,31.2
1604491076,16.0,18.0,19.0,19.0,29.3,31.2
1604491077,16.0,18.0,19.0,19.0,29.3,31.2
1604491078,16.0,18.0,19.0,19.0,29.3,31.2
1604491079,16.0,18.0,19.0,19.0,29.3,31.5
1604491080,16.0,18.0,19.0,19.0,29.3,31.5
1604491081,16.0,18.0,20.0,19.0,29.3,31.5
1604491082,16.0,17.0,20.0,19.0,29.3,31.5
1604491083,16.0,17.0,19.0,19.0,29.3,31.5
1604491084,16.0,17.0,19.0,19.0,29.3,31.2
1604491085,16.0,16.0,19.0,19.0,29.3,31.2
1604491086,16.0,16.0,19.0,19.0,29.3,31.2
1604491087,16.0,16.0,19.0,19.0,29.3,31.2
1604491088,16.0,16.0,19.0,19.0,29.3,31.2
1604491089,16.0,16.0,18.0,19.0,29.3,31.2
1604491090,16.0,16.0,18.0,19.0,29.3,31.2
1604491091,16.0,16.0,18.0,19.0,29.3,31.2
1604491092,16.0,16.0,18.0,19.0,29.3,31.2
1604491093,16.0,16.0,18.0,20.0,29.3,31.2
1604491094,16.0,16.0,18.0,19.0,29.3,31.2
1604491095,16.0,16.0,18.0,19.0,29.3,31.2
1604491096,15.0,16.0,19.0,19.0,29.3,31.2
1604491097,15.0,16.0,19.0,19.0,29.3,31.2
1604491098,15.0,16.0,19.0,19.0,29.3,31.2
1604491099,15.0,16.0,19.0,19.0,29.3,31.2
1604491100,15.0,17.0,19.0,18.0,29.3,31.3
1604491101,15.0,17.0,19.0,18.0,29.3,31.3
1604491102,15.0,16.0,19.0,18.0,29.3,31.3
1604491103,15.0,16.0,18.0,18.0,29.3,31.3
1604491104,15.0,16.0,18.0,18.0,29.3,31.3
1604491105,15.0,16.0,18.0,18.0,29.3,31.4
1604491106,16.0,16.0,18.0,19.0,29.3,31.4
1604491107,16.0,17.0,17.0,19.0,29.3,31.4
1604491108,16.0,17.0,17.0,19.0,29.3,31.4
1604491109,16.0,17.0,17.0,19.0,29.3,31.4
1604491110,16.0,17.0,17.0,19.0,29.2,31.5
1604491111,16.0,17.0,17.0,19.0,29.2,31.5
1604491112,16.0,17.0,17.0,19.0,29.2,31.5
1604491113,16.0,17.0,18.0,19.0,29.2,31.5
1604491114,16.0,17.0,18.0,19.0,29.2,31.5
1604491115,16.0,17.0,18.0,20.0,29.2,31.6
1604491116,16.0,17.0,18.0,20.0,29.2,31.6
1604491117,16.0,17.0,18.0,20.0,29.2,31.6
1604491118,16.0,17.0,18.0,20.0,29.2,31.6
1604491119,16.0,17.0,18.0,20.0,29.2,31.6
1604491120,16.0,17.0,18.0,19.0,29.3,31.9
1604491121,16.0,17.0,18.0,19.0,29.3,31.9
1604491122,16.0,17.0,18.0,19.0,29.3,31.9
1604491123,16.0,16.0,18.0,19.0,29.3,31.9
1604491124,16.0,16.0,18.0,19.0,29.3,31.9
1604491125,16.0,16.0,18.0,19.0,29.3,32.1
1604491126,16.0,16.0,18.0,19.0,29.3,32.1
1604491127,16.0,17.0,18.0,19.0,29.3,32.1
1604491128,16.0,17.0,18.0,19.0,29.3,32.1
1604491129,16.0,17.0,18.0,19.0,29.3,32.1
1604491130,16.0,17.0,18.0,19.0,29.2,32.0
1604491131,16.0,17.0,18.0,19.0,29.2,32.0
1604491132,16.0,17.0,18.0,19.0,29.2,32.0
1604491133,16.0,17.0,18.0,19.0,29.2,32.0
1604491134,16.0,17.0,18.0,19.0,29.2,32.0
1604491135,16.0,17.0,18.0,19.0,29.3,31.8
1604491136,16.0,17.0,18.0,19.0,29.3,31.8
1604491137,16.0,18.0,18.0,19.0,29.3,31.8
1604491138,16.0,18.0,18.0,19.0,29.3,31.8
1604491139,16.0,18.0,18.0,19.0,29.3,31.8
1604491140,17.0,18.0,18.0,19.0,29.3,31.7
1604491141,17.0,18.0,18.0,19.0,29.3,31.7
1604491142,17.0,17.0,18.0,19.0,29.3,31.7
1604491143,17.0,17.0,18.0,19.0,29.3,31.7
1604491144,17.0,17.0,18.0,19.0,29.3,31.7
1604491145,17.0,18.0,18.0,19.0,29.3,31.4
1604491146,17.0,18.0,18.0,19.0,29.3,31.4
1604491147,17.0,18.0,18.0,19.0,29.3,31.4
1604491148,18.0,17.0,18.0,19.0,29.3,31.4
1604491149,18.0,17.0,18.0,19.0,29.3,31.4
1604491150,18.0,17.0,18.0,19.0,29.3,31.3
1604491151,18.0,18.0,18.0,19.0,29.3,31.3
1604491152,18.0,18.0,18.0,19.0,29.3,31.3
1604491153,18.0,18.0,18.0,19.0,29.3,31.3
1604491154,18.0,18.0,18.0,19.0,29.3,31.3
1604491155,18.0,18.0,19.0,19.0,29.3,31.5
1604491156,18.0,18.0,19.0,19.0,29.3,31.5
1604491157,18.0,18.0,19.0,19.0,29.3,31.5
1604491158,18.0,18.0,19.0,19.0,29.3,31.5
1604491159,18.0,18.0,20.0,19.0,29.3,31.5
1604491160,18.0,18.0,20.0,19.0,29.3,31.7
1604491161,18.0,18.0,19.0,19.0,29.3,31.7
1604491162,17.0,18.0,19.0,19.0,29.3,31.7
1604491163,17.0,18.0,19.0,19.0,29.3,31.7
1604491164,17.0,18.0,19.0,19.0,29.3,31.7
1604491165,17.0,18.0,19.0,19.0,29.3,32.1
1604491166,17.0,18.0,19.0,19.0,29.3,32.1
1604491167,17.0,18.0,19.0,19.0,29.3,32.1
1604491168,17.0,18.0,19.0,19.0,29.3,32.1
1604491169,16.0,18.0,18.0,19.0,29.3,32.1
1604491170,16.0,18.0,18.0,19.0,29.3,32.6
1604491171,16.0,17.0,18.0,19.0,29.3,32.6
1604491172,16.0,17.0,18.0,19.0,29.3,32.6
1604491173,16.0,17.0,18.0,19.0,29.3,32.6
1604491174,16.0,17.0,18.0,19.0,29.3,32.6
1604491175,16.0,17.0,18.0,19.0,29.3,32.6
1604491176,16.0,17.0,18.0,19.0,29.3,32.6
1604491177,15.96875,16.96875,18.0,19.0,29.3,32.6
1604491178,15.9375,16.9375,18.0,19.0,29.3,32.6
1604491179,15.90625,16.90625,18.0,19.0,29.3,32.6
1604491180,15.875,16.875,18.0,19.0,29.3,32.6
1604491181,15.84375,16.84375,18.0,19.0,29.3,32.6
1604491182,15.8125,16.8125,18.0,19.0,29.3,32.6
1604491183,15.78125,16.78125,18.0,19.0,29.3,32.6
1604491184,15.75,16.75,18.0,19.0,29.3,32.6
1604491185,15.71875,16.71875,18.0,19.0,29.3,32.6
1604491186,15.6875,16.6875,18.0,19.0,29.3,32.6
1604491187,15.65625,16.65625,18.0,19.0,29.3,32.6
1604491188,15.625,16.625,18.0,19.0,29.3,32.6
1604491189,15.59375,16.59375,18.0,19.0,29.3,32.6
1604491190,15.5625,16.5625,18.0,19.0,29.3,32.6
1604491191,15.53125,16.53125,18.0,19.0,29.3,32.6
1604491192,15.5,16.5,18.0,19.0,29.3,32.6
1604491193,15.46875,16.46875,18.0,19.0,29.3,32.6
1604491194,15.4375,16.4375,18.0,19.0,29.3,32.6
1604491195,15.40625,16.40625,18.0,19.0,29.3,32.6
1604491196,15.375,16.375,18.0,19.0,29.3,32.6
1604491197,15.34375,16.34375,18.0,19.0,29.3,32.6
1604491198,15.3125,16.3125,18.0,19.0,29.3,32.6
1604491199,15.28125,16.28125,18.0,19.0,29.3,32.6
