timestamp,pm25_0,pm25_1,pm25_2,pm25_3,temperature,humidity
1606616640,88.0,0.0,85.0,73.0,19.3,46.9
1606616641,88.0,0.0,85.0,72.0,19.4,47.0
1606616642,88.0,0.0,85.0,72.0,19.4,47.0
1606616643,88.0,0.0,86.0,71.0,19.4,47.0
1606616644,88.0,0.0,86.0,71.0,19.4,47.0
1606616645,88.0,0.0,86.0,71.0,19.4,47.0
1606616646,88.0,0.0,85.0,70.0,19.4,47.0
1606616647,88.0,0.0,85.0,70.0,19.4,47.0
1606616648,88.0,0.0,85.0,70.0,19.4,47.0
1606616649,88.0,0.0,85.0,69.0,19.4,47.0
1606616650,88.0,0.0,84.0,69.0,19.4,47.0
1606616651,89.0,0.0,84.0,69.0,19.4,47.0
1606616652,89.0,0.0,84.0,68.0,19.4,47.0
1606616653,89.0,0.0,84.0,68.0,19.4,47.0
1606616654,89.0,0.0,84.0,68.0,19.4,47.0
1606616655,90.0,0.0,85.0,68.0,19.4,47.0
1606616656,90.0,0.0,85.0,68.0,19.4,46.9
1606616657,90.0,0.0,85.0,68.0,19.4,46.9
1606616658,90.0,0.0,86.0,68.0,19.4,46.9
1606616659,91.0,0.0,86.0,68.0,19.4,46.9
1606616660,91.0,0.0,87.0,68.0,19.4,46.9
1606616661,91.0,0.0,87.0,68.0,19.3,46.8
1606616662,91.0,0.0,87.0,69.0,19.3,46.8
1606616663,91.0,0.0,87.0,69.0,19.3,46.8
1606616664,90.0,0.0,87.0,69.0,19.3,46.8
1606616665,90.0,0.0,87.0,69.0,19.3,46.8
1606616666,90.0,0.0,87.0,69.0,19.4,46.9
1606616667,89.0,0.0,87.0,69.0,19.4,46.9
1606616668,88.0,0.0,87.0,69.0,19.4,46.9
1606616669,88.0,0.0,86.0,69.0,19.4,46.9
1606616670,88.0,0.0,86.0,69.0,19.4,46.9
1606616671,87.0,0.0,86.0,68.0,19.4,46.9
1606616672,86.0,0.0,85.0,68.0,19.4,46.9
1606616673,86.0,0.0,85.0,68.0,19.4,46.9
1606616674,86.0,0.0,85.0,67.0,19.4,46.9
1606616675,86.0,0.0,85.0,67.0,19.4,46.9
1606616676,85.0,0.0,85.0,66.0,19.4,46.8
1606616677,85.0,0.0,84.0,66.0,19.4,46.8
1606616678,85.0,0.0,84.0,66.0,19.4,46.8
1606616679,85.0,0.0,84.0,66.0,19.4,46.8
1606616680,86.0,0.0,84.0,66.0,19.4,46.8
1606616681,86.0,0.0,84.0,67.0,19.4,46.9
1606616682,86.0,0.0,84.0,67.0,19.4,46.9
1606616683,86.0,0.0,84.0,68.0,19.4,46.9
1606616684,87.0,0.0,85.0,68.0,19.4,46.9
1606616685,87.0,0.0,84.0,69.0,19.4,46.9
1606616686,88.0,0.0,84.0,70.0,19.4,46.9
1606616687,88.0,0.0,84.0,71.0,19.4,46.9
1606616688,88.0,0.0,83.0,71.0,19.4,46.9
1606616689,88.0,0.0,83.0,71.0,19.4,46.9
1606616690,89.0,0.0,83.0,71.0,19.4,46.9
1606616691,89.0,0.0,83.0,71.0,19.3,46.8
1606616692,89.0,0.0,83.0,71.0,19.3,46.8
1606616693,90.0,0.0,83.0,71.0,19.3,46.8
1606616694,90.0,0.0,83.0,70.0,19.3,46.8
1606616695,90.0,0.0,83.0,69.0,19.3,46.8
1606616696,89.0,0.0,83.0,69.0,19.4,46.9
1606616697,89.0,0.0,83.0,69.0,19.4,46.9
1606616698,90.0,0.0,83.0,68.0,19.4,46.9
1606616699,90.0,0.0,82.0,68.0,19.4,46.9
1606616700,90.0,0.0,82.0,68.0,19.4,46.9
1606616701,90.0,0.0,82.0,68.0,19.4,47.0
1606616702,90.0,0.0,81.0,68.0,19.4,47.0
1606616703,90.0,0.0,81.0,68.0,19.4,47.0
1606616704,89.0,0.0,80.0,69.0,19.4,47.0
1606616705,89.0,0.0,80.0,73.0,19.4,47.0
1606616706,89.0,0.0,80.0,73.0,19.4,47.0
1606616707,90.0,0.0,80.0,73.0,19.4,47.0
1606616708,90.0,0.0,80.0,74.0,19.4,47.0
1606616709,90.0,0.0,80.0,74.0,19.4,47.0
1606616710,90.0,0.0,80.0,74.0,19.4,47.0
1606616711,90.0,0.0,81.0,74.0,19.4,47.0
1606616712,90.0,0.0,82.0,74.0,19.4,47.0
1606616713,90.0,0.0,82.0,74.0,19.4,47.0
1606616714,89.0,0.0,82.0,74.0,19.4,47.0
1606616715,89.0,0.0,83.0,74.0,19.4,47.0
1606616716,89.0,0.0,83.0,74.0,19.4,47.1
1606616717,89.0,0.0,83.0,74.0,19.4,47.1
1606616718,89.0,0.0,83.0,74.0,19.4,47.1
1606616719,89.0,0.0,84.0,74.0,19.4,47.1
1606616720,89.0,0.0,84.0,73.0,19.4,47.1
1606616721,89.0,0.0,83.0,73.0,19.3,47.0
1606616722,89.0,0.0,83.0,73.0,19.3,47.0
1606616723,89.0,0.0,83.0,72.0,19.3,47.0
1606616724,90.0,0.0,83.0,72.0,19.3,47.0
1606616725,89.6,0.0,83.1,71.9,19.3,47.0
1606616726,89.2,0.0,83.2,71.8,19.3,47.0
1606616727,88.8,0.0,83.3,71.7,19.3,47.0
1606616728,88.4,0.0,83.4,71.6,19.3,47.0
1606616729,88.0,0.0,83.5,71.5,19.3,47.0
1606616730,87.6,0.0,83.6,71.4,19.3,47.0
1606616731,87.2,0.0,83.7,71.3,19.3,47.0
1606616732,86.8,0.0,83.8,71.2,19.3,47.0
1606616733,86.4,0.0,83.9,71.1,19.3,47.0
1606616734,86.0,0.0,84.0,71.0,19.3,47.0
1606616735,86.0,0.0,84.0,71.0,19.4,47.2
1606616736,85.0,0.0,84.0,71.0,19.4,47.2
1606616737,85.0,0.0,84.0,70.0,19.4,47.2
1606616738,85.0,0.0,85.0,70.0,19.4,47.2
1606616739,85.0,0.0,85.0,69.0,19.4,47.2
1606616740,85.0,0.0,85.0,69.0,19.4,47.1
1606616741,85.0,0.0,85.0,69.0,19.4,47.1
1606616742,86.0,0.0,85.0,69.0,19.4,47.1
1606616743,86.0,0.0,85.0,69.0,19.4,47.1
1606616744,87.0,0.0,85.0,70.0,19.4,47.1
1606616745,87.0,0.0,85.0,70.0,19.4,47.1
1606616746,88.0,0.0,84.0,70.0,19.4,47.1
1606616747,88.0,0.0,84.0,70.0,19.4,47.1
1606616748,88.0,0.0,84.0,70.0,19.4,47.1
1606616749,89.0,0.0,84.0,70.0,19.4,47.1
1606616750,89.0,0.0,84.0,70.0,19.4,47.1
1606616751,89.0,0.0,84.0,70.0,19.4,47.1
1606616752,89.0,0.0,84.0,70.0,19.4,47.1
1606616753,90.0,0.0,85.0,70.0,19.4,47.1
1606616754,90.0,0.0,85.0,69.0,19.4,47.1
1606616755,90.0,0.0,86.0,69.0,19.4,47.1
1606616756,90.0,0.0,86.0,69.0,19.4,47.1
1606616757,89.0,0.0,86.0,69.0,19.4,47.1
1606616758,89.0,0.0,85.0,69.0,19.4,47.1
1606616759,88.0,0.0,85.0,69.0,19.4,47.1
1606616760,87.0,0.0,85.0,69.0,19.3,47.0
1606616761,86.0,0.0,85.0,69.0,19.3,47.0
1606616762,86.0,0.0,85.0,69.0,19.3,47.0
1606616763,85.0,0.0,84.0,70.0,19.3,47.0
1606616764,84.0,0.0,84.0,70.0,19.3,47.0
1606616765,84.0,0.0,83.0,71.0,19.4,47.1
1606616766,83.0,0.0,83.0,71.0,19.4,47.1
1606616767,83.0,0.0,83.0,72.0,19.4,47.1
1606616768,83.0,0.0,83.0,72.0,19.4,47.1
1606616769,83.0,0.0,82.0,72.0,19.4,47.1
1606616770,83.0,0.0,82.0,72.0,19.4,47.1
1606616771,84.0,0.0,82.0,72.0,19.4,47.1
1606616772,84.0,0.0,82.0,72.0,19.4,47.1
1606616773,85.0,0.0,82.0,72.0,19.4,47.1
1606616774,85.0,0.0,83.0,71.0,19.4,47.1
1606616775,85.0,0.0,83.0,70.0,19.4,47.0
1606616776,85.0,0.0,83.0,70.0,19.4,47.0
1606616777,86.0,0.0,84.0,69.0,19.4,47.0
1606616778,86.0,0.0,84.0,69.0,19.4,47.0
1606616779,86.0,0.0,84.0,68.0,19.4,47.0
1606616780,87.0,0.0,84.0,68.0,19.4,47.0
1606616781,87.0,0.0,85.0,67.0,19.4,47.0
1606616782,87.0,0.0,85.0,67.0,19.4,47.0
1606616783,87.0,0.0,85.0,67.0,19.4,47.0
1606616784,87.0,0.0,86.0,67.0,19.4,47.0
1606616785,87.0,0.0,86.0,67.0,19.4,46.9
1606616786,87.0,0.0,87.0,67.0,19.4,46.9
1606616787,87.0,0.0,87.0,67.0,19.4,46.9
1606616788,87.0,0.0,87.0,67.0,19.4,46.9
1606616789,87.0,0.0,88.0,68.0,19.4,46.9
1606616790,87.0,0.0,88.0,68.0,19.4,46.9
1606616791,87.0,0.0,88.0,68.0,19.4,46.9
1606616792,87.0,0.0,88.0,69.0,19.4,46.9
1606616793,86.0,0.0,88.0,69.0,19.4,46.9
1606616794,87.0,0.0,87.0,69.0,19.4,46.9
1606616795,86.0,0.0,86.0,70.0,19.4,46.9
1606616796,86.0,0.0,81.0,70.0,19.4,46.9
1606616797,86.0,0.0,81.0,70.0,19.4,46.9
1606616798,86.0,0.0,81.0,70.0,19.4,46.9
1606616799,86.0,0.0,81.0,70.0,19.4,46.9
1606616800,86.0,0.0,81.0,70.0,19.4,46.9
1606616801,86.0,0.0,81.0,70.0,19.4,46.9
1606616802,86.0,0.0,81.0,69.0,19.4,46.9
1606616803,86.0,0.0,81.0,69.0,19.4,46.9
1606616804,85.0,0.0,81.0,69.0,19.4,46.9
1606616805,85.0,0.0,81.0,69.0,19.4,46.9
1606616806,85.0,0.0,81.0,69.0,19.4,46.9
1606616807,86.0,0.0,81.0,69.0,19.4,46.9
1606616808,86.0,0.0,81.0,69.0,19.4,46.9
1606616809,86.0,0.0,81.0,69.0,19.4,46.9
1606616810,86.0,0.0,81.0,69.0,19.4,46.9
1606616811,86.0,0.0,81.0,69.0,19.4,46.9
1606616812,87.0,0.0,81.0,70.0,19.4,46.9
1606616813,87.0,0.0,81.0,70.0,19.4,46.9
1606616814,87.0,0.0,82.0,70.0,19.4,46.9
1606616815,87.0,0.0,82.0,71.0,19.4,46.9
1606616816,87.0,0.0,83.0,71.0,19.4,46.9
1606616817,87.0,0.0,83.0,70.0,19.4,46.9
1606616818,88.0,0.0,84.0,71.0,19.4,46.9
1606616819,88.0,0.0,84.0,70.0,19.4,46.9
1606616820,88.0,0.0,84.0,70.0,19.4,46.9
1606616821,88.0,0.0,85.0,69.0,19.4,46.9
1606616822,88.0,0.0,85.0,69.0,19.4,46.9
1606616823,88.0,0.0,87.0,68.0,19.4,46.9
1606616824,88.0,0.0,88.0,67.0,19.4,46.9
1606616825,88.0,0.0,89.0,66.0,19.4,46.9
1606616826,88.0,0.0,89.0,66.0,19.4,46.9
1606616827,88.0,0.0,90.0,66.0,19.4,46.9
1606616828,88.0,0.0,90.0,64.0,19.4,46.9
1606616829,88.0,0.0,90.0,63.0,19.4,46.9
1606616830,88.0,0.0,90.0,63.0,19.4,46.9
1606616831,87.0,0.0,89.0,62.0,19.4,46.9
1606616832,88.0,0.0,88.0,62.0,19.4,46.9
1606616833,88.0,0.0,88.0,62.0,19.4,46.9
1606616834,88.0,0.0,88.0,62.0,19.4,46.9
1606616835,88.0,0.0,86.0,62.0,19.4,46.9
1606616836,88.0,0.0,85.0,62.0,19.4,46.9
1606616837,88.0,0.0,84.0,62.0,19.4,46.9
1606616838,88.0,0.0,84.0,62.0,19.4,46.9
1606616839,88.0,0.0,83.0,63.0,19.4,46.9
1606616840,88.0,0.0,83.0,63.0,19.4,46.9
1606616841,87.0,0.0,82.0,64.0,19.4,46.9
1606616842,87.0,0.0,82.0,64.0,19.4,46.9
1606616843,86.0,0.0,82.0,64.0,19.4,46.9
1606616844,86.0,0.0,82.0,65.0,19.4,46.9
1606616845,86.0,0.0,82.0,65.0,19.5,47.0
1606616846,85.0,0.0,81.0,65.0,19.5,47.0
1606616847,85.0,0.0,81.0,66.0,19.5,47.0
1606616848,85.0,0.0,79.0,66.0,19.5,47.0
1606616849,85.0,0.0,79.0,67.0,19.5,47.0
1606616850,85.0,0.0,78.0,67.0,19.4,46.9
1606616851,85.0,0.0,75.0,67.0,19.4,46.9
1606616852,85.0,0.0,73.0,68.0,19.4,46.9
1606616853,86.0,0.0,72.0,68.0,19.4,46.9
1606616854,86.0,0.0,70.0,68.0,19.4,46.9
1606616855,86.0,0.0,69.0,67.0,19.4,46.9
1606616856,87.0,0.0,68.0,67.0,19.4,46.9
1606616857,87.0,0.0,67.0,67.0,19.4,46.9
1606616858,88.0,0.0,67.0,66.0,19.4,46.9
1606616859,89.0,0.0,67.0,67.0,19.4,46.9
1606616860,89.0,0.0,67.0,67.0,19.4,46.9
1606616861,90.0,0.0,67.0,67.0,19.4,46.9
1606616862,90.0,0.0,67.0,68.0,19.4,46.9
1606616863,90.0,0.0,68.0,69.0,19.4,46.9
1606616864,90.0,0.0,69.0,69.0,19.4,46.9
1606616865,90.0,0.0,69.0,70.0,19.5,47.0
1606616866,91.0,0.0,70.0,70.0,19.5,47.0
1606616867,91.0,0.0,70.5,70.5,19.5,47.0
1606616868,91.0,0.0,71.0,71.0,19.5,47.0
1606616869,91.0,0.0,72.0,71.0,19.5,47.0
1606616870,91.0,0.0,72.0,71.0,19.5,47.0
1606616871,90.0,0.0,73.0,71.0,19.5,46.9
1606616872,90.0,0.0,74.0,71.0,19.5,46.9
1606616873,90.0,0.0,74.0,72.0,19.5,46.9
1606616874,90.0,0.0,75.0,72.0,19.5,46.9
1606616875,90.0,0.0,75.0,72.0,19.5,46.9
1606616876,90.0,0.0,75.0,72.0,19.5,46.9
1606616877,90.0,0.0,74.0,72.0,19.5,46.9
1606616878,90.0,0.0,74.0,72.0,19.5,46.9
1606616879,89.0,0.0,74.0,72.0,19.5,46.9
1606616880,89.0,0.0,74.0,72.0,19.5,46.9
1606616881,89.0,0.0,73.0,72.0,19.5,46.9
1606616882,89.0,0.0,73.0,72.0,19.5,46.9
1606616883,88.0,0.0,73.0,71.0,19.5,46.9
1606616884,88.0,0.0,72.0,71.0,19.5,46.9
1606616885,87.0,0.0,73.0,71.0,19.5,46.9
1606616886,87.0,0.0,73.0,71.0,19.5,46.9
1606616887,87.0,0.0,73.0,71.0,19.5,46.9
1606616888,87.0,0.0,73.0,71.0,19.5,46.9
1606616889,86.0,0.0,74.0,71.0,19.5,46.9
1606616890,86.0,0.0,74.0,71.0,19.5,46.9
1606616891,86.0,0.0,74.0,70.0,19.5,46.9
1606616892,86.0,0.0,75.0,70.0,19.5,46.9
1606616893,86.0,0.0,76.0,70.0,19.5,46.9
1606616894,86.0,0.0,76.0,69.0,19.5,46.9
1606616895,86.0,0.0,77.0,69.0,19.5,46.9
1606616896,86.0,0.0,77.0,69.0,19.5,46.9
1606616897,85.0,0.0,78.0,69.0,19.5,46.9
1606616898,85.0,0.0,78.0,69.0,19.5,46.9
1606616899,85.0,0.0,78.0,69.0,19.5,46.9
1606616900,85.0,0.0,79.0,69.0,19.5,46.9
1606616901,86.0,0.0,79.0,69.0,19.5,46.9
1606616902,86.0,0.0,79.0,69.0,19.5,46.9
1606616903,86.0,0.0,78.0,68.0,19.5,46.9
1606616904,87.0,0.0,78.0,68.0,19.5,46.9
1606616905,87.0,0.0,78.0,68.0,19.5,46.9
1606616906,88.0,0.0,77.0,68.0,19.5,46.9
1606616907,89.0,0.0,77.0,67.0,19.5,46.9
1606616908,89.0,0.0,77.0,67.0,19.5,46.9
1606616909,90.0,0.0,77.0,67.0,19.5,46.9
1606616910,91.0,0.0,77.0,67.0,19.5,46.9
1606616911,91.0,0.0,77.0,66.0,19.5,46.8
1606616912,92.0,0.0,77.0,66.0,19.5,46.8
1606616913,92.0,0.0,77.0,66.0,19.5,46.8
1606616914,91.0,0.0,77.0,67.0,19.5,46.8
1606616915,91.0,0.0,77.0,67.0,19.5,46.8
1606616916,91.0,0.0,77.0,67.0,19.5,46.8
1606616917,91.0,0.0,77.0,68.0,19.5,46.8
1606616918,90.0,0.0,77.0,68.0,19.5,46.8
1606616919,89.0,0.0,76.0,68.0,19.5,46.8
1606616920,89.0,0.0,76.0,68.0,19.5,46.8
1606616921,88.0,0.0,76.0,69.0,19.5,46.8
1606616922,88.0,0.0,76.0,69.0,19.5,46.8
1606616923,88.0,0.0,76.0,69.0,19.5,46.8
1606616924,88.0,0.0,77.0,69.0,19.5,46.8
1606616925,88.0,0.0,77.0,69.0,19.5,46.8
1606616926,89.0,0.0,77.0,69.0,19.5,46.8
1606616927,89.0,0.0,78.0,69.0,19.5,46.8
1606616928,89.0,0.0,78.0,69.0,19.5,46.8
1606616929,90.0,0.0,78.0,68.0,19.5,46.8
1606616930,90.0,0.0,79.0,68.0,19.5,46.8
1606616931,91.0,0.0,79.0,68.0,19.5,46.8
1606616932,91.0,0.0,79.0,68.0,19.5,46.8
1606616933,91.0,0.0,79.0,68.0,19.5,46.8
1606616934,91.0,0.0,79.0,68.0,19.5,46.8
1606616935,91.0,0.0,79.0,68.0,19.5,46.8
1606616936,91.0,0.0,79.0,68.0,19.5,46.8
1606616937,91.0,0.0,79.0,68.0,19.5,46.8
1606616938,91.0,0.0,79.0,69.0,19.5,46.8
1606616939,91.0,0.0,79.0,69.0,19.5,46.8
1606616940,91.0,0.0,79.0,69.0,19.5,46.8
1606616941,90.0,0.0,79.0,70.0,19.5,46.8
1606616942,90.0,0.0,79.0,70.0,19.5,46.8
1606616943,90.0,0.0,79.0,70.0,19.5,46.8
1606616944,90.0,0.0,80.0,71.0,19.5,46.8
1606616945,90.0,0.0,80.0,71.0,19.5,46.8
1606616946,90.0,0.0,80.0,72.0,19.5,46.8
1606616947,89.0,0.0,80.0,72.0,19.5,46.8
1606616948,89.0,0.0,80.0,71.0,19.5,46.8
1606616949,89.0,0.0,80.0,71.0,19.5,46.8
1606616950,89.0,0.0,79.0,70.0,19.5,46.8
1606616951,89.0,0.0,79.0,70.0,19.5,46.8
1606616952,89.0,0.0,79.0,70.0,19.5,46.8
1606616953,89.0,0.0,79.0,70.0,19.5,46.8
1606616954,89.0,0.0,79.0,69.0,19.5,46.8
1606616955,89.0,0.0,79.0,69.0,19.5,46.8
1606616956,90.0,0.0,79.0,68.0,19.6,46.8
1606616957,90.0,0.0,79.0,68.0,19.6,46.8
1606616958,90.0,0.0,79.0,69.0,19.6,46.8
1606616959,90.0,0.0,79.0,69.0,19.6,46.8
1606616960,91.0,0.0,80.0,69.0,19.6,46.8
1606616961,91.0,0.0,80.0,69.0,19.5,46.8
1606616962,91.0,0.0,79.0,69.0,19.5,46.8
1606616963,91.0,0.0,79.0,69.0,19.5,46.8
1606616964,91.0,0.0,78.0,69.0,19.5,46.8
1606616965,91.0,0.0,78.0,70.0,19.5,46.8
1606616966,92.0,0.0,77.0,70.0,19.5,46.8
1606616967,92.0,0.0,77.0,70.0,19.5,46.8
1606616968,92.0,0.0,76.0,70.0,19.5,46.8
1606616969,92.0,0.0,75.0,70.0,19.5,46.8
1606616970,92.0,0.0,74.0,70.0,19.5,46.8
1606616971,93.0,0.0,74.0,70.0,19.5,46.8
1606616972,93.0,0.0,73.0,70.0,19.5,46.8
1606616973,94.0,0.0,73.0,71.0,19.5,46.8
1606616974,94.0,0.0,73.0,71.0,19.5,46.8
1606616975,94.0,0.0,73.0,71.0,19.5,46.8
1606616976,94.0,0.0,72.0,71.0,19.5,46.8
1606616977,94.0,0.0,72.0,71.0,19.5,46.8
1606616978,93.54545454545456,0.0,72.0909090909091,71.0,19.5,46.8
1606616979,93.0909090909091,0.0,72.18181818181819,71.0,19.5,46.8
1606616980,92.63636363636364,0.0,72.27272727272727,71.0,19.5,46.8
1606616981,92.1818181818182,0.0,72.36363636363636,71.0,19.5,46.8
1606616982,91.72727272727272,0.0,72.45454545454545,71.0,19.5,46.8
1606616983,91.27272727272728,0.0,72.54545454545455,71.0,19.5,46.8
1606616984,90.8181818181818,0.0,72.63636363636364,71.0,19.5,46.8
1606616985,90.36363636363636,0.0,72.72727272727273,71.0,19.5,46.8
1606616986,89.9090909090909,0.0,72.81818181818181,71.0,19.5,46.8
1606616987,89.45454545454545,0.0,72.9090909090909,71.0,19.5,46.8
1606616988,89.0,0.0,73.0,71.0,19.5,46.8
1606616989,89.0,0.0,73.0,71.0,19.5,46.8
1606616990,88.0,0.0,73.0,71.0,19.5,46.8
1606616991,88.0,0.0,73.0,71.0,19.5,46.8
1606616992,88.0,0.0,74.0,71.0,19.5,46.8
1606616993,88.0,0.0,74.0,71.0,19.5,46.8
1606616994,88.0,0.0,75.0,72.0,19.5,46.8
1606616995,88.0,0.0,75.0,72.0,19.5,46.8
1606616996,88.0,0.0,75.0,72.0,19.6,47.0
1606616997,88.0,0.0,76.0,73.0,19.6,47.0
1606616998,88.0,0.0,77.0,73.0,19.6,47.0
1606616999,88.0,0.0,77.0,73.0,19.6,47.0
1606617000,89.0,0.0,77.0,73.0,19.6,47.0
1606617001,89.0,0.0,78.0,73.0,19.6,46.8
1606617002,89.0,0.0,78.0,73.0,19.6,46.8
1606617003,90.0,0.0,78.0,73.0,19.6,46.8
1606617004,90.0,0.0,79.0,72.0,19.6,46.8
1606617005,90.0,0.0,79.0,72.0,19.6,46.8
1606617006,90.0,0.0,79.0,72.0,19.5,46.7
1606617007,90.0,0.0,79.0,70.0,19.5,46.7
1606617008,89.0,0.0,79.0,66.0,19.5,46.7
1606617009,89.0,0.0,79.0,66.0,19.5,46.7
1606617010,89.0,0.0,79.0,67.0,19.5,46.7
1606617011,89.0,0.0,79.0,67.0,19.5,46.7
1606617012,89.0,0.0,79.0,67.0,19.5,46.7
1606617013,89.0,0.0,79.0,68.0,19.5,46.7
1606617014,89.0,0.0,79.0,68.0,19.5,46.7
1606617015,90.0,0.0,79.0,68.0,19.5,46.7
1606617016,90.0,0.0,80.0,69.0,19.6,46.8
1606617017,90.0,0.0,80.0,69.0,19.6,46.8
1606617018,90.0,0.0,81.0,70.0,19.6,46.8
1606617019,90.0,0.0,81.0,70.0,19.6,46.8
1606617020,90.0,0.0,82.0,70.0,19.6,46.8
1606617021,90.0,0.0,83.0,71.0,19.6,46.8
1606617022,90.0,0.0,83.0,71.0,19.6,46.8
1606617023,89.0,0.0,83.0,71.0,19.6,46.8
1606617024,89.0,0.0,84.0,71.0,19.6,46.8
1606617025,89.0,0.0,84.0,72.0,19.6,46.8
1606617026,89.0,0.0,84.0,73.0,19.6,46.8
1606617027,88.0,0.0,84.0,73.0,19.6,46.8
1606617028,89.0,0.0,84.0,74.0,19.6,46.8
1606617029,89.0,0.0,83.0,74.0,19.6,46.8
1606617030,89.0,0.0,83.0,74.0,19.6,46.8
1606617031,89.0,0.0,83.0,74.0,19.6,46.8
1606617032,90.0,0.0,83.0,74.0,19.6,46.8
1606617033,90.0,0.0,83.0,74.0,19.6,46.8
1606617034,90.0,0.0,83.0,73.0,19.6,46.8
1606617035,90.0,0.0,83.0,73.0,19.6,46.8
1606617036,90.0,0.0,83.0,72.0,19.6,46.8
1606617037,90.0,0.0,84.0,71.0,19.6,46.8
1606617038,90.0,0.0,84.0,71.0,19.6,46.8
1606617039,90.0,0.0,85.0,70.0,19.6,46.8
1606617040,89.0,0.0,85.0,70.0,19.6,46.8
1606617041,89.0,0.0,85.0,70.0,19.6,46.8
1606617042,89.0,0.0,85.0,70.0,19.6,46.8
1606617043,89.0,0.0,85.0,70.0,19.6,46.8
1606617044,89.0,0.0,85.0,69.0,19.6,46.8
1606617045,89.0,0.0,85.0,70.0,19.6,46.8
1606617046,89.0,0.0,85.0,70.0,19.6,46.7
1606617047,89.0,0.0,85.0,70.0,19.6,46.7
1606617048,89.0,0.0,85.0,70.0,19.6,46.7
1606617049,89.0,0.0,85.0,70.0,19.6,46.7
1606617050,90.0,0.0,85.0,70.0,19.6,46.7
1606617051,90.0,0.0,85.0,70.0,19.6,46.8
1606617052,91.0,0.0,84.0,70.0,19.6,46.8
1606617053,91.0,0.0,84.0,70.0,19.6,46.8
1606617054,91.0,0.0,84.0,70.0,19.6,46.8
1606617055,92.0,0.0,83.0,70.0,19.6,46.8
1606617056,92.0,0.0,83.0,70.0,19.6,46.8
1606617057,92.0,0.0,83.0,70.0,19.6,46.8
1606617058,92.0,0.0,82.0,70.0,19.6,46.8
1606617059,93.0,0.0,82.0,70.0,19.6,46.8
1606617060,93.0,0.0,81.0,70.0,19.6,46.8
1606617061,93.0,0.0,81.0,70.0,19.6,46.9
1606617062,93.0,0.0,81.0,70.0,19.6,46.9
1606617063,92.0,0.0,81.0,70.0,19.6,46.9
1606617064,92.0,0.0,80.0,70.0,19.6,46.9
1606617065,92.0,0.0,80.0,70.0,19.6,46.9
1606617066,92.0,0.0,80.0,70.0,19.6,46.8
1606617067,92.0,0.0,80.0,69.0,19.6,46.8
1606617068,92.0,0.0,80.0,69.0,19.6,46.8
1606617069,92.0,0.0,81.0,69.0,19.6,46.8
1606617070,93.0,0.0,81.0,69.0,19.6,46.8
1606617071,93.0,0.0,82.0,69.0,19.6,46.8
1606617072,93.0,0.0,82.0,69.0,19.6,46.8
1606617073,94.0,0.0,82.0,69.0,19.6,46.8
1606617074,94.0,0.0,83.0,70.0,19.6,46.8
1606617075,94.0,0.0,83.0,70.0,19.6,46.8
1606617076,94.0,0.0,83.0,71.0,19.6,46.8
1606617077,94.0,0.0,85.0,71.0,19.6,46.8
1606617078,95.0,0.0,86.0,71.0,19.6,46.8
1606617079,95.0,0.0,86.0,71.0,19.6,46.8
1606617080,94.0,0.0,86.0,72.0,19.6,46.8
1606617081,94.0,0.0,87.0,71.0,19.6,46.8
1606617082,93.0,0.0,87.0,71.0,19.6,46.8
1606617083,93.0,0.0,88.0,71.0,19.6,46.8
1606617084,93.0,0.0,88.0,71.0,19.6,46.8
1606617085,93.0,0.0,89.0,71.0,19.6,46.8
1606617086,92.0,0.0,88.0,71.0,19.6,46.7
1606617087,92.0,0.0,88.0,71.0,19.6,46.7
1606617088,92.0,0.0,88.0,71.0,19.6,46.7
1606617089,92.0,0.0,87.0,71.0,19.6,46.7
1606617090,92.0,0.0,86.0,71.0,19.6,46.7
1606617091,92.0,0.0,86.0,71.0,19.6,46.7
1606617092,92.0,0.0,86.0,71.0,19.6,46.7
1606617093,91.0,0.0,85.0,71.0,19.6,46.7
1606617094,91.0,0.0,85.0,70.0,19.6,46.7
1606617095,91.0,0.0,85.0,70.0,19.6,46.7
1606617096,91.0,0.0,84.0,70.0,19.6,46.7
1606617097,90.0,0.0,84.0,69.0,19.6,46.7
1606617098,90.0,0.0,84.0,69.0,19.6,46.7
1606617099,90.0,0.0,84.0,69.0,19.6,46.7
1606617100,90.0,0.0,84.0,69.0,19.6,46.7
1606617101,90.0,0.0,84.0,69.0,19.6,46.7
1606617102,89.0,0.0,84.0,69.0,19.6,46.7
1606617103,89.0,0.0,80.0,69.0,19.6,46.7
1606617104,89.0,0.0,79.0,69.0,19.6,46.7
1606617105,89.0,0.0,79.0,69.0,19.6,46.7
1606617106,90.0,0.0,79.0,69.0,19.6,46.7
1606617107,90.0,0.0,78.0,69.0,19.6,46.7
1606617108,90.0,0.0,78.0,69.0,19.6,46.7
1606617109,90.0,0.0,78.0,69.0,19.6,46.7
1606617110,91.0,0.0,79.0,69.0,19.6,46.7
1606617111,91.0,0.0,78.0,69.0,19.6,46.6
1606617112,92.0,0.0,78.0,69.0,19.6,46.6
1606617113,92.0,0.0,79.0,69.0,19.6,46.6
1606617114,92.0,0.0,79.0,70.0,19.6,46.6
1606617115,92.0,0.0,79.0,70.0,19.6,46.6
1606617116,92.0,0.0,80.0,70.0,19.6,46.6
1606617117,92.0,0.0,80.0,70.0,19.6,46.6
1606617118,92.0,0.0,80.0,70.0,19.6,46.6
1606617119,92.0,0.0,80.0,70.0,19.6,46.6
1606617120,92.0,0.0,80.0,69.0,19.6,46.6
1606617121,92.0,0.0,80.0,69.0,19.6,46.5
1606617122,92.0,0.0,81.0,69.0,19.6,46.5
1606617123,92.0,0.0,81.0,69.0,19.6,46.5
1606617124,92.0,0.0,81.0,68.0,19.6,46.5
1606617125,92.0,0.0,81.0,68.0,19.6,46.5
1606617126,92.0,0.0,81.0,67.0,19.6,46.5
1606617127,92.0,0.0,81.0,67.0,19.6,46.5
1606617128,92.0,0.0,82.0,66.0,19.6,46.5
1606617129,92.0,0.0,82.0,66.0,19.6,46.5
1606617130,92.0,0.0,82.0,66.0,19.6,46.5
1606617131,92.0,0.0,83.0,66.0,19.6,46.4
1606617132,92.0,0.0,83.0,66.0,19.6,46.4
1606617133,91.0,0.0,83.0,66.0,19.6,46.4
1606617134,91.0,0.0,83.0,65.0,19.6,46.4
1606617135,90.0,0.0,84.0,65.0,19.6,46.4
1606617136,90.0,0.0,85.0,65.0,19.6,46.4
1606617137,90.0,0.0,85.0,65.0,19.6,46.4
1606617138,89.0,0.0,86.0,65.0,19.6,46.4
1606617139,89.0,0.0,86.0,65.0,19.6,46.4
1606617140,88.0,0.0,87.0,65.0,19.6,46.4
1606617141,88.0,0.0,87.0,64.0,19.6,46.4
1606617142,87.0,0.0,87.0,65.0,19.6,46.4
1606617143,87.0,0.0,87.0,65.0,19.6,46.4
1606617144,87.0,0.0,87.0,65.0,19.6,46.4
1606617145,87.0,0.0,88.0,65.0,19.6,46.4
1606617146,87.0,0.0,88.0,65.0,19.6,46.3
1606617147,88.0,0.0,88.0,66.0,19.6,46.3
1606617148,88.0,0.0,88.0,70.0,19.6,46.3
1606617149,88.0,0.0,88.0,70.0,19.6,46.3
1606617150,88.0,0.0,89.0,70.0,19.6,46.3
1606617151,88.0,0.0,89.0,70.0,19.6,46.4
1606617152,89.0,0.0,89.0,69.0,19.6,46.4
1606617153,89.0,0.0,90.0,69.0,19.6,46.4
1606617154,89.0,0.0,90.0,69.0,19.6,46.4
1606617155,89.0,0.0,90.0,69.0,19.6,46.4
1606617156,89.0,0.0,90.0,68.0,19.6,46.4
1606617157,89.0,0.0,89.0,68.0,19.6,46.4
1606617158,89.0,0.0,89.0,68.0,19.6,46.4
1606617159,89.0,0.0,88.0,68.0,19.6,46.4
1606617160,90.0,0.0,87.0,68.0,19.6,46.4
1606617161,90.0,0.0,86.0,69.0,19.6,46.3
1606617162,90.0,0.0,85.0,69.0,19.6,46.3
1606617163,90.0,0.0,84.0,70.0,19.6,46.3
1606617164,91.0,0.0,84.0,70.0,19.6,46.3
1606617165,91.0,0.0,84.0,70.0,19.6,46.3
1606617166,91.0,0.0,83.0,71.0,19.7,46.5
1606617167,91.0,0.0,83.0,72.0,19.7,46.5
1606617168,90.0,0.0,83.0,73.0,19.7,46.5
1606617169,90.0,0.0,83.0,73.0,19.7,46.5
1606617170,89.0,0.0,83.0,73.0,19.7,46.5
1606617171,89.0,0.0,84.0,73.0,19.6,46.4
1606617172,88.0,0.0,84.0,74.0,19.6,46.4
1606617173,88.0,0.0,84.0,74.0,19.6,46.4
1606617174,87.0,0.0,84.0,74.0,19.6,46.4
1606617175,87.0,0.0,84.0,74.0,19.6,46.4
1606617176,87.0,0.0,84.0,74.0,19.6,46.4
1606617177,87.0,0.0,83.0,73.0,19.6,46.4
1606617178,87.0,0.0,83.0,73.0,19.6,46.4
1606617179,87.0,0.0,81.0,72.0,19.6,46.4
1606617180,87.0,0.0,81.0,72.0,19.6,46.4
1606617181,87.0,0.0,80.0,71.0,19.6,46.4
1606617182,87.0,0.0,79.0,71.0,19.6,46.4
1606617183,87.0,0.0,79.0,71.0,19.6,46.4
1606617184,87.0,0.0,78.0,71.0,19.6,46.4
1606617185,87.0,0.0,78.0,71.0,19.6,46.4
1606617186,87.0,0.0,77.0,71.0,19.6,46.4
1606617187,87.0,0.0,77.0,71.0,19.6,46.4
1606617188,87.0,0.0,77.0,71.0,19.6,46.4
1606617189,88.0,0.0,76.0,71.0,19.6,46.4
1606617190,88.0,0.0,76.0,71.0,19.6,46.4
1606617191,88.0,0.0,76.0,71.0,19.6,46.4
1606617192,88.0,0.0,77.0,71.0,19.6,46.4
1606617193,89.0,0.0,77.0,71.0,19.6,46.4
1606617194,89.0,0.0,77.0,71.0,19.6,46.4
1606617195,89.0,0.0,77.0,71.0,19.6,46.4
1606617196,89.0,0.0,77.0,71.0,19.6,46.5
1606617197,89.0,0.0,78.0,71.0,19.6,46.5
1606617198,88.0,0.0,78.0,70.0,19.6,46.5
1606617199,88.0,0.0,79.0,70.0,19.6,46.5
1606617200,87.0,0.0,80.0,70.0,19.6,46.5
1606617201,87.0,0.0,81.0,70.0,19.6,46.3
1606617202,87.0,0.0,81.0,69.0,19.6,46.3
1606617203,86.0,0.0,82.0,69.0,19.6,46.3
1606617204,86.0,0.0,82.0,69.0,19.6,46.3
1606617205,86.0,0.0,82.0,69.0,19.6,46.3
1606617206,86.0,0.0,82.0,69.0,19.6,46.3
1606617207,86.0,0.0,82.0,70.0,19.6,46.3
1606617208,86.0,0.0,82.0,70.0,19.6,46.3
1606617209,86.0,0.0,82.0,70.0,19.6,46.3
1606617210,87.0,0.0,82.0,71.0,19.6,46.3
1606617211,87.0,0.0,82.0,71.0,19.5,46.2
1606617212,88.0,0.0,81.0,71.0,19.5,46.2
1606617213,88.0,0.0,81.0,72.0,19.5,46.2
1606617214,88.0,0.0,81.0,73.0,19.5,46.2
1606617215,88.0,0.0,80.0,73.0,19.5,46.2
1606617216,88.0,0.0,80.0,73.0,19.6,46.3
1606617217,88.0,0.0,80.0,72.0,19.6,46.3
1606617218,89.0,0.0,79.0,72.0,19.6,46.3
1606617219,88.0,0.0,79.0,72.0,19.6,46.3
1606617220,88.0,0.0,79.0,71.0,19.6,46.3
1606617221,88.0,0.0,79.0,71.0,19.6,46.3
1606617222,88.0,0.0,79.0,70.0,19.6,46.3
1606617223,87.0,0.0,79.0,70.0,19.6,46.3
1606617224,87.0,0.0,79.0,70.0,19.6,46.3
1606617225,87.0,0.0,79.0,70.0,19.6,46.3
1606617226,86.0,0.0,80.0,70.0,19.6,46.3
1606617227,86.0,0.0,80.0,70.0,19.6,46.3
1606617228,86.0,0.0,81.0,70.0,19.6,46.3
1606617229,85.0,0.0,81.0,70.0,19.6,46.3
1606617230,85.0,0.0,81.0,70.0,19.6,46.3
1606617231,85.2,0.0,81.0,69.9,19.6,46.3
1606617232,85.4,0.0,81.0,69.8,19.6,46.3
1606617233,85.6,0.0,81.0,69.7,19.6,46.3
1606617234,85.8,0.0,81.0,69.6,19.6,46.3
1606617235,86.0,0.0,81.0,69.5,19.6,46.3
1606617236,86.2,0.0,81.0,69.4,19.6,46.3
1606617237,86.4,0.0,81.0,69.3,19.6,46.3
1606617238,86.6,0.0,81.0,69.2,19.6,46.3
1606617239,86.8,0.0,81.0,69.1,19.6,46.3
1606617240,87.0,0.0,81.0,69.0,19.6,46.3
1606617241,87.0,0.0,81.0,69.0,19.6,46.3
1606617242,87.0,0.0,81.0,69.0,19.6,46.3
1606617243,87.0,0.0,81.0,69.0,19.6,46.3
1606617244,87.0,0.0,80.0,69.0,19.6,46.3
1606617245,87.0,0.0,80.0,68.0,19.6,46.3
1606617246,87.0,0.0,80.0,68.0,19.6,46.3
1606617247,88.0,0.0,80.0,67.0,19.6,46.3
1606617248,88.0,0.0,80.0,67.0,19.6,46.3
1606617249,88.0,0.0,80.0,68.0,19.6,46.3
1606617250,89.0,0.0,80.0,68.0,19.6,46.3
1606617251,89.0,0.0,80.0,68.0,19.6,46.3
1606617252,90.0,0.0,80.0,68.0,19.6,46.3
1606617253,90.0,0.0,80.0,69.0,19.6,46.3
1606617254,90.0,0.0,80.0,69.0,19.6,46.3
1606617255,91.0,0.0,80.0,70.0,19.6,46.3
1606617256,91.0,0.0,80.0,70.0,19.6,46.3
1606617257,91.0,0.0,81.0,70.0,19.6,46.3
1606617258,91.0,0.0,81.0,70.0,19.6,46.3
1606617259,91.0,0.0,81.0,70.0,19.6,46.3
1606617260,91.0,0.0,81.0,70.0,19.6,46.3
1606617261,90.0,0.0,83.0,70.0,19.6,46.3
1606617262,90.0,0.0,84.0,69.0,19.6,46.3
1606617263,90.0,0.0,84.0,69.0,19.6,46.3
1606617264,90.0,0.0,84.0,69.0,19.6,46.3
1606617265,89.0,0.0,84.0,69.0,19.6,46.3
1606617266,89.0,0.0,84.0,69.0,19.6,46.3
1606617267,89.0,0.0,84.0,69.0,19.6,46.3
1606617268,89.0,0.0,85.0,70.0,19.6,46.3
1606617269,89.0,0.0,85.0,70.0,19.6,46.3
1606617270,89.0,0.0,85.0,71.0,19.6,46.3
1606617271,89.0,0.0,86.0,71.0,19.6,46.3
1606617272,89.0,0.0,86.0,72.0,19.6,46.3
1606617273,89.0,0.0,86.0,72.0,19.6,46.3
1606617274,89.0,0.0,86.0,72.0,19.6,46.3
1606617275,90.0,0.0,86.0,72.0,19.6,46.3
1606617276,90.0,0.0,86.0,71.0,19.6,46.3
1606617277,90.0,0.0,86.0,71.0,19.6,46.3
1606617278,90.0,0.0,85.0,70.0,19.6,46.3
1606617279,91.0,0.0,85.0,70.0,19.6,46.3
1606617280,91.0,0.0,84.0,69.0,19.6,46.4
1606617281,92.0,0.0,83.0,68.0,19.6,46.4
1606617282,92.0,0.0,83.0,68.0,19.6,46.4
1606617283,92.0,0.0,82.0,67.0,19.6,46.4
1606617284,93.0,0.0,82.0,67.0,19.6,46.4
1606617285,93.0,0.0,81.0,67.0,19.6,46.3
1606617286,93.0,0.0,81.0,68.0,19.6,46.3
1606617287,93.0,0.0,81.0,68.0,19.6,46.3
1606617288,93.0,0.0,82.0,68.0,19.6,46.3
1606617289,92.0,0.0,82.0,69.0,19.6,46.3
1606617290,92.0,0.0,83.0,69.0,19.6,46.3
1606617291,91.0,0.0,84.0,70.0,19.6,46.3
1606617292,91.0,0.0,85.0,70.0,19.6,46.3
1606617293,90.0,0.0,85.0,70.0,19.6,46.3
1606617294,90.0,0.0,86.0,70.0,19.6,46.3
1606617295,89.0,0.0,86.0,70.0,19.6,46.3
1606617296,89.0,0.0,87.0,70.0,19.6,46.3
1606617297,88.0,0.0,86.0,69.0,19.6,46.3
1606617298,88.0,0.0,86.0,69.0,19.6,46.3
1606617299,87.0,0.0,85.0,69.0,19.6,46.3
1606617300,87.0,0.0,84.0,69.0,19.6,46.3
1606617301,87.0,0.0,84.0,69.0,19.6,46.3
1606617302,87.0,0.0,83.0,70.0,19.6,46.3
1606617303,87.0,0.0,82.0,70.0,19.6,46.3
1606617304,86.0,0.0,82.0,71.0,19.6,46.3
1606617305,86.0,0.0,82.0,71.0,19.6,46.3
1606617306,86.0,0.0,82.0,71.0,19.6,46.3
1606617307,85.0,0.0,82.0,72.0,19.6,46.3
1606617308,85.0,0.0,82.0,72.0,19.6,46.3
1606617309,85.0,0.0,82.0,72.0,19.6,46.3
1606617310,85.0,0.0,82.0,72.0,19.6,46.3
1606617311,84.0,0.0,82.0,72.0,19.6,46.3
1606617312,83.0,0.0,82.0,72.0,19.6,46.3
1606617313,83.0,0.0,82.0,72.0,19.6,46.3
1606617314,82.0,0.0,83.0,72.0,19.6,46.3
1606617315,82.0,0.0,83.0,72.0,19.6,46.3
1606617316,82.0,0.0,82.0,72.0,19.6,46.3
1606617317,82.0,0.0,82.0,72.0,19.6,46.3
1606617318,83.0,0.0,83.0,72.0,19.6,46.3
1606617319,83.0,0.0,83.0,73.0,19.6,46.3
1606617320,83.0,0.0,83.0,73.0,19.6,46.2
1606617321,84.0,0.0,83.0,73.0,19.6,46.2
1606617322,84.0,0.0,84.0,74.0,19.6,46.2
1606617323,85.0,0.0,84.0,74.0,19.6,46.2
1606617324,85.0,0.0,84.0,75.0,19.6,46.2
1606617325,85.0,0.0,84.0,75.0,19.6,46.3
1606617326,85.0,0.0,84.0,75.0,19.6,46.3
1606617327,85.0,0.0,84.0,75.0,19.6,46.3
1606617328,84.0,0.0,84.0,75.0,19.6,46.3
1606617329,84.0,0.0,83.0,75.0,19.6,46.3
1606617330,84.0,0.0,83.0,75.0,19.5,46.2
1606617331,84.0,0.0,82.0,75.0,19.5,46.2
1606617332,84.0,0.0,82.0,75.0,19.5,46.2
1606617333,83.0,0.0,81.0,75.0,19.5,46.2
1606617334,83.0,0.0,80.0,75.0,19.5,46.2
1606617335,83.0,0.0,80.0,74.0,19.5,46.3
1606617336,83.0,0.0,79.0,74.0,19.5,46.3
1606617337,84.0,0.0,79.0,74.0,19.5,46.3
1606617338,84.0,0.0,79.0,74.0,19.5,46.3
1606617339,84.0,0.0,80.0,74.0,19.5,46.3
1606617340,84.0,0.0,80.0,74.0,19.5,46.3
1606617341,84.0,0.0,80.0,74.0,19.5,46.3
1606617342,84.0,0.0,81.0,74.0,19.5,46.3
1606617343,84.0,0.0,81.0,74.0,19.5,46.3
1606617344,84.0,0.0,81.0,74.0,19.5,46.3
1606617345,84.0,0.0,81.0,74.0,19.5,46.3
1606617346,83.0,0.0,81.0,74.0,19.5,46.3
1606617347,83.0,0.0,81.0,74.0,19.5,46.3
1606617348,83.0,0.0,81.0,74.0,19.5,46.3
1606617349,83.0,0.0,81.0,74.0,19.5,46.3
1606617350,83.0,0.0,81.0,74.0,19.5,46.3
1606617351,83.0,0.0,80.0,74.0,19.5,46.3
1606617352,83.0,0.0,79.0,74.0,19.5,46.3
1606617353,83.0,0.0,79.0,73.0,19.5,46.3
1606617354,83.0,0.0,79.0,73.0,19.5,46.3
1606617355,84.0,0.0,79.0,73.0,19.4,46.3
1606617356,84.0,0.0,79.0,72.0,19.4,46.3
1606617357,85.0,0.0,79.0,72.0,19.4,46.3
1606617358,85.0,0.0,80.0,72.0,19.4,46.3
1606617359,85.0,0.0,80.0,72.0,19.4,46.3
1606617360,85.0,0.0,80.0,72.0,19.5,46.4
1606617361,86.0,0.0,81.0,71.0,19.5,46.4
1606617362,86.0,0.0,81.0,70.0,19.5,46.4
1606617363,86.0,0.0,81.0,70.0,19.5,46.4
1606617364,86.0,0.0,82.0,70.0,19.5,46.4
1606617365,87.0,0.0,82.0,69.0,19.4,46.3
1606617366,87.0,0.0,82.0,69.0,19.4,46.3
1606617367,87.0,0.0,81.0,69.0,19.4,46.3
1606617368,87.0,0.0,81.0,69.0,19.4,46.3
1606617369,87.0,0.0,81.0,69.0,19.4,46.3
1606617370,87.0,0.0,81.0,69.0,19.4,46.3
1606617371,87.0,0.0,81.0,69.0,19.4,46.3
1606617372,86.0,0.0,82.0,69.0,19.4,46.3
1606617373,86.0,0.0,83.0,70.0,19.4,46.3
1606617374,86.0,0.0,83.0,70.0,19.4,46.3
1606617375,86.0,0.0,83.0,70.0,19.5,46.4
1606617376,86.0,0.0,84.0,71.0,19.5,46.4
1606617377,86.0,0.0,84.0,71.0,19.5,46.4
1606617378,86.0,0.0,85.0,72.0,19.5,46.4
1606617379,86.0,0.0,85.0,72.0,19.5,46.4
1606617380,86.0,0.0,86.0,73.0,19.4,46.5
1606617381,86.0,0.0,86.0,73.0,19.4,46.5
1606617382,87.0,0.0,87.0,73.0,19.4,46.5
1606617383,87.0,0.0,87.0,72.0,19.4,46.5
1606617384,87.0,0.0,88.0,72.0,19.4,46.5
1606617385,87.0,0.0,88.0,71.0,19.4,46.3
1606617386,87.0,0.0,89.0,71.0,19.4,46.3
1606617387,87.0,0.0,89.0,70.0,19.4,46.3
1606617388,86.0,0.0,90.0,69.0,19.4,46.3
1606617389,86.0,0.0,90.0,69.0,19.4,46.3
1606617390,86.0,0.0,90.0,67.0,19.4,46.3
1606617391,86.0,0.0,90.0,67.0,19.4,46.3
1606617392,86.0,0.0,90.0,66.0,19.4,46.3
1606617393,86.0,0.0,90.0,66.0,19.4,46.3
1606617394,86.0,0.0,89.0,65.0,19.4,46.3
1606617395,86.0,0.0,88.0,65.0,19.4,46.3
1606617396,86.0,0.0,88.0,66.0,19.4,46.3
1606617397,87.0,0.0,88.0,66.0,19.4,46.3
1606617398,87.0,0.0,87.0,66.0,19.4,46.3
1606617399,87.0,0.0,87.0,66.0,19.4,46.3
1606617400,87.0,0.0,87.0,66.0,19.3,46.3
1606617401,87.0,0.0,88.0,66.0,19.3,46.3
1606617402,87.0,0.0,88.0,66.0,19.3,46.3
1606617403,86.0,0.0,89.0,67.0,19.3,46.3
1606617404,86.0,0.0,89.0,67.0,19.3,46.3
1606617405,86.0,0.0,90.0,67.0,19.4,46.4
1606617406,86.0,0.0,90.0,67.0,19.4,46.4
1606617407,85.0,0.0,91.0,67.0,19.4,46.4
1606617408,85.0,0.0,92.0,67.0,19.4,46.4
1606617409,85.0,0.0,89.0,67.0,19.4,46.4
1606617410,84.0,0.0,88.0,68.0,19.3,46.3
1606617411,84.0,0.0,87.0,68.0,19.3,46.3
1606617412,85.0,0.0,86.0,68.0,19.3,46.3
1606617413,85.0,0.0,86.0,67.0,19.3,46.3
1606617414,85.0,0.0,85.0,67.0,19.3,46.3
1606617415,85.0,0.0,85.0,67.0,19.3,46.3
1606617416,85.0,0.0,85.0,67.0,19.3,46.3
1606617417,85.0,0.0,85.0,66.0,19.3,46.3
1606617418,85.0,0.0,84.0,66.0,19.3,46.3
1606617419,85.0,0.0,84.0,66.0,19.3,46.3
1606617420,85.0,0.0,84.0,65.0,19.4,46.5
1606617421,85.0,0.0,85.0,65.0,19.4,46.5
1606617422,85.0,0.0,85.0,65.0,19.4,46.5
1606617423,85.0,0.0,85.0,65.0,19.4,46.5
1606617424,85.0,0.0,86.0,65.0,19.4,46.5
1606617425,85.0,0.0,86.0,65.0,19.4,46.6
1606617426,85.0,0.0,86.0,65.0,19.4,46.6
1606617427,85.0,0.0,87.0,65.0,19.4,46.6
1606617428,86.0,0.0,88.0,65.0,19.4,46.6
1606617429,86.0,0.0,89.0,65.0,19.4,46.6
1606617430,86.0,0.0,89.0,65.0,19.4,46.6
1606617431,86.0,0.0,89.0,65.0,19.4,46.6
1606617432,87.0,0.0,89.0,65.0,19.4,46.6
1606617433,87.0,0.0,90.0,65.0,19.4,46.6
1606617434,87.0,0.0,91.0,65.0,19.4,46.6
1606617435,87.0,0.0,91.0,66.0,19.4,46.7
1606617436,87.0,0.0,91.0,67.0,19.4,46.7
1606617437,87.0,0.0,91.0,67.0,19.4,46.7
1606617438,87.0,0.0,91.0,67.0,19.4,46.7
1606617439,87.0,0.0,92.0,67.0,19.4,46.7
1606617440,87.0,0.0,92.0,67.0,19.4,46.8
1606617441,87.0,0.0,92.0,66.0,19.4,46.8
1606617442,87.0,0.0,91.0,66.0,19.4,46.8
1606617443,86.0,0.0,91.0,65.0,19.4,46.8
1606617444,86.0,0.0,90.0,65.0,19.4,46.8
1606617445,86.0,0.0,90.0,65.0,19.4,46.8
1606617446,86.0,0.0,89.0,65.0,19.4,46.8
1606617447,86.0,0.0,89.0,65.0,19.4,46.8
1606617448,86.0,0.0,88.0,66.0,19.4,46.8
1606617449,87.0,0.0,88.0,66.0,19.4,46.8
1606617450,87.0,0.0,88.0,66.0,19.3,46.7
1606617451,88.0,0.0,86.0,67.0,19.3,46.7
1606617452,89.0,0.0,86.0,67.0,19.3,46.7
1606617453,89.0,0.0,86.0,68.0,19.3,46.7
1606617454,89.0,0.0,85.0,68.0,19.3,46.7
1606617455,91.0,0.0,85.0,68.0,19.3,46.8
1606617456,91.0,0.0,84.0,69.0,19.3,46.8
1606617457,92.0,0.0,83.0,69.0,19.3,46.8
1606617458,92.0,0.0,83.0,68.0,19.3,46.8
1606617459,93.0,0.0,82.0,68.0,19.3,46.8
1606617460,93.0,0.0,82.0,68.0,19.4,46.9
1606617461,92.0,0.0,81.0,68.0,19.4,46.9
1606617462,92.0,0.0,81.0,68.0,19.4,46.9
1606617463,92.0,0.0,80.0,67.0,19.4,46.9
1606617464,92.0,0.0,80.0,67.0,19.4,46.9
1606617465,92.0,0.0,80.0,68.0,19.4,47.0
1606617466,92.0,0.0,80.0,68.0,19.4,47.0
1606617467,92.0,0.0,80.0,69.0,19.4,47.0
1606617468,92.0,0.0,79.0,69.0,19.4,47.0
1606617469,92.0,0.0,79.0,70.0,19.4,47.0
1606617470,92.0,0.0,79.0,70.0,19.4,47.0
1606617471,92.0,0.0,79.0,70.0,19.4,47.0
1606617472,92.0,0.0,78.0,71.0,19.4,47.0
1606617473,92.0,0.0,78.0,71.0,19.4,47.0
1606617474,92.0,0.0,77.0,71.0,19.4,47.0
1606617475,92.0,0.0,77.0,71.0,19.4,47.0
1606617476,91.0,0.0,77.0,70.0,19.4,47.0
1606617477,91.0,0.0,77.0,70.0,19.4,47.0
1606617478,90.0,0.0,78.0,70.0,19.4,47.0
1606617479,90.0,0.0,78.0,70.0,19.4,47.0
1606617480,89.6,0.0,78.0,70.0,19.4,47.0
1606617481,89.2,0.0,78.0,70.0,19.4,47.0
1606617482,88.8,0.0,78.0,70.0,19.4,47.0
1606617483,88.4,0.0,78.0,70.0,19.4,47.0
1606617484,88.0,0.0,78.0,70.0,19.4,47.0
1606617485,87.6,0.0,78.0,70.0,19.4,47.0
1606617486,87.2,0.0,78.0,70.0,19.4,47.0
1606617487,86.8,0.0,78.0,70.0,19.4,47.0
1606617488,86.4,0.0,78.0,70.0,19.4,47.0
1606617489,86.0,0.0,78.0,70.0,19.4,47.0
1606617490,86.0,0.0,79.0,69.0,19.4,47.0
1606617491,86.0,0.0,80.0,69.0,19.4,47.0
1606617492,86.0,0.0,80.0,69.0,19.4,47.0
1606617493,87.0,0.0,81.0,69.0,19.4,47.0
1606617494,87.0,0.0,81.0,68.0,19.4,47.0
1606617495,88.0,0.0,82.0,68.0,19.4,47.0
1606617496,88.0,0.0,83.0,68.0,19.4,47.0
1606617497,88.0,0.0,83.0,68.0,19.4,47.0
1606617498,90.0,0.0,84.0,68.0,19.4,47.0
1606617499,90.0,0.0,84.0,67.0,19.4,47.0
1606617500,91.0,0.0,85.0,67.0,19.4,47.0
1606617501,92.0,0.0,85.0,67.0,19.4,47.0
1606617502,92.0,0.0,86.0,67.0,19.4,47.0
1606617503,93.0,0.0,86.0,67.0,19.4,47.0
1606617504,93.0,0.0,87.0,66.0,19.4,47.0
1606617505,93.0,0.0,87.0,66.0,19.4,47.0
1606617506,93.0,0.0,87.0,66.0,19.4,47.0
1606617507,94.0,0.0,87.0,66.0,19.4,47.0
1606617508,94.0,0.0,87.0,67.0,19.4,47.0
1606617509,94.0,0.0,87.0,67.0,19.4,47.0
1606617510,93.0,0.0,86.0,67.0,19.4,47.0
1606617511,93.0,0.0,86.0,67.0,19.4,47.0
1606617512,93.0,0.0,86.0,67.0,19.4,47.0
1606617513,93.0,0.0,85.0,67.0,19.4,47.0
1606617514,93.0,0.0,85.0,68.0,19.4,47.0
1606617515,93.0,0.0,85.0,68.0,19.4,47.0
1606617516,93.0,0.0,85.0,69.0,19.4,47.0
1606617517,93.0,0.0,86.0,69.0,19.4,47.0
1606617518,93.0,0.0,86.0,69.0,19.4,47.0
1606617519,94.0,0.0,87.0,69.0,19.4,47.0
1606617520,94.0,0.0,88.0,69.0,19.4,47.0
1606617521,95.0,0.0,89.0,69.0,19.4,47.0
1606617522,95.0,0.0,90.0,69.0,19.4,47.0
1606617523,95.0,0.0,90.0,70.0,19.4,47.0
1606617524,96.0,0.0,91.0,70.0,19.4,47.0
1606617525,96.0,0.0,91.0,70.0,19.4,47.0
1606617526,96.0,0.0,91.0,70.0,19.4,47.0
1606617527,96.0,0.0,91.0,71.0,19.4,47.0
1606617528,97.0,0.0,90.0,71.0,19.4,47.0
1606617529,97.0,0.0,90.0,71.0,19.4,47.0
1606617530,96.0,0.0,89.0,71.0,19.4,47.0
1606617531,96.0,0.0,89.0,71.0,19.4,47.0
1606617532,96.0,0.0,88.0,72.0,19.4,47.0
1606617533,96.0,0.0,87.0,72.0,19.4,47.0
1606617534,96.0,0.0,86.0,72.0,19.4,47.0
1606617535,96.0,0.0,85.0,71.0,19.4,47.0
1606617536,95.0,0.0,85.0,71.0,19.4,47.0
1606617537,95.0,0.0,84.0,71.0,19.4,47.0
1606617538,94.0,0.0,84.0,71.0,19.4,47.0
1606617539,94.0,0.0,84.0,70.0,19.4,47.1
1606617540,94.0,0.0,84.0,70.0,19.4,47.1
1606617541,94.0,0.0,83.0,70.0,19.4,47.1
1606617542,93.0,0.0,83.0,69.0,19.4,47.1
1606617543,93.0,0.0,83.0,68.0,19.4,47.1
1606617544,93.0,0.0,83.0,68.0,19.4,47.1
1606617545,92.0,0.0,84.0,68.0,19.4,47.1
1606617546,92.0,0.0,84.0,67.0,19.4,47.1
1606617547,92.0,0.0,84.0,67.0,19.4,47.1
1606617548,92.0,0.0,85.0,67.0,19.4,47.1
1606617549,92.0,0.0,85.0,67.0,19.5,47.1
1606617550,91.0,0.0,86.0,67.0,19.5,47.1
1606617551,91.0,0.0,87.0,67.0,19.5,47.1
1606617552,91.0,0.0,87.5,67.5,19.5,47.1
1606617553,91.0,0.0,88.0,68.0,19.5,47.1
1606617554,91.0,0.0,89.0,68.0,19.5,47.1
1606617555,91.0,0.0,90.0,68.0,19.4,47.0
1606617556,91.0,0.0,90.0,68.0,19.4,47.0
1606617557,91.0,0.0,91.0,68.0,19.4,47.0
1606617558,91.0,0.0,91.0,68.0,19.4,47.0
1606617559,91.0,0.0,92.0,68.0,19.4,47.0
1606617560,91.0,0.0,92.0,68.0,19.4,47.0
1606617561,91.0,0.0,92.0,68.0,19.4,47.0
1606617562,90.0,0.0,92.0,68.0,19.4,47.0
1606617563,90.0,0.0,92.0,68.0,19.4,47.0
1606617564,90.0,0.0,91.0,68.0,19.4,47.0
1606617565,90.0,0.0,91.0,68.0,19.4,47.1
1606617566,90.0,0.0,91.0,68.0,19.4,47.1
1606617567,90.0,0.0,90.0,69.0,19.4,47.1
1606617568,90.0,0.0,90.0,69.0,19.4,47.1
1606617569,90.0,0.0,90.0,69.0,19.4,47.1
1606617570,91.0,0.0,90.0,69.0,19.4,47.1
1606617571,91.0,0.0,91.0,69.0,19.4,47.1
1606617572,92.0,0.0,91.0,70.0,19.4,47.1
1606617573,93.0,0.0,92.0,70.0,19.4,47.1
1606617574,93.0,0.0,93.0,70.0,19.4,47.1
1606617575,94.0,0.0,94.0,71.0,19.4,47.1
1606617576,94.0,0.0,95.0,71.0,19.4,47.1
1606617577,95.0,0.0,95.0,71.0,19.4,47.1
1606617578,96.0,0.0,96.0,71.0,19.4,47.1
1606617579,96.0,0.0,96.0,71.0,19.4,47.1
1606617580,96.0,0.0,97.0,71.0,19.4,47.1
1606617581,97.0,0.0,97.0,71.0,19.4,47.1
1606617582,97.0,0.0,97.0,71.0,19.4,47.1
1606617583,97.0,0.0,97.0,71.0,19.4,47.1
1606617584,97.0,0.0,97.0,71.0,19.4,47.1
1606617585,97.0,0.0,97.0,70.0,19.4,47.2
1606617586,97.0,0.0,97.0,70.0,19.4,47.2
1606617587,97.0,0.0,97.0,70.0,19.4,47.2
1606617588,97.0,0.0,97.0,67.0,19.4,47.2
1606617589,96.0,0.0,97.0,66.0,19.4,47.2
1606617590,96.0,0.0,97.0,66.0,19.4,47.1
1606617591,96.0,0.0,97.0,66.0,19.4,47.1
1606617592,96.0,0.0,97.0,66.0,19.4,47.1
1606617593,96.0,0.0,97.0,65.0,19.4,47.1
1606617594,95.0,0.0,97.0,65.0,19.4,47.1
1606617595,95.0,0.0,97.0,66.0,19.4,47.1
1606617596,95.0,0.0,97.0,66.0,19.4,47.1
1606617597,94.0,0.0,97.0,66.0,19.4,47.1
1606617598,94.0,0.0,97.0,66.0,19.4,47.1
1606617599,94.0,0.0,97.0,67.0,19.4,47.1
1606617600,93.0,0.0,98.0,67.0,19.5,47.2
1606617601,92.0,0.0,98.0,67.0,19.5,47.2
1606617602,92.0,0.0,99.0,68.0,19.5,47.2
1606617603,92.0,0.0,99.0,68.0,19.5,47.2
1606617604,91.0,0.0,100.0,68.0,19.5,47.2
1606617605,91.0,0.0,100.0,68.0,19.5,47.3
1606617606,91.0,0.0,100.0,68.0,19.5,47.3
1606617607,91.0,0.0,100.0,69.0,19.5,47.3
1606617608,91.0,0.0,100.0,69.0,19.5,47.3
1606617609,91.0,0.0,99.0,69.0,19.5,47.3
1606617610,91.0,0.0,99.0,69.0,19.5,47.3
1606617611,92.0,0.0,99.0,69.0,19.5,47.3
1606617612,92.0,0.0,99.0,69.0,19.5,47.3
1606617613,92.0,0.0,98.0,70.0,19.5,47.3
1606617614,92.0,0.0,98.0,70.0,19.5,47.3
1606617615,92.0,0.0,98.0,70.0,19.4,47.2
1606617616,92.0,0.0,98.0,70.0,19.4,47.2
1606617617,92.0,0.0,98.0,70.0,19.4,47.2
1606617618,92.0,0.0,97.0,69.0,19.4,47.2
1606617619,92.0,0.0,97.0,69.0,19.4,47.2
1606617620,92.0,0.0,97.0,69.0,19.5,47.2
1606617621,92.0,0.0,97.0,69.0,19.5,47.2
1606617622,92.0,0.0,97.0,69.0,19.5,47.2
1606617623,92.0,0.0,96.0,68.0,19.5,47.2
1606617624,92.0,0.0,96.0,68.0,19.5,47.2
1606617625,92.0,0.0,96.0,67.0,19.4,47.2
1606617626,92.0,0.0,95.0,67.0,19.4,47.2
1606617627,92.0,0.0,94.0,67.0,19.4,47.2
1606617628,92.0,0.0,94.0,67.0,19.4,47.2
1606617629,91.0,0.0,93.0,67.0,19.4,47.2
1606617630,91.0,0.0,92.0,67.0,19.5,47.2
1606617631,91.0,0.0,92.0,66.0,19.5,47.2
1606617632,90.0,0.0,91.0,66.0,19.5,47.2
1606617633,90.0,0.0,91.0,67.0,19.5,47.2
1606617634,89.0,0.0,91.0,67.0,19.5,47.2
1606617635,89.0,0.0,91.0,67.0,19.4,47.1
1606617636,89.0,0.0,92.0,68.0,19.4,47.1
1606617637,89.0,0.0,92.0,68.0,19.4,47.1
1606617638,88.0,0.0,92.0,68.0,19.4,47.1
1606617639,88.0,0.0,93.0,68.0,19.4,47.1
1606617640,88.0,0.0,93.0,68.0,19.5,47.2
1606617641,88.0,0.0,94.0,68.0,19.5,47.2
1606617642,87.0,0.0,94.0,69.0,19.5,47.2
1606617643,88.0,0.0,95.0,69.0,19.5,47.2
1606617644,87.0,0.0,95.0,68.0,19.5,47.2
1606617645,87.0,0.0,95.0,68.0,19.5,47.1
1606617646,87.0,0.0,95.0,68.0,19.5,47.1
1606617647,87.0,0.0,95.0,68.0,19.5,47.1
1606617648,88.0,0.0,94.0,68.0,19.5,47.1
1606617649,88.0,0.0,94.0,68.0,19.5,47.1
1606617650,88.0,0.0,94.0,68.0,19.5,47.1
1606617651,89.0,0.0,93.0,67.0,19.5,47.1
1606617652,89.0,0.0,92.0,67.0,19.5,47.1
1606617653,90.0,0.0,91.0,67.0,19.5,47.1
1606617654,90.0,0.0,91.0,68.0,19.5,47.1
1606617655,90.0,0.0,90.0,68.0,19.2,47.0
1606617656,90.0,0.0,89.0,68.0,19.2,47.0
1606617657,91.0,0.0,89.0,68.0,19.2,47.0
1606617658,91.0,0.0,88.0,68.0,19.2,47.0
1606617659,91.0,0.0,88.0,68.0,19.2,47.0
1606617660,91.0,0.0,87.0,69.0,19.2,47.1
1606617661,91.0,0.0,87.0,69.0,19.2,47.1
1606617662,91.0,0.0,87.0,70.0,19.2,47.1
1606617663,91.0,0.0,87.0,70.0,19.2,47.1
1606617664,91.0,0.0,88.0,70.0,19.2,47.1
1606617665,91.0,0.0,88.0,69.0,19.2,47.1
1606617666,91.0,0.0,88.0,69.0,19.2,47.1
1606617667,91.0,0.0,89.0,70.0,19.2,47.1
1606617668,92.0,0.0,89.0,69.0,19.2,47.1
1606617669,91.0,0.0,92.0,69.0,19.2,47.1
1606617670,91.0,0.0,92.0,69.0,19.2,47.1
1606617671,91.0,0.0,92.0,69.0,19.2,47.1
1606617672,90.0,0.0,92.0,69.0,19.2,47.1
1606617673,90.0,0.0,92.0,69.0,19.2,47.1
1606617674,89.0,0.0,92.0,69.0,19.2,47.1
1606617675,89.0,0.0,92.0,69.0,19.2,47.1
1606617676,88.0,0.0,92.0,69.0,19.2,47.1
1606617677,88.0,0.0,92.0,69.0,19.2,47.1
1606617678,87.0,0.0,91.0,69.0,19.2,47.1
1606617679,87.0,0.0,91.0,68.0,19.2,47.1
1606617680,87.0,0.0,91.0,68.0,19.3,47.2
1606617681,87.0,0.0,91.0,68.0,19.3,47.2
1606617682,87.0,0.0,91.0,68.0,19.3,47.2
1606617683,87.0,0.0,90.0,68.0,19.3,47.2
1606617684,87.0,0.0,90.0,68.0,19.3,47.2
1606617685,88.0,0.0,90.0,68.0,19.3,47.2
1606617686,88.0,0.0,90.0,67.0,19.3,47.2
1606617687,88.0,0.0,90.0,67.0,19.3,47.2
1606617688,88.0,0.0,89.0,66.0,19.3,47.2
1606617689,88.0,0.0,88.0,66.0,19.3,47.2
1606617690,88.0,0.0,87.0,66.0,19.3,47.2
1606617691,88.0,0.0,87.0,66.0,19.3,47.2
1606617692,88.0,0.0,86.0,65.0,19.3,47.2
1606617693,88.0,0.0,85.0,65.0,19.3,47.2
1606617694,88.0,0.0,85.0,65.0,19.3,47.2
1606617695,88.0,0.0,83.0,65.0,19.2,47.1
1606617696,87.0,0.0,82.0,65.0,19.2,47.1
1606617697,87.0,0.0,81.0,65.0,19.2,47.1
1606617698,87.0,0.0,81.0,65.0,19.2,47.1
1606617699,87.0,0.0,81.0,65.0,19.2,47.1
1606617700,87.0,0.0,81.0,65.0,19.3,47.2
1606617701,87.0,0.0,81.0,66.0,19.3,47.2
1606617702,87.0,0.0,82.0,66.0,19.3,47.2
1606617703,86.0,0.0,82.0,66.0,19.3,47.2
1606617704,86.0,0.0,83.0,66.0,19.3,47.2
1606617705,86.0,0.0,84.0,67.0,19.2,47.0
1606617706,86.0,0.0,84.0,67.0,19.2,47.0
1606617707,86.0,0.0,86.0,67.0,19.2,47.0
1606617708,86.0,0.0,85.0,67.0,19.2,47.0
1606617709,85.0,0.0,85.0,67.0,19.2,47.0
1606617710,85.0,0.0,85.0,66.0,19.3,47.1
1606617711,85.0,0.0,84.0,66.0,19.3,47.1
1606617712,85.0,0.0,84.0,65.0,19.3,47.1
1606617713,86.0,0.0,84.0,65.0,19.3,47.1
1606617714,86.0,0.0,85.0,65.0,19.3,47.1
1606617715,86.0,0.0,85.0,65.0,19.2,46.9
1606617716,86.0,0.0,85.0,65.0,19.2,46.9
1606617717,87.0,0.0,85.0,64.0,19.2,46.9
1606617718,88.0,0.0,85.0,64.0,19.2,46.9
1606617719,89.0,0.0,85.0,64.0,19.2,46.9
1606617720,89.0,0.0,85.0,64.0,19.2,46.9
1606617721,89.0,0.0,85.0,64.0,19.2,46.9
1606617722,90.0,0.0,85.0,65.0,19.2,46.9
1606617723,90.0,0.0,85.0,65.0,19.2,46.9
1606617724,91.0,0.0,85.0,66.0,19.2,46.9
1606617725,91.0,0.0,86.0,66.0,19.2,46.9
1606617726,92.0,0.0,86.0,66.0,19.2,46.9
1606617727,92.0,0.0,87.0,68.0,19.2,46.9
1606617728,92.0,0.0,87.0,68.0,19.2,46.9
1606617729,91.7,0.0,87.1,68.2,19.2,46.9
1606617730,91.4,0.0,87.2,68.4,19.2,46.9
1606617731,91.1,0.0,87.3,68.6,19.2,46.9
1606617732,90.8,0.0,87.4,68.8,19.2,46.9
1606617733,90.5,0.0,87.5,69.0,19.2,46.9
1606617734,90.2,0.0,87.6,69.2,19.2,46.9
1606617735,89.9,0.0,87.7,69.4,19.2,46.9
1606617736,89.6,0.0,87.8,69.6,19.2,46.9
1606617737,89.3,0.0,87.9,69.8,19.2,46.9
1606617738,89.0,0.0,88.0,70.0,19.2,46.9
1606617739,89.0,0.0,89.0,70.0,19.2,46.9
1606617740,88.0,0.0,89.0,69.0,19.2,46.9
1606617741,88.0,0.0,90.0,69.0,19.2,46.9
1606617742,88.0,0.0,91.0,69.0,19.2,46.9
1606617743,88.0,0.0,91.0,68.0,19.2,46.9
1606617744,88.0,0.0,92.0,68.0,19.2,46.9
1606617745,89.0,0.0,92.0,68.0,19.2,46.9
1606617746,89.0,0.0,92.0,68.0,19.2,46.9
1606617747,89.0,0.0,92.0,68.0,19.2,46.9
1606617748,90.0,0.0,92.0,68.0,19.2,46.9
1606617749,91.0,0.0,92.0,67.0,19.3,47.0
1606617750,91.0,0.0,92.0,67.0,19.3,47.0
1606617751,92.0,0.0,92.0,67.0,19.3,47.0
1606617752,92.0,0.0,91.0,66.0,19.3,47.0
1606617753,93.0,0.0,91.0,66.0,19.3,47.0
1606617754,93.0,0.0,91.0,65.0,19.3,47.0
1606617755,93.0,0.0,91.0,65.0,19.3,47.0
1606617756,94.0,0.0,91.0,65.0,19.3,47.0
1606617757,94.0,0.0,91.0,65.0,19.3,47.0
1606617758,94.0,0.0,91.0,65.0,19.3,47.0
1606617759,94.0,0.0,91.0,65.0,19.3,47.0
1606617760,94.0,0.0,91.0,65.0,19.3,47.0
1606617761,94.0,0.0,92.0,66.0,19.3,47.0
1606617762,94.0,0.0,93.0,66.0,19.3,47.0
1606617763,94.0,0.0,93.0,66.0,19.3,47.0
1606617764,94.0,0.0,93.0,66.0,19.3,47.0
1606617765,94.0,0.0,93.0,66.0,19.3,47.0
1606617766,94.0,0.0,93.0,66.0,19.3,47.0
1606617767,93.0,0.0,93.0,66.0,19.3,47.0
1606617768,93.0,0.0,92.0,66.0,19.3,47.0
1606617769,93.0,0.0,92.0,67.0,19.3,47.1
1606617770,91.0,0.0,91.0,67.0,19.3,47.1
1606617771,91.0,0.0,90.0,67.0,19.3,47.1
1606617772,91.0,0.0,89.0,67.0,19.3,47.1
1606617773,90.0,0.0,88.0,67.0,19.3,47.1
1606617774,90.0,0.0,88.0,68.0,19.3,47.0
1606617775,89.0,0.0,87.0,68.0,19.3,47.0
1606617776,88.0,0.0,86.0,68.0,19.3,47.0
1606617777,88.0,0.0,86.0,69.0,19.3,47.0
1606617778,88.0,0.0,86.0,69.0,19.3,47.0
1606617779,88.0,0.0,86.0,70.0,19.3,47.1
1606617780,88.0,0.0,86.0,70.0,19.3,47.1
1606617781,88.0,0.0,87.0,70.0,19.3,47.1
1606617782,87.0,0.0,87.0,71.0,19.3,47.1
1606617783,87.0,0.0,88.0,71.0,19.3,47.1
1606617784,87.0,0.0,88.0,71.0,19.3,47.1
1606617785,86.0,0.0,89.0,72.0,19.3,47.1
1606617786,86.0,0.0,89.0,71.0,19.3,47.1
1606617787,86.0,0.0,88.0,71.0,19.3,47.1
1606617788,86.0,0.0,88.0,71.0,19.3,47.1
1606617789,86.0,0.0,88.0,71.0,19.2,47.0
1606617790,85.0,0.0,86.0,71.0,19.2,47.0
1606617791,85.0,0.0,86.0,70.0,19.2,47.0
1606617792,86.0,0.0,85.0,70.0,19.2,47.0
1606617793,86.0,0.0,84.0,70.0,19.2,47.0
1606617794,87.0,0.0,84.0,70.0,19.2,47.0
1606617795,87.0,0.0,84.0,69.0,19.2,47.0
1606617796,87.0,0.0,84.0,69.0,19.2,47.0
1606617797,88.0,0.0,84.0,69.0,19.2,47.0
1606617798,89.0,0.0,85.0,69.0,19.2,47.0
1606617799,89.0,0.0,86.0,68.0,19.3,47.1
1606617800,90.0,0.0,87.0,68.0,19.3,47.1
1606617801,90.0,0.0,88.0,68.0,19.3,47.1
1606617802,91.0,0.0,89.0,67.0,19.3,47.1
1606617803,91.0,0.0,90.0,67.0,19.3,47.1
1606617804,91.0,0.0,91.0,67.0,19.2,47.0
1606617805,91.0,0.0,91.0,68.0,19.2,47.0
1606617806,91.0,0.0,91.0,68.0,19.2,47.0
1606617807,92.0,0.0,91.0,68.0,19.2,47.0
1606617808,92.0,0.0,91.0,69.0,19.2,47.0
1606617809,92.0,0.0,91.0,69.0,19.2,47.0
1606617810,92.0,0.0,90.0,69.0,19.2,47.0
1606617811,92.0,0.0,90.0,69.0,19.2,47.0
1606617812,92.0,0.0,89.0,69.0,19.2,47.0
1606617813,92.0,0.0,89.0,70.0,19.2,47.0
1606617814,91.0,0.0,88.0,69.0,19.2,47.0
1606617815,91.0,0.0,88.0,69.0,19.2,47.0
1606617816,90.0,0.0,88.0,69.0,19.2,47.0
1606617817,90.0,0.0,87.0,68.0,19.2,47.0
1606617818,90.0,0.0,86.0,68.0,19.2,47.0
1606617819,89.0,0.0,86.0,68.0,19.3,47.1
1606617820,89.0,0.0,87.0,67.0,19.3,47.1
1606617821,89.0,0.0,87.0,67.0,19.3,47.1
1606617822,88.0,0.0,87.0,66.0,19.3,47.1
1606617823,88.0,0.0,87.0,66.0,19.3,47.1
1606617824,89.0,0.0,87.0,66.0,19.2,47.0
1606617825,89.0,0.0,87.0,67.0,19.2,47.0
1606617826,90.0,0.0,88.0,67.0,19.2,47.0
1606617827,90.0,0.0,88.0,67.0,19.2,47.0
1606617828,90.0,0.0,89.0,67.0,19.2,47.0
1606617829,91.0,0.0,89.0,68.0,19.2,47.0
1606617830,91.0,0.0,88.0,69.0,19.2,47.0
1606617831,91.0,0.0,88.0,69.0,19.2,47.0
1606617832,91.0,0.0,88.0,70.0,19.2,47.0
1606617833,92.0,0.0,88.0,70.0,19.2,47.0
1606617834,91.0,0.0,88.0,70.0,19.2,47.0
1606617835,91.0,0.0,88.0,71.0,19.2,47.0
1606617836,91.0,0.0,88.0,71.0,19.2,47.0
1606617837,91.0,0.0,88.0,71.0,19.2,47.0
1606617838,90.0,0.0,88.0,72.0,19.2,47.0
1606617839,90.0,0.0,88.0,72.0,19.2,47.0
1606617840,90.0,0.0,88.0,72.0,19.2,47.0
1606617841,89.0,0.0,89.0,72.0,19.2,47.0
1606617842,89.0,0.0,89.0,73.0,19.2,47.0
1606617843,89.0,0.0,90.0,73.0,19.2,47.0
1606617844,89.0,0.0,90.0,73.0,19.2,47.0
1606617845,89.0,0.0,90.0,72.0,19.2,47.0
1606617846,89.0,0.0,90.0,72.0,19.2,47.0
1606617847,89.0,0.0,91.0,72.0,19.2,47.0
1606617848,89.0,0.0,91.0,71.0,19.2,47.0
1606617849,89.0,0.0,91.0,70.0,19.2,47.0
1606617850,89.0,0.0,91.0,70.0,19.2,47.0
1606617851,89.0,0.0,91.0,69.0,19.2,47.0
1606617852,89.0,0.0,91.0,68.0,19.2,47.0
1606617853,89.0,0.0,91.0,67.0,19.2,47.0
1606617854,89.0,0.0,91.0,67.0,19.2,47.2
1606617855,89.0,0.0,91.0,66.0,19.2,47.2
1606617856,90.0,0.0,91.0,66.0,19.2,47.2
1606617857,90.0,0.0,91.0,66.0,19.2,47.2
1606617858,91.0,0.0,90.0,66.0,19.2,47.2
1606617859,91.0,0.0,90.0,67.0,19.2,47.0
1606617860,91.0,0.0,90.0,67.0,19.2,47.0
1606617861,92.0,0.0,89.0,67.0,19.2,47.0
1606617862,92.0,0.0,88.0,68.0,19.2,47.0
1606617863,92.0,0.0,88.0,69.0,19.2,47.0
1606617864,92.0,0.0,87.0,70.0,19.2,47.0
1606617865,92.0,0.0,87.0,70.0,19.2,47.0
1606617866,92.0,0.0,87.0,71.0,19.2,47.0
1606617867,92.0,0.0,86.0,71.0,19.2,47.0
1606617868,92.0,0.0,86.0,71.0,19.2,47.0
1606617869,92.0,0.0,86.0,71.0,19.3,47.1
1606617870,91.0,0.0,87.0,71.0,19.3,47.1
1606617871,91.0,0.0,88.0,71.0,19.3,47.1
1606617872,91.0,0.0,88.0,70.0,19.3,47.1
1606617873,91.0,0.0,89.0,70.0,19.3,47.1
1606617874,92.0,0.0,89.0,69.0,19.3,47.0
1606617875,92.0,0.0,89.0,69.0,19.3,47.0
1606617876,92.0,0.0,90.0,68.0,19.3,47.0
1606617877,92.0,0.0,90.0,68.0,19.3,47.0
1606617878,92.0,0.0,91.0,68.0,19.3,47.0
1606617879,93.0,0.0,91.0,67.0,19.2,46.9
1606617880,93.0,0.0,90.0,66.0,19.2,46.9
1606617881,93.0,0.0,90.0,66.0,19.2,46.9
1606617882,93.0,0.0,89.0,66.0,19.2,46.9
1606617883,93.0,0.0,88.0,67.0,19.2,46.9
1606617884,93.0,0.0,87.0,67.0,19.3,47.1
1606617885,93.0,0.0,87.0,67.0,19.3,47.1
1606617886,93.0,0.0,87.0,68.0,19.3,47.1
1606617887,93.0,0.0,87.0,68.0,19.3,47.1
1606617888,93.0,0.0,87.0,68.0,19.3,47.1
1606617889,93.0,0.0,86.0,69.0,19.2,47.0
1606617890,92.0,0.0,87.0,69.0,19.2,47.0
1606617891,92.0,0.0,87.0,70.0,19.2,47.0
1606617892,92.0,0.0,88.0,70.0,19.2,47.0
1606617893,92.0,0.0,88.0,70.0,19.2,47.0
1606617894,91.0,0.0,88.0,70.0,19.3,47.1
1606617895,91.0,0.0,88.0,70.0,19.3,47.1
1606617896,91.0,0.0,88.0,70.0,19.3,47.1
1606617897,91.0,0.0,87.0,70.0,19.3,47.1
1606617898,91.0,0.0,87.0,69.0,19.3,47.1
1606617899,91.0,0.0,86.0,69.0,19.3,47.1
1606617900,92.0,0.0,86.0,69.0,19.3,47.1
1606617901,92.0,0.0,86.0,68.0,19.3,47.1
1606617902,92.0,0.0,85.0,68.0,19.3,47.1
1606617903,93.0,0.0,85.0,68.0,19.3,47.1
1606617904,93.0,0.0,85.0,68.0,19.3,47.1
1606617905,93.0,0.0,85.0,68.0,19.3,47.1
1606617906,94.0,0.0,85.0,68.0,19.3,47.1
1606617907,94.0,0.0,85.0,68.0,19.3,47.1
1606617908,94.0,0.0,85.0,68.0,19.3,47.1
1606617909,93.0,0.0,86.0,68.0,19.3,47.2
1606617910,93.0,0.0,86.0,68.0,19.3,47.2
1606617911,92.0,0.0,86.0,68.0,19.3,47.2
1606617912,92.0,0.0,86.0,68.0,19.3,47.2
1606617913,92.0,0.0,86.0,68.0,19.3,47.2
1606617914,92.0,0.0,86.0,68.0,19.3,47.1
1606617915,92.0,0.0,86.0,68.0,19.3,47.1
1606617916,92.0,0.0,86.0,68.0,19.3,47.1
1606617917,92.0,0.0,86.0,67.0,19.3,47.1
1606617918,92.0,0.0,87.0,67.0,19.3,47.1
1606617919,92.0,0.0,87.0,67.0,19.3,47.1
1606617920,93.0,0.0,87.0,67.0,19.3,47.1
1606617921,93.0,0.0,87.0,66.0,19.3,47.1
1606617922,93.0,0.0,86.0,66.0,19.3,47.1
1606617923,93.0,0.0,86.0,66.0,19.3,47.1
1606617924,93.0,0.0,86.0,65.0,19.3,47.1
1606617925,93.0,0.0,86.0,65.0,19.3,47.1
1606617926,93.0,0.0,86.0,65.0,19.3,47.1
1606617927,92.0,0.0,86.0,64.0,19.3,47.1
1606617928,92.0,0.0,85.0,63.0,19.3,47.1
1606617929,92.0,0.0,85.0,63.0,19.3,47.1
1606617930,91.0,0.0,85.0,63.0,19.3,47.1
1606617931,91.0,0.0,85.0,63.0,19.3,47.1
1606617932,91.0,0.0,85.0,63.0,19.3,47.1
1606617933,91.0,0.0,86.0,63.0,19.3,47.1
1606617934,90.0,0.0,86.0,63.0,19.3,47.2
1606617935,90.0,0.0,86.0,64.0,19.3,47.2
1606617936,90.0,0.0,87.0,65.0,19.3,47.2
1606617937,90.0,0.0,87.0,66.0,19.3,47.2
1606617938,90.0,0.0,87.0,67.0,19.3,47.2
1606617939,90.0,0.0,87.0,68.0,19.3,47.2
1606617940,90.0,0.0,87.0,68.0,19.3,47.2
1606617941,90.0,0.0,86.0,68.0,19.3,47.2
1606617942,91.0,0.0,86.0,68.0,19.3,47.2
1606617943,91.0,0.0,86.0,69.0,19.3,47.2
1606617944,91.0,0.0,85.0,69.0,19.3,47.2
1606617945,92.0,0.0,85.0,69.0,19.3,47.2
1606617946,92.0,0.0,84.0,69.0,19.3,47.2
1606617947,92.0,0.0,84.0,68.0,19.3,47.2
1606617948,93.0,0.0,83.0,68.0,19.3,47.2
1606617949,94.0,0.0,83.0,68.0,19.3,47.2
1606617950,94.0,0.0,83.0,68.0,19.3,47.2
1606617951,95.0,0.0,83.0,68.0,19.3,47.2
1606617952,95.0,0.0,84.0,67.0,19.3,47.2
1606617953,95.0,0.0,84.0,67.0,19.3,47.2
1606617954,96.0,0.0,84.0,66.0,19.3,47.2
1606617955,96.0,0.0,85.0,66.0,19.3,47.2
1606617956,96.0,0.0,85.0,66.0,19.3,47.2
1606617957,96.0,0.0,86.0,66.0,19.3,47.2
1606617958,96.0,0.0,86.0,66.0,19.3,47.2
1606617959,96.0,0.0,87.0,66.0,19.3,47.2
1606617960,96.0,0.0,88.0,66.0,19.3,47.2
1606617961,96.0,0.0,88.0,65.0,19.3,47.2
1606617962,96.0,0.0,88.0,65.0,19.3,47.2
1606617963,95.0,0.0,89.0,65.0,19.3,47.2
1606617964,95.0,0.0,90.0,65.0,19.3,47.2
1606617965,95.0,0.0,90.0,65.0,19.3,47.2
1606617966,95.0,0.0,91.0,65.0,19.3,47.2
1606617967,95.0,0.0,91.0,65.0,19.3,47.2
1606617968,95.0,0.0,92.0,65.0,19.3,47.2
1606617969,95.0,0.0,93.0,65.0,19.3,47.2
1606617970,95.0,0.0,93.0,65.0,19.3,47.2
1606617971,95.0,0.0,93.0,65.0,19.3,47.2
1606617972,95.0,0.0,93.0,64.0,19.3,47.2
1606617973,95.0,0.0,94.0,64.0,19.3,47.2
1606617974,94.7,0.0,94.0,64.0,19.3,47.2
1606617975,94.4,0.0,94.0,64.0,19.3,47.2
1606617976,94.1,0.0,94.0,64.0,19.3,47.2
1606617977,93.8,0.0,94.0,64.0,19.3,47.2
1606617978,93.5,0.0,94.0,64.0,19.3,47.2
1606617979,93.2,0.0,94.0,64.0,19.3,47.2
1606617980,92.9,0.0,94.0,64.0,19.3,47.2
1606617981,92.6,0.0,94.0,64.0,19.3,47.2
1606617982,92.3,0.0,94.0,64.0,19.3,47.2
1606617983,92.0,0.0,94.0,64.0,19.3,47.2
1606617984,92.0,0.0,94.0,64.0,19.3,47.2
1606617985,91.0,0.0,95.0,64.0,19.3,47.2
1606617986,91.0,0.0,95.0,64.0,19.3,47.2
1606617987,90.0,0.0,95.0,64.0,19.3,47.2
1606617988,90.0,0.0,95.0,65.0,19.3,47.3
1606617989,90.0,0.0,94.0,65.0,19.3,47.3
1606617990,90.0,0.0,94.0,66.0,19.3,47.3
1606617991,90.0,0.0,94.0,66.0,19.3,47.3
1606617992,90.0,0.0,94.0,67.0,19.3,47.3
1606617993,90.0,0.0,93.0,67.0,19.3,47.3
1606617994,90.0,0.0,92.0,68.0,19.3,47.3
1606617995,90.0,0.0,91.0,68.0,19.3,47.3
1606617996,90.0,0.0,91.0,68.0,19.3,47.3
1606617997,90.0,0.0,90.0,68.0,19.3,47.3
1606617998,90.0,0.0,89.0,67.0,19.3,47.3
1606617999,90.0,0.0,88.0,67.0,19.3,47.3
1606618000,90.0,0.0,88.0,66.0,19.3,47.3
1606618001,90.0,0.0,87.0,65.0,19.3,47.3
1606618002,90.0,0.0,87.0,64.0,19.3,47.3
1606618003,90.0,0.0,87.0,64.0,19.3,47.3
1606618004,91.0,0.0,87.0,63.0,19.3,47.3
1606618005,91.0,0.0,87.0,62.0,19.3,47.3
1606618006,91.0,0.0,88.0,61.0,19.3,47.3
1606618007,91.0,0.0,89.0,61.0,19.3,47.3
1606618008,91.0,0.0,89.0,61.0,19.3,47.3
1606618009,90.0,0.0,89.0,61.0,19.3,47.3
1606618010,90.0,0.0,91.0,61.0,19.3,47.3
1606618011,90.0,0.0,91.0,61.0,19.3,47.3
1606618012,90.0,0.0,92.0,61.0,19.3,47.3
1606618013,90.0,0.0,92.0,62.0,19.3,47.3
1606618014,90.0,0.0,92.0,62.0,19.3,47.3
1606618015,90.0,0.0,92.0,63.0,19.3,47.3
1606618016,90.0,0.0,92.0,64.0,19.3,47.3
1606618017,90.0,0.0,92.0,65.0,19.3,47.3
1606618018,90.0,0.0,92.0,66.0,19.3,47.3
1606618019,90.0,0.0,90.0,67.0,19.3,47.3
1606618020,90.0,0.0,90.0,68.0,19.3,47.3
1606618021,90.0,0.0,89.0,69.0,19.3,47.3
1606618022,90.0,0.0,89.0,69.0,19.3,47.3
1606618023,90.0,0.0,89.0,70.0,19.4,47.4
1606618024,89.0,0.0,88.0,70.0,19.4,47.4
1606618025,89.0,0.0,89.0,69.0,19.4,47.4
1606618026,89.0,0.0,93.0,69.0,19.4,47.4
1606618027,89.0,0.0,93.0,69.0,19.4,47.4
1606618028,88.0,0.0,93.0,69.0,19.3,47.3
1606618029,88.0,0.0,93.0,67.0,19.3,47.3
1606618030,88.0,0.0,94.0,67.0,19.3,47.3
1606618031,88.0,0.0,93.0,64.0,19.3,47.3
1606618032,88.0,0.0,93.0,64.0,19.3,47.3
1606618033,88.0,0.0,93.0,65.0,19.4,47.2
1606618034,88.0,0.0,93.0,65.0,19.4,47.2
1606618035,88.0,0.0,92.0,66.0,19.4,47.2
1606618036,88.0,0.0,92.0,66.0,19.4,47.2
1606618037,88.0,0.0,92.0,67.0,19.4,47.2
1606618038,88.0,0.0,91.0,68.0,19.3,47.1
1606618039,88.0,0.0,91.0,68.0,19.3,47.1
1606618040,88.0,0.0,90.0,69.0,19.3,47.1
1606618041,88.0,0.0,90.0,69.0,19.3,47.1
1606618042,88.0,0.0,90.0,69.0,19.3,47.1
1606618043,89.0,0.0,90.0,69.0,19.4,47.2
1606618044,89.0,0.0,90.0,69.0,19.4,47.2
1606618045,89.0,0.0,90.0,69.0,19.4,47.2
1606618046,90.0,0.0,91.0,68.0,19.4,47.2
1606618047,90.0,0.0,91.0,68.0,19.4,47.2
1606618048,90.0,0.0,91.0,68.0,19.4,47.2
1606618049,90.0,0.0,91.0,67.0,19.4,47.2
1606618050,90.0,0.0,91.0,67.0,19.4,47.2
1606618051,90.0,0.0,90.0,66.0,19.4,47.2
1606618052,91.0,0.0,90.0,66.0,19.4,47.2
1606618053,91.0,0.0,90.0,65.0,19.4,47.2
1606618054,91.0,0.0,89.0,65.0,19.4,47.2
1606618055,91.0,0.0,88.0,65.0,19.4,47.2
1606618056,91.0,0.0,88.0,65.0,19.4,47.2
1606618057,91.0,0.0,87.0,65.0,19.4,47.2
1606618058,91.0,0.0,87.0,65.0,19.4,47.2
1606618059,91.0,0.0,87.0,66.0,19.4,47.2
1606618060,91.0,0.0,87.0,66.0,19.4,47.2
1606618061,91.0,0.0,87.0,66.0,19.4,47.2
1606618062,91.0,0.0,87.0,67.0,19.4,47.2
1606618063,91.0,0.0,87.0,67.0,19.4,47.3
1606618064,91.0,0.0,88.0,68.0,19.4,47.3
1606618065,90.0,0.0,88.0,67.0,19.4,47.3
1606618066,90.0,0.0,89.0,67.0,19.4,47.3
1606618067,90.0,0.0,90.0,67.0,19.4,47.3
1606618068,90.0,0.0,91.0,67.0,19.4,47.3
1606618069,90.0,0.0,91.0,67.0,19.4,47.3
1606618070,89.0,0.0,92.0,67.0,19.4,47.3
1606618071,89.0,0.0,92.0,66.0,19.4,47.3
1606618072,89.0,0.0,92.0,66.0,19.4,47.3
1606618073,89.0,0.0,93.0,66.0,19.4,47.3
1606618074,89.0,0.0,93.0,65.0,19.4,47.3
1606618075,89.0,0.0,93.0,65.0,19.4,47.3
1606618076,89.0,0.0,93.0,64.0,19.4,47.3
1606618077,88.0,0.0,92.0,64.0,19.4,47.3
1606618078,88.0,0.0,92.0,64.0,19.4,47.3
1606618079,88.0,0.0,92.0,64.0,19.4,47.3
1606618080,87.0,0.0,92.0,64.0,19.4,47.3
1606618081,87.0,0.0,92.0,65.0,19.4,47.3
1606618082,87.0,0.0,91.0,65.0,19.4,47.3
1606618083,87.0,0.0,91.0,65.0,19.4,47.2
1606618084,87.0,0.0,91.0,66.0,19.4,47.2
1606618085,87.0,0.0,91.0,66.0,19.4,47.2
1606618086,87.0,0.0,91.0,66.0,19.4,47.2
1606618087,87.0,0.0,91.0,66.0,19.4,47.2
1606618088,87.0,0.0,92.0,66.0,19.3,47.1
1606618089,87.0,0.0,92.0,66.0,19.3,47.1
1606618090,87.0,0.0,93.0,67.0,19.3,47.1
1606618091,88.0,0.0,93.0,67.0,19.3,47.1
1606618092,87.0,0.0,93.0,67.0,19.3,47.1
1606618093,87.0,0.0,94.0,66.0,19.4,47.2
1606618094,87.0,0.0,94.0,66.0,19.4,47.2
1606618095,87.0,0.0,95.0,66.0,19.4,47.2
1606618096,86.0,0.0,95.0,66.0,19.4,47.2
1606618097,86.0,0.0,95.0,66.0,19.4,47.2
1606618098,85.0,0.0,94.0,66.0,19.5,47.3
1606618099,85.0,0.0,94.0,66.0,19.5,47.3
1606618100,85.0,0.0,94.0,66.0,19.5,47.3
1606618101,84.0,0.0,93.0,66.0,19.5,47.3
1606618102,84.0,0.0,93.0,66.0,19.5,47.3
1606618103,84.0,0.0,92.0,67.0,19.4,47.2
1606618104,84.0,0.0,92.0,67.0,19.4,47.2
1606618105,84.0,0.0,91.0,67.0,19.4,47.2
1606618106,84.0,0.0,91.0,68.0,19.4,47.2
1606618107,84.0,0.0,91.0,68.0,19.4,47.2
1606618108,84.0,0.0,91.0,67.0,19.4,47.2
1606618109,85.0,0.0,90.0,67.0,19.4,47.2
1606618110,85.0,0.0,90.0,67.0,19.4,47.2
1606618111,85.0,0.0,90.0,67.0,19.4,47.2
1606618112,86.0,0.0,90.0,67.0,19.4,47.2
1606618113,86.0,0.0,90.0,67.0,19.4,47.1
1606618114,87.0,0.0,89.0,66.0,19.4,47.1
1606618115,87.0,0.0,89.0,66.0,19.4,47.1
1606618116,88.0,0.0,89.0,66.0,19.4,47.1
1606618117,88.0,0.0,89.0,66.0,19.4,47.1
1606618118,89.0,0.0,89.0,66.0,19.4,47.1
1606618119,89.0,0.0,89.0,66.0,19.4,47.1
1606618120,89.0,0.0,89.0,65.0,19.4,47.1
1606618121,90.0,0.0,89.0,65.0,19.4,47.1
1606618122,90.0,0.0,89.0,64.0,19.4,47.1
1606618123,90.0,0.0,89.0,64.0,19.4,47.1
1606618124,91.0,0.0,90.0,64.0,19.4,47.1
1606618125,91.0,0.0,90.0,63.0,19.4,47.1
1606618126,91.0,0.0,91.0,63.0,19.4,47.1
1606618127,91.0,0.0,91.0,63.0,19.4,47.1
1606618128,91.0,0.0,91.0,63.0,19.5,47.2
1606618129,91.0,0.0,92.0,62.0,19.5,47.2
1606618130,91.0,0.0,92.0,62.0,19.5,47.2
1606618131,91.0,0.0,92.0,62.0,19.5,47.2
1606618132,91.0,0.0,92.0,62.0,19.5,47.2
1606618133,91.0,0.0,92.0,62.0,19.4,47.1
1606618134,91.0,0.0,92.0,62.0,19.4,47.1
1606618135,91.0,0.0,93.0,62.0,19.4,47.1
1606618136,91.0,0.0,92.0,62.0,19.4,47.1
1606618137,91.0,0.0,92.0,63.0,19.4,47.1
1606618138,91.0,0.0,93.0,63.0,19.4,47.0
1606618139,91.0,0.0,94.0,63.0,19.4,47.0
1606618140,91.0,0.0,95.0,63.0,19.4,47.0
1606618141,91.0,0.0,95.0,63.0,19.4,47.0
1606618142,91.0,0.0,97.0,63.0,19.4,47.0
1606618143,91.0,0.0,97.0,63.0,19.4,47.0
1606618144,92.0,0.0,98.0,63.0,19.4,47.0
1606618145,92.0,0.0,99.0,63.0,19.4,47.0
1606618146,92.0,0.0,100.0,63.0,19.4,47.0
1606618147,92.0,0.0,100.0,63.0,19.4,47.0
1606618148,93.0,0.0,101.0,63.0,19.4,46.9
1606618149,93.0,0.0,101.0,63.0,19.4,46.9
1606618150,93.0,0.0,102.0,63.0,19.4,46.9
1606618151,93.0,0.0,102.0,63.0,19.4,46.9
1606618152,93.0,0.0,102.0,63.0,19.4,46.9
1606618153,93.0,0.0,103.0,63.0,19.4,46.9
1606618154,93.0,0.0,104.0,64.0,19.4,46.9
1606618155,92.0,0.0,104.0,64.0,19.4,46.9
1606618156,92.0,0.0,105.0,64.0,19.4,46.9
1606618157,92.0,0.0,105.0,65.0,19.4,46.9
1606618158,92.0,0.0,105.0,66.0,19.4,46.8
1606618159,91.0,0.0,106.0,66.0,19.4,46.8
1606618160,91.0,0.0,106.0,67.0,19.4,46.8
1606618161,90.0,0.0,106.0,67.0,19.4,46.8
1606618162,90.0,0.0,106.0,68.0,19.4,46.8
1606618163,89.0,0.0,106.0,68.0,19.4,46.9
1606618164,88.0,0.0,106.0,68.0,19.4,46.9
1606618165,88.0,0.0,105.0,68.0,19.4,46.9
1606618166,87.0,0.0,105.0,68.0,19.4,46.9
1606618167,87.0,0.0,104.0,67.0,19.4,46.9
1606618168,87.0,0.0,103.0,67.0,19.4,46.8
1606618169,87.0,0.0,102.0,67.0,19.4,46.8
1606618170,87.0,0.0,101.0,67.0,19.4,46.8
1606618171,87.0,0.0,100.0,66.0,19.4,46.8
1606618172,87.0,0.0,100.0,66.0,19.4,46.8
1606618173,88.0,0.0,99.0,65.0,19.4,46.8
1606618174,88.0,0.0,99.0,65.0,19.4,46.8
1606618175,88.0,0.0,96.0,64.0,19.4,46.8
1606618176,88.0,0.0,96.0,63.0,19.4,46.8
1606618177,88.0,0.0,96.0,63.0,19.4,46.8
1606618178,88.0,0.0,97.0,62.0,19.4,46.8
1606618179,88.0,0.0,98.0,62.0,19.4,46.8
1606618180,87.0,0.0,99.0,62.0,19.4,46.8
1606618181,87.0,0.0,100.0,62.0,19.4,46.8
1606618182,87.0,0.0,101.0,62.0,19.4,46.8
1606618183,87.0,0.0,101.0,62.0,19.4,46.9
1606618184,87.0,0.0,101.0,63.0,19.4,46.9
1606618185,86.0,0.0,102.0,63.0,19.4,46.9
1606618186,86.0,0.0,102.0,63.0,19.4,46.9
1606618187,86.0,0.0,102.0,64.0,19.4,46.9
1606618188,86.0,0.0,101.0,64.0,19.4,46.9
1606618189,86.0,0.0,101.0,64.0,19.4,46.9
1606618190,87.0,0.0,100.0,65.0,19.4,46.9
1606618191,87.0,0.0,100.0,66.0,19.4,46.9
1606618192,88.0,0.0,99.0,66.0,19.4,46.9
1606618193,88.0,0.0,99.0,67.0,19.5,47.0
1606618194,88.0,0.0,99.0,67.0,19.5,47.0
1606618195,88.0,0.0,98.0,68.0,19.5,47.0
1606618196,89.0,0.0,98.0,68.0,19.5,47.0
1606618197,89.0,0.0,98.0,68.0,19.5,47.0
1606618198,89.0,0.0,98.0,68.0,19.4,46.9
1606618199,89.0,0.0,98.0,68.0,19.4,46.9
1606618200,89.0,0.0,98.0,68.0,19.4,46.9
1606618201,88.0,0.0,98.0,68.0,19.4,46.9
1606618202,88.0,0.0,98.0,67.0,19.4,46.9
1606618203,88.0,0.0,98.0,66.0,19.5,47.0
1606618204,88.0,0.0,99.0,66.0,19.5,47.0
1606618205,87.0,0.0,99.0,66.0,19.5,47.0
1606618206,87.0,0.0,99.0,66.0,19.5,47.0
1606618207,87.0,0.0,99.0,66.0,19.5,47.0
1606618208,87.0,0.0,99.0,66.0,19.4,46.9
1606618209,86.0,0.0,99.0,66.0,19.4,46.9
1606618210,86.0,0.0,99.0,66.0,19.4,46.9
1606618211,86.0,0.0,99.0,66.0,19.4,46.9
1606618212,86.0,0.0,99.0,66.0,19.4,46.9
1606618213,85.0,0.0,99.0,66.0,19.5,47.0
1606618214,85.0,0.0,99.0,65.0,19.5,47.0
1606618215,85.0,0.0,99.0,65.0,19.5,47.0
1606618216,85.0,0.0,99.0,64.0,19.5,47.0
1606618217,86.0,0.0,99.0,64.0,19.5,47.0
1606618218,86.0,0.0,99.0,63.0,19.4,46.8
1606618219,86.0,0.0,98.0,63.0,19.4,46.8
1606618220,86.0,0.0,98.0,62.5,19.4,46.8
1606618221,86.0,0.0,98.0,62.0,19.4,46.8
1606618222,87.0,0.0,97.0,62.0,19.4,46.8
1606618223,87.0,0.0,97.0,61.0,19.4,46.8
1606618224,88.0,0.0,97.0,62.0,19.4,46.9
1606618225,88.0,0.0,96.0,62.0,19.4,46.9
1606618226,89.0,0.0,96.0,62.0,19.4,46.9
1606618227,89.0,0.0,94.0,63.0,19.4,46.9
1606618228,90.0,0.0,94.0,63.0,19.4,46.9
1606618229,90.1,0.0,94.0,63.0,19.4,46.9
1606618230,90.2,0.0,94.0,63.0,19.4,46.9
1606618231,90.3,0.0,94.0,63.0,19.4,46.9
1606618232,90.4,0.0,94.0,63.0,19.4,46.9
1606618233,90.5,0.0,94.0,63.0,19.4,46.9
1606618234,90.6,0.0,94.0,63.0,19.4,46.9
1606618235,90.7,0.0,94.0,63.0,19.4,46.9
1606618236,90.8,0.0,94.0,63.0,19.4,46.9
1606618237,90.9,0.0,94.0,63.0,19.4,46.9
1606618238,91.0,0.0,94.0,63.0,19.4,46.9
1606618239,91.0,0.0,94.0,64.0,19.4,46.9
1606618240,91.0,0.0,94.0,64.0,19.4,46.9
1606618241,92.0,0.0,94.0,64.0,19.4,46.9
1606618242,92.0,0.0,94.0,65.0,19.4,46.9
1606618243,92.0,0.0,94.0,65.0,19.4,46.9
1606618244,92.0,0.0,93.0,65.0,19.4,46.9
1606618245,93.0,0.0,93.0,65.0,19.4,46.9
1606618246,93.0,0.0,93.0,65.0,19.4,46.9
1606618247,93.0,0.0,93.0,65.0,19.4,46.9
1606618248,92.0,0.0,93.0,65.0,19.4,46.9
1606618249,92.0,0.0,92.0,65.0,19.4,46.9
1606618250,92.0,0.0,92.0,65.0,19.4,46.9
1606618251,91.0,0.0,92.0,65.0,19.4,46.9
1606618252,90.0,0.0,92.0,65.0,19.4,46.9
1606618253,90.0,0.0,92.0,65.0,19.4,47.0
1606618254,89.0,0.0,93.0,65.0,19.4,47.0
1606618255,88.0,0.0,93.0,65.0,19.4,47.0
1606618256,87.0,0.0,93.0,65.0,19.4,47.0
1606618257,87.0,0.0,94.0,64.0,19.4,47.0
1606618258,86.0,0.0,94.0,64.0,19.5,47.1
1606618259,86.0,0.0,94.0,64.0,19.5,47.1
1606618260,86.0,0.0,94.0,64.0,19.5,47.1
1606618261,86.0,0.0,94.0,64.0,19.5,47.1
1606618262,86.0,0.0,95.0,64.0,19.5,47.1
1606618263,86.0,0.0,95.0,63.0,19.4,46.9
1606618264,87.0,0.0,95.0,63.0,19.4,46.9
1606618265,87.0,0.0,95.0,63.0,19.4,46.9
1606618266,87.0,0.0,96.0,62.0,19.4,46.9
1606618267,88.0,0.0,96.0,62.0,19.4,46.9
1606618268,88.0,0.0,96.0,63.0,19.4,46.9
1606618269,88.0,0.0,97.0,63.0,19.4,46.9
1606618270,88.0,0.0,97.0,63.0,19.4,46.9
1606618271,87.0,0.0,98.0,63.0,19.4,46.9
1606618272,87.0,0.0,98.0,64.0,19.4,46.9
1606618273,86.0,0.0,98.0,64.0,19.4,46.9
1606618274,86.0,0.0,99.0,64.0,19.4,46.9
1606618275,85.0,0.0,99.0,65.0,19.4,46.9
1606618276,85.0,0.0,100.0,65.0,19.4,46.9
1606618277,85.0,0.0,100.0,65.0,19.4,46.9
1606618278,84.0,0.0,100.0,66.0,19.4,46.9
1606618279,84.0,0.0,100.0,65.0,19.4,46.9
1606618280,84.0,0.0,100.0,65.0,19.4,46.9
1606618281,85.0,0.0,100.0,65.0,19.4,46.9
1606618282,86.0,0.0,100.0,65.0,19.4,46.9
1606618283,87.0,0.0,100.0,65.0,19.3,46.8
1606618284,87.0,0.0,100.0,65.0,19.3,46.8
1606618285,88.0,0.0,100.0,65.0,19.3,46.8
1606618286,88.0,0.0,100.0,65.0,19.3,46.8
1606618287,89.0,0.0,100.0,65.0,19.3,46.8
1606618288,89.0,0.0,99.0,65.0,19.4,46.8
1606618289,90.0,0.0,99.0,65.0,19.4,46.8
1606618290,90.0,0.0,98.0,65.0,19.4,46.8
1606618291,90.0,0.0,97.0,65.0,19.4,46.8
1606618292,90.0,0.0,97.0,65.0,19.4,46.8
1606618293,90.0,0.0,96.0,65.0,19.4,46.8
1606618294,90.0,0.0,95.0,65.0,19.4,46.8
1606618295,90.0,0.0,94.0,65.0,19.4,46.8
1606618296,89.0,0.0,94.0,65.0,19.4,46.8
1606618297,89.0,0.0,93.0,66.0,19.4,46.8
1606618298,89.0,0.0,93.0,66.0,19.3,46.7
1606618299,89.0,0.0,92.0,67.0,19.3,46.7
1606618300,89.0,0.0,93.0,67.0,19.3,46.7
1606618301,89.0,0.0,93.0,68.0,19.3,46.7
1606618302,89.0,0.0,93.0,68.0,19.3,46.7
1606618303,89.0,0.0,93.0,69.0,19.3,46.6
1606618304,88.0,0.0,94.0,69.0,19.3,46.6
1606618305,88.0,0.0,94.0,70.0,19.3,46.6
1606618306,88.0,0.0,95.0,70.0,19.3,46.6
1606618307,87.0,0.0,96.0,71.0,19.3,46.6
1606618308,87.0,0.0,96.0,71.0,19.4,46.7
1606618309,86.0,0.0,96.0,71.0,19.4,46.7
1606618310,86.0,0.0,96.0,71.0,19.4,46.7
1606618311,85.0,0.0,96.0,71.0,19.4,46.7
1606618312,85.0,0.0,96.0,70.0,19.4,46.7
1606618313,84.0,0.0,96.0,70.0,19.3,46.6
1606618314,84.0,0.0,96.0,70.0,19.3,46.6
1606618315,84.0,0.0,95.0,69.0,19.3,46.6
1606618316,84.0,0.0,95.0,69.0,19.3,46.6
1606618317,84.0,0.0,94.0,68.0,19.3,46.6
1606618318,84.0,0.0,94.0,68.0,19.4,46.7
1606618319,84.0,0.0,95.0,68.0,19.4,46.7
1606618320,84.0,0.0,95.0,66.0,19.4,46.7
1606618321,84.0,0.0,96.0,66.0,19.4,46.7
1606618322,85.0,0.0,97.0,66.0,19.4,46.7
1606618323,85.0,0.0,97.0,66.0,19.3,46.6
1606618324,86.0,0.0,97.0,67.0,19.3,46.6
1606618325,86.0,0.0,98.0,67.0,19.3,46.6
1606618326,86.0,0.0,99.0,67.0,19.3,46.6
1606618327,87.0,0.0,99.0,67.0,19.3,46.6
1606618328,87.0,0.0,99.0,67.0,19.4,46.9
1606618329,88.0,0.0,99.0,67.0,19.4,46.9
1606618330,88.0,0.0,99.0,67.0,19.4,46.9
1606618331,88.0,0.0,98.0,67.0,19.4,46.9
1606618332,88.0,0.0,98.0,68.0,19.4,46.9
1606618333,88.0,0.0,98.0,68.0,19.3,46.7
1606618334,88.0,0.0,96.0,68.0,19.3,46.7
1606618335,88.0,0.0,96.0,69.0,19.3,46.7
1606618336,89.0,0.0,96.0,69.0,19.3,46.7
1606618337,89.0,0.0,96.0,69.0,19.3,46.7
1606618338,89.0,0.0,97.0,69.0,19.3,46.7
1606618339,89.0,0.0,97.0,70.0,19.3,46.7
1606618340,89.0,0.0,97.0,70.0,19.3,46.7
1606618341,88.0,0.0,97.0,70.0,19.3,46.7
1606618342,88.0,0.0,97.0,69.0,19.3,46.7
1606618343,88.0,0.0,97.0,68.0,19.4,46.8
1606618344,88.0,0.0,96.0,68.0,19.4,46.8
1606618345,87.0,0.0,96.0,67.0,19.4,46.8
1606618346,87.0,0.0,95.0,66.0,19.4,46.8
1606618347,86.0,0.0,95.0,66.0,19.4,46.8
1606618348,86.0,0.0,95.0,65.0,19.3,46.7
1606618349,86.0,0.0,94.0,65.0,19.3,46.7
1606618350,85.0,0.0,94.0,65.0,19.3,46.7
1606618351,85.0,0.0,94.0,65.0,19.3,46.7
1606618352,85.0,0.0,94.0,65.0,19.3,46.7
1606618353,84.0,0.0,93.0,64.0,19.4,46.9
1606618354,85.0,0.0,92.0,64.0,19.4,46.9
1606618355,85.0,0.0,93.0,64.0,19.4,46.9
1606618356,85.0,0.0,93.0,64.0,19.4,46.9
1606618357,85.0,0.0,93.0,63.0,19.4,46.9
1606618358,86.0,0.0,93.0,63.0,19.3,46.7
1606618359,86.0,0.0,93.0,63.0,19.3,46.7
1606618360,86.0,0.0,93.0,62.0,19.3,46.7
1606618361,87.0,0.0,93.0,62.0,19.3,46.7
1606618362,88.0,0.0,94.0,62.0,19.3,46.7
1606618363,88.0,0.0,94.0,62.0,19.4,46.8
1606618364,88.0,0.0,94.0,62.0,19.4,46.8
1606618365,88.0,0.0,94.0,61.0,19.4,46.8
1606618366,89.0,0.0,94.0,61.0,19.4,46.8
1606618367,89.0,0.0,94.0,61.0,19.4,46.8
1606618368,89.0,0.0,94.0,61.0,19.4,46.8
1606618369,89.0,0.0,94.0,62.0,19.4,46.8
1606618370,89.0,0.0,94.0,62.0,19.4,46.8
1606618371,89.0,0.0,94.0,62.0,19.4,46.8
1606618372,89.0,0.0,93.0,62.0,19.4,46.8
1606618373,89.0,0.0,93.0,62.0,19.4,46.9
1606618374,88.0,0.0,93.0,62.0,19.4,46.9
1606618375,88.0,0.0,92.0,62.0,19.4,46.9
1606618376,88.0,0.0,92.0,62.0,19.4,46.9
1606618377,88.0,0.0,92.0,63.0,19.4,46.9
1606618378,88.0,0.0,92.0,63.0,19.3,46.8
1606618379,88.0,0.0,92.0,63.0,19.3,46.8
1606618380,89.0,0.0,91.0,63.0,19.3,46.8
1606618381,89.0,0.0,91.0,62.0,19.3,46.8
1606618382,89.0,0.0,90.0,62.0,19.3,46.8
1606618383,90.0,0.0,91.0,62.0,19.4,46.9
1606618384,91.0,0.0,91.0,62.0,19.4,46.9
1606618385,91.0,0.0,90.0,62.0,19.4,46.9
1606618386,91.0,0.0,90.0,61.0,19.4,46.9
1606618387,91.0,0.0,90.0,61.0,19.4,46.9
1606618388,92.0,0.0,90.0,61.0,19.4,47.0
1606618389,91.0,0.0,91.0,62.0,19.4,47.0
1606618390,91.0,0.0,91.0,62.0,19.4,47.0
1606618391,91.0,0.0,91.0,62.0,19.4,47.0
1606618392,90.0,0.0,92.0,62.0,19.4,47.0
1606618393,90.0,0.0,92.0,63.0,19.4,46.9
1606618394,88.0,0.0,92.0,63.0,19.4,46.9
1606618395,87.0,0.0,92.0,63.0,19.4,46.9
1606618396,87.0,0.0,92.0,64.0,19.4,46.9
1606618397,86.0,0.0,91.0,64.0,19.4,46.9
1606618398,85.0,0.0,91.0,64.0,19.4,46.9
1606618399,84.0,0.0,91.0,64.0,19.4,46.9
1606618400,84.0,0.0,90.0,64.0,19.4,46.9
1606618401,84.0,0.0,90.0,64.0,19.4,46.9
1606618402,83.0,0.0,89.0,63.0,19.4,46.9
1606618403,83.0,0.0,89.0,63.0,19.4,46.9
1606618404,84.0,0.0,89.0,62.0,19.4,46.9
1606618405,84.0,0.0,89.0,62.0,19.4,46.9
1606618406,84.0,0.0,89.0,61.0,19.4,46.9
1606618407,84.0,0.0,89.0,61.0,19.4,46.9
1606618408,85.0,0.0,89.0,60.0,19.4,46.9
1606618409,85.0,0.0,90.0,59.0,19.4,46.9
1606618410,85.0,0.0,90.0,59.0,19.4,46.9
1606618411,85.0,0.0,90.0,59.0,19.4,46.9
1606618412,85.0,0.0,90.0,59.0,19.4,46.9
1606618413,85.0,0.0,90.0,59.0,19.4,46.9
1606618414,86.0,0.0,90.0,59.0,19.4,46.9
1606618415,86.0,0.0,90.0,60.0,19.4,46.9
1606618416,86.0,0.0,91.0,60.0,19.4,46.9
1606618417,86.0,0.0,91.0,60.0,19.4,46.9
1606618418,86.0,0.0,91.0,60.0,19.4,46.9
1606618419,86.0,0.0,91.0,59.0,19.4,46.9
1606618420,86.0,0.0,92.0,59.0,19.4,46.9
1606618421,86.0,0.0,92.0,59.0,19.4,46.9
1606618422,86.0,0.0,93.0,59.0,19.4,46.9
1606618423,87.0,0.0,94.0,58.0,19.4,46.8
1606618424,87.0,0.0,95.0,58.0,19.4,46.8
1606618425,88.0,0.0,95.0,58.0,19.4,46.8
1606618426,88.0,0.0,96.0,58.0,19.4,46.8
1606618427,88.0,0.0,96.0,57.0,19.4,46.8
1606618428,89.0,0.0,96.0,57.0,19.4,46.8
1606618429,90.0,0.0,96.0,57.0,19.4,46.8
1606618430,90.0,0.0,96.0,57.0,19.4,46.8
1606618431,91.0,0.0,96.0,58.0,19.4,46.8
1606618432,91.0,0.0,96.0,58.0,19.4,46.8
1606618433,91.0,0.0,95.0,58.0,19.4,46.9
1606618434,91.0,0.0,95.0,58.0,19.4,46.9
1606618435,91.0,0.0,95.0,58.0,19.4,46.9
1606618436,91.0,0.0,94.0,58.0,19.4,46.9
1606618437,91.0,0.0,94.0,58.0,19.4,46.9
1606618438,90.0,0.0,94.0,59.0,19.4,46.9
1606618439,90.0,0.0,93.0,59.0,19.4,46.9
1606618440,90.0,0.0,93.0,59.0,19.4,46.9
1606618441,89.0,0.0,93.0,59.0,19.4,46.9
1606618442,89.0,0.0,93.0,59.0,19.4,46.9
1606618443,89.0,0.0,93.0,59.0,19.4,46.9
1606618444,89.0,0.0,93.0,59.0,19.4,46.9
1606618445,89.0,0.0,94.0,59.0,19.4,46.9
1606618446,89.0,0.0,94.0,60.0,19.4,46.9
1606618447,89.0,0.0,95.0,60.0,19.4,46.9
1606618448,89.0,0.0,95.0,60.0,19.4,46.9
1606618449,89.0,0.0,96.0,60.0,19.4,46.9
1606618450,89.0,0.0,97.0,60.0,19.4,46.9
1606618451,89.0,0.0,97.0,60.0,19.4,46.9
1606618452,90.0,0.0,98.0,60.0,19.4,46.9
1606618453,90.0,0.0,98.0,60.0,19.4,46.8
1606618454,90.0,0.0,99.0,60.0,19.4,46.8
1606618455,90.0,0.0,99.0,59.0,19.4,46.8
1606618456,90.0,0.0,98.0,59.0,19.4,46.8
1606618457,90.0,0.0,98.0,59.0,19.4,46.8
1606618458,91.0,0.0,98.0,59.0,19.4,46.8
1606618459,91.0,0.0,97.0,59.0,19.4,46.8
1606618460,91.0,0.0,97.0,59.0,19.4,46.8
1606618461,91.0,0.0,96.0,58.0,19.4,46.8
1606618462,91.0,0.0,96.0,58.0,19.4,46.8
1606618463,92.0,0.0,95.0,58.0,19.5,46.8
1606618464,92.0,0.0,95.0,58.0,19.5,46.8
1606618465,92.0,0.0,95.0,58.0,19.5,46.8
1606618466,92.0,0.0,95.0,58.0,19.5,46.8
1606618467,92.0,0.0,95.0,58.0,19.5,46.8
1606618468,92.0,0.0,95.0,58.0,19.5,46.9
1606618469,92.0,0.0,94.0,58.0,19.5,46.9
1606618470,92.0,0.0,94.0,58.0,19.5,46.9
1606618471,92.0,0.0,94.0,59.0,19.5,46.9
1606618472,91.0,0.0,93.0,59.0,19.5,46.9
1606618473,91.0,0.0,93.0,59.0,19.4,46.7
1606618474,90.5,0.0,93.0,59.0,19.4,46.7
1606618475,90.0,0.0,93.0,59.0,19.4,46.7
1606618476,89.5,0.0,93.0,59.0,19.4,46.7
1606618477,89.0,0.0,93.0,59.0,19.4,46.7
1606618478,88.5,0.0,93.0,59.0,19.4,46.7
1606618479,88.0,0.0,93.0,59.0,19.4,46.7
1606618480,87.5,0.0,93.0,59.0,19.4,46.7
1606618481,87.0,0.0,93.0,59.0,19.4,46.7
1606618482,86.5,0.0,93.0,59.0,19.4,46.7
1606618483,86.0,0.0,93.0,59.0,19.4,46.7
1606618484,86.0,0.0,92.0,60.0,19.4,46.7
1606618485,85.0,0.0,92.0,60.0,19.4,46.7
1606618486,85.0,0.0,92.0,60.0,19.4,46.7
1606618487,85.0,0.0,91.0,61.0,19.5,46.8
1606618488,86.0,0.0,91.0,61.0,19.5,46.8
1606618489,86.0,0.0,91.0,61.0,19.5,46.8
1606618490,86.0,0.0,93.0,61.0,19.5,46.8
1606618491,86.0,0.0,93.0,61.0,19.5,46.8
1606618492,86.0,0.0,93.0,62.0,19.4,46.9
1606618493,86.0,0.0,93.0,62.0,19.4,46.9
1606618494,86.0,0.0,92.0,62.0,19.4,46.9
1606618495,86.0,0.0,92.0,63.0,19.4,46.9
1606618496,86.0,0.0,91.0,63.0,19.4,46.9
1606618497,86.0,0.0,90.0,63.0,19.4,46.9
1606618498,86.0,0.0,89.0,64.0,19.4,46.9
1606618499,86.0,0.0,89.0,64.0,19.4,46.9
1606618500,86.0,0.0,88.0,64.0,19.4,46.9
1606618501,86.0,0.0,88.0,64.0,19.4,46.9
1606618502,86.0,0.0,87.0,64.0,19.4,46.9
1606618503,86.0,0.0,87.0,64.0,19.4,46.9
1606618504,87.0,0.0,87.0,64.0,19.4,46.9
1606618505,87.0,0.0,87.0,64.0,19.4,46.9
1606618506,87.0,0.0,88.0,64.0,19.4,46.9
1606618507,87.0,0.0,89.0,64.0,19.5,47.0
1606618508,87.0,0.0,90.0,64.0,19.5,47.0
1606618509,87.0,0.0,90.0,63.0,19.5,47.0
1606618510,87.0,0.0,91.0,63.0,19.5,47.0
1606618511,87.0,0.0,91.0,63.0,19.5,47.0
1606618512,87.0,0.0,91.0,63.0,19.4,46.9
1606618513,87.0,0.0,92.0,63.0,19.4,46.9
1606618514,87.0,0.0,92.0,63.0,19.4,46.9
1606618515,87.0,0.0,92.0,63.0,19.4,46.9
1606618516,88.0,0.0,91.0,63.0,19.4,46.9
1606618517,88.0,0.0,91.0,63.0,19.4,46.9
1606618518,88.0,0.0,91.0,63.0,19.4,46.9
1606618519,89.0,0.0,91.0,64.0,19.4,46.9
1606618520,89.0,0.0,90.0,64.0,19.4,46.9
1606618521,89.0,0.0,90.0,64.0,19.4,46.9
1606618522,89.0,0.0,90.0,64.0,19.4,46.9
1606618523,89.0,0.0,89.0,64.0,19.4,46.9
1606618524,89.0,0.0,89.0,64.0,19.4,46.9
1606618525,89.0,0.0,89.0,64.0,19.4,46.9
1606618526,89.0,0.0,89.0,64.0,19.4,46.9
1606618527,89.0,0.0,89.0,63.0,19.5,46.9
1606618528,89.0,0.0,88.0,63.0,19.5,46.9
1606618529,89.0,0.0,88.0,63.0,19.5,46.9
1606618530,89.0,0.0,88.0,63.0,19.5,46.9
1606618531,88.0,0.0,87.0,62.0,19.5,46.9
1606618532,88.0,0.0,88.0,62.0,19.5,47.1
1606618533,87.0,0.0,88.0,62.0,19.5,47.1
1606618534,87.0,0.0,88.0,62.0,19.5,47.1
1606618535,87.0,0.0,89.0,62.0,19.5,47.1
1606618536,86.0,0.0,89.0,61.0,19.5,47.1
1606618537,85.0,0.0,90.0,61.0,19.5,46.9
1606618538,85.0,0.0,91.0,61.0,19.5,46.9
1606618539,85.0,0.0,91.0,61.0,19.5,46.9
1606618540,84.0,0.0,92.0,61.0,19.5,46.9
1606618541,84.0,0.0,92.0,61.0,19.5,46.9
1606618542,84.0,0.0,93.0,62.0,19.4,46.8
1606618543,85.0,0.0,93.0,62.0,19.4,46.8
1606618544,85.0,0.0,93.0,62.0,19.4,46.8
1606618545,85.0,0.0,92.0,63.0,19.4,46.8
1606618546,85.0,0.0,92.0,63.0,19.4,46.8
1606618547,85.0,0.0,91.0,63.0,19.4,46.9
1606618548,85.0,0.0,91.0,64.0,19.4,46.9
1606618549,85.0,0.0,91.0,64.0,19.4,46.9
1606618550,85.0,0.0,90.0,64.0,19.4,46.9
1606618551,85.0,0.0,90.0,64.0,19.4,46.9
1606618552,85.0,0.0,90.0,64.0,19.4,47.1
1606618553,85.0,0.0,90.0,64.0,19.4,47.1
1606618554,85.0,0.0,91.0,64.0,19.4,47.1
1606618555,85.0,0.0,92.0,64.0,19.4,47.1
1606618556,86.0,0.0,92.0,64.0,19.4,47.1
1606618557,86.0,0.0,93.0,64.0,19.4,47.2
1606618558,86.0,0.0,93.0,63.0,19.4,47.2
1606618559,86.0,0.0,94.0,63.0,19.4,47.2
1606618560,87.0,0.0,94.0,63.0,19.4,47.2
1606618561,88.0,0.0,94.0,64.0,19.4,47.2
1606618562,88.0,0.0,94.0,64.0,19.4,47.2
1606618563,88.0,0.0,94.0,64.0,19.4,47.2
1606618564,88.0,0.0,93.0,63.0,19.4,47.2
1606618565,88.0,0.0,93.0,63.0,19.4,47.2
1606618566,88.0,0.0,92.0,63.0,19.4,47.2
1606618567,88.0,0.0,92.0,62.0,19.4,47.2
1606618568,88.0,0.0,91.0,62.0,19.4,47.2
1606618569,88.0,0.0,91.0,62.0,19.4,47.2
1606618570,87.0,0.0,91.0,62.0,19.4,47.2
1606618571,87.0,0.0,91.0,61.0,19.4,47.2
1606618572,86.0,0.0,91.0,61.0,19.4,47.2
1606618573,86.0,0.0,92.0,61.0,19.4,47.2
1606618574,86.0,0.0,92.0,61.0,19.4,47.2
1606618575,86.0,0.0,93.0,62.0,19.4,47.2
1606618576,85.0,0.0,94.0,62.0,19.4,47.2
1606618577,85.0,0.0,94.0,62.0,19.5,47.3
1606618578,85.0,0.0,95.0,61.0,19.5,47.3
1606618579,86.0,0.0,95.0,61.0,19.5,47.3
1606618580,86.0,0.0,95.0,61.0,19.5,47.3
1606618581,86.0,0.0,95.0,61.0,19.5,47.3
1606618582,87.0,0.0,95.0,61.0,19.5,47.3
1606618583,87.0,0.0,95.0,60.0,19.5,47.3
1606618584,87.0,0.0,95.0,60.0,19.5,47.3
1606618585,88.0,0.0,95.0,59.0,19.5,47.3
1606618586,88.0,0.0,95.0,59.0,19.5,47.3
1606618587,89.0,0.0,94.0,59.0,19.5,47.4
1606618588,89.0,0.0,94.0,59.0,19.5,47.4
1606618589,89.0,0.0,93.0,58.0,19.5,47.4
1606618590,90.0,0.0,93.0,58.0,19.5,47.4
1606618591,90.0,0.0,93.0,58.0,19.5,47.4
1606618592,90.0,0.0,93.0,58.0,19.4,47.4
1606618593,90.0,0.0,93.0,58.0,19.4,47.4
1606618594,90.0,0.0,93.0,58.0,19.4,47.4
1606618595,90.0,0.0,93.0,58.0,19.4,47.4
1606618596,90.0,0.0,93.0,59.0,19.4,47.4
1606618597,90.0,0.0,93.0,59.0,19.5,47.5
1606618598,90.0,0.0,94.0,59.0,19.5,47.5
1606618599,90.0,0.0,95.0,59.0,19.5,47.5
1606618600,90.0,0.0,95.0,59.0,19.5,47.5
1606618601,89.0,0.0,96.0,59.0,19.5,47.5
1606618602,89.0,0.0,96.0,60.0,19.5,47.5
1606618603,89.0,0.0,96.0,60.0,19.5,47.5
1606618604,89.0,0.0,97.0,59.0,19.5,47.5
1606618605,89.0,0.0,97.0,59.0,19.5,47.5
1606618606,89.0,0.0,97.0,59.0,19.5,47.5
1606618607,89.0,0.0,97.0,59.0,19.5,47.5
1606618608,89.0,0.0,97.0,57.0,19.5,47.5
1606618609,89.0,0.0,96.0,57.0,19.5,47.5
1606618610,90.0,0.0,96.0,58.0,19.5,47.5
1606618611,90.0,0.0,96.0,58.0,19.5,47.5
1606618612,90.0,0.0,96.0,58.0,19.5,47.6
1606618613,90.0,0.0,96.0,59.0,19.5,47.6
1606618614,90.0,0.0,96.0,59.0,19.5,47.6
1606618615,90.0,0.0,97.0,60.0,19.5,47.6
1606618616,90.0,0.0,97.0,60.0,19.5,47.6
1606618617,89.0,0.0,97.0,60.0,19.5,47.6
1606618618,89.0,0.0,98.0,60.0,19.5,47.6
1606618619,89.0,0.0,98.0,61.0,19.5,47.6
1606618620,89.0,0.0,98.0,61.0,19.5,47.6
1606618621,90.0,0.0,98.0,62.0,19.5,47.6
1606618622,90.0,0.0,99.0,62.0,19.5,47.6
1606618623,91.0,0.0,99.0,62.0,19.5,47.6
1606618624,91.0,0.0,99.0,63.0,19.5,47.6
1606618625,91.0,0.0,99.0,64.0,19.5,47.6
1606618626,93.0,0.0,99.0,64.0,19.5,47.6
1606618627,93.0,0.0,98.0,64.0,19.5,47.6
1606618628,94.0,0.0,97.0,65.0,19.5,47.6
1606618629,94.0,0.0,97.0,65.0,19.5,47.6
1606618630,94.0,0.0,96.0,64.0,19.5,47.6
1606618631,95.0,0.0,95.0,64.0,19.5,47.6
1606618632,94.0,0.0,94.0,63.0,19.5,47.5
1606618633,94.0,0.0,93.0,63.0,19.5,47.5
1606618634,94.0,0.0,93.0,62.0,19.5,47.5
1606618635,93.0,0.0,92.0,61.0,19.5,47.5
1606618636,93.0,0.0,92.0,61.0,19.5,47.5
1606618637,92.0,0.0,91.0,60.0,19.5,47.5
1606618638,92.0,0.0,91.0,60.0,19.5,47.5
1606618639,91.0,0.0,91.0,59.0,19.5,47.5
1606618640,91.0,0.0,92.0,59.0,19.5,47.5
1606618641,91.0,0.0,92.0,59.0,19.5,47.5
1606618642,91.0,0.0,92.0,59.0,19.5,47.5
1606618643,91.0,0.0,92.0,60.0,19.5,47.5
1606618644,91.0,0.0,92.0,61.0,19.5,47.5
1606618645,92.0,0.0,91.0,61.0,19.5,47.5
1606618646,92.0,0.0,90.0,62.0,19.5,47.5
1606618647,92.0,0.0,90.0,62.0,19.5,47.5
1606618648,92.0,0.0,89.0,62.0,19.5,47.5
1606618649,92.0,0.0,89.0,63.0,19.5,47.5
1606618650,92.0,0.0,88.0,63.0,19.5,47.5
1606618651,92.0,0.0,88.0,63.0,19.5,47.5
1606618652,91.0,0.0,88.0,62.0,19.5,47.4
1606618653,91.0,0.0,87.0,62.0,19.5,47.4
1606618654,91.0,0.0,87.0,61.0,19.5,47.4
1606618655,91.0,0.0,87.0,61.0,19.5,47.4
1606618656,90.0,0.0,86.0,60.0,19.5,47.4
1606618657,90.0,0.0,86.0,60.0,19.5,47.4
1606618658,90.0,0.0,85.0,60.0,19.5,47.4
1606618659,90.0,0.0,85.0,60.0,19.5,47.4
1606618660,90.0,0.0,85.0,60.0,19.5,47.4
1606618661,90.0,0.0,85.0,60.0,19.5,47.4
1606618662,90.0,0.0,84.0,60.0,19.5,47.4
1606618663,90.0,0.0,85.0,60.0,19.5,47.4
1606618664,90.0,0.0,85.0,60.0,19.5,47.4
1606618665,89.0,0.0,86.0,60.0,19.5,47.4
1606618666,89.0,0.0,87.0,61.0,19.5,47.4
1606618667,88.0,0.0,88.0,60.0,19.5,47.4
1606618668,88.0,0.0,89.0,60.0,19.5,47.4
1606618669,88.0,0.0,90.0,60.0,19.5,47.4
1606618670,87.0,0.0,92.0,60.0,19.5,47.4
1606618671,87.0,0.0,93.0,60.0,19.5,47.4
1606618672,87.0,0.0,94.0,60.0,19.5,47.4
1606618673,87.0,0.0,95.0,60.0,19.5,47.4
1606618674,86.0,0.0,96.0,59.0,19.5,47.4
1606618675,86.0,0.0,96.0,59.0,19.5,47.4
1606618676,86.0,0.0,96.0,60.0,19.5,47.4
1606618677,86.0,0.0,96.0,60.0,19.6,47.3
1606618678,86.0,0.0,96.0,60.0,19.6,47.3
1606618679,85.0,0.0,96.0,60.0,19.6,47.3
1606618680,85.0,0.0,94.0,60.0,19.6,47.3
1606618681,85.0,0.0,93.0,60.0,19.6,47.3
1606618682,85.0,0.0,92.0,60.0,19.6,47.3
1606618683,85.0,0.0,90.0,60.0,19.6,47.3
1606618684,85.0,0.0,88.0,60.0,19.6,47.3
1606618685,86.0,0.0,86.0,60.0,19.6,47.3
1606618686,86.0,0.0,84.0,60.0,19.6,47.3
1606618687,86.0,0.0,81.0,60.0,19.6,47.2
1606618688,86.0,0.0,78.0,60.0,19.6,47.2
1606618689,87.0,0.0,78.0,60.0,19.6,47.2
1606618690,87.0,0.0,76.0,59.0,19.6,47.2
1606618691,88.0,0.0,72.0,59.0,19.6,47.2
1606618692,88.0,0.0,71.0,59.0,19.6,47.2
1606618693,88.0,0.0,70.0,59.0,19.6,47.2
1606618694,88.0,0.0,69.0,59.0,19.6,47.2
1606618695,88.0,0.0,69.0,59.0,19.6,47.2
1606618696,88.0,0.0,69.0,59.0,19.6,47.2
1606618697,88.0,0.0,69.0,59.0,19.6,47.2
1606618698,88.0,0.0,70.0,60.0,19.6,47.2
1606618699,87.0,0.0,70.0,61.0,19.6,47.2
1606618700,87.0,0.0,71.0,62.0,19.6,47.2
1606618701,87.0,0.0,72.0,62.0,19.6,47.2
1606618702,86.0,0.0,72.0,63.0,19.5,47.1
1606618703,86.0,0.0,73.0,64.0,19.5,47.1
1606618704,85.0,0.0,73.0,64.0,19.5,47.1
1606618705,85.0,0.0,74.0,64.0,19.5,47.1
1606618706,85.0,0.0,75.0,66.0,19.5,47.1
1606618707,85.0,0.0,75.0,66.0,19.6,47.2
1606618708,85.0,0.0,75.0,66.0,19.6,47.2
1606618709,86.0,0.0,76.0,66.0,19.6,47.2
1606618710,86.0,0.0,76.0,67.0,19.6,47.2
1606618711,86.0,0.0,76.0,67.0,19.6,47.2
1606618712,86.0,0.0,77.0,67.0,19.6,47.2
1606618713,86.0,0.0,77.0,67.0,19.6,47.2
1606618714,87.0,0.0,77.0,67.0,19.6,47.2
1606618715,87.0,0.0,77.0,67.0,19.6,47.2
1606618716,87.0,0.0,77.0,67.0,19.6,47.2
1606618717,87.0,0.0,78.0,66.0,19.6,47.2
1606618718,87.0,0.0,78.0,66.0,19.6,47.2
1606618719,87.0,0.0,78.0,66.0,19.6,47.2
1606618720,87.0,0.0,78.0,66.0,19.6,47.2
1606618721,88.0,0.0,77.0,66.0,19.6,47.2
1606618722,88.0,0.0,77.0,66.0,19.6,47.2
1606618723,88.0,0.0,76.0,66.0,19.6,47.2
1606618724,88.0,0.0,76.0,67.0,19.6,47.2
1606618725,88.27272727272727,0.0,76.0,67.0,19.6,47.2
1606618726,88.54545454545455,0.0,76.0,67.0,19.6,47.2
1606618727,88.81818181818181,0.0,76.0,67.0,19.6,47.2
1606618728,89.0909090909091,0.0,76.0,67.0,19.6,47.2
1606618729,89.36363636363636,0.0,76.0,67.0,19.6,47.2
1606618730,89.63636363636364,0.0,76.0,67.0,19.6,47.2
1606618731,89.9090909090909,0.0,76.0,67.0,19.6,47.2
1606618732,90.1818181818182,0.0,76.0,67.0,19.6,47.2
1606618733,90.45454545454544,0.0,76.0,67.0,19.6,47.2
1606618734,90.72727272727272,0.0,76.0,67.0,19.6,47.2
1606618735,91.0,0.0,76.0,67.0,19.6,47.2
1606618736,91.0,0.0,76.0,67.0,19.6,47.2
1606618737,91.0,0.0,76.0,68.0,19.6,47.2
1606618738,91.0,0.0,76.0,68.0,19.6,47.2
1606618739,91.0,0.0,76.0,68.0,19.6,47.2
1606618740,91.0,0.0,77.0,68.0,19.6,47.2
1606618741,91.0,0.0,77.0,68.0,19.6,47.2
1606618742,90.0,0.0,78.0,68.0,19.6,47.2
1606618743,89.0,0.0,78.0,68.0,19.6,47.2
1606618744,89.0,0.0,78.0,68.0,19.6,47.2
1606618745,88.0,0.0,78.0,67.0,19.6,47.2
1606618746,88.0,0.0,79.0,67.0,19.6,47.2
1606618747,87.0,0.0,79.0,66.0,19.6,47.1
1606618748,87.0,0.0,79.0,66.0,19.6,47.1
1606618749,87.0,0.0,80.0,65.0,19.6,47.1
1606618750,86.0,0.0,80.0,65.0,19.6,47.1
1606618751,87.0,0.0,80.0,65.0,19.6,47.1
1606618752,87.0,0.0,79.0,65.0,19.6,47.1
1606618753,87.0,0.0,79.0,66.0,19.6,47.1
1606618754,87.0,0.0,79.0,66.0,19.6,47.1
1606618755,87.0,0.0,79.0,66.0,19.6,47.1
1606618756,87.0,0.0,79.0,66.0,19.6,47.1
1606618757,87.0,0.0,79.0,66.0,19.6,47.1
1606618758,87.0,0.0,79.0,66.0,19.6,47.1
1606618759,88.0,0.0,78.0,67.0,19.6,47.1
1606618760,88.0,0.0,78.0,67.0,19.6,47.1
1606618761,88.0,0.0,78.0,67.0,19.6,47.1
1606618762,88.0,0.0,78.0,67.0,19.6,47.1
1606618763,88.0,0.0,78.0,67.0,19.6,47.1
1606618764,89.0,0.0,78.0,67.0,19.6,47.1
1606618765,89.0,0.0,78.0,67.0,19.6,47.1
1606618766,89.0,0.0,78.0,67.0,19.6,47.1
1606618767,89.0,0.0,78.0,67.0,19.6,47.1
1606618768,89.0,0.0,78.0,68.0,19.6,47.1
1606618769,89.0,0.0,78.0,68.0,19.6,47.1
1606618770,89.0,0.0,78.0,68.0,19.6,47.1
1606618771,89.0,0.0,78.0,69.0,19.6,47.1
1606618772,89.0,0.0,78.0,69.0,19.7,47.2
1606618773,88.0,0.0,79.0,69.0,19.7,47.2
1606618774,88.0,0.0,79.0,69.0,19.7,47.2
1606618775,88.0,0.0,80.0,69.0,19.7,47.2
1606618776,87.0,0.0,80.0,69.0,19.7,47.2
1606618777,87.0,0.0,82.0,69.0,19.6,47.1
1606618778,87.0,0.0,82.0,70.0,19.6,47.1
1606618779,87.0,0.0,83.0,70.0,19.6,47.1
1606618780,87.0,0.0,83.0,70.0,19.6,47.1
1606618781,88.0,0.0,83.0,69.0,19.6,47.1
1606618782,88.0,0.0,83.0,69.0,19.6,47.1
1606618783,89.0,0.0,84.0,69.0,19.6,47.1
1606618784,89.0,0.0,84.0,69.0,19.6,47.1
1606618785,91.0,0.0,83.0,69.0,19.6,47.1
1606618786,92.0,0.0,83.0,68.0,19.6,47.1
1606618787,93.0,0.0,83.0,68.0,19.7,47.2
1606618788,92.76190476190476,0.0,82.95238095238095,68.0,19.7,47.2
1606618789,92.52380952380952,0.0,82.9047619047619,68.0,19.7,47.2
1606618790,92.28571428571428,0.0,82.85714285714286,68.0,19.7,47.2
1606618791,92.04761904761904,0.0,82.80952380952381,68.0,19.7,47.2
1606618792,91.8095238095238,0.0,82.76190476190476,68.0,19.7,47.2
1606618793,91.57142857142856,0.0,82.71428571428571,68.0,19.7,47.2
1606618794,91.33333333333331,0.0,82.66666666666667,68.0,19.7,47.2
1606618795,91.0952380952381,0.0,82.61904761904762,68.0,19.7,47.2
1606618796,90.85714285714286,0.0,82.57142857142857,68.0,19.7,47.2
1606618797,90.61904761904762,0.0,82.52380952380952,68.0,19.7,47.2
1606618798,90.38095238095238,0.0,82.47619047619048,68.0,19.7,47.2
1606618799,90.14285714285714,0.0,82.42857142857143,68.0,19.7,47.2
