timestamp,pm25,pm25_fa,cal_pm25_fa
1605178080,33.8,86.0,43.089935
1605178081,33.79888888888889,85.75,43.089935
1605178082,33.797777777777775,85.5,43.819477
1605178083,33.79666666666667,85.25,43.819477
1605178084,33.79555555555555,84.75,47.17151
1605178085,33.794444444444444,84.5,47.17151
1605178086,33.79333333333334,84.5,47.17151
1605178087,33.79222222222222,83.75,47.43046
1605178088,33.791111111111114,83.25,47.43046
1605178089,33.79,83.25,47.43046
1605178090,33.78888888888889,83.0,47.08938
1605178091,33.78777777777778,83.25,47.43046
1605178092,33.78666666666667,83.0,47.08938
1605178093,33.785555555555554,83.25,47.43046
1605178094,33.784444444444446,83.25,47.43046
1605178095,33.78333333333333,83.25,47.43046
1605178096,33.782222222222224,83.5,47.43046
1605178097,33.78111111111111,83.5,47.43046
1605178098,33.78,83.5,47.43046
1605178099,33.778888888888886,83.5,47.43046
1605178100,33.77777777777778,83.75,47.43046
1605178101,33.776666666666664,83.75,47.43046
1605178102,33.775555555555556,83.75,47.43046
1605178103,33.77444444444444,83.75,47.43046
1605178104,33.77333333333333,83.25,47.43046
1605178105,33.772222222222226,83.0,47.08938
1605178106,33.77111111111111,83.0,47.08938
1605178107,33.77,83.25,47.43046
1605178108,33.76888888888889,82.75,47.08938
1605178109,33.76777777777778,82.25,46.182774
1605178110,33.766666666666666,82.5,46.182774
1605178111,33.76555555555556,82.5,46.182774
1605178112,33.76444444444444,82.75,47.08938
1605178113,33.763333333333335,83.25,47.43046
1605178114,33.76222222222222,83.5,47.43046
1605178115,33.76111111111111,83.75,47.43046
1605178116,33.76,83.75,47.43046
1605178117,33.75888888888889,83.75,47.43046
1605178118,33.757777777777775,84.25,47.17151
1605178119,33.75666666666667,84.25,47.17151
1605178120,33.75555555555555,84.25,47.17151
1605178121,33.754444444444445,84.0,47.43046
1605178122,33.75333333333333,83.5,47.43046
1605178123,33.75222222222222,83.5,47.43046
1605178124,33.75111111111111,83.0,47.08938
1605178125,33.75,82.5,46.182774
1605178126,33.748888888888885,82.25,46.182774
1605178127,33.74777777777778,82.0,47.396896
1605178128,33.74666666666667,81.75,47.396896
1605178129,33.745555555555555,81.75,47.396896
1605178130,33.74444444444445,81.25,47.031986
1605178131,33.74333333333333,81.25,47.031986
1605178132,33.742222222222225,81.25,47.031986
1605178133,33.74111111111111,81.25,47.031986
1605178134,33.74,80.75,46.701904
1605178135,33.73888888888889,80.75,46.701904
1605178136,33.73777777777778,81.0,45.723988
1605178137,33.736666666666665,81.0,45.723988
1605178138,33.73555555555556,81.25,47.031986
1605178139,33.73444444444444,81.5,47.031986
1605178140,33.733333333333334,82.0,47.396896
1605178141,33.73222222222222,82.25,46.182774
1605178142,33.73111111111111,82.5,46.182774
1605178143,33.73,82.75,47.08938
1605178144,33.72888888888889,83.0,47.08938
1605178145,33.727777777777774,83.25,47.43046
1605178146,33.72666666666667,83.0,47.08938
1605178147,33.72555555555556,82.5,46.182774
1605178148,33.724444444444444,82.0,47.396896
1605178149,33.723333333333336,81.75,47.396896
1605178150,33.72222222222222,81.25,47.031986
1605178151,33.721111111111114,80.75,46.701904
1605178152,33.72,81.0,45.723988
1605178153,33.71888888888889,80.0,46.439064
1605178154,33.717777777777776,79.25,47.088177
1605178155,33.71666666666667,79.25,47.088177
1605178156,33.715555555555554,79.25,47.088177
1605178157,33.714444444444446,80.25,47.118416
1605178158,33.71333333333333,80.5,46.701904
1605178159,33.71222222222222,80.5,46.701904
1605178160,33.71111111111111,80.75,46.701904
1605178161,33.71,81.0,45.723988
1605178162,33.708888888888886,81.0,45.723988
1605178163,33.70777777777778,81.25,47.031986
1605178164,33.70666666666666,81.75,47.396896
1605178165,33.705555555555556,82.0,47.396896
1605178166,33.70444444444445,81.75,47.396896
1605178167,33.70333333333333,81.75,47.396896
1605178168,33.70222222222222,81.5,47.031986
1605178169,33.70111111111111,81.5,47.031986
1605178170,33.7,81.25,47.031986
1605178171,33.69888888888889,81.5,47.031986
1605178172,33.69777777777778,81.25,47.031986
1605178173,33.696666666666665,81.5,47.031986
1605178174,33.69555555555556,81.5,47.031986
1605178175,33.69444444444444,81.75,47.396896
1605178176,33.693333333333335,82.0,47.396896
1605178177,33.69222222222222,82.25,46.182774
1605178178,33.69111111111111,82.5,46.182774
1605178179,33.69,82.5,46.182774
1605178180,33.68888888888889,83.0,47.08938
1605178181,33.687777777777775,83.0,47.08938
1605178182,33.68666666666667,83.0,47.08938
1605178183,33.68555555555555,83.25,47.43046
1605178184,33.684444444444445,83.25,47.43046
1605178185,33.68333333333333,83.0,47.08938
1605178186,33.68222222222222,82.5,46.182774
1605178187,33.68111111111111,82.5,46.182774
1605178188,33.68,82.25,46.182774
1605178189,33.67888888888889,82.25,46.182774
1605178190,33.67777777777778,82.0,47.396896
1605178191,33.67666666666667,81.25,47.031986
1605178192,33.675555555555555,81.0,45.723988
1605178193,33.67444444444445,81.0,45.723988
1605178194,33.67333333333333,81.0,45.723988
1605178195,33.672222222222224,80.5,46.701904
1605178196,33.67111111111111,80.5,46.701904
1605178197,33.67,80.25,47.118416
1605178198,33.66888888888889,80.25,47.118416
1605178199,33.66777777777778,80.25,47.118416
1605178200,33.666666666666664,80.5,46.701904
1605178201,33.66555555555556,80.75,46.701904
1605178202,33.66444444444444,81.0,45.723988
1605178203,33.663333333333334,81.25,47.031986
1605178204,33.66222222222222,81.75,47.396896
1605178205,33.66111111111111,81.5,47.031986
1605178206,33.66,81.75,47.396896
1605178207,33.65888888888889,82.0,47.396896
1605178208,33.65777777777778,82.25,46.182774
1605178209,33.656666666666666,82.5,46.182774
1605178210,33.65555555555556,82.5,46.182774
1605178211,33.654444444444444,82.5,46.182774
1605178212,33.653333333333336,82.25,46.182774
1605178213,33.65222222222222,81.75,47.396896
1605178214,33.65111111111111,81.5,47.031986
1605178215,33.65,81.5,47.031986
1605178216,33.64888888888889,81.0,45.723988
1605178217,33.647777777777776,81.25,47.031986
1605178218,33.64666666666667,80.75,46.701904
1605178219,33.64555555555555,80.75,46.701904
1605178220,33.644444444444446,80.75,46.701904
1605178221,33.64333333333333,81.25,47.031986
1605178222,33.64222222222222,81.25,47.031986
1605178223,33.64111111111111,81.5,47.031986
1605178224,33.64,82.25,46.182774
1605178225,33.638888888888886,82.25,46.182774
1605178226,33.63777777777778,82.36111111111111,46.182774
1605178227,33.63666666666666,82.47222222222221,46.182774
1605178228,33.635555555555555,82.58333333333334,46.182774
1605178229,33.63444444444444,82.69444444444444,46.182774
1605178230,33.63333333333333,82.80555555555556,47.08938
1605178231,33.632222222222225,82.91666666666666,47.08938
1605178232,33.63111111111111,83.02777777777779,47.08938
1605178233,33.63,83.13888888888889,47.08938
1605178234,33.62888888888889,83.25,47.43046
1605178235,33.62777777777778,83.25,47.43046
1605178236,33.626666666666665,83.0,47.08938
1605178237,33.62555555555556,83.0,47.08938
1605178238,33.62444444444444,83.0,47.08938
1605178239,33.623333333333335,83.0,47.08938
1605178240,33.62222222222222,82.75,47.08938
1605178241,33.62111111111111,82.75,47.08938
1605178242,33.62,82.5,46.182774
1605178243,33.61888888888889,82.25,46.182774
1605178244,33.617777777777775,82.25,46.182774
1605178245,33.61666666666667,82.25,46.182774
1605178246,33.61555555555555,82.5,46.182774
1605178247,33.614444444444445,82.5,46.182774
1605178248,33.61333333333333,82.0,47.396896
1605178249,33.61222222222222,82.25,46.182774
1605178250,33.611111111111114,82.25,46.182774
1605178251,33.61,82.5,46.182774
1605178252,33.60888888888889,82.75,47.08938
1605178253,33.60777777777778,83.0,47.08938
1605178254,33.60666666666667,83.0,47.08938
1605178255,33.605555555555554,83.25,47.43046
1605178256,33.60444444444445,83.0,47.08938
1605178257,33.60333333333333,83.25,47.43046
1605178258,33.602222222222224,83.25,47.43046
1605178259,33.60111111111111,83.0,47.08938
1605178260,33.6,83.0,47.08938
1605178261,33.59888888888889,82.5,46.182774
1605178262,33.59777777777778,82.25,46.182774
1605178263,33.596666666666664,81.5,47.031986
1605178264,33.595555555555556,80.75,46.701904
1605178265,33.59444444444444,80.75,46.701904
1605178266,33.593333333333334,80.25,47.118416
1605178267,33.59222222222222,79.75,46.439064
1605178268,33.59111111111111,79.5,47.088177
1605178269,33.59,79.0,47.850403
1605178270,33.58888888888889,78.75,46.44664
1605178271,33.58777777777778,78.75,46.44664
1605178272,33.586666666666666,78.75,46.44664
1605178273,33.58555555555556,78.75,46.44664
1605178274,33.58444444444444,79.0,47.850403
1605178275,33.583333333333336,79.0,47.850403
1605178276,33.58222222222222,79.25,47.088177
1605178277,33.58111111111111,79.25,47.088177
1605178278,33.58,79.5,47.088177
1605178279,33.57888888888889,79.75,46.439064
1605178280,33.577777777777776,80.0,46.439064
1605178281,33.57666666666667,80.5,46.701904
1605178282,33.57555555555555,80.0,46.439064
1605178283,33.574444444444445,80.25,47.118416
1605178284,33.57333333333333,80.5,46.701904
1605178285,33.57222222222222,81.0,45.723988
1605178286,33.57111111111111,80.75,46.701904
1605178287,33.57,80.75,46.701904
1605178288,33.568888888888885,80.75,46.701904
1605178289,33.56777777777778,80.75,46.701904
1605178290,33.56666666666666,80.25,47.118416
1605178291,33.565555555555555,80.0,46.439064
1605178292,33.56444444444445,80.25,47.118416
1605178293,33.56333333333333,80.0,46.439064
1605178294,33.562222222222225,80.0,46.439064
1605178295,33.56111111111111,79.75,46.439064
1605178296,33.56,80.0,46.439064
1605178297,33.55888888888889,79.75,46.439064
1605178298,33.55777777777778,79.75,46.439064
1605178299,33.556666666666665,79.75,46.439064
1605178300,33.55555555555556,80.0,46.439064
1605178301,33.55444444444444,80.0,46.439064
1605178302,33.553333333333335,80.25,47.118416
1605178303,33.55222222222222,79.75,46.439064
1605178304,33.55111111111111,79.5,47.088177
1605178305,33.55,79.75,46.439064
1605178306,33.54888888888889,79.75,46.439064
1605178307,33.547777777777775,79.75,46.439064
1605178308,33.54666666666667,79.5,47.088177
1605178309,33.54555555555555,80.0,46.439064
1605178310,33.544444444444444,80.0,46.439064
1605178311,33.54333333333334,80.0,46.439064
1605178312,33.54222222222222,80.5,46.701904
1605178313,33.541111111111114,81.0,45.723988
1605178314,33.54,81.25,47.031986
1605178315,33.53888888888889,82.0,47.396896
1605178316,33.53777777777778,82.5,46.182774
1605178317,33.53666666666667,82.75,47.08938
1605178318,33.535555555555554,83.0,47.08938
1605178319,33.534444444444446,83.0,47.08938
1605178320,33.53333333333333,83.25,47.43046
1605178321,33.532222222222224,83.75,47.43046
1605178322,33.53111111111111,84.0,47.43046
1605178323,33.53,84.0,47.43046
1605178324,33.528888888888886,83.5,47.43046
1605178325,33.52777777777778,84.0,47.43046
1605178326,33.526666666666664,83.25,47.43046
1605178327,33.525555555555556,82.75,47.08938
1605178328,33.52444444444444,82.5,46.182774
1605178329,33.52333333333333,82.25,46.182774
1605178330,33.522222222222226,81.5,47.031986
1605178331,33.52111111111111,81.5,47.031986
1605178332,33.519999999999996,81.25,47.031986
1605178333,33.51888888888889,81.0,45.723988
1605178334,33.51777777777778,81.0,45.723988
1605178335,33.516666666666666,81.0,45.723988
1605178336,33.51555555555556,81.0,45.723988
1605178337,33.51444444444444,81.0,45.723988
1605178338,33.513333333333335,81.25,47.031986
1605178339,33.51222222222222,81.25,47.031986
1605178340,33.51111111111111,81.25,47.031986
1605178341,33.51,81.25,47.031986
1605178342,33.50888888888889,81.25,47.031986
1605178343,33.507777777777775,81.0,45.723988
1605178344,33.50666666666667,80.75,46.701904
1605178345,33.50555555555555,80.5,46.701904
1605178346,33.504444444444445,80.5,46.701904
1605178347,33.50333333333333,80.0,46.439064
1605178348,33.50222222222222,80.0,46.439064
1605178349,33.50111111111111,79.75,46.439064
1605178350,33.5,79.25,47.088177
1605178351,33.498888888888885,79.5,47.088177
1605178352,33.49777777777778,79.0,47.850403
1605178353,33.49666666666667,79.0,47.850403
1605178354,33.495555555555555,79.0,47.850403
1605178355,33.49444444444445,79.25,47.088177
1605178356,33.49333333333333,79.5,47.088177
1605178357,33.492222222222225,79.75,46.439064
1605178358,33.49111111111111,80.0,46.439064
1605178359,33.49,80.25,47.118416
1605178360,33.48888888888889,80.5,46.701904
1605178361,33.48777777777778,80.5,46.701904
1605178362,33.486666666666665,81.25,47.031986
1605178363,33.48555555555556,81.25,47.031986
1605178364,33.48444444444444,81.5,47.031986
1605178365,33.483333333333334,81.75,47.396896
1605178366,33.48222222222222,81.5,47.031986
1605178367,33.48111111111111,81.75,47.396896
1605178368,33.48,81.75,47.396896
1605178369,33.47888888888889,82.0,47.396896
1605178370,33.477777777777774,82.0,47.396896
1605178371,33.47666666666667,82.0,47.396896
1605178372,33.47555555555556,82.0,47.396896
1605178373,33.474444444444444,82.0,47.396896
1605178374,33.473333333333336,82.5,46.182774
1605178375,33.47222222222222,82.25,46.182774
1605178376,33.471111111111114,82.25,46.182774
1605178377,33.47,82.25,46.182774
1605178378,33.46888888888889,82.5,46.182774
1605178379,33.467777777777776,82.5,46.182774
1605178380,33.46666666666667,82.5,46.182774
1605178381,33.465555555555554,83.0,47.08938
1605178382,33.464444444444446,83.25,47.43046
1605178383,33.46333333333333,83.5,47.43046
1605178384,33.46222222222222,83.25,47.43046
1605178385,33.46111111111111,83.5,47.43046
1605178386,33.46,82.5,46.182774
1605178387,33.458888888888886,82.25,46.182774
1605178388,33.45777777777778,82.25,46.182774
1605178389,33.45666666666666,81.75,47.396896
1605178390,33.455555555555556,82.0,47.396896
1605178391,33.45444444444445,82.0,47.396896
1605178392,33.45333333333333,81.75,47.396896
1605178393,33.45222222222222,82.25,46.182774
1605178394,33.45111111111111,82.5,46.182774
1605178395,33.45,82.5,46.182774
1605178396,33.44888888888889,83.0,47.08938
1605178397,33.44777777777778,83.5,47.43046
1605178398,33.446666666666665,83.75,47.43046
1605178399,33.44555555555556,84.5,47.17151
1605178400,33.44444444444444,84.75,47.17151
1605178401,33.443333333333335,84.75,47.17151
1605178402,33.44222222222222,84.5,47.17151
1605178403,33.44111111111111,84.75,47.17151
1605178404,33.44,85.25,43.819477
1605178405,33.43888888888889,85.5,43.819477
1605178406,33.437777777777775,85.0,43.819477
1605178407,33.43666666666667,85.25,43.819477
1605178408,33.43555555555555,85.0,43.819477
1605178409,33.434444444444445,84.75,47.17151
1605178410,33.43333333333333,84.0,47.43046
1605178411,33.43222222222222,83.75,47.43046
1605178412,33.43111111111111,83.5,47.43046
1605178413,33.43,83.25,47.43046
1605178414,33.42888888888889,83.0,47.08938
1605178415,33.42777777777778,82.5,46.182774
1605178416,33.42666666666667,82.0,47.396896
1605178417,33.425555555555555,81.75,47.396896
1605178418,33.42444444444445,81.25,47.031986
1605178419,33.42333333333333,81.0,45.723988
1605178420,33.422222222222224,80.5,46.701904
1605178421,33.42111111111111,80.25,47.118416
1605178422,33.42,80.0,46.439064
1605178423,33.41888888888889,79.75,46.439064
1605178424,33.41777777777778,79.75,46.439064
1605178425,33.416666666666664,79.75,46.439064
1605178426,33.41555555555556,79.75,46.439064
1605178427,33.41444444444444,80.0,46.439064
1605178428,33.413333333333334,81.75,47.396896
1605178429,33.41222222222222,81.75,47.396896
1605178430,33.41111111111111,82.0,47.396896
1605178431,33.41,82.5,46.182774
1605178432,33.40888888888889,82.25,46.182774
1605178433,33.40777777777778,82.25,46.182774
1605178434,33.406666666666666,82.5,46.182774
1605178435,33.40555555555556,82.5,46.182774
1605178436,33.404444444444444,82.5,46.182774
1605178437,33.403333333333336,82.5,46.182774
1605178438,33.40222222222222,82.5,46.182774
1605178439,33.40111111111111,82.5,46.182774
1605178440,33.4,82.5,46.182774
1605178441,33.39888888888889,82.5,46.182774
1605178442,33.397777777777776,82.5,46.182774
1605178443,33.39666666666667,82.5,46.182774
1605178444,33.39555555555555,82.25,46.182774
1605178445,33.394444444444446,82.0,47.396896
1605178446,33.39333333333333,81.5,47.031986
1605178447,33.39222222222222,81.25,47.031986
1605178448,33.39111111111111,80.5,46.701904
1605178449,33.39,80.25,47.118416
1605178450,33.388888888888886,79.75,46.439064
1605178451,33.38777777777778,79.5,47.088177
1605178452,33.38666666666666,79.25,47.088177
1605178453,33.385555555555555,79.0,47.850403
1605178454,33.38444444444444,79.0,47.850403
1605178455,33.38333333333333,78.75,46.44664
1605178456,33.382222222222225,79.5,47.088177
1605178457,33.38111111111111,79.5,47.088177
1605178458,33.38,80.0,46.439064
1605178459,33.37888888888889,80.25,47.118416
1605178460,33.37777777777778,80.25,47.118416
1605178461,33.376666666666665,80.75,46.701904
1605178462,33.37555555555556,80.75,46.701904
1605178463,33.37444444444444,81.5,47.031986
1605178464,33.373333333333335,82.0,47.396896
1605178465,33.37222222222222,82.0,47.396896
1605178466,33.37111111111111,81.5,47.031986
1605178467,33.37,81.75,47.396896
1605178468,33.36888888888889,81.5,47.031986
1605178469,33.367777777777775,81.5,47.031986
1605178470,33.36666666666667,81.5,47.031986
1605178471,33.36555555555555,81.75,47.396896
1605178472,33.364444444444445,81.5,47.031986
1605178473,33.36333333333333,81.25,47.031986
1605178474,33.36222222222222,81.25,47.031986
1605178475,33.361111111111114,81.25,47.031986
1605178476,33.36,81.75,47.396896
1605178477,33.35888888888889,82.5,46.182774
1605178478,33.35777777777778,82.5,46.182774
1605178479,33.35666666666667,82.75,47.08938
1605178480,33.355555555555554,82.75,47.08938
1605178481,33.35444444444445,83.25,47.43046
1605178482,33.35333333333333,83.25,47.43046
1605178483,33.352222222222224,83.5,47.43046
1605178484,33.35111111111111,83.75,47.43046
1605178485,33.35,83.75,47.43046
1605178486,33.34888888888889,83.75,47.43046
1605178487,33.34777777777778,83.5,47.43046
1605178488,33.346666666666664,83.25,47.43046
1605178489,33.345555555555556,83.25,47.43046
1605178490,33.34444444444444,83.0,47.08938
1605178491,33.343333333333334,82.75,47.08938
1605178492,33.34222222222222,82.25,46.182774
1605178493,33.34111111111111,82.0,47.396896
1605178494,33.34,81.75,47.396896
1605178495,33.33888888888889,81.5,47.031986
1605178496,33.33777777777778,81.5,47.031986
1605178497,33.336666666666666,81.0,45.723988
1605178498,33.33555555555556,80.75,46.701904
1605178499,33.33444444444444,80.75,46.701904
1605178500,33.333333333333336,80.75,46.701904
1605178501,33.33222222222222,80.5,46.701904
1605178502,33.33111111111111,81.25,47.031986
1605178503,33.33,81.0,45.723988
1605178504,33.32888888888889,81.0,45.723988
1605178505,33.327777777777776,81.25,47.031986
1605178506,33.32666666666667,81.25,47.031986
1605178507,33.32555555555555,82.0,47.396896
1605178508,33.324444444444445,82.5,46.182774
1605178509,33.32333333333333,82.5,46.182774
1605178510,33.32222222222222,82.75,47.08938
1605178511,33.32111111111111,83.0,47.08938
1605178512,33.32,83.25,47.43046
1605178513,33.318888888888885,83.5,47.43046
1605178514,33.31777777777778,83.5,47.43046
1605178515,33.31666666666666,84.0,47.43046
1605178516,33.315555555555555,84.0,47.43046
1605178517,33.31444444444445,84.0,47.43046
1605178518,33.31333333333333,84.0,47.43046
1605178519,33.312222222222225,84.5,47.17151
1605178520,33.31111111111111,84.5,47.17151
1605178521,33.31,84.75,47.17151
1605178522,33.30888888888889,84.75,47.17151
1605178523,33.30777777777778,84.5,47.17151
1605178524,33.306666666666665,83.75,47.43046
1605178525,33.30555555555556,83.75,47.43046
1605178526,33.30444444444444,83.5,47.43046
1605178527,33.303333333333335,83.75,47.43046
1605178528,33.30222222222222,83.25,47.43046
1605178529,33.30111111111111,83.0,47.08938
1605178530,33.3,82.75,47.08938
1605178531,33.29888888888889,82.5,46.182774
1605178532,33.297777777777775,82.5,46.182774
1605178533,33.29666666666667,82.0,47.396896
1605178534,33.29555555555555,81.75,47.396896
1605178535,33.294444444444444,81.75,47.396896
1605178536,33.29333333333334,81.5,47.031986
1605178537,33.29222222222222,81.25,47.031986
1605178538,33.291111111111114,80.75,46.701904
1605178539,33.29,80.5,46.701904
1605178540,33.28888888888889,80.25,47.118416
1605178541,33.28777777777778,80.0,46.439064
1605178542,33.28666666666667,80.0,46.439064
1605178543,33.285555555555554,79.75,46.439064
1605178544,33.284444444444446,80.0,46.439064
1605178545,33.28333333333333,80.25,47.118416
1605178546,33.282222222222224,80.5,46.701904
1605178547,33.28111111111111,80.5,46.701904
1605178548,33.28,80.25,47.118416
1605178549,33.278888888888886,80.25,47.118416
1605178550,33.27777777777778,80.25,47.118416
1605178551,33.276666666666664,80.5,46.701904
1605178552,33.275555555555556,80.25,47.118416
1605178553,33.27444444444444,80.0,46.439064
1605178554,33.27333333333333,79.25,47.088177
1605178555,33.272222222222226,79.25,47.088177
1605178556,33.27111111111111,78.75,46.44664
1605178557,33.269999999999996,78.5,46.44664
1605178558,33.26888888888889,78.5,46.44664
1605178559,33.26777777777778,78.75,46.44664
1605178560,33.266666666666666,78.5,46.44664
1605178561,33.26555555555556,78.5,46.44664
1605178562,33.26444444444444,78.75,46.44664
1605178563,33.263333333333335,79.25,47.088177
1605178564,33.26222222222222,79.5,47.088177
1605178565,33.26111111111111,79.5,47.088177
1605178566,33.26,79.75,46.439064
1605178567,33.25888888888889,79.5,47.088177
1605178568,33.257777777777775,79.75,46.439064
1605178569,33.25666666666667,79.5,47.088177
1605178570,33.25555555555555,79.5,47.088177
1605178571,33.254444444444445,79.0,47.850403
1605178572,33.25333333333333,79.25,47.088177
1605178573,33.25222222222222,79.0,47.850403
1605178574,33.25111111111111,79.25,47.088177
1605178575,33.25,79.25,47.088177
1605178576,33.248888888888885,79.5,47.088177
1605178577,33.24777777777778,79.5,47.088177
1605178578,33.24666666666667,79.75,46.439064
1605178579,33.245555555555555,80.0,46.439064
1605178580,33.24444444444445,80.25,47.118416
1605178581,33.24333333333333,80.5,46.701904
1605178582,33.242222222222225,81.25,47.031986
1605178583,33.24111111111111,81.5,47.031986
1605178584,33.24,82.0,47.396896
1605178585,33.23888888888889,82.25,46.182774
1605178586,33.23777777777778,82.5,46.182774
1605178587,33.236666666666665,83.0,47.08938
1605178588,33.23555555555556,83.5,47.43046
1605178589,33.23444444444444,83.25,47.43046
1605178590,33.233333333333334,83.0,47.08938
1605178591,33.23222222222222,82.75,47.08938
1605178592,33.23111111111111,82.75,47.08938
1605178593,33.23,82.5,46.182774
1605178594,33.22888888888889,81.75,47.396896
1605178595,33.227777777777774,81.75,47.396896
1605178596,33.22666666666667,81.5,47.031986
1605178597,33.22555555555556,81.0,45.723988
1605178598,33.224444444444444,81.0,45.723988
1605178599,33.223333333333336,80.75,46.701904
1605178600,33.22222222222222,81.0,45.723988
1605178601,33.221111111111114,81.0,45.723988
1605178602,33.22,81.5,47.031986
1605178603,33.21888888888889,81.5,47.031986
1605178604,33.217777777777776,82.0,47.396896
1605178605,33.21666666666667,82.25,46.182774
1605178606,33.215555555555554,82.0,47.396896
1605178607,33.214444444444446,82.5,46.182774
1605178608,33.21333333333333,82.5,46.182774
1605178609,33.21222222222222,82.75,47.08938
1605178610,33.21111111111111,82.75,47.08938
1605178611,33.21,82.75,47.08938
1605178612,33.208888888888886,82.5,46.182774
1605178613,33.20777777777778,82.0,47.396896
1605178614,33.20666666666666,81.75,47.396896
1605178615,33.205555555555556,81.0,45.723988
1605178616,33.20444444444445,81.25,47.031986
1605178617,33.20333333333333,81.25,47.031986
1605178618,33.20222222222222,81.0,45.723988
1605178619,33.20111111111111,81.0,45.723988
1605178620,33.2,81.0,45.723988
1605178621,33.19888888888889,81.0,45.723988
1605178622,33.19777777777778,80.75,46.701904
1605178623,33.196666666666665,81.0,45.723988
1605178624,33.19555555555556,81.0,45.723988
1605178625,33.19444444444444,81.0,45.723988
1605178626,33.193333333333335,81.0,45.723988
1605178627,33.19222222222222,80.75,46.701904
1605178628,33.19111111111111,80.5,46.701904
1605178629,33.19,80.0,46.439064
1605178630,33.18888888888889,79.75,46.439064
1605178631,33.187777777777775,79.25,47.088177
1605178632,33.18666666666667,79.0,47.850403
1605178633,33.18555555555555,79.0,47.850403
1605178634,33.184444444444445,78.75,46.44664
1605178635,33.18333333333333,78.75,46.44664
1605178636,33.18222222222222,78.5,46.44664
1605178637,33.18111111111111,78.75,46.44664
1605178638,33.18,79.25,47.088177
1605178639,33.17888888888889,79.75,46.439064
1605178640,33.17777777777778,79.75,46.439064
1605178641,33.17666666666667,80.25,47.118416
1605178642,33.175555555555555,80.21875,46.439064
1605178643,33.17444444444445,80.1875,46.439064
1605178644,33.17333333333333,80.15625,46.439064
1605178645,33.172222222222224,80.125,46.439064
1605178646,33.17111111111111,80.09375,46.439064
1605178647,33.17,80.0625,46.439064
1605178648,33.16888888888889,80.03125,46.439064
1605178649,33.16777777777778,80.0,46.439064
1605178650,33.166666666666664,79.75,46.439064
1605178651,33.16555555555556,80.0,46.439064
1605178652,33.16444444444444,80.0,46.439064
1605178653,33.163333333333334,80.25,47.118416
1605178654,33.16222222222222,80.5,46.701904
1605178655,33.16111111111111,80.75,46.701904
1605178656,33.16,80.75,46.701904
1605178657,33.15888888888889,81.5,47.031986
1605178658,33.15777777777778,81.75,47.396896
1605178659,33.156666666666666,82.0,47.396896
1605178660,33.15555555555556,82.25,46.182774
1605178661,33.154444444444444,82.25,46.182774
1605178662,33.153333333333336,81.25,47.031986
1605178663,33.15222222222222,81.25,47.031986
1605178664,33.15111111111111,81.0,45.723988
1605178665,33.15,80.75,46.701904
1605178666,33.14888888888889,81.0,45.723988
1605178667,33.147777777777776,81.0,45.723988
1605178668,33.14666666666667,81.0,45.723988
1605178669,33.14555555555555,81.0,45.723988
1605178670,33.144444444444446,81.25,47.031986
1605178671,33.14333333333333,81.5,47.031986
1605178672,33.14222222222222,81.75,47.396896
1605178673,33.14111111111111,81.0,45.723988
1605178674,33.14,81.5,47.031986
1605178675,33.138888888888886,81.25,47.031986
1605178676,33.13777777777778,81.5,47.031986
1605178677,33.13666666666666,81.25,47.031986
1605178678,33.135555555555555,80.75,46.701904
1605178679,33.13444444444444,80.75,46.701904
1605178680,33.13333333333333,80.5,46.701904
1605178681,33.132222222222225,80.5,46.701904
1605178682,33.13111111111111,80.0,46.439064
1605178683,33.13,80.25,47.118416
1605178684,33.12888888888889,80.25,47.118416
1605178685,33.12777777777778,80.0,46.439064
1605178686,33.126666666666665,79.5,47.088177
1605178687,33.12555555555556,79.5,47.088177
1605178688,33.12444444444444,79.25,47.088177
1605178689,33.123333333333335,79.25,47.088177
1605178690,33.12222222222222,79.25,47.088177
1605178691,33.12111111111111,79.0,47.850403
1605178692,33.12,79.25,47.088177
1605178693,33.11888888888889,79.0,47.850403
1605178694,33.117777777777775,79.0,47.850403
1605178695,33.11666666666667,79.0,47.850403
1605178696,33.11555555555555,78.75,46.44664
1605178697,33.114444444444445,79.0,47.850403
1605178698,33.11333333333333,79.5,47.088177
1605178699,33.11222222222222,79.5,47.088177
1605178700,33.111111111111114,79.5,47.088177
1605178701,33.11,79.5,47.088177
1605178702,33.10888888888889,79.25,47.088177
1605178703,33.10777777777778,79.5,47.088177
1605178704,33.10666666666667,79.5,47.088177
1605178705,33.105555555555554,79.75,46.439064
1605178706,33.10444444444445,80.0,46.439064
1605178707,33.10333333333333,79.75,46.439064
1605178708,33.102222222222224,80.0,46.439064
1605178709,33.10111111111111,79.75,46.439064
1605178710,33.1,80.25,47.118416
1605178711,33.09888888888889,80.25,47.118416
1605178712,33.09777777777778,80.5,46.701904
1605178713,33.096666666666664,80.75,46.701904
1605178714,33.095555555555556,80.5,46.701904
1605178715,33.09444444444444,80.75,46.701904
1605178716,33.093333333333334,81.0,45.723988
1605178717,33.09222222222222,81.0,45.723988
1605178718,33.09111111111111,80.75,46.701904
1605178719,33.09,80.75,46.701904
1605178720,33.08888888888889,80.75,46.701904
1605178721,33.08777777777778,80.75,46.701904
1605178722,33.086666666666666,80.5,46.701904
1605178723,33.08555555555556,80.5,46.701904
1605178724,33.08444444444444,80.25,47.118416
1605178725,33.083333333333336,80.25,47.118416
1605178726,33.08222222222222,80.5,46.701904
1605178727,33.08111111111111,80.25,47.118416
1605178728,33.08,80.5,46.701904
1605178729,33.07888888888889,80.75,46.701904
1605178730,33.077777777777776,80.75,46.701904
1605178731,33.07666666666667,80.75,46.701904
1605178732,33.07555555555555,80.75,46.701904
1605178733,33.074444444444445,81.0,45.723988
1605178734,33.07333333333333,81.0,45.723988
1605178735,33.07222222222222,81.0,45.723988
1605178736,33.07111111111111,80.75,46.701904
1605178737,33.07,81.0,45.723988
1605178738,33.068888888888885,81.0,45.723988
1605178739,33.06777777777778,81.0,45.723988
1605178740,33.06666666666666,81.25,47.031986
1605178741,33.065555555555555,81.25,47.031986
1605178742,33.06444444444445,81.0,45.723988
1605178743,33.06333333333333,81.0,45.723988
1605178744,33.062222222222225,81.0,45.723988
1605178745,33.06111111111111,81.0,45.723988
1605178746,33.06,80.5,46.701904
1605178747,33.05888888888889,80.0,46.439064
1605178748,33.05777777777778,79.75,46.439064
1605178749,33.056666666666665,79.5,47.088177
1605178750,33.05555555555556,79.0,47.850403
1605178751,33.05444444444444,78.75,46.44664
1605178752,33.053333333333335,78.75,46.44664
1605178753,33.05222222222222,78.0,47.54567
1605178754,33.05111111111111,77.75,47.804047
1605178755,33.05,77.75,47.804047
1605178756,33.04888888888889,77.75,47.804047
1605178757,33.047777777777775,77.75,47.804047
1605178758,33.04666666666667,78.0,47.54567
1605178759,33.04555555555555,78.25,47.134487
1605178760,33.044444444444444,78.5,46.44664
1605178761,33.04333333333334,78.75,46.44664
1605178762,33.04222222222222,79.0,47.850403
1605178763,33.041111111111114,79.0,47.850403
1605178764,33.04,79.5,47.088177
1605178765,33.03888888888889,79.25,47.088177
1605178766,33.03777777777778,79.75,46.439064
1605178767,33.03666666666667,80.0,46.439064
1605178768,33.035555555555554,80.0,46.439064
1605178769,33.034444444444446,79.75,46.439064
1605178770,33.03333333333333,80.0,46.439064
1605178771,33.032222222222224,80.0,46.439064
1605178772,33.03111111111111,79.75,46.439064
1605178773,33.03,79.5,47.088177
1605178774,33.028888888888886,79.5,47.088177
1605178775,33.02777777777778,79.5,47.088177
1605178776,33.026666666666664,79.25,47.088177
1605178777,33.025555555555556,79.25,47.088177
1605178778,33.02444444444444,79.0,47.850403
1605178779,33.02333333333333,79.25,47.088177
1605178780,33.022222222222226,79.25,47.088177
1605178781,33.02111111111111,79.0,47.850403
1605178782,33.019999999999996,79.25,47.088177
1605178783,33.01888888888889,79.25,47.088177
1605178784,33.01777777777778,79.5,47.088177
1605178785,33.016666666666666,79.5,47.088177
1605178786,33.01555555555556,79.5,47.088177
1605178787,33.01444444444444,79.5,47.088177
1605178788,33.013333333333335,79.5,47.088177
1605178789,33.01222222222222,79.5,47.088177
1605178790,33.01111111111111,79.5,47.088177
1605178791,33.01,79.5,47.088177
1605178792,33.00888888888889,79.5,47.088177
1605178793,33.007777777777775,79.5,47.088177
1605178794,33.00666666666667,79.5,47.088177
1605178795,33.00555555555555,79.5,47.088177
1605178796,33.004444444444445,79.5,47.088177
1605178797,33.00333333333333,79.5,47.088177
1605178798,33.00222222222222,79.5,47.088177
1605178799,33.00111111111111,79.5,47.088177
1605178800,33.0,79.5,47.088177
1605178801,33.0025,79.5,47.088177
1605178802,33.005,79.5,47.088177
1605178803,33.0075,79.5,47.088177
1605178804,33.01,79.5,47.088177
1605178805,33.0125,79.5,47.088177
1605178806,33.015,79.5,47.088177
1605178807,33.0175,79.5,47.088177
1605178808,33.02,79.5,47.088177
1605178809,33.0225,79.5,47.088177
1605178810,33.025,79.75,46.439064
1605178811,33.0275,80.0,46.439064
1605178812,33.03,79.75,46.439064
1605178813,33.0325,79.75,46.439064
1605178814,33.035,80.0,46.439064
1605178815,33.0375,80.5,46.701904
1605178816,33.04,80.75,46.701904
1605178817,33.0425,81.0,45.723988
1605178818,33.045,81.5,47.031986
1605178819,33.0475,81.5,47.031986
1605178820,33.05,81.5,47.031986
1605178821,33.0525,81.5,47.031986
1605178822,33.055,81.5,47.031986
1605178823,33.0575,81.5,47.031986
1605178824,33.06,81.5,47.031986
1605178825,33.0625,81.25,47.031986
1605178826,33.065,80.75,46.701904
1605178827,33.0675,80.75,46.701904
1605178828,33.07,80.5,46.701904
1605178829,33.0725,80.5,46.701904
1605178830,33.075,80.5,46.701904
1605178831,33.0775,80.5,46.701904
1605178832,33.08,80.25,47.118416
1605178833,33.0825,80.75,46.701904
1605178834,33.085,81.0,45.723988
1605178835,33.0875,80.75,46.701904
1605178836,33.09,81.0,45.723988
1605178837,33.0925,81.0,45.723988
1605178838,33.095,81.25,47.031986
1605178839,33.0975,81.0,45.723988
1605178840,33.1,81.0,45.723988
1605178841,33.1025,80.75,46.701904
1605178842,33.105,80.75,46.701904
1605178843,33.1075,80.75,46.701904
1605178844,33.11,80.75,46.701904
1605178845,33.1125,80.5,46.701904
1605178846,33.115,80.75,46.701904
1605178847,33.1175,80.5,46.701904
1605178848,33.12,80.5,46.701904
1605178849,33.1225,80.75,46.701904
1605178850,33.125,81.0,45.723988
1605178851,33.1275,81.0,45.723988
1605178852,33.13,81.25,47.031986
1605178853,33.1325,81.5,47.031986
1605178854,33.135,81.5,47.031986
1605178855,33.1375,81.5,47.031986
1605178856,33.14,81.5,47.031986
1605178857,33.1425,81.25,47.031986
1605178858,33.145,81.25,47.031986
1605178859,33.1475,81.5,47.031986
1605178860,33.15,81.75,47.396896
1605178861,33.1525,81.5,47.031986
1605178862,33.155,81.5,47.031986
1605178863,33.1575,81.5,47.031986
1605178864,33.16,81.5,47.031986
1605178865,33.1625,81.5,47.031986
1605178866,33.165,80.75,46.701904
1605178867,33.1675,81.0,45.723988
1605178868,33.17,81.0,45.723988
1605178869,33.1725,81.0,45.723988
1605178870,33.175,81.0,45.723988
1605178871,33.1775,81.75,47.396896
1605178872,33.18,81.75,47.396896
1605178873,33.1825,82.0,47.396896
1605178874,33.185,82.25,46.182774
1605178875,33.1875,82.0,47.396896
1605178876,33.19,82.0,47.396896
1605178877,33.1925,82.5,46.182774
1605178878,33.195,82.25,46.182774
1605178879,33.1975,82.5,46.182774
1605178880,33.2,82.75,47.08938
1605178881,33.2025,82.75,47.08938
1605178882,33.205,82.5,46.182774
1605178883,33.2075,82.25,46.182774
1605178884,33.21,82.25,46.182774
1605178885,33.2125,82.0,47.396896
1605178886,33.215,82.25,46.182774
1605178887,33.2175,82.0,47.396896
1605178888,33.22,82.25,46.182774
1605178889,33.2225,82.25,46.182774
1605178890,33.225,82.5,46.182774
1605178891,33.2275,82.5,46.182774
1605178892,33.23,82.75,47.08938
1605178893,33.2325,83.0,47.08938
1605178894,33.235,83.25,47.43046
1605178895,33.2375,84.0,47.43046
1605178896,33.24,83.75,47.43046
1605178897,33.2425,84.0,47.43046
1605178898,33.245,84.0,47.43046
1605178899,33.2475,84.0,47.43046
1605178900,33.25,83.97222222222223,47.43046
1605178901,33.2525,83.94444444444444,47.43046
1605178902,33.255,83.91666666666667,47.43046
1605178903,33.2575,83.88888888888889,47.43046
1605178904,33.26,83.86111111111111,47.43046
1605178905,33.2625,83.83333333333333,47.43046
1605178906,33.265,83.80555555555556,47.43046
1605178907,33.2675,83.77777777777777,47.43046
1605178908,33.27,83.75,47.43046
1605178909,33.2725,83.75,47.43046
1605178910,33.275,83.25,47.43046
1605178911,33.2775,83.0,47.08938
1605178912,33.28,82.5,46.182774
1605178913,33.2825,82.25,46.182774
1605178914,33.285,81.75,47.396896
1605178915,33.2875,81.5,47.031986
1605178916,33.29,81.5,47.031986
1605178917,33.2925,81.5,47.031986
1605178918,33.295,81.5,47.031986
1605178919,33.2975,81.25,47.031986
1605178920,33.3,81.25,47.031986
1605178921,33.3025,80.75,46.701904
1605178922,33.305,80.75,46.701904
1605178923,33.3075,80.25,47.118416
1605178924,33.31,80.25,47.118416
1605178925,33.3125,80.25,47.118416
1605178926,33.315,80.5,46.701904
1605178927,33.3175,80.75,46.701904
1605178928,33.32,81.0,45.723988
1605178929,33.3225,81.0,45.723988
1605178930,33.325,81.25,47.031986
1605178931,33.3275,82.0,47.396896
1605178932,33.33,82.0,47.396896
1605178933,33.3325,82.25,46.182774
1605178934,33.335,82.5,46.182774
1605178935,33.3375,82.5,46.182774
1605178936,33.34,82.25,46.182774
1605178937,33.3425,82.5,46.182774
1605178938,33.345,82.5,46.182774
1605178939,33.3475,82.5,46.182774
1605178940,33.35,82.5,46.182774
1605178941,33.3525,82.5,46.182774
1605178942,33.355,82.75,47.08938
1605178943,33.3575,82.75,47.08938
1605178944,33.36,83.25,47.43046
1605178945,33.3625,83.25,47.43046
1605178946,33.365,83.75,47.43046
1605178947,33.3675,83.75,47.43046
1605178948,33.37,83.75,47.43046
1605178949,33.3725,83.75,47.43046
1605178950,33.375,83.5,47.43046
1605178951,33.3775,84.25,47.17151
1605178952,33.38,84.0,47.43046
1605178953,33.3825,83.75,47.43046
1605178954,33.385,84.5,47.17151
1605178955,33.3875,84.25,47.17151
1605178956,33.39,84.25,47.17151
1605178957,33.3925,83.5,47.43046
1605178958,33.395,83.5,47.43046
1605178959,33.3975,83.5,47.43046
1605178960,33.4,83.25,47.43046
1605178961,33.4025,83.25,47.43046
1605178962,33.405,83.0,47.08938
1605178963,33.4075,83.0,47.08938
1605178964,33.41,82.75,47.08938
1605178965,33.4125,83.0,47.08938
1605178966,33.415,82.75,47.08938
1605178967,33.4175,82.5,46.182774
1605178968,33.42,82.25,46.182774
1605178969,33.4225,82.25,46.182774
1605178970,33.425,82.25,46.182774
1605178971,33.4275,81.75,47.396896
1605178972,33.43,81.75,47.396896
1605178973,33.4325,81.5,47.031986
1605178974,33.435,81.5,47.031986
1605178975,33.4375,81.25,47.031986
1605178976,33.44,81.25,47.031986
1605178977,33.4425,81.5,47.031986
1605178978,33.445,82.0,47.396896
1605178979,33.4475,82.0,47.396896
1605178980,33.45,82.5,46.182774
1605178981,33.4525,82.75,47.08938
1605178982,33.455,83.25,47.43046
1605178983,33.4575,83.5,47.43046
1605178984,33.46,83.5,47.43046
1605178985,33.4625,84.0,47.43046
1605178986,33.465,84.0,47.43046
1605178987,33.4675,84.5,47.17151
1605178988,33.47,84.75,47.17151
1605178989,33.4725,85.25,43.819477
1605178990,33.475,85.5,43.819477
1605178991,33.4775,85.75,43.089935
1605178992,33.48,86.0,43.089935
1605178993,33.4825,86.0,43.089935
1605178994,33.485,86.25,42.912373
1605178995,33.4875,86.5,42.912373
1605178996,33.49,86.5,42.912373
1605178997,33.4925,86.5,42.912373
1605178998,33.495,86.25,42.912373
1605178999,33.4975,86.0,43.089935
1605179000,33.5,86.0,43.089935
1605179001,33.5025,85.75,43.089935
1605179002,33.505,85.0,43.819477
1605179003,33.5075,84.5,47.17151
1605179004,33.51,84.0,47.43046
1605179005,33.5125,84.0,47.43046
1605179006,33.515,83.0,47.08938
1605179007,33.5175,83.25,47.43046
1605179008,33.52,83.25,47.43046
1605179009,33.5225,82.5,46.182774
1605179010,33.525,82.0,47.396896
1605179011,33.5275,81.75,47.396896
1605179012,33.53,82.25,46.182774
1605179013,33.5325,82.25,46.182774
1605179014,33.535,82.5,46.182774
1605179015,33.5375,82.75,47.08938
1605179016,33.54,82.75,47.08938
1605179017,33.5425,83.0,47.08938
1605179018,33.545,82.75,47.08938
1605179019,33.5475,83.0,47.08938
1605179020,33.55,82.75,47.08938
1605179021,33.5525,82.75,47.08938
1605179022,33.555,82.75,47.08938
1605179023,33.5575,82.5,46.182774
1605179024,33.56,82.25,46.182774
1605179025,33.5625,82.0,47.396896
1605179026,33.565,82.25,46.182774
1605179027,33.5675,82.25,46.182774
1605179028,33.57,82.75,47.08938
1605179029,33.5725,82.75,47.08938
1605179030,33.575,83.25,47.43046
1605179031,33.5775,83.25,47.43046
1605179032,33.58,83.25,47.43046
1605179033,33.5825,83.75,47.43046
1605179034,33.585,84.0,47.43046
1605179035,33.5875,84.0,47.43046
1605179036,33.59,84.0,47.43046
1605179037,33.5925,83.75,47.43046
1605179038,33.595,83.75,47.43046
1605179039,33.5975,83.75,47.43046
1605179040,33.6,83.75,47.43046
1605179041,33.6025,83.5,47.43046
1605179042,33.605,83.25,47.43046
1605179043,33.6075,83.25,47.43046
1605179044,33.61,82.75,47.08938
1605179045,33.6125,83.0,47.08938
1605179046,33.615,82.5,46.182774
1605179047,33.6175,82.0,47.396896
1605179048,33.62,81.5,47.031986
1605179049,33.6225,81.25,47.031986
1605179050,33.625,80.75,46.701904
1605179051,33.6275,80.75,46.701904
1605179052,33.63,80.5,46.701904
1605179053,33.6325,80.5,46.701904
1605179054,33.635,80.5,46.701904
1605179055,33.6375,81.25,47.031986
1605179056,33.64,81.25,47.031986
1605179057,33.6425,81.75,47.396896
1605179058,33.645,82.0,47.396896
1605179059,33.6475,82.0,47.396896
1605179060,33.65,82.75,47.08938
1605179061,33.6525,82.75,47.08938
1605179062,33.655,83.0,47.08938
1605179063,33.6575,82.75,47.08938
1605179064,33.66,82.5,46.182774
1605179065,33.6625,82.0,47.396896
1605179066,33.665,82.0,47.396896
1605179067,33.6675,81.75,47.396896
1605179068,33.67,81.5,47.031986
1605179069,33.6725,81.5,47.031986
1605179070,33.675,81.25,47.031986
1605179071,33.6775,81.0,45.723988
1605179072,33.68,80.5,46.701904
1605179073,33.6825,80.75,46.701904
1605179074,33.685,81.25,47.031986
1605179075,33.6875,81.5,47.031986
1605179076,33.69,81.5,47.031986
1605179077,33.6925,81.75,47.396896
1605179078,33.695,82.0,47.396896
1605179079,33.6975,82.25,46.182774
1605179080,33.7,82.5,46.182774
1605179081,33.7025,82.75,47.08938
1605179082,33.705,82.75,47.08938
1605179083,33.7075,82.75,47.08938
1605179084,33.71,82.75,47.08938
1605179085,33.7125,82.25,46.182774
1605179086,33.715,82.0,47.396896
1605179087,33.7175,81.75,47.396896
1605179088,33.72,81.25,47.031986
1605179089,33.7225,81.0,45.723988
1605179090,33.725,80.75,46.701904
1605179091,33.7275,80.75,46.701904
1605179092,33.73,80.5,46.701904
1605179093,33.7325,80.5,46.701904
1605179094,33.735,80.5,46.701904
1605179095,33.7375,80.75,46.701904
1605179096,33.74,81.0,45.723988
1605179097,33.7425,81.25,47.031986
1605179098,33.745,81.25,47.031986
1605179099,33.7475,81.25,47.031986
1605179100,33.75,81.5,47.031986
1605179101,33.7525,81.75,47.396896
1605179102,33.755,81.5,47.031986
1605179103,33.7575,81.0,45.723988
1605179104,33.76,81.0,45.723988
1605179105,33.7625,80.75,46.701904
1605179106,33.765,80.5,46.701904
1605179107,33.7675,80.5,46.701904
1605179108,33.77,80.25,47.118416
1605179109,33.7725,80.27777777777777,47.118416
1605179110,33.775,80.30555555555556,47.118416
1605179111,33.7775,80.33333333333334,47.118416
1605179112,33.78,80.36111111111111,47.118416
1605179113,33.7825,80.38888888888889,47.118416
1605179114,33.785,80.41666666666666,47.118416
1605179115,33.7875,80.44444444444444,47.118416
1605179116,33.79,80.47222222222223,47.118416
1605179117,33.7925,80.5,46.701904
1605179118,33.795,80.25,47.118416
1605179119,33.7975,80.5,46.701904
1605179120,33.8,80.5,46.701904
1605179121,33.8025,80.5,46.701904
1605179122,33.805,81.0,45.723988
1605179123,33.8075,81.25,47.031986
1605179124,33.81,81.25,47.031986
1605179125,33.8125,81.0,45.723988
1605179126,33.815,81.25,47.031986
1605179127,33.8175,81.5,47.031986
1605179128,33.82,81.25,47.031986
1605179129,33.8225,81.5,47.031986
1605179130,33.825,81.75,47.396896
1605179131,33.8275,81.5,47.031986
1605179132,33.83,81.75,47.396896
1605179133,33.8325,81.5,47.031986
1605179134,33.835,81.5,47.031986
1605179135,33.8375,81.25,47.031986
1605179136,33.84,81.25,47.031986
1605179137,33.8425,81.0,45.723988
1605179138,33.845,81.0,45.723988
1605179139,33.8475,81.25,47.031986
1605179140,33.85,81.25,47.031986
1605179141,33.8525,81.75,47.396896
1605179142,33.855,81.75,47.396896
1605179143,33.8575,81.5,47.031986
1605179144,33.86,81.25,47.031986
1605179145,33.8625,81.25,47.031986
1605179146,33.865,81.25,47.031986
1605179147,33.8675,81.25,47.031986
1605179148,33.87,81.25,47.031986
1605179149,33.8725,80.5,46.701904
1605179150,33.875,80.25,47.118416
1605179151,33.8775,79.75,46.439064
1605179152,33.88,79.75,46.439064
1605179153,33.8825,79.5,47.088177
1605179154,33.885,79.25,47.088177
1605179155,33.8875,78.75,46.44664
1605179156,33.89,78.75,46.44664
1605179157,33.8925,78.25,47.134487
1605179158,33.895,78.0,47.54567
1605179159,33.8975,78.0,47.54567
1605179160,33.9,78.25,47.134487
1605179161,33.9025,78.75,46.44664
1605179162,33.905,78.75,46.44664
1605179163,33.9075,79.0,47.850403
1605179164,33.91,79.25,47.088177
1605179165,33.9125,79.75,46.439064
1605179166,33.915,80.0,46.439064
1605179167,33.9175,80.0,46.439064
1605179168,33.92,80.25,47.118416
1605179169,33.9225,79.75,46.439064
1605179170,33.925,80.0,46.439064
1605179171,33.9275,79.75,46.439064
1605179172,33.93,79.5,47.088177
1605179173,33.9325,79.25,47.088177
1605179174,33.935,79.5,47.088177
1605179175,33.9375,79.5,47.088177
1605179176,33.94,79.5,47.088177
1605179177,33.9425,79.75,46.439064
1605179178,33.945,79.75,46.439064
1605179179,33.9475,80.0,46.439064
1605179180,33.95,80.25,47.118416
1605179181,33.9525,80.75,46.701904
1605179182,33.955,81.0,45.723988
1605179183,33.9575,81.25,47.031986
1605179184,33.96,81.0,45.723988
1605179185,33.9625,80.75,46.701904
1605179186,33.965,81.0,45.723988
1605179187,33.9675,80.75,46.701904
1605179188,33.97,80.5,46.701904
1605179189,33.9725,80.5,46.701904
1605179190,33.975,80.25,47.118416
1605179191,33.9775,80.0,46.439064
1605179192,33.98,80.0,46.439064
1605179193,33.9825,79.75,46.439064
1605179194,33.985,79.75,46.439064
1605179195,33.9875,79.75,46.439064
1605179196,33.99,79.5,47.088177
1605179197,33.9925,79.5,47.088177
1605179198,33.995,79.5,47.088177
1605179199,33.9975,79.5,47.088177
1605179200,34.0,79.5,47.088177
1605179201,34.0025,79.75,46.439064
1605179202,34.005,79.75,46.439064
1605179203,34.0075,79.5,47.088177
1605179204,34.01,79.75,46.439064
1605179205,34.0125,80.0,46.439064
1605179206,34.015,80.25,47.118416
1605179207,34.0175,80.0,46.439064
1605179208,34.02,79.75,46.439064
1605179209,34.0225,80.25,47.118416
1605179210,34.025,80.25,47.118416
1605179211,34.0275,80.75,46.701904
1605179212,34.03,80.5,46.701904
1605179213,34.0325,80.75,46.701904
1605179214,34.035,80.5,46.701904
1605179215,34.0375,80.75,46.701904
1605179216,34.04,80.75,46.701904
1605179217,34.0425,81.25,47.031986
1605179218,34.045,81.25,47.031986
1605179219,34.0475,82.0,47.396896
1605179220,34.05,82.25,46.182774
1605179221,34.0525,82.25,46.182774
1605179222,34.055,82.5,46.182774
1605179223,34.0575,82.5,46.182774
1605179224,34.06,82.75,47.08938
1605179225,34.0625,82.25,46.182774
1605179226,34.065,82.5,46.182774
1605179227,34.0675,82.25,46.182774
1605179228,34.07,81.5,47.031986
1605179229,34.0725,81.5,47.031986
1605179230,34.075,81.25,47.031986
1605179231,34.0775,80.75,46.701904
1605179232,34.08,80.5,46.701904
1605179233,34.0825,80.5,46.701904
1605179234,34.085,80.25,47.118416
1605179235,34.0875,80.5,46.701904
1605179236,34.09,80.75,46.701904
1605179237,34.0925,81.0,45.723988
1605179238,34.095,81.0,45.723988
1605179239,34.0975,81.0,45.723988
1605179240,34.1,81.0,45.723988
1605179241,34.1025,80.75,46.701904
1605179242,34.105,80.25,47.118416
1605179243,34.1075,80.25,47.118416
1605179244,34.11,80.25,47.118416
1605179245,34.1125,80.0,46.439064
1605179246,34.115,79.0,47.850403
1605179247,34.1175,78.5,46.44664
1605179248,34.12,78.5,46.44664
1605179249,34.1225,78.0,47.54567
1605179250,34.125,77.25,45.437992
1605179251,34.1275,77.5,47.31168
1605179252,34.13,77.25,45.437992
1605179253,34.1325,77.25,45.437992
1605179254,34.135,77.5,47.31168
1605179255,34.1375,77.75,47.804047
1605179256,34.14,78.0,47.54567
1605179257,34.1425,78.5,46.44664
1605179258,34.145,79.0,47.850403
1605179259,34.1475,79.0,47.850403
1605179260,34.15,80.25,47.118416
1605179261,34.1525,80.25,47.118416
1605179262,34.155,81.0,45.723988
1605179263,34.1575,81.5,47.031986
1605179264,34.16,81.75,47.396896
1605179265,34.1625,81.75,47.396896
1605179266,34.165,82.25,46.182774
1605179267,34.1675,82.5,46.182774
1605179268,34.17,82.5,46.182774
1605179269,34.1725,82.25,46.182774
1605179270,34.175,82.0,47.396896
1605179271,34.1775,82.0,47.396896
1605179272,34.18,81.75,47.396896
1605179273,34.1825,81.75,47.396896
1605179274,34.185,81.5,47.031986
1605179275,34.1875,81.25,47.031986
1605179276,34.19,81.0,45.723988
1605179277,34.1925,80.75,46.701904
1605179278,34.195,80.5,46.701904
1605179279,34.1975,80.5,46.701904
1605179280,34.2,79.75,46.439064
1605179281,34.2025,79.5,47.088177
1605179282,34.205,79.25,47.088177
1605179283,34.2075,79.75,46.439064
1605179284,34.21,79.75,46.439064
1605179285,34.2125,79.5,47.088177
1605179286,34.215,79.5,47.088177
1605179287,34.2175,79.75,46.439064
1605179288,34.22,80.5,46.701904
1605179289,34.2225,80.25,47.118416
1605179290,34.225,80.25,47.118416
1605179291,34.2275,80.75,46.701904
1605179292,34.23,81.0,45.723988
1605179293,34.2325,80.75,46.701904
1605179294,34.235,81.0,45.723988
1605179295,34.2375,80.5,46.701904
1605179296,34.24,80.25,47.118416
1605179297,34.2425,80.0,46.439064
1605179298,34.245,80.0,46.439064
1605179299,34.2475,80.25,47.118416
1605179300,34.25,80.0,46.439064
1605179301,34.2525,80.25,47.118416
1605179302,34.255,80.25,47.118416
1605179303,34.2575,80.5,46.701904
1605179304,34.26,81.0,45.723988
1605179305,34.2625,81.25,47.031986
1605179306,34.265,82.0,47.396896
1605179307,34.2675,82.0,47.396896
1605179308,34.27,82.5,46.182774
1605179309,34.2725,82.5,46.182774
1605179310,34.275,82.75,47.08938
1605179311,34.2775,82.25,46.182774
1605179312,34.28,82.25,46.182774
1605179313,34.2825,82.0,47.396896
1605179314,34.285,81.75,47.396896
1605179315,34.2875,82.0,47.396896
1605179316,34.29,82.025,47.396896
1605179317,34.2925,82.05,47.396896
1605179318,34.295,82.075,47.396896
1605179319,34.2975,82.1,47.396896
1605179320,34.3,82.125,47.396896
1605179321,34.3025,82.15,47.396896
1605179322,34.305,82.175,47.396896
1605179323,34.3075,82.2,47.396896
1605179324,34.31,82.225,47.396896
1605179325,34.3125,82.25,46.182774
1605179326,34.315,82.0,47.396896
1605179327,34.3175,82.0,47.396896
1605179328,34.32,82.0,47.396896
1605179329,34.3225,81.75,47.396896
1605179330,34.325,82.25,46.182774
1605179331,34.3275,82.25,46.182774
1605179332,34.33,82.25,46.182774
1605179333,34.3325,82.0,47.396896
1605179334,34.335,82.0,47.396896
1605179335,34.3375,81.75,47.396896
1605179336,34.34,81.5,47.031986
1605179337,34.3425,81.25,47.031986
1605179338,34.345,81.25,47.031986
1605179339,34.3475,81.25,47.031986
1605179340,34.35,81.25,47.031986
1605179341,34.3525,81.0,45.723988
1605179342,34.355,81.0,45.723988
1605179343,34.3575,81.0,45.723988
1605179344,34.36,80.75,46.701904
1605179345,34.3625,80.75,46.701904
1605179346,34.365,81.0,45.723988
1605179347,34.3675,80.75,46.701904
1605179348,34.37,81.0,45.723988
1605179349,34.3725,80.5,46.701904
1605179350,34.375,80.5,46.701904
1605179351,34.3775,80.0,46.439064
1605179352,34.38,80.0,46.439064
1605179353,34.3825,80.0,46.439064
1605179354,34.385,80.0,46.439064
1605179355,34.3875,80.0,46.439064
1605179356,34.39,80.0,46.439064
1605179357,34.3925,80.0,46.439064
1605179358,34.395,80.25,47.118416
1605179359,34.3975,80.5,46.701904
1605179360,34.4,81.25,47.031986
1605179361,34.4025,81.25,47.031986
1605179362,34.405,81.75,47.396896
1605179363,34.4075,82.0,47.396896
1605179364,34.41,81.75,47.396896
1605179365,34.4125,82.0,47.396896
1605179366,34.415,82.5,46.182774
1605179367,34.4175,82.5,46.182774
1605179368,34.42,81.75,47.396896
1605179369,34.4225,81.75,47.396896
1605179370,34.425,81.25,47.031986
1605179371,34.4275,81.0,45.723988
1605179372,34.43,80.5,46.701904
1605179373,34.4325,80.5,46.701904
1605179374,34.435,80.0,46.439064
1605179375,34.4375,79.75,46.439064
1605179376,34.44,79.5,47.088177
1605179377,34.4425,79.5,47.088177
1605179378,34.445,79.5,47.088177
1605179379,34.4475,79.75,46.439064
1605179380,34.45,80.25,47.118416
1605179381,34.4525,80.5,46.701904
1605179382,34.455,81.0,45.723988
1605179383,34.4575,81.0,45.723988
1605179384,34.46,81.25,47.031986
1605179385,34.4625,81.5,47.031986
1605179386,34.465,82.0,47.396896
1605179387,34.4675,82.25,46.182774
1605179388,34.47,82.25,46.182774
1605179389,34.4725,82.5,46.182774
1605179390,34.475,82.5,46.182774
1605179391,34.4775,82.5,46.182774
1605179392,34.48,82.75,47.08938
1605179393,34.4825,82.75,47.08938
1605179394,34.485,83.0,47.08938
1605179395,34.4875,83.5,47.43046
1605179396,34.49,83.5,47.43046
1605179397,34.4925,83.5,47.43046
1605179398,34.495,83.75,47.43046
1605179399,34.4975,83.75,47.43046
1605179400,34.5,84.0,47.43046
1605179401,34.5025,84.0,47.43046
1605179402,34.505,83.75,47.43046
1605179403,34.5075,84.25,47.17151
1605179404,34.51,83.75,47.43046
1605179405,34.5125,83.75,47.43046
1605179406,34.515,83.75,47.43046
1605179407,34.5175,83.75,47.43046
1605179408,34.52,83.25,47.43046
1605179409,34.5225,83.25,47.43046
1605179410,34.525,82.75,47.08938
1605179411,34.5275,82.25,46.182774
1605179412,34.53,82.0,47.396896
1605179413,34.5325,81.75,47.396896
1605179414,34.535,81.75,47.396896
1605179415,34.5375,81.5,47.031986
1605179416,34.54,81.25,47.031986
1605179417,34.5425,80.75,46.701904
1605179418,34.545,80.25,47.118416
1605179419,34.5475,80.0,46.439064
1605179420,34.55,80.0,46.439064
1605179421,34.5525,80.0,46.439064
1605179422,34.555,80.5,46.701904
1605179423,34.5575,80.5,46.701904
1605179424,34.56,80.5,46.701904
1605179425,34.5625,80.5,46.701904
1605179426,34.565,80.75,46.701904
1605179427,34.5675,81.0,45.723988
1605179428,34.57,81.0,45.723988
1605179429,34.5725,81.5,47.031986
1605179430,34.575,81.5,47.031986
1605179431,34.5775,81.75,47.396896
1605179432,34.58,81.5,47.031986
1605179433,34.5825,81.5,47.031986
1605179434,34.585,81.5,47.031986
1605179435,34.5875,81.75,47.396896
1605179436,34.59,82.0,47.396896
1605179437,34.5925,81.75,47.396896
1605179438,34.595,81.5,47.031986
1605179439,34.5975,81.25,47.031986
1605179440,34.6,81.0,45.723988
1605179441,34.6025,81.0,45.723988
1605179442,34.605,81.0,45.723988
1605179443,34.6075,80.75,46.701904
1605179444,34.61,81.25,47.031986
1605179445,34.6125,80.75,46.701904
1605179446,34.615,80.5,46.701904
1605179447,34.6175,80.5,46.701904
1605179448,34.62,80.5,46.701904
1605179449,34.6225,80.75,46.701904
1605179450,34.625,80.75,46.701904
1605179451,34.6275,80.5,46.701904
1605179452,34.63,80.5,46.701904
1605179453,34.6325,80.25,47.118416
1605179454,34.635,80.5,46.701904
1605179455,34.6375,80.5,46.701904
1605179456,34.64,80.75,46.701904
1605179457,34.6425,80.75,46.701904
1605179458,34.645,81.0,45.723988
1605179459,34.6475,81.0,45.723988
1605179460,34.65,81.0,45.723988
1605179461,34.6525,81.25,47.031986
1605179462,34.655,81.0,45.723988
1605179463,34.6575,81.0,45.723988
1605179464,34.66,81.0,45.723988
1605179465,34.6625,80.5,46.701904
1605179466,34.665,80.25,47.118416
1605179467,34.6675,80.5,46.701904
1605179468,34.67,79.75,46.439064
1605179469,34.6725,78.75,46.44664
1605179470,34.675,78.5,46.44664
1605179471,34.6775,77.75,47.804047
1605179472,34.68,77.5,47.31168
1605179473,34.6825,77.75,47.804047
1605179474,34.685,77.5,47.31168
1605179475,34.6875,77.5,47.31168
1605179476,34.69,78.0,47.54567
1605179477,34.6925,78.25,47.134487
1605179478,34.695,78.25,47.134487
1605179479,34.6975,79.0,47.850403
1605179480,34.7,79.25,47.088177
1605179481,34.7025,80.25,47.118416
1605179482,34.705,80.5,46.701904
1605179483,34.7075,81.25,47.031986
1605179484,34.71,81.5,47.031986
1605179485,34.7125,81.75,47.396896
1605179486,34.715,82.0,47.396896
1605179487,34.7175,82.25,46.182774
1605179488,34.72,82.5,46.182774
1605179489,34.7225,82.75,47.08938
1605179490,34.725,82.5,46.182774
1605179491,34.7275,82.5,46.182774
1605179492,34.73,82.5,46.182774
1605179493,34.7325,82.25,46.182774
1605179494,34.735,81.75,47.396896
1605179495,34.7375,81.75,47.396896
1605179496,34.74,81.75,47.396896
1605179497,34.7425,81.25,47.031986
1605179498,34.745,80.75,46.701904
1605179499,34.7475,80.5,46.701904
1605179500,34.75,80.25,47.118416
1605179501,34.7525,80.0,46.439064
1605179502,34.755,80.0,46.439064
1605179503,34.7575,80.0,46.439064
1605179504,34.76,79.75,46.439064
1605179505,34.7625,79.5,47.088177
1605179506,34.765,79.75,46.439064
1605179507,34.7675,79.5,47.088177
1605179508,34.77,79.0,47.850403
1605179509,34.7725,79.5,47.088177
1605179510,34.775,79.5,47.088177
1605179511,34.7775,79.25,47.088177
1605179512,34.78,80.0,46.439064
1605179513,34.7825,80.0,46.439064
1605179514,34.785,80.25,47.118416
1605179515,34.7875,80.25,47.118416
1605179516,34.79,80.5,46.701904
1605179517,34.7925,80.5,46.701904
1605179518,34.795,80.75,46.701904
1605179519,34.7975,81.0,45.723988
1605179520,34.8,81.0,45.723988
1605179521,34.8025,81.0,45.723988
1605179522,34.805,81.0,45.723988
1605179523,34.8075,81.0,45.723988
1605179524,34.81,81.0,45.723988
1605179525,34.8125,81.0,45.723988
1605179526,34.815,81.02777777777777,45.723988
1605179527,34.8175,81.05555555555556,45.723988
1605179528,34.82,81.08333333333333,45.723988
1605179529,34.8225,81.11111111111111,45.723988
1605179530,34.825,81.13888888888889,45.723988
1605179531,34.8275,81.16666666666667,45.723988
1605179532,34.83,81.19444444444444,45.723988
1605179533,34.8325,81.22222222222223,45.723988
1605179534,34.835,81.25,47.031986
1605179535,34.8375,81.5,47.031986
1605179536,34.84,81.5,47.031986
1605179537,34.8425,81.5,47.031986
1605179538,34.845,81.25,47.031986
1605179539,34.8475,81.0,45.723988
1605179540,34.85,80.75,46.701904
1605179541,34.8525,80.75,46.701904
1605179542,34.855,80.5,46.701904
1605179543,34.8575,80.25,47.118416
1605179544,34.86,80.0,46.439064
1605179545,34.8625,80.0,46.439064
1605179546,34.865,79.75,46.439064
1605179547,34.8675,79.75,46.439064
1605179548,34.87,79.75,46.439064
1605179549,34.8725,80.0,46.439064
1605179550,34.875,79.75,46.439064
1605179551,34.8775,80.25,47.118416
1605179552,34.88,80.5,46.701904
1605179553,34.8825,81.0,45.723988
1605179554,34.885,81.0,45.723988
1605179555,34.8875,81.25,47.031986
1605179556,34.89,81.25,47.031986
1605179557,34.8925,81.25,47.031986
1605179558,34.895,81.25,47.031986
1605179559,34.8975,81.0,45.723988
1605179560,34.9,81.25,47.031986
1605179561,34.9025,81.0,45.723988
1605179562,34.905,80.5,46.701904
1605179563,34.9075,80.25,47.118416
1605179564,34.91,80.25,47.118416
1605179565,34.9125,79.75,46.439064
1605179566,34.915,79.5,47.088177
1605179567,34.9175,79.75,46.439064
1605179568,34.92,79.75,46.439064
1605179569,34.9225,80.0,46.439064
1605179570,34.925,80.5,46.701904
1605179571,34.9275,80.5,46.701904
1605179572,34.93,80.5,46.701904
1605179573,34.9325,81.0,45.723988
1605179574,34.935,81.0,45.723988
1605179575,34.9375,81.25,47.031986
1605179576,34.94,81.25,47.031986
1605179577,34.9425,81.0,45.723988
1605179578,34.945,81.0,45.723988
1605179579,34.9475,80.75,46.701904
1605179580,34.95,80.25,47.118416
1605179581,34.9525,80.25,47.118416
1605179582,34.955,79.75,46.439064
1605179583,34.9575,79.5,47.088177
1605179584,34.96,79.5,47.088177
1605179585,34.9625,79.25,47.088177
1605179586,34.965,79.25,47.088177
1605179587,34.9675,79.0,47.850403
1605179588,34.97,79.0,47.850403
1605179589,34.9725,78.75,46.44664
1605179590,34.975,79.25,47.088177
1605179591,34.9775,79.25,47.088177
1605179592,34.98,79.5,47.088177
1605179593,34.9825,79.5,47.088177
1605179594,34.985,79.5,47.088177
1605179595,34.9875,79.5,47.088177
1605179596,34.99,79.75,46.439064
1605179597,34.9925,79.5,47.088177
1605179598,34.995,79.25,47.088177
1605179599,34.9975,79.25,47.088177
1605179600,35.0,79.25,47.088177
1605179601,35.0025,79.75,46.439064
1605179602,35.005,80.25,47.118416
1605179603,35.0075,80.5,46.701904
1605179604,35.01,80.5,46.701904
1605179605,35.0125,80.75,46.701904
1605179606,35.015,81.0,45.723988
1605179607,35.0175,81.0,45.723988
1605179608,35.02,80.75,46.701904
1605179609,35.0225,80.75,46.701904
1605179610,35.025,81.0,45.723988
1605179611,35.0275,81.0,45.723988
1605179612,35.03,81.0,45.723988
1605179613,35.0325,80.5,46.701904
1605179614,35.035,80.25,47.118416
1605179615,35.0375,80.25,47.118416
1605179616,35.04,80.0,46.439064
1605179617,35.0425,80.25,47.118416
1605179618,35.045,80.25,47.118416
1605179619,35.0475,81.0,45.723988
1605179620,35.05,81.0,45.723988
1605179621,35.0525,81.25,47.031986
1605179622,35.055,81.25,47.031986
1605179623,35.0575,81.25,47.031986
1605179624,35.06,81.5,47.031986
1605179625,35.0625,81.5,47.031986
1605179626,35.065,82.0,47.396896
1605179627,35.0675,81.75,47.396896
1605179628,35.07,81.5,47.031986
1605179629,35.0725,81.0,45.723988
1605179630,35.075,80.25,47.118416
1605179631,35.0775,80.25,47.118416
1605179632,35.08,79.75,46.439064
1605179633,35.0825,79.25,47.088177
1605179634,35.085,79.0,47.850403
1605179635,35.0875,78.5,46.44664
1605179636,35.09,78.0,47.54567
1605179637,35.0925,77.75,47.804047
1605179638,35.095,77.75,47.804047
1605179639,35.0975,77.5,47.31168
1605179640,35.1,78.0,47.54567
1605179641,35.1025,78.0,47.54567
1605179642,35.105,77.5,47.31168
1605179643,35.1075,77.25,45.437992
1605179644,35.11,77.75,47.804047
1605179645,35.1125,78.0,47.54567
1605179646,35.115,78.25,47.134487
1605179647,35.1175,78.25,47.134487
1605179648,35.12,78.75,46.44664
1605179649,35.1225,78.75,46.44664
1605179650,35.125,79.5,47.088177
1605179651,35.1275,79.75,46.439064
1605179652,35.13,80.0,46.439064
1605179653,35.1325,80.5,46.701904
1605179654,35.135,80.5,46.701904
1605179655,35.1375,80.0,46.439064
1605179656,35.14,79.75,46.439064
1605179657,35.1425,79.75,46.439064
1605179658,35.145,79.25,47.088177
1605179659,35.1475,79.25,47.088177
1605179660,35.15,78.75,46.44664
1605179661,35.1525,78.0,47.54567
1605179662,35.155,77.5,47.31168
1605179663,35.1575,77.25,45.437992
1605179664,35.16,76.75,46.183815
1605179665,35.1625,76.25,47.152092
1605179666,35.165,76.75,46.183815
1605179667,35.1675,76.5,46.924698
1605179668,35.17,76.0,48.379032
1605179669,35.1725,76.25,47.152092
1605179670,35.175,76.5,46.924698
1605179671,35.1775,76.5,46.924698
1605179672,35.18,77.0,46.50012
1605179673,35.1825,76.75,46.183815
1605179674,35.185,77.25,45.437992
1605179675,35.1875,77.25,45.437992
1605179676,35.19,77.25,45.437992
1605179677,35.1925,77.25,45.437992
1605179678,35.195,77.25,45.437992
1605179679,35.1975,77.25,45.437992
1605179680,35.2,77.25,45.437992
1605179681,35.2025,77.0,46.50012
1605179682,35.205,77.25,45.437992
1605179683,35.2075,77.5,47.31168
1605179684,35.21,77.5,47.31168
1605179685,35.2125,77.75,47.804047
1605179686,35.215,77.5,47.31168
1605179687,35.2175,77.25,45.437992
1605179688,35.22,77.0,46.50012
1605179689,35.2225,77.0,46.50012
1605179690,35.225,77.0,46.50012
1605179691,35.2275,76.5,46.924698
1605179692,35.23,76.0,48.379032
1605179693,35.2325,76.0,48.379032
1605179694,35.235,75.5,50.05929
1605179695,35.2375,75.25,50.052803
1605179696,35.24,75.0,51.964493
1605179697,35.2425,74.75,51.314518
1605179698,35.245,74.75,51.314518
1605179699,35.2475,74.75,51.314518
1605179700,35.25,75.25,50.052803
1605179701,35.2525,75.0,51.964493
1605179702,35.255,75.5,50.05929
1605179703,35.2575,75.25,50.052803
1605179704,35.26,75.75,48.624073
1605179705,35.2625,75.75,48.624073
1605179706,35.265,76.0,48.379032
1605179707,35.2675,76.5,46.924698
1605179708,35.27,76.75,46.183815
1605179709,35.2725,77.0,46.50012
1605179710,35.275,77.5,47.31168
1605179711,35.2775,77.75,47.804047
1605179712,35.28,78.5,46.44664
1605179713,35.2825,78.5,46.44664
1605179714,35.285,78.25,47.134487
1605179715,35.2875,78.5,46.44664
1605179716,35.29,78.25,47.134487
1605179717,35.2925,78.25,47.134487
1605179718,35.295,78.0,47.54567
1605179719,35.2975,78.0,47.54567
1605179720,35.3,78.0,47.54567
1605179721,35.3025,77.75,47.804047
1605179722,35.305,77.75,47.804047
1605179723,35.3075,77.5,47.31168
1605179724,35.31,77.5,47.31168
1605179725,35.3125,77.25,45.437992
1605179726,35.315,77.0,46.50012
1605179727,35.3175,77.25,45.437992
1605179728,35.32,77.5,47.31168
1605179729,35.3225,77.25,45.437992
1605179730,35.325,77.0,46.50012
1605179731,35.3275,76.5,46.924698
1605179732,35.33,76.0,48.379032
1605179733,35.3325,75.5,50.05929
1605179734,35.335,75.0,51.964493
1605179735,35.3375,75.0,51.964493
1605179736,35.34,74.5,52.141636
1605179737,35.3425,74.75,51.314518
1605179738,35.345,74.80555555555554,51.314518
1605179739,35.3475,74.86111111111111,51.314518
1605179740,35.35,74.91666666666667,51.314518
1605179741,35.3525,74.97222222222221,51.314518
1605179742,35.355,75.02777777777779,51.964493
1605179743,35.3575,75.08333333333333,51.964493
1605179744,35.36,75.13888888888889,51.964493
1605179745,35.3625,75.19444444444446,51.964493
1605179746,35.365,75.25,50.052803
1605179747,35.3675,75.0,51.964493
1605179748,35.37,75.0,51.964493
1605179749,35.3725,75.25,50.052803
1605179750,35.375,75.75,48.624073
1605179751,35.3775,75.5,50.05929
1605179752,35.38,76.0,48.379032
1605179753,35.3825,76.25,47.152092
1605179754,35.385,76.5,46.924698
1605179755,35.3875,76.75,46.183815
1605179756,35.39,76.75,46.183815
1605179757,35.3925,77.0,46.50012
1605179758,35.395,77.0,46.50012
1605179759,35.3975,77.0,46.50012
1605179760,35.4,77.25,45.437992
1605179761,35.4025,77.25,45.437992
1605179762,35.405,77.5,47.31168
1605179763,35.4075,77.5,47.31168
1605179764,35.41,77.75,47.804047
1605179765,35.4125,77.75,47.804047
1605179766,35.415,77.75,47.804047
1605179767,35.4175,78.25,47.134487
1605179768,35.42,78.5,46.44664
1605179769,35.4225,78.25,47.134487
1605179770,35.425,78.5,46.44664
1605179771,35.4275,78.5,46.44664
1605179772,35.43,78.25,47.134487
1605179773,35.4325,78.25,47.134487
1605179774,35.435,78.75,46.44664
1605179775,35.4375,79.25,47.088177
1605179776,35.44,79.25,47.088177
1605179777,35.4425,79.25,47.088177
1605179778,35.445,79.25,47.088177
1605179779,35.4475,79.5,47.088177
1605179780,35.45,80.0,46.439064
1605179781,35.4525,80.5,46.701904
1605179782,35.455,80.5,46.701904
1605179783,35.4575,80.5,46.701904
1605179784,35.46,80.0,46.439064
1605179785,35.4625,80.0,46.439064
1605179786,35.465,79.0,47.850403
1605179787,35.4675,78.25,47.134487
1605179788,35.47,77.75,47.804047
1605179789,35.4725,77.0,46.50012
1605179790,35.475,76.75,46.183815
1605179791,35.4775,76.25,47.152092
1605179792,35.48,76.0,48.379032
1605179793,35.4825,76.0,48.379032
1605179794,35.485,76.0,48.379032
1605179795,35.4875,75.5,50.05929
1605179796,35.49,75.5,50.05929
1605179797,35.4925,76.0,48.379032
1605179798,35.495,76.0,48.379032
1605179799,35.4975,76.0,48.379032
1605179800,35.5,76.25,47.152092
1605179801,35.5025,76.0,48.379032
1605179802,35.505,76.0,48.379032
1605179803,35.5075,76.25,47.152092
1605179804,35.51,76.0,48.379032
1605179805,35.5125,76.25,47.152092
1605179806,35.515,76.0,48.379032
1605179807,35.5175,76.0,48.379032
1605179808,35.52,76.0,48.379032
1605179809,35.5225,75.75,48.624073
1605179810,35.525,75.75,48.624073
1605179811,35.5275,75.75,48.624073
1605179812,35.53,76.0,48.379032
1605179813,35.5325,75.75,48.624073
1605179814,35.535,75.5,50.05929
1605179815,35.5375,75.5,50.05929
1605179816,35.54,75.5,50.05929
1605179817,35.5425,75.75,48.624073
1605179818,35.545,75.75,48.624073
1605179819,35.5475,75.75,48.624073
1605179820,35.55,75.5,50.05929
1605179821,35.5525,75.25,50.052803
1605179822,35.555,74.75,51.314518
1605179823,35.5575,74.75,51.314518
1605179824,35.56,74.5,52.141636
1605179825,35.5625,74.5,52.141636
1605179826,35.565,74.5,52.141636
1605179827,35.5675,74.5,52.141636
1605179828,35.57,74.5,52.141636
1605179829,35.5725,75.0,51.964493
1605179830,35.575,75.25,50.052803
1605179831,35.5775,75.25,50.052803
1605179832,35.58,75.5,50.05929
1605179833,35.5825,76.0,48.379032
1605179834,35.585,76.25,47.152092
1605179835,35.5875,75.75,48.624073
1605179836,35.59,75.75,48.624073
1605179837,35.5925,75.75,48.624073
1605179838,35.595,75.75,48.624073
1605179839,35.5975,75.75,48.624073
1605179840,35.6,75.5,50.05929
1605179841,35.6025,75.75,48.624073
1605179842,35.605,76.0,48.379032
1605179843,35.6075,76.0,48.379032
1605179844,35.61,75.75,48.624073
1605179845,35.6125,76.0,48.379032
1605179846,35.615,76.25,47.152092
1605179847,35.6175,76.0,48.379032
1605179848,35.62,76.5,46.924698
1605179849,35.6225,76.5,46.924698
1605179850,35.625,76.75,46.183815
1605179851,35.6275,76.75,46.183815
1605179852,35.63,77.25,45.437992
1605179853,35.6325,77.25,45.437992
1605179854,35.635,77.5,47.31168
1605179855,35.6375,77.75,47.804047
1605179856,35.64,77.75,47.804047
1605179857,35.6425,77.75,47.804047
1605179858,35.645,78.25,47.134487
1605179859,35.6475,78.25,47.134487
1605179860,35.65,78.0,47.54567
1605179861,35.6525,77.75,47.804047
1605179862,35.655,77.75,47.804047
1605179863,35.6575,77.75,47.804047
1605179864,35.66,77.75,47.804047
1605179865,35.6625,77.75,47.804047
1605179866,35.665,77.75,47.804047
1605179867,35.6675,78.0,47.54567
1605179868,35.67,78.0,47.54567
1605179869,35.6725,78.0,47.54567
1605179870,35.675,78.5,46.44664
1605179871,35.6775,79.0,47.850403
1605179872,35.68,79.0,47.850403
1605179873,35.6825,79.25,47.088177
1605179874,35.685,78.75,46.44664
1605179875,35.6875,78.5,46.44664
1605179876,35.69,78.25,47.134487
1605179877,35.6925,78.5,46.44664
1605179878,35.695,78.0,47.54567
1605179879,35.6975,77.75,47.804047
1605179880,35.7,77.75,47.804047
1605179881,35.7025,77.0,46.50012
1605179882,35.705,77.0,46.50012
1605179883,35.7075,77.0,46.50012
1605179884,35.71,77.25,45.437992
1605179885,35.7125,77.5,47.31168
1605179886,35.715,77.75,47.804047
1605179887,35.7175,78.0,47.54567
1605179888,35.72,78.25,47.134487
1605179889,35.7225,78.75,46.44664
1605179890,35.725,79.0,47.850403
1605179891,35.7275,79.75,46.439064
1605179892,35.73,79.75,46.439064
1605179893,35.7325,79.75,46.439064
1605179894,35.735,80.0,46.439064
1605179895,35.7375,80.0,46.439064
1605179896,35.74,80.25,47.118416
1605179897,35.7425,80.0,46.439064
1605179898,35.745,79.5,47.088177
1605179899,35.7475,79.25,47.088177
1605179900,35.75,79.25,47.088177
1605179901,35.7525,79.0,47.850403
1605179902,35.755,78.5,46.44664
1605179903,35.7575,78.25,47.134487
1605179904,35.76,78.25,47.134487
1605179905,35.7625,78.25,47.134487
1605179906,35.765,78.25,47.134487
1605179907,35.7675,78.25,47.134487
1605179908,35.77,78.5,46.44664
1605179909,35.7725,78.75,46.44664
1605179910,35.775,78.75,46.44664
1605179911,35.7775,79.0,47.850403
1605179912,35.78,79.25,47.088177
1605179913,35.7825,79.5,47.088177
1605179914,35.785,79.5,47.088177
1605179915,35.7875,79.5,47.088177
1605179916,35.79,79.25,47.088177
1605179917,35.7925,79.25,47.088177
1605179918,35.795,79.0,47.850403
1605179919,35.7975,78.5,46.44664
1605179920,35.8,78.25,47.134487
1605179921,35.8025,78.25,47.134487
1605179922,35.805,77.5,47.31168
1605179923,35.8075,77.75,47.804047
1605179924,35.81,77.75,47.804047
1605179925,35.8125,78.0,47.54567
1605179926,35.815,78.0,47.54567
1605179927,35.8175,78.25,47.134487
1605179928,35.82,78.5,46.44664
1605179929,35.8225,78.75,46.44664
1605179930,35.825,78.75,46.44664
1605179931,35.8275,79.0,47.850403
1605179932,35.83,79.25,47.088177
1605179933,35.8325,78.75,46.44664
1605179934,35.835,78.75,46.44664
1605179935,35.8375,78.25,47.134487
1605179936,35.84,78.0,47.54567
1605179937,35.8425,77.5,47.31168
1605179938,35.845,77.0,46.50012
1605179939,35.8475,76.5,46.924698
1605179940,35.85,76.0,48.379032
1605179941,35.8525,75.5,50.05929
1605179942,35.855,75.25,50.052803
1605179943,35.8575,75.0,51.964493
1605179944,35.86,74.75,51.314518
1605179945,35.8625,74.75,51.314518
1605179946,35.865,74.75,51.314518
1605179947,35.8675,74.875,51.314518
1605179948,35.87,75.0,51.964493
1605179949,35.8725,75.125,51.964493
1605179950,35.875,75.25,50.052803
1605179951,35.8775,75.375,50.052803
1605179952,35.88,75.5,50.05929
1605179953,35.8825,75.625,50.05929
1605179954,35.885,75.75,48.624073
1605179955,35.8875,75.875,48.624073
1605179956,35.89,76.0,48.379032
1605179957,35.8925,76.0,48.379032
1605179958,35.895,75.75,48.624073
1605179959,35.8975,76.0,48.379032
1605179960,35.9,76.0,48.379032
1605179961,35.9025,76.25,47.152092
1605179962,35.905,76.75,46.183815
1605179963,35.9075,77.25,45.437992
1605179964,35.91,77.25,45.437992
1605179965,35.9125,77.75,47.804047
1605179966,35.915,78.25,47.134487
1605179967,35.9175,78.5,46.44664
1605179968,35.92,79.25,47.088177
1605179969,35.9225,79.5,47.088177
1605179970,35.925,80.0,46.439064
1605179971,35.9275,80.25,47.118416
1605179972,35.93,80.0,46.439064
1605179973,35.9325,80.0,46.439064
1605179974,35.935,80.0,46.439064
1605179975,35.9375,80.0,46.439064
1605179976,35.94,80.0,46.439064
1605179977,35.9425,80.0,46.439064
1605179978,35.945,79.75,46.439064
1605179979,35.9475,79.5,47.088177
1605179980,35.95,79.25,47.088177
1605179981,35.9525,79.25,47.088177
1605179982,35.955,79.0,47.850403
1605179983,35.9575,79.0,47.850403
1605179984,35.96,78.75,46.44664
1605179985,35.9625,78.75,46.44664
1605179986,35.965,78.75,46.44664
1605179987,35.9675,78.75,46.44664
1605179988,35.97,79.0,47.850403
1605179989,35.9725,78.75,46.44664
1605179990,35.975,78.75,46.44664
1605179991,35.9775,79.0,47.850403
1605179992,35.98,79.25,47.088177
1605179993,35.9825,79.0,47.850403
1605179994,35.985,79.25,47.088177
1605179995,35.9875,79.5,47.088177
1605179996,35.99,79.0,47.850403
1605179997,35.9925,79.25,47.088177
1605179998,35.995,79.25,47.088177
1605179999,35.9975,79.0,47.850403
1605180000,36.0,79.0,47.850403
1605180001,36.0025,78.75,46.44664
1605180002,36.005,78.5,46.44664
1605180003,36.0075,78.25,47.134487
1605180004,36.01,78.25,47.134487
1605180005,36.0125,78.0,47.54567
1605180006,36.015,76.75,46.183815
1605180007,36.0175,76.5,46.924698
1605180008,36.02,76.5,46.924698
1605180009,36.0225,76.0,48.379032
1605180010,36.025,76.0,48.379032
1605180011,36.0275,75.5,50.05929
1605180012,36.03,76.0,48.379032
1605180013,36.0325,76.0,48.379032
1605180014,36.035,75.75,48.624073
1605180015,36.0375,76.0,48.379032
1605180016,36.04,76.5,46.924698
1605180017,36.0425,76.75,46.183815
1605180018,36.045,76.75,46.183815
1605180019,36.0475,77.25,45.437992
1605180020,36.05,77.5,47.31168
1605180021,36.0525,77.5,47.31168
1605180022,36.055,77.5,47.31168
1605180023,36.0575,77.5,47.31168
1605180024,36.06,77.5,47.31168
1605180025,36.0625,77.5,47.31168
1605180026,36.065,77.25,45.437992
1605180027,36.0675,77.0,46.50012
1605180028,36.07,77.25,45.437992
1605180029,36.0725,77.0,46.50012
1605180030,36.075,77.0,46.50012
1605180031,36.0775,77.25,45.437992
1605180032,36.08,77.0,46.50012
1605180033,36.0825,77.0,46.50012
1605180034,36.085,77.25,45.437992
1605180035,36.0875,77.25,45.437992
1605180036,36.09,76.75,46.183815
1605180037,36.0925,76.75,46.183815
1605180038,36.095,76.75,46.183815
1605180039,36.0975,77.0,46.50012
1605180040,36.1,76.75,46.183815
1605180041,36.1025,76.75,46.183815
1605180042,36.105,76.25,47.152092
1605180043,36.1075,76.5,46.924698
1605180044,36.11,76.75,46.183815
1605180045,36.1125,76.75,46.183815
1605180046,36.115,76.75,46.183815
1605180047,36.1175,76.75,46.183815
1605180048,36.12,76.75,46.183815
1605180049,36.1225,76.75,46.183815
1605180050,36.125,76.75,46.183815
1605180051,36.1275,76.75,46.183815
1605180052,36.13,76.75,46.183815
1605180053,36.1325,76.75,46.183815
1605180054,36.135,76.5,46.924698
1605180055,36.1375,76.5,46.924698
1605180056,36.14,76.5,46.924698
1605180057,36.1425,76.5,46.924698
1605180058,36.145,76.75,46.183815
1605180059,36.1475,77.0,46.50012
1605180060,36.15,77.25,45.437992
1605180061,36.1525,77.25,45.437992
1605180062,36.155,77.5,47.31168
1605180063,36.1575,77.75,47.804047
1605180064,36.16,77.75,47.804047
1605180065,36.1625,77.75,47.804047
1605180066,36.165,76.75,46.183815
1605180067,36.1675,76.75,46.183815
1605180068,36.17,76.75,46.183815
1605180069,36.1725,76.75,46.183815
1605180070,36.175,76.75,46.183815
1605180071,36.1775,77.25,45.437992
1605180072,36.18,77.0,46.50012
1605180073,36.1825,77.25,45.437992
1605180074,36.185,77.75,47.804047
1605180075,36.1875,77.75,47.804047
1605180076,36.19,78.25,47.134487
1605180077,36.1925,78.75,46.44664
1605180078,36.195,78.75,46.44664
1605180079,36.1975,78.0,47.54567
1605180080,36.2,78.0,47.54567
1605180081,36.2025,77.25,45.437992
1605180082,36.205,77.25,45.437992
1605180083,36.2075,77.0,46.50012
1605180084,36.21,76.5,46.924698
1605180085,36.2125,76.25,47.152092
1605180086,36.215,76.0,48.379032
1605180087,36.2175,75.75,48.624073
1605180088,36.22,75.5,50.05929
1605180089,36.2225,75.5,50.05929
1605180090,36.225,75.75,48.624073
1605180091,36.2275,76.0,48.379032
1605180092,36.23,76.25,47.152092
1605180093,36.2325,76.5,46.924698
1605180094,36.235,76.25,47.152092
1605180095,36.2375,76.5,46.924698
1605180096,36.24,76.75,46.183815
1605180097,36.2425,76.75,46.183815
1605180098,36.245,77.0,46.50012
1605180099,36.2475,77.0,46.50012
1605180100,36.25,77.0,46.50012
1605180101,36.2525,77.0,46.50012
1605180102,36.255,77.0,46.50012
1605180103,36.2575,76.75,46.183815
1605180104,36.26,77.0,46.50012
1605180105,36.2625,77.25,45.437992
1605180106,36.265,77.5,47.31168
1605180107,36.2675,77.5,47.31168
1605180108,36.27,77.25,45.437992
1605180109,36.2725,77.75,47.804047
1605180110,36.275,77.5,47.31168
1605180111,36.2775,77.5,47.31168
1605180112,36.28,77.5,47.31168
1605180113,36.2825,77.25,45.437992
1605180114,36.285,77.25,45.437992
1605180115,36.2875,77.0,46.50012
1605180116,36.29,77.0,46.50012
1605180117,36.2925,76.75,46.183815
1605180118,36.295,77.0,46.50012
1605180119,36.2975,77.0,46.50012
1605180120,36.3,77.25,45.437992
1605180121,36.3025,77.0,46.50012
1605180122,36.305,77.0,46.50012
1605180123,36.3075,77.25,45.437992
1605180124,36.31,77.25,45.437992
1605180125,36.3125,77.0,46.50012
1605180126,36.315,77.5,47.31168
1605180127,36.3175,77.75,47.804047
1605180128,36.32,76.75,46.183815
1605180129,36.3225,76.5,46.924698
1605180130,36.325,76.0,48.379032
1605180131,36.3275,75.75,48.624073
1605180132,36.33,75.5,50.05929
1605180133,36.3325,75.5,50.05929
1605180134,36.335,75.25,50.052803
1605180135,36.3375,75.0,51.964493
1605180136,36.34,75.25,50.052803
1605180137,36.3425,74.75,51.314518
1605180138,36.345,75.0,51.964493
1605180139,36.3475,75.25,50.052803
1605180140,36.35,75.25,50.052803
1605180141,36.3525,75.5,50.05929
1605180142,36.355,75.5,50.05929
1605180143,36.3575,75.75,48.624073
1605180144,36.36,75.75,48.624073
1605180145,36.3625,75.75,48.624073
1605180146,36.365,75.75,48.624073
1605180147,36.3675,76.0,48.379032
1605180148,36.37,75.75,48.624073
1605180149,36.3725,75.5,50.05929
1605180150,36.375,76.0,48.379032
1605180151,36.3775,75.75,48.624073
1605180152,36.38,75.75,48.624073
1605180153,36.3825,75.75,48.624073
1605180154,36.385,75.5,50.05929
1605180155,36.3875,75.5,50.05929
1605180156,36.39,75.25,50.052803
1605180157,36.3925,75.0,51.964493
1605180158,36.394999999999996,75.25,50.052803
1605180159,36.3975,75.5,50.05929
1605180160,36.4,75.25,50.052803
1605180161,36.4025,74.75,51.314518
1605180162,36.405,74.71875,52.141636
1605180163,36.4075,74.6875,52.141636
1605180164,36.41,74.65625,52.141636
1605180165,36.4125,74.625,52.141636
1605180166,36.415,74.59375,52.141636
1605180167,36.4175,74.5625,52.141636
1605180168,36.42,74.53125,52.141636
1605180169,36.4225,74.5,52.141636
1605180170,36.425,74.5,52.141636
1605180171,36.4275,74.5,52.141636
1605180172,36.43,74.5,52.141636
1605180173,36.4325,74.25,50.899757
1605180174,36.435,74.5,52.141636
1605180175,36.4375,74.0,50.205685
1605180176,36.44,74.0,50.205685
1605180177,36.4425,73.75,48.733875
1605180178,36.445,73.75,48.733875
1605180179,36.4475,73.0,49.394947
1605180180,36.45,73.0,49.394947
1605180181,36.4525,73.0,49.394947
1605180182,36.455,72.75,49.759644
1605180183,36.457499999999996,72.75,49.759644
1605180184,36.46,72.75,49.759644
1605180185,36.4625,72.75,49.759644
1605180186,36.465,73.0,49.394947
1605180187,36.4675,73.25,50.083836
1605180188,36.47,73.25,50.083836
1605180189,36.4725,73.5,50.19931
1605180190,36.475,73.75,48.733875
1605180191,36.4775,74.5,52.141636
1605180192,36.48,74.5,52.141636
1605180193,36.4825,75.25,50.052803
1605180194,36.485,75.25,50.052803
1605180195,36.4875,75.5,50.05929
1605180196,36.49,75.75,48.624073
1605180197,36.4925,76.25,47.152092
1605180198,36.495,76.375,47.152092
1605180199,36.4975,76.5,46.924698
1605180200,36.5,76.75,46.183815
1605180201,36.5025,76.75,46.183815
1605180202,36.505,77.0,46.50012
1605180203,36.5075,76.75,46.183815
1605180204,36.51,76.75,46.183815
1605180205,36.5125,76.5,46.924698
1605180206,36.515,76.0,48.379032
1605180207,36.5175,76.0,48.379032
1605180208,36.519999999999996,75.5,50.05929
1605180209,36.5225,75.5,50.05929
1605180210,36.525,75.0,51.964493
1605180211,36.5275,75.0,51.964493
1605180212,36.53,74.5,52.141636
1605180213,36.5325,74.5,52.141636
1605180214,36.535,74.75,51.314518
1605180215,36.5375,75.0,51.964493
1605180216,36.54,75.5,50.05929
1605180217,36.5425,75.75,48.624073
1605180218,36.545,75.75,48.624073
1605180219,36.5475,76.5,46.924698
1605180220,36.55,76.75,46.183815
1605180221,36.5525,76.75,46.183815
1605180222,36.555,77.0,46.50012
1605180223,36.5575,76.75,46.183815
1605180224,36.56,76.75,46.183815
1605180225,36.5625,76.75,46.183815
1605180226,36.565,76.5,46.924698
1605180227,36.5675,76.25,47.152092
1605180228,36.57,75.75,48.624073
1605180229,36.5725,75.5,50.05929
1605180230,36.575,75.5,50.05929
1605180231,36.5775,75.5,50.05929
1605180232,36.58,75.75,48.624073
1605180233,36.582499999999996,75.5,50.05929
1605180234,36.585,75.5,50.05929
1605180235,36.5875,75.5,50.05929
1605180236,36.59,75.75,48.624073
1605180237,36.5925,76.0,48.379032
1605180238,36.595,76.0,48.379032
1605180239,36.5975,76.5,46.924698
1605180240,36.6,76.25,47.152092
1605180241,36.6025,76.25,47.152092
1605180242,36.605,76.25,47.152092
1605180243,36.6075,76.0,48.379032
1605180244,36.61,76.5,46.924698
1605180245,36.6125,76.25,47.152092
1605180246,36.615,76.5,46.924698
1605180247,36.6175,76.75,46.183815
1605180248,36.62,77.0,46.50012
1605180249,36.6225,77.0,46.50012
1605180250,36.625,77.0,46.50012
1605180251,36.6275,77.25,45.437992
1605180252,36.63,77.25,45.437992
1605180253,36.6325,77.25,45.437992
1605180254,36.635,76.75,46.183815
1605180255,36.6375,76.5,46.924698
1605180256,36.64,76.25,47.152092
1605180257,36.6425,76.0,48.379032
1605180258,36.644999999999996,76.0,48.379032
1605180259,36.6475,76.25,47.152092
1605180260,36.65,76.0,48.379032
1605180261,36.6525,76.0,48.379032
1605180262,36.655,76.25,47.152092
1605180263,36.6575,76.25,47.152092
1605180264,36.66,76.5,46.924698
1605180265,36.6625,77.0,46.50012
1605180266,36.665,77.25,45.437992
1605180267,36.6675,77.5,47.31168
1605180268,36.67,77.75,47.804047
1605180269,36.6725,78.0,47.54567
1605180270,36.675,78.0,47.54567
1605180271,36.6775,77.5,47.31168
1605180272,36.68,77.75,47.804047
1605180273,36.6825,77.5,47.31168
1605180274,36.685,77.5,47.31168
1605180275,36.6875,76.75,46.183815
1605180276,36.69,76.25,47.152092
1605180277,36.6925,76.5,46.924698
1605180278,36.695,75.25,50.052803
1605180279,36.6975,75.25,50.052803
1605180280,36.7,74.5,52.141636
1605180281,36.7025,74.25,50.899757
1605180282,36.705,74.25,50.899757
1605180283,36.707499999999996,73.75,48.733875
1605180284,36.71,74.0,50.205685
1605180285,36.7125,74.25,50.899757
1605180286,36.715,74.25,50.899757
1605180287,36.7175,74.5,52.141636
1605180288,36.72,74.5,52.141636
1605180289,36.7225,75.0,51.964493
1605180290,36.725,75.25,50.052803
1605180291,36.7275,75.25,50.052803
1605180292,36.73,75.25,50.052803
1605180293,36.7325,75.25,50.052803
1605180294,36.735,75.25,50.052803
1605180295,36.7375,74.75,51.314518
1605180296,36.74,74.75,51.314518
1605180297,36.7425,75.0,51.964493
1605180298,36.745,74.75,51.314518
1605180299,36.7475,74.5,52.141636
1605180300,36.75,74.75,51.314518
1605180301,36.7525,74.5,52.141636
1605180302,36.755,74.25,50.899757
1605180303,36.7575,74.25,50.899757
1605180304,36.76,74.0,50.205685
1605180305,36.7625,74.25,50.899757
1605180306,36.765,74.0,50.205685
1605180307,36.7675,73.25,50.083836
1605180308,36.769999999999996,73.0,49.394947
1605180309,36.7725,72.75,49.759644
1605180310,36.775,73.0,49.394947
1605180311,36.7775,73.0,49.394947
1605180312,36.78,73.25,50.083836
1605180313,36.7825,73.25,50.083836
1605180314,36.785,73.75,48.733875
1605180315,36.7875,73.5,50.19931
1605180316,36.79,73.75,48.733875
1605180317,36.7925,74.25,50.899757
1605180318,36.795,75.0,51.964493
1605180319,36.7975,75.0,51.964493
1605180320,36.8,75.5,50.05929
1605180321,36.8025,75.5,50.05929
1605180322,36.805,75.5,50.05929
1605180323,36.8075,75.25,50.052803
1605180324,36.81,75.75,48.624073
1605180325,36.8125,75.0,51.964493
1605180326,36.815,75.25,50.052803
1605180327,36.8175,75.0,51.964493
1605180328,36.82,74.75,51.314518
1605180329,36.8225,74.75,51.314518
1605180330,36.825,74.75,51.314518
1605180331,36.8275,74.75,51.314518
1605180332,36.83,74.5,52.141636
1605180333,36.832499999999996,74.75,51.314518
1605180334,36.835,75.0,51.964493
1605180335,36.8375,75.0,51.964493
1605180336,36.84,75.75,48.624073
1605180337,36.8425,75.75,48.624073
1605180338,36.845,76.5,46.924698
1605180339,36.8475,76.5,46.924698
1605180340,36.85,76.5,46.924698
1605180341,36.8525,76.25,47.152092
1605180342,36.855,76.25,47.152092
1605180343,36.8575,75.75,48.624073
1605180344,36.86,75.75,48.624073
1605180345,36.8625,75.5,50.05929
1605180346,36.865,75.25,50.052803
1605180347,36.8675,74.75,51.314518
1605180348,36.87,74.75,51.314518
1605180349,36.8725,74.75,51.314518
1605180350,36.875,74.5,52.141636
1605180351,36.8775,74.25,50.899757
1605180352,36.88,74.75,51.314518
1605180353,36.8825,74.5,52.141636
1605180354,36.885,74.5,52.141636
1605180355,36.8875,74.75,51.314518
1605180356,36.89,74.75,51.314518
1605180357,36.8925,74.75,51.314518
1605180358,36.894999999999996,74.75,51.314518
1605180359,36.8975,75.25,50.052803
1605180360,36.9,75.25,50.052803
1605180361,36.9025,75.75,48.624073
1605180362,36.905,75.75,48.624073
1605180363,36.9075,75.75,48.624073
1605180364,36.91,76.0,48.379032
1605180365,36.9125,76.25,47.152092
1605180366,36.915,76.5,46.924698
1605180367,36.9175,76.5,46.924698
1605180368,36.92,76.5,46.924698
1605180369,36.9225,76.5,46.924698
1605180370,36.925,76.5,46.924698
1605180371,36.9275,76.5,46.924698
1605180372,36.93,76.25,47.152092
1605180373,36.9325,76.27777777777777,47.152092
1605180374,36.935,76.30555555555556,47.152092
1605180375,36.9375,76.33333333333334,47.152092
1605180376,36.94,76.36111111111111,47.152092
1605180377,36.9425,76.38888888888889,47.152092
1605180378,36.945,76.41666666666666,47.152092
1605180379,36.9475,76.44444444444444,47.152092
1605180380,36.95,76.47222222222223,47.152092
1605180381,36.9525,76.5,46.924698
1605180382,36.955,76.25,47.152092
1605180383,36.957499999999996,75.5,50.05929
1605180384,36.96,75.5,50.05929
1605180385,36.9625,75.25,50.052803
1605180386,36.965,74.75,51.314518
1605180387,36.9675,74.5,52.141636
1605180388,36.97,74.25,50.899757
1605180389,36.9725,74.0,50.205685
1605180390,36.975,74.0,50.205685
1605180391,36.9775,74.25,50.899757
1605180392,36.98,73.75,48.733875
1605180393,36.9825,74.0,50.205685
1605180394,36.985,74.0,50.205685
1605180395,36.9875,74.0,50.205685
1605180396,36.99,73.75,48.733875
1605180397,36.9925,74.0,50.205685
1605180398,36.995,74.0,50.205685
1605180399,36.9975,74.25,50.899757
1605180400,37.0,75.0,51.964493
1605180401,37.0025,75.25,50.052803
1605180402,37.005,75.75,48.624073
1605180403,37.0075,76.5,46.924698
1605180404,37.01,77.0,46.50012
1605180405,37.0125,77.25,45.437992
1605180406,37.015,77.75,47.804047
1605180407,37.0175,78.0,47.54567
1605180408,37.019999999999996,78.0,47.54567
1605180409,37.0225,78.25,47.134487
1605180410,37.025,78.0,47.54567
1605180411,37.0275,77.5,47.31168
1605180412,37.03,77.0,46.50012
1605180413,37.0325,76.5,46.924698
1605180414,37.035,76.0,48.379032
1605180415,37.0375,75.5,50.05929
1605180416,37.04,75.0,51.964493
1605180417,37.0425,74.5,52.141636
1605180418,37.045,74.25,50.899757
1605180419,37.0475,74.25,50.899757
1605180420,37.05,74.0,50.205685
1605180421,37.0525,74.0,50.205685
1605180422,37.055,74.0,50.205685
1605180423,37.0575,74.0,50.205685
1605180424,37.06,74.0,50.205685
1605180425,37.0625,74.25,50.899757
1605180426,37.065,74.75,51.314518
1605180427,37.0675,75.25,50.052803
1605180428,37.07,75.0,51.964493
1605180429,37.0725,74.75,51.314518
1605180430,37.075,74.5,52.141636
1605180431,37.0775,75.25,50.052803
1605180432,37.08,75.0,51.964493
1605180433,37.082499999999996,75.25,50.052803
1605180434,37.085,75.25,50.052803
1605180435,37.0875,75.25,50.052803
1605180436,37.09,75.5,50.05929
1605180437,37.0925,75.25,50.052803
1605180438,37.095,75.75,48.624073
1605180439,37.0975,76.25,47.152092
1605180440,37.1,76.75,46.183815
1605180441,37.1025,77.0,46.50012
1605180442,37.105,77.5,47.31168
1605180443,37.1075,78.25,47.134487
1605180444,37.11,79.25,47.088177
1605180445,37.1125,79.5,47.088177
1605180446,37.115,79.75,46.439064
1605180447,37.1175,80.25,47.118416
1605180448,37.12,80.0,46.439064
1605180449,37.1225,80.0,46.439064
1605180450,37.125,79.75,46.439064
1605180451,37.1275,80.0,46.439064
1605180452,37.13,79.25,47.088177
1605180453,37.1325,78.5,46.44664
1605180454,37.135,77.75,47.804047
1605180455,37.1375,76.0,48.379032
1605180456,37.14,75.75,48.624073
1605180457,37.1425,75.75,48.624073
1605180458,37.144999999999996,75.75,48.624073
1605180459,37.1475,76.0,48.379032
1605180460,37.15,75.75,48.624073
1605180461,37.1525,76.0,48.379032
1605180462,37.155,76.0,48.379032
1605180463,37.1575,76.0,48.379032
1605180464,37.16,75.75,48.624073
1605180465,37.1625,76.5,46.924698
1605180466,37.165,76.5,46.924698
1605180467,37.1675,77.0,46.50012
1605180468,37.17,77.0,46.50012
1605180469,37.1725,76.75,46.183815
1605180470,37.175,77.0,46.50012
1605180471,37.1775,77.0,46.50012
1605180472,37.18,77.0,46.50012
1605180473,37.1825,77.25,45.437992
1605180474,37.185,76.75,46.183815
1605180475,37.1875,76.75,46.183815
1605180476,37.19,77.0,46.50012
1605180477,37.1925,76.25,47.152092
1605180478,37.195,76.0,48.379032
1605180479,37.1975,75.5,50.05929
1605180480,37.2,75.5,50.05929
1605180481,37.2025,75.25,50.052803
1605180482,37.205,74.75,51.314518
1605180483,37.207499999999996,74.25,50.899757
1605180484,37.21,74.0,50.205685
1605180485,37.2125,73.75,48.733875
1605180486,37.215,73.75,48.733875
1605180487,37.2175,73.5,50.19931
1605180488,37.22,73.75,48.733875
1605180489,37.2225,73.75,48.733875
1605180490,37.225,73.75,48.733875
1605180491,37.2275,74.0,50.205685
1605180492,37.23,74.0,50.205685
1605180493,37.2325,74.0,50.205685
1605180494,37.235,74.5,52.141636
1605180495,37.2375,74.5,52.141636
1605180496,37.24,74.5,52.141636
1605180497,37.2425,74.75,51.314518
1605180498,37.245,74.25,50.899757
1605180499,37.2475,74.25,50.899757
1605180500,37.25,73.75,48.733875
1605180501,37.2525,73.75,48.733875
1605180502,37.255,73.75,48.733875
1605180503,37.2575,73.75,48.733875
1605180504,37.26,73.75,48.733875
1605180505,37.2625,73.75,48.733875
1605180506,37.265,73.75,48.733875
1605180507,37.2675,74.5,52.141636
1605180508,37.269999999999996,74.75,51.314518
1605180509,37.2725,75.25,50.052803
1605180510,37.275,75.5,50.05929
1605180511,37.2775,75.75,48.624073
1605180512,37.28,76.0,48.379032
1605180513,37.2825,76.25,47.152092
1605180514,37.285,76.25,47.152092
1605180515,37.2875,76.5,46.924698
1605180516,37.29,76.5,46.924698
1605180517,37.2925,76.25,47.152092
1605180518,37.295,76.75,46.183815
1605180519,37.2975,76.5,46.924698
1605180520,37.3,76.0,48.379032
1605180521,37.3025,76.0,48.379032
1605180522,37.305,75.75,48.624073
1605180523,37.3075,75.75,48.624073
1605180524,37.31,75.5,50.05929
1605180525,37.3125,75.75,48.624073
1605180526,37.315,75.75,48.624073
1605180527,37.3175,76.0,48.379032
1605180528,37.32,76.25,47.152092
1605180529,37.3225,76.25,47.152092
1605180530,37.325,76.5,46.924698
1605180531,37.3275,76.5,46.924698
1605180532,37.33,77.0,46.50012
1605180533,37.332499999999996,77.25,45.437992
1605180534,37.335,77.25,45.437992
1605180535,37.3375,77.25,45.437992
1605180536,37.34,77.25,45.437992
1605180537,37.3425,77.0,46.50012
1605180538,37.345,76.25,47.152092
1605180539,37.3475,76.25,47.152092
1605180540,37.35,75.5,50.05929
1605180541,37.3525,75.0,51.964493
1605180542,37.355,74.5,52.141636
1605180543,37.3575,74.25,50.899757
1605180544,37.36,74.0,50.205685
1605180545,37.3625,73.75,48.733875
1605180546,37.365,73.0,49.394947
1605180547,37.3675,73.0,49.394947
1605180548,37.37,72.75,49.759644
1605180549,37.3725,72.75,49.759644
1605180550,37.375,73.25,50.083836
1605180551,37.3775,73.0,49.394947
1605180552,37.38,73.5,50.19931
1605180553,37.3825,73.75,48.733875
1605180554,37.385,74.25,50.899757
1605180555,37.3875,74.25,50.899757
1605180556,37.39,74.75,51.314518
1605180557,37.3925,76.25,47.152092
1605180558,37.394999999999996,76.25,47.152092
1605180559,37.3975,76.5,46.924698
1605180560,37.4,76.75,46.183815
1605180561,37.4025,76.75,46.183815
1605180562,37.405,77.0,46.50012
1605180563,37.4075,76.75,46.183815
1605180564,37.41,76.5,46.924698
1605180565,37.4125,76.75,46.183815
1605180566,37.415,76.75,46.183815
1605180567,37.4175,77.0,46.50012
1605180568,37.42,76.5,46.924698
1605180569,37.4225,76.25,47.152092
1605180570,37.425,76.0,48.379032
1605180571,37.4275,75.75,48.624073
1605180572,37.43,75.25,50.052803
1605180573,37.4325,75.5,50.05929
1605180574,37.435,75.0,51.964493
1605180575,37.4375,74.75,51.314518
1605180576,37.44,75.25,50.052803
1605180577,37.4425,75.25,50.052803
1605180578,37.445,74.75,51.314518
1605180579,37.4475,75.25,50.052803
1605180580,37.45,75.25,50.052803
1605180581,37.4525,75.25,50.052803
1605180582,37.455,75.38888888888889,50.052803
1605180583,37.457499999999996,75.52777777777777,50.05929
1605180584,37.46,75.66666666666666,50.05929
1605180585,37.4625,75.80555555555556,48.624073
1605180586,37.465,75.94444444444444,48.624073
1605180587,37.4675,76.08333333333334,48.379032
1605180588,37.47,76.22222222222223,48.379032
1605180589,37.4725,76.36111111111111,47.152092
1605180590,37.475,76.5,46.924698
1605180591,37.4775,76.75,46.183815
1605180592,37.48,76.25,47.152092
1605180593,37.4825,76.25,47.152092
1605180594,37.485,76.25,47.152092
1605180595,37.4875,76.5,46.924698
1605180596,37.49,76.25,47.152092
1605180597,37.4925,76.25,47.152092
1605180598,37.495,76.25,47.152092
1605180599,37.4975,76.25,47.152092
1605180600,37.5,75.75,48.624073
1605180601,37.5025,75.75,48.624073
1605180602,37.505,75.75,48.624073
1605180603,37.5075,75.5,50.05929
1605180604,37.51,75.75,48.624073
1605180605,37.5125,75.75,48.624073
1605180606,37.515,76.0,48.379032
1605180607,37.5175,75.75,48.624073
1605180608,37.519999999999996,75.75,48.624073
1605180609,37.5225,76.25,47.152092
1605180610,37.525,75.75,48.624073
1605180611,37.5275,75.75,48.624073
1605180612,37.53,76.0,48.379032
1605180613,37.5325,76.0,48.379032
1605180614,37.535,76.75,46.183815
1605180615,37.5375,76.25,47.152092
1605180616,37.54,76.5,46.924698
1605180617,37.5425,76.25,47.152092
1605180618,37.545,76.25,47.152092
1605180619,37.5475,76.5,46.924698
1605180620,37.55,76.25,47.152092
1605180621,37.5525,76.25,47.152092
1605180622,37.555,76.0,48.379032
1605180623,37.5575,76.0,48.379032
1605180624,37.56,75.75,48.624073
1605180625,37.5625,75.5,50.05929
1605180626,37.565,75.5,50.05929
1605180627,37.5675,75.5,50.05929
1605180628,37.57,75.0,51.964493
1605180629,37.5725,75.0,51.964493
1605180630,37.575,74.75,51.314518
1605180631,37.5775,75.25,50.052803
1605180632,37.58,75.0,51.964493
1605180633,37.582499999999996,74.75,51.314518
1605180634,37.585,74.75,51.314518
1605180635,37.5875,74.75,51.314518
1605180636,37.59,74.75,51.314518
1605180637,37.5925,74.5,52.141636
1605180638,37.595,74.25,50.899757
1605180639,37.5975,74.25,50.899757
1605180640,37.6,74.5,52.141636
1605180641,37.6025,73.75,48.733875
1605180642,37.605,73.75,48.733875
1605180643,37.6075,73.25,50.083836
1605180644,37.61,73.25,50.083836
1605180645,37.6125,73.25,50.083836
1605180646,37.615,73.0,49.394947
1605180647,37.6175,73.0,49.394947
1605180648,37.62,73.5,50.19931
1605180649,37.6225,73.5,50.19931
1605180650,37.625,73.75,48.733875
1605180651,37.6275,74.25,50.899757
1605180652,37.63,74.25,50.899757
1605180653,37.6325,74.75,51.314518
1605180654,37.635,75.0,51.964493
1605180655,37.6375,75.75,48.624073
1605180656,37.64,75.75,48.624073
1605180657,37.6425,76.25,47.152092
1605180658,37.644999999999996,76.25,47.152092
1605180659,37.6475,76.25,47.152092
1605180660,37.65,76.25,47.152092
1605180661,37.6525,76.5,46.924698
1605180662,37.655,76.25,47.152092
1605180663,37.6575,76.0,48.379032
1605180664,37.66,75.75,48.624073
1605180665,37.6625,75.75,48.624073
1605180666,37.665,75.25,50.052803
1605180667,37.6675,75.0,51.964493
1605180668,37.67,75.0,51.964493
1605180669,37.6725,74.75,51.314518
1605180670,37.675,74.5,52.141636
1605180671,37.6775,74.25,50.899757
1605180672,37.68,74.25,50.899757
1605180673,37.6825,74.0,50.205685
1605180674,37.685,73.75,48.733875
1605180675,37.6875,74.25,50.899757
1605180676,37.69,74.25,50.899757
1605180677,37.6925,74.0,50.205685
1605180678,37.695,74.0,50.205685
1605180679,37.6975,73.5,50.19931
1605180680,37.7,74.25,50.899757
1605180681,37.7025,74.5,52.141636
1605180682,37.705,74.5,52.141636
1605180683,37.707499999999996,75.25,50.052803
1605180684,37.71,75.5,50.05929
1605180685,37.7125,75.75,48.624073
1605180686,37.715,75.5,50.05929
1605180687,37.7175,75.5,50.05929
1605180688,37.72,75.5,50.05929
1605180689,37.7225,75.5,50.05929
1605180690,37.725,75.25,50.052803
1605180691,37.7275,75.25,50.052803
1605180692,37.73,75.25,50.052803
1605180693,37.7325,75.25,50.052803
1605180694,37.735,75.5,50.05929
1605180695,37.7375,75.75,48.624073
1605180696,37.74,75.5,50.05929
1605180697,37.7425,75.5,50.05929
1605180698,37.745,75.25,50.052803
1605180699,37.7475,76.0,48.379032
1605180700,37.75,75.75,48.624073
1605180701,37.7525,75.75,48.624073
1605180702,37.755,76.0,48.379032
1605180703,37.7575,76.0,48.379032
1605180704,37.76,75.5,50.05929
1605180705,37.7625,75.5,50.05929
1605180706,37.765,75.5,50.05929
1605180707,37.7675,75.75,48.624073
1605180708,37.769999999999996,75.75,48.624073
1605180709,37.7725,75.75,48.624073
1605180710,37.775,75.75,48.624073
1605180711,37.7775,75.25,50.052803
1605180712,37.78,75.25,50.052803
1605180713,37.7825,75.25,50.052803
1605180714,37.785,75.5,50.05929
1605180715,37.7875,75.0,51.964493
1605180716,37.79,75.0,51.964493
1605180717,37.7925,74.75,51.314518
1605180718,37.795,74.75,51.314518
1605180719,37.7975,74.75,51.314518
1605180720,37.8,74.25,50.899757
1605180721,37.8025,74.25,50.899757
1605180722,37.805,74.25,50.899757
1605180723,37.8075,73.5,50.19931
1605180724,37.81,73.5,50.19931
1605180725,37.8125,73.5,50.19931
1605180726,37.815,73.5,50.19931
1605180727,37.8175,73.5,50.19931
1605180728,37.82,73.25,50.083836
1605180729,37.8225,72.75,49.759644
1605180730,37.825,72.75,49.759644
1605180731,37.8275,73.25,50.083836
1605180732,37.83,73.0,49.394947
1605180733,37.832499999999996,73.25,50.083836
1605180734,37.835,72.75,49.759644
1605180735,37.8375,72.75,49.759644
1605180736,37.84,72.5,50.502464
1605180737,37.8425,72.75,49.759644
1605180738,37.845,72.75,49.759644
1605180739,37.8475,72.5,50.502464
1605180740,37.85,72.75,49.759644
1605180741,37.8525,72.5,50.502464
1605180742,37.855,72.75,49.759644
1605180743,37.8575,72.75,49.759644
1605180744,37.86,72.5,50.502464
1605180745,37.8625,73.0,49.394947
1605180746,37.865,73.0,49.394947
1605180747,37.8675,73.0,49.394947
1605180748,37.87,73.0,49.394947
1605180749,37.8725,73.25,50.083836
1605180750,37.875,73.5,50.19931
1605180751,37.8775,73.5,50.19931
1605180752,37.88,73.5,50.19931
1605180753,37.8825,73.25,50.083836
1605180754,37.885,73.5,50.19931
1605180755,37.8875,73.5,50.19931
1605180756,37.89,73.25,50.083836
1605180757,37.8925,72.75,49.759644
1605180758,37.894999999999996,73.0,49.394947
1605180759,37.8975,72.5,50.502464
1605180760,37.9,72.75,49.759644
1605180761,37.9025,72.5,50.502464
1605180762,37.905,72.5,50.502464
1605180763,37.9075,72.25,50.960426
1605180764,37.91,72.25,50.960426
1605180765,37.9125,72.5,50.502464
1605180766,37.915,72.75,49.759644
1605180767,37.9175,73.0,49.394947
1605180768,37.92,73.25,50.083836
1605180769,37.9225,73.5,50.19931
1605180770,37.925,73.75,48.733875
1605180771,37.9275,74.0,50.205685
1605180772,37.93,73.75,48.733875
1605180773,37.9325,74.25,50.899757
1605180774,37.935,74.25,50.899757
1605180775,37.9375,73.75,48.733875
1605180776,37.94,74.0,50.205685
1605180777,37.9425,73.75,48.733875
1605180778,37.945,73.5,50.19931
1605180779,37.9475,73.75,48.733875
1605180780,37.95,73.75,48.733875
1605180781,37.9525,73.75,48.733875
1605180782,37.955,73.75,48.733875
1605180783,37.957499999999996,73.75,48.733875
1605180784,37.96,74.25,50.899757
1605180785,37.9625,74.0,50.205685
1605180786,37.965,73.75,48.733875
1605180787,37.9675,74.0,50.205685
1605180788,37.97,74.25,50.899757
1605180789,37.9725,74.0,50.205685
1605180790,37.975,74.75,51.314518
1605180791,37.9775,75.0,51.964493
1605180792,37.98,75.5,50.05929
1605180793,37.9825,76.0,48.379032
1605180794,37.985,76.0,48.379032
1605180795,37.9875,76.0,48.379032
1605180796,37.99,76.5,46.924698
1605180797,37.9925,76.55,46.924698
1605180798,37.995,76.6,46.924698
1605180799,37.9975,76.65,46.924698
1605180800,38.0,76.7,46.924698
1605180801,38.0025,76.75,46.183815
1605180802,38.005,76.8,46.183815
1605180803,38.0075,76.85,46.183815
1605180804,38.01,76.9,46.183815
1605180805,38.0125,76.95,46.183815
1605180806,38.015,77.0,46.50012
1605180807,38.0175,77.0,46.50012
1605180808,38.019999999999996,77.5,47.31168
1605180809,38.0225,77.25,45.437992
1605180810,38.025,77.25,45.437992
1605180811,38.0275,77.25,45.437992
1605180812,38.03,77.0,46.50012
1605180813,38.0325,76.75,46.183815
1605180814,38.035,76.75,46.183815
1605180815,38.0375,76.25,47.152092
1605180816,38.04,75.75,48.624073
1605180817,38.0425,75.5,50.05929
1605180818,38.045,75.0,51.964493
1605180819,38.0475,74.75,51.314518
1605180820,38.05,74.75,51.314518
1605180821,38.0525,74.5,52.141636
1605180822,38.055,74.5,52.141636
1605180823,38.0575,74.75,51.314518
1605180824,38.06,74.75,51.314518
1605180825,38.0625,74.75,51.314518
1605180826,38.065,75.0,51.964493
1605180827,38.0675,75.0,51.964493
1605180828,38.07,75.25,50.052803
1605180829,38.0725,75.5,50.05929
1605180830,38.075,75.75,48.624073
1605180831,38.0775,76.0,48.379032
1605180832,38.08,75.75,48.624073
1605180833,38.082499999999996,76.25,47.152092
1605180834,38.085,76.25,47.152092
1605180835,38.0875,76.5,46.924698
1605180836,38.09,77.0,46.50012
1605180837,38.0925,77.0,46.50012
1605180838,38.095,77.25,45.437992
1605180839,38.0975,77.25,45.437992
1605180840,38.1,77.5,47.31168
1605180841,38.1025,77.5,47.31168
1605180842,38.105,77.75,47.804047
1605180843,38.1075,77.75,47.804047
1605180844,38.11,77.25,45.437992
1605180845,38.1125,77.25,45.437992
1605180846,38.115,77.25,45.437992
1605180847,38.1175,77.0,46.50012
1605180848,38.12,77.0,46.50012
1605180849,38.1225,77.0,46.50012
1605180850,38.125,76.25,47.152092
1605180851,38.1275,76.25,47.152092
1605180852,38.13,76.0,48.379032
1605180853,38.1325,76.0,48.379032
1605180854,38.135,76.0,48.379032
1605180855,38.1375,75.5,50.05929
1605180856,38.14,75.25,50.052803
1605180857,38.1425,75.25,50.052803
1605180858,38.144999999999996,75.0,51.964493
1605180859,38.1475,75.0,51.964493
1605180860,38.15,75.0,51.964493
1605180861,38.1525,74.75,51.314518
1605180862,38.155,74.5,52.141636
1605180863,38.1575,74.75,51.314518
1605180864,38.16,75.0,51.964493
1605180865,38.1625,74.75,51.314518
1605180866,38.165,74.75,51.314518
1605180867,38.1675,74.25,50.899757
1605180868,38.17,74.0,50.205685
1605180869,38.1725,73.75,48.733875
1605180870,38.175,73.5,50.19931
1605180871,38.1775,73.25,50.083836
1605180872,38.18,72.75,49.759644
1605180873,38.1825,72.5,50.502464
1605180874,38.185,72.0,50.30758
1605180875,38.1875,71.75,50.471626
1605180876,38.19,72.25,50.960426
1605180877,38.1925,72.25,50.960426
1605180878,38.195,72.5,50.502464
1605180879,38.1975,72.75,49.759644
1605180880,38.2,72.75,49.759644
1605180881,38.2025,73.0,49.394947
1605180882,38.205,73.75,48.733875
1605180883,38.207499999999996,74.25,50.899757
1605180884,38.21,74.25,50.899757
1605180885,38.2125,74.5,52.141636
1605180886,38.215,74.75,51.314518
1605180887,38.2175,74.75,51.314518
1605180888,38.22,74.75,51.314518
1605180889,38.2225,74.625,52.141636
1605180890,38.225,74.5,52.141636
1605180891,38.2275,74.5,52.141636
1605180892,38.23,74.25,50.899757
1605180893,38.2325,74.0,50.205685
1605180894,38.235,73.75,48.733875
1605180895,38.2375,74.0,50.205685
1605180896,38.24,74.0,50.205685
1605180897,38.2425,74.5,52.141636
1605180898,38.245,74.75,51.314518
1605180899,38.2475,75.0,51.964493
1605180900,38.25,75.25,50.052803
1605180901,38.2525,75.5,50.05929
1605180902,38.255,76.25,47.152092
1605180903,38.2575,76.5,46.924698
1605180904,38.26,77.0,46.50012
1605180905,38.2625,77.0,46.50012
1605180906,38.265,77.0,46.50012
1605180907,38.2675,76.5,46.924698
1605180908,38.269999999999996,76.25,47.152092
1605180909,38.2725,76.75,46.183815
1605180910,38.275,76.5,46.924698
1605180911,38.2775,76.0,48.379032
1605180912,38.28,76.0,48.379032
1605180913,38.2825,75.75,48.624073
1605180914,38.285,76.0,48.379032
1605180915,38.2875,75.75,48.624073
1605180916,38.29,75.5,50.05929
1605180917,38.2925,75.25,50.052803
1605180918,38.295,75.0,51.964493
1605180919,38.2975,74.75,51.314518
1605180920,38.3,74.75,51.314518
1605180921,38.3025,75.0,51.964493
1605180922,38.305,74.75,51.314518
1605180923,38.3075,74.75,51.314518
1605180924,38.31,75.0,51.964493
1605180925,38.3125,74.5,52.141636
1605180926,38.315,75.0,51.964493
1605180927,38.3175,75.0,51.964493
1605180928,38.32,75.0,51.964493
1605180929,38.3225,75.5,50.05929
1605180930,38.325,75.5,50.05929
1605180931,38.3275,75.5,50.05929
1605180932,38.33,75.5,50.05929
1605180933,38.332499999999996,75.5,50.05929
1605180934,38.335,75.5,50.05929
1605180935,38.3375,75.0,51.964493
1605180936,38.34,75.0,51.964493
1605180937,38.3425,75.25,50.052803
1605180938,38.345,74.75,51.314518
1605180939,38.3475,74.5,52.141636
1605180940,38.35,74.25,50.899757
1605180941,38.3525,74.25,50.899757
1605180942,38.355,74.0,50.205685
1605180943,38.3575,74.25,50.899757
1605180944,38.36,74.25,50.899757
1605180945,38.3625,74.5,52.141636
1605180946,38.365,74.75,51.314518
1605180947,38.3675,75.0,51.964493
1605180948,38.37,75.0,51.964493
1605180949,38.3725,75.25,50.052803
1605180950,38.375,75.75,48.624073
1605180951,38.3775,76.0,48.379032
1605180952,38.38,76.0,48.379032
1605180953,38.3825,76.5,46.924698
1605180954,38.385,76.25,47.152092
1605180955,38.3875,76.25,47.152092
1605180956,38.39,75.75,48.624073
1605180957,38.3925,75.5,50.05929
1605180958,38.394999999999996,75.75,48.624073
1605180959,38.3975,75.5,50.05929
1605180960,38.4,75.25,50.052803
1605180961,38.4025,75.0,51.964493
1605180962,38.405,75.0,51.964493
1605180963,38.4075,75.25,50.052803
1605180964,38.41,75.0,51.964493
1605180965,38.4125,75.5,50.05929
1605180966,38.415,75.5,50.05929
1605180967,38.4175,75.5,50.05929
1605180968,38.42,75.5,50.05929
1605180969,38.4225,75.5,50.05929
1605180970,38.425,75.5,50.05929
1605180971,38.4275,75.5,50.05929
1605180972,38.43,75.5,50.05929
1605180973,38.4325,75.25,50.052803
1605180974,38.435,75.25,50.052803
1605180975,38.4375,75.5,50.05929
1605180976,38.44,75.25,50.052803
1605180977,38.4425,75.0,51.964493
1605180978,38.445,74.75,51.314518
1605180979,38.4475,75.0,51.964493
1605180980,38.45,74.5,52.141636
1605180981,38.4525,74.25,50.899757
1605180982,38.455,74.25,50.899757
1605180983,38.457499999999996,74.0,50.205685
1605180984,38.46,74.0,50.205685
1605180985,38.4625,73.75,48.733875
1605180986,38.465,73.75,48.733875
1605180987,38.4675,73.5,50.19931
1605180988,38.47,73.75,48.733875
1605180989,38.4725,73.5,50.19931
1605180990,38.475,73.5,50.19931
1605180991,38.4775,74.0,50.205685
1605180992,38.48,74.0,50.205685
1605180993,38.4825,74.0,50.205685
1605180994,38.485,74.25,50.899757
1605180995,38.4875,74.25,50.899757
1605180996,38.49,74.75,51.314518
1605180997,38.4925,74.75,51.314518
1605180998,38.495,75.0,51.964493
1605180999,38.4975,75.0,51.964493
1605181000,38.5,75.25,50.052803
1605181001,38.5025,75.5,50.05929
1605181002,38.505,75.75,48.624073
1605181003,38.5075,75.75,48.624073
1605181004,38.51,76.25,47.152092
1605181005,38.5125,76.0,48.379032
1605181006,38.515,76.25,47.152092
1605181007,38.5175,76.0,48.379032
1605181008,38.519999999999996,76.25,47.152092
1605181009,38.5225,76.0,48.379032
1605181010,38.525,75.86111111111111,48.624073
1605181011,38.5275,75.72222222222223,50.05929
1605181012,38.53,75.58333333333333,50.05929
1605181013,38.5325,75.44444444444444,50.052803
1605181014,38.535,75.30555555555556,50.052803
1605181015,38.5375,75.16666666666667,51.964493
1605181016,38.54,75.02777777777777,51.964493
1605181017,38.5425,74.88888888888889,51.314518
1605181018,38.545,74.75,51.314518
1605181019,38.5475,75.0,51.964493
1605181020,38.55,75.25,50.052803
1605181021,38.5525,75.5,50.05929
1605181022,38.555,75.75,48.624073
1605181023,38.5575,76.25,47.152092
1605181024,38.56,76.5,46.924698
1605181025,38.5625,77.0,46.50012
1605181026,38.565,77.25,45.437992
1605181027,38.5675,77.25,45.437992
1605181028,38.57,77.5,47.31168
1605181029,38.5725,77.5,47.31168
1605181030,38.575,77.25,45.437992
1605181031,38.5775,77.25,45.437992
1605181032,38.58,77.0,46.50012
1605181033,38.582499999999996,76.5,46.924698
1605181034,38.585,76.75,46.183815
1605181035,38.5875,76.75,46.183815
1605181036,38.59,76.5,46.924698
1605181037,38.5925,76.25,47.152092
1605181038,38.595,75.25,50.052803
1605181039,38.5975,75.25,50.052803
1605181040,38.6,74.75,51.314518
1605181041,38.6025,74.5,52.141636
1605181042,38.605,74.5,52.141636
1605181043,38.6075,74.0,50.205685
1605181044,38.61,73.75,48.733875
1605181045,38.6125,74.0,50.205685
1605181046,38.615,74.25,50.899757
1605181047,38.6175,74.5,52.141636
1605181048,38.62,74.75,51.314518
1605181049,38.6225,75.75,48.624073
1605181050,38.625,75.75,48.624073
1605181051,38.6275,76.25,47.152092
1605181052,38.63,76.25,47.152092
1605181053,38.6325,76.5,46.924698
1605181054,38.635,76.5,46.924698
1605181055,38.6375,76.25,47.152092
1605181056,38.64,75.75,48.624073
1605181057,38.6425,75.5,50.05929
1605181058,38.644999999999996,75.25,50.052803
1605181059,38.6475,74.5,52.141636
1605181060,38.65,74.5,52.141636
1605181061,38.6525,74.0,50.205685
1605181062,38.655,74.0,50.205685
1605181063,38.6575,73.75,48.733875
1605181064,38.66,73.5,50.19931
1605181065,38.6625,73.5,50.19931
1605181066,38.665,74.0,50.205685
1605181067,38.6675,74.0,50.205685
1605181068,38.67,74.25,50.899757
1605181069,38.6725,74.5,52.141636
1605181070,38.675,74.75,51.314518
1605181071,38.6775,75.0,51.964493
1605181072,38.68,75.5,50.05929
1605181073,38.6825,75.5,50.05929
1605181074,38.685,75.5,50.05929
1605181075,38.6875,76.0,48.379032
1605181076,38.69,76.0,48.379032
1605181077,38.6925,75.75,48.624073
1605181078,38.695,75.5,50.05929
1605181079,38.6975,75.0,51.964493
1605181080,38.7,74.5,52.141636
1605181081,38.7025,74.5,52.141636
1605181082,38.705,74.25,50.899757
1605181083,38.707499999999996,73.75,48.733875
1605181084,38.71,73.75,48.733875
1605181085,38.7125,73.0,49.394947
1605181086,38.715,73.0,49.394947
1605181087,38.7175,73.25,50.083836
1605181088,38.72,73.0,49.394947
1605181089,38.7225,73.0,49.394947
1605181090,38.725,73.0,49.394947
1605181091,38.7275,73.25,50.083836
1605181092,38.73,73.75,48.733875
1605181093,38.7325,73.75,48.733875
1605181094,38.735,73.75,48.733875
1605181095,38.7375,74.0,50.205685
1605181096,38.74,73.5,50.19931
1605181097,38.7425,74.0,50.205685
1605181098,38.745,73.75,48.733875
1605181099,38.7475,73.25,50.083836
1605181100,38.75,73.0,49.394947
1605181101,38.7525,73.0,49.394947
1605181102,38.755,73.0,49.394947
1605181103,38.7575,72.75,49.759644
1605181104,38.76,72.5,50.502464
1605181105,38.7625,72.5,50.502464
1605181106,38.765,72.5,50.502464
1605181107,38.7675,72.5,50.502464
1605181108,38.769999999999996,72.5,50.502464
1605181109,38.7725,73.0,49.394947
1605181110,38.775,73.25,50.083836
1605181111,38.7775,73.5,50.19931
1605181112,38.78,73.75,48.733875
1605181113,38.7825,74.0,50.205685
1605181114,38.785,74.5,52.141636
1605181115,38.7875,74.75,51.314518
1605181116,38.79,75.0,51.964493
1605181117,38.7925,75.0,51.964493
1605181118,38.795,75.25,50.052803
1605181119,38.7975,75.75,48.624073
1605181120,38.8,75.5,50.05929
1605181121,38.8025,75.25,50.052803
1605181122,38.805,75.25,50.052803
1605181123,38.8075,74.75,51.314518
1605181124,38.81,74.5,52.141636
1605181125,38.8125,74.25,50.899757
1605181126,38.815,74.0,50.205685
1605181127,38.8175,74.0,50.205685
1605181128,38.82,73.5,50.19931
1605181129,38.8225,73.5,50.19931
1605181130,38.825,73.25,50.083836
1605181131,38.8275,73.0,49.394947
1605181132,38.83,73.5,50.19931
1605181133,38.832499999999996,73.5,50.19931
1605181134,38.835,73.75,48.733875
1605181135,38.8375,74.0,50.205685
1605181136,38.84,75.0,51.964493
1605181137,38.8425,75.25,50.052803
1605181138,38.845,75.75,48.624073
1605181139,38.8475,75.5,50.05929
1605181140,38.85,75.75,48.624073
1605181141,38.8525,75.75,48.624073
1605181142,38.855,75.5,50.05929
1605181143,38.8575,75.0,51.964493
1605181144,38.86,75.0,51.964493
1605181145,38.8625,75.0,51.964493
1605181146,38.865,74.75,51.314518
1605181147,38.8675,74.75,51.314518
1605181148,38.87,74.75,51.314518
1605181149,38.8725,74.75,51.314518
1605181150,38.875,74.75,51.314518
1605181151,38.8775,74.25,50.899757
1605181152,38.88,74.5,52.141636
1605181153,38.8825,74.75,51.314518
1605181154,38.885,75.0,51.964493
1605181155,38.8875,74.5,52.141636
1605181156,38.89,74.5,52.141636
1605181157,38.8925,74.25,50.899757
1605181158,38.894999999999996,74.0,50.205685
1605181159,38.8975,74.0,50.205685
1605181160,38.9,73.75,48.733875
1605181161,38.9025,73.75,48.733875
1605181162,38.905,73.5,50.19931
1605181163,38.9075,73.0,49.394947
1605181164,38.91,72.75,49.759644
1605181165,38.9125,73.0,49.394947
1605181166,38.915,73.0,49.394947
1605181167,38.9175,73.0,49.394947
1605181168,38.92,73.0,49.394947
1605181169,38.9225,73.25,50.083836
1605181170,38.925,73.25,50.083836
1605181171,38.9275,73.5,50.19931
1605181172,38.93,74.0,50.205685
1605181173,38.9325,74.0,50.205685
1605181174,38.935,74.25,50.899757
1605181175,38.9375,74.25,50.899757
1605181176,38.94,74.25,50.899757
1605181177,38.9425,74.25,50.899757
1605181178,38.945,74.5,52.141636
1605181179,38.9475,74.25,50.899757
1605181180,38.95,74.25,50.899757
1605181181,38.9525,74.0,50.205685
1605181182,38.955,74.0,50.205685
1605181183,38.957499999999996,73.75,48.733875
1605181184,38.96,73.5,50.19931
1605181185,38.9625,73.25,50.083836
1605181186,38.965,73.0,49.394947
1605181187,38.9675,72.75,49.759644
1605181188,38.97,72.5,50.502464
1605181189,38.9725,72.0,50.30758
1605181190,38.975,72.0,50.30758
1605181191,38.9775,72.0,50.30758
1605181192,38.98,72.0,50.30758
1605181193,38.9825,71.75,50.471626
1605181194,38.985,72.0,50.30758
1605181195,38.9875,72.0,50.30758
1605181196,38.99,72.25,50.960426
1605181197,38.9925,72.5,50.502464
1605181198,38.995,72.75,49.759644
1605181199,38.9975,72.75,49.759644
1605181200,39.0,73.0,49.394947
1605181201,39.0025,73.5,50.19931
1605181202,39.005,73.75,48.733875
1605181203,39.0075,73.5,50.19931
1605181204,39.01,73.75,48.733875
1605181205,39.0125,73.5,50.19931
1605181206,39.015,73.75,48.733875
1605181207,39.0175,73.5,50.19931
1605181208,39.019999999999996,73.25,50.083836
1605181209,39.0225,73.25,50.083836
1605181210,39.025,73.0,49.394947
1605181211,39.0275,72.75,49.759644
1605181212,39.03,72.25,50.960426
1605181213,39.0325,72.0,50.30758
1605181214,39.035,72.0,50.30758
1605181215,39.0375,71.75,50.471626
1605181216,39.04,71.75,50.471626
1605181217,39.0425,71.75,50.471626
1605181218,39.045,71.75,50.471626
1605181219,39.0475,71.75,50.471626
1605181220,39.05,71.71875,50.544163
1605181221,39.0525,71.6875,50.544163
1605181222,39.055,71.65625,50.544163
1605181223,39.0575,71.625,50.544163
1605181224,39.06,71.59375,50.544163
1605181225,39.0625,71.5625,50.544163
1605181226,39.065,71.53125,50.544163
1605181227,39.0675,71.5,50.544163
1605181228,39.07,72.0,50.30758
1605181229,39.0725,72.5,50.502464
1605181230,39.075,73.0,49.394947
1605181231,39.0775,73.0,49.394947
1605181232,39.08,73.5,50.19931
1605181233,39.082499999999996,74.0,50.205685
1605181234,39.085,74.25,50.899757
1605181235,39.0875,74.25,50.899757
1605181236,39.09,74.25,50.899757
1605181237,39.0925,74.5,52.141636
1605181238,39.095,74.75,51.314518
1605181239,39.0975,74.5,52.141636
1605181240,39.1,75.25,50.052803
1605181241,39.1025,75.5,50.05929
1605181242,39.105,75.25,50.052803
1605181243,39.1075,75.25,50.052803
1605181244,39.11,75.0,51.964493
1605181245,39.1125,75.0,51.964493
1605181246,39.115,75.0,51.964493
1605181247,39.1175,75.25,50.052803
1605181248,39.12,75.0,51.964493
1605181249,39.1225,74.75,51.314518
1605181250,39.125,74.0,50.205685
1605181251,39.1275,73.25,50.083836
1605181252,39.13,73.25,50.083836
1605181253,39.1325,73.5,50.19931
1605181254,39.135,73.0,49.394947
1605181255,39.1375,73.0,49.394947
1605181256,39.14,73.0,49.394947
1605181257,39.1425,72.75,49.759644
1605181258,39.144999999999996,73.0,49.394947
1605181259,39.1475,73.25,50.083836
1605181260,39.15,74.0,50.205685
1605181261,39.1525,74.5,52.141636
1605181262,39.155,74.0,50.205685
1605181263,39.1575,74.25,50.899757
1605181264,39.16,74.5,52.141636
1605181265,39.1625,75.0,51.964493
1605181266,39.165,75.25,50.052803
1605181267,39.1675,75.25,50.052803
1605181268,39.17,75.5,50.05929
1605181269,39.1725,75.25,50.052803
1605181270,39.175,75.25,50.052803
1605181271,39.1775,74.75,51.314518
1605181272,39.18,74.5,52.141636
1605181273,39.1825,74.25,50.899757
1605181274,39.185,74.75,51.314518
1605181275,39.1875,74.5,52.141636
1605181276,39.19,74.5,52.141636
1605181277,39.1925,74.5,52.141636
1605181278,39.195,74.0,50.205685
1605181279,39.1975,74.0,50.205685
1605181280,39.2,74.0,50.205685
1605181281,39.2025,74.0,50.205685
1605181282,39.205,74.0,50.205685
1605181283,39.207499999999996,74.0,50.205685
1605181284,39.21,74.0,50.205685
1605181285,39.2125,73.5,50.19931
1605181286,39.215,73.5,50.19931
1605181287,39.2175,73.25,50.083836
1605181288,39.22,73.0,49.394947
1605181289,39.2225,72.75,49.759644
1605181290,39.225,72.5,50.502464
1605181291,39.2275,72.25,50.960426
1605181292,39.23,71.75,50.471626
1605181293,39.2325,71.75,50.471626
1605181294,39.235,71.5,50.544163
1605181295,39.2375,71.5,50.544163
1605181296,39.24,71.5,50.544163
1605181297,39.2425,71.5,50.544163
1605181298,39.245,72.0,50.30758
1605181299,39.2475,72.25,50.960426
1605181300,39.25,72.5,50.502464
1605181301,39.2525,73.0,49.394947
1605181302,39.255,73.5,50.19931
1605181303,39.2575,73.5,50.19931
1605181304,39.26,73.75,48.733875
1605181305,39.2625,73.25,50.083836
1605181306,39.265,73.75,48.733875
1605181307,39.2675,73.75,48.733875
1605181308,39.269999999999996,73.5,50.19931
1605181309,39.2725,73.5,50.19931
1605181310,39.275,72.75,49.759644
1605181311,39.2775,72.25,50.960426
1605181312,39.28,72.75,49.759644
1605181313,39.2825,72.5,50.502464
1605181314,39.285,73.0,49.394947
1605181315,39.2875,73.0,49.394947
1605181316,39.29,73.25,50.083836
1605181317,39.2925,73.5,50.19931
1605181318,39.295,73.75,48.733875
1605181319,39.2975,74.25,50.899757
1605181320,39.3,74.25,50.899757
1605181321,39.3025,74.75,51.314518
1605181322,39.305,75.0,51.964493
1605181323,39.3075,75.25,50.052803
1605181324,39.31,75.25,50.052803
1605181325,39.3125,75.5,50.05929
1605181326,39.315,75.5,50.05929
1605181327,39.3175,75.25,50.052803
1605181328,39.32,75.5,50.05929
1605181329,39.3225,75.5,50.05929
1605181330,39.325,75.25,50.052803
1605181331,39.3275,75.25,50.052803
1605181332,39.33,75.25,50.052803
1605181333,39.332499999999996,74.75,51.314518
1605181334,39.335,75.25,50.052803
1605181335,39.3375,75.25,50.052803
1605181336,39.34,75.0,51.964493
1605181337,39.3425,75.0,51.964493
1605181338,39.345,74.5,52.141636
1605181339,39.3475,74.25,50.899757
1605181340,39.35,73.75,48.733875
1605181341,39.3525,74.0,50.205685
1605181342,39.355,73.5,50.19931
1605181343,39.3575,73.0,49.394947
1605181344,39.36,73.0,49.394947
1605181345,39.3625,73.0,49.394947
1605181346,39.365,72.75,49.759644
1605181347,39.3675,72.75,49.759644
1605181348,39.37,73.0,49.394947
1605181349,39.3725,73.0,49.394947
1605181350,39.375,73.0,49.394947
1605181351,39.3775,73.0,49.394947
1605181352,39.38,73.5,50.19931
1605181353,39.3825,73.5,50.19931
1605181354,39.385,73.75,48.733875
1605181355,39.3875,74.0,50.205685
1605181356,39.39,74.25,50.899757
1605181357,39.3925,74.0,50.205685
1605181358,39.394999999999996,74.0,50.205685
1605181359,39.3975,73.75,48.733875
1605181360,39.4,74.0,50.205685
1605181361,39.4025,73.5,50.19931
1605181362,39.405,73.25,50.083836
1605181363,39.4075,73.0,49.394947
1605181364,39.41,74.0,50.205685
1605181365,39.4125,74.0,50.205685
1605181366,39.415,73.75,48.733875
1605181367,39.4175,73.5,50.19931
1605181368,39.42,73.75,48.733875
1605181369,39.4225,73.75,48.733875
1605181370,39.425,74.0,50.205685
1605181371,39.4275,74.0,50.205685
1605181372,39.43,74.25,50.899757
1605181373,39.4325,74.25,50.899757
1605181374,39.435,75.0,51.964493
1605181375,39.4375,75.0,51.964493
1605181376,39.44,75.5,50.05929
1605181377,39.4425,75.0,51.964493
1605181378,39.445,75.5,50.05929
1605181379,39.4475,75.0,51.964493
1605181380,39.45,75.0,51.964493
1605181381,39.4525,75.0,51.964493
1605181382,39.455,74.75,51.314518
1605181383,39.457499999999996,74.75,51.314518
1605181384,39.46,74.25,50.899757
1605181385,39.4625,73.75,48.733875
1605181386,39.465,73.5,50.19931
1605181387,39.4675,73.5,50.19931
1605181388,39.47,73.25,50.083836
1605181389,39.4725,73.25,50.083836
1605181390,39.475,73.0,49.394947
1605181391,39.4775,73.0,49.394947
1605181392,39.48,71.75,50.471626
1605181393,39.4825,71.75,50.471626
1605181394,39.485,71.5,50.544163
1605181395,39.4875,72.0,50.30758
1605181396,39.49,72.0,50.30758
1605181397,39.4925,71.75,50.471626
1605181398,39.495,72.0,50.30758
1605181399,39.4975,72.0,50.30758
1605181400,39.5,71.75,50.471626
1605181401,39.5025,72.0,50.30758
1605181402,39.505,71.75,50.471626
1605181403,39.5075,72.0,50.30758
1605181404,39.51,72.25,50.960426
1605181405,39.5125,72.25,50.960426
1605181406,39.515,72.5,50.502464
1605181407,39.5175,72.5,50.502464
1605181408,39.519999999999996,72.5,50.502464
1605181409,39.5225,73.0,49.394947
1605181410,39.525,73.0,49.394947
1605181411,39.5275,73.25,50.083836
1605181412,39.53,73.25,50.083836
1605181413,39.5325,73.75,48.733875
1605181414,39.535,73.5,50.19931
1605181415,39.5375,73.5,50.19931
1605181416,39.54,73.5,50.19931
1605181417,39.5425,73.5,50.19931
1605181418,39.545,73.75,48.733875
1605181419,39.5475,73.75,48.733875
1605181420,39.55,73.5,50.19931
1605181421,39.5525,73.5,50.19931
1605181422,39.555,73.25,50.083836
1605181423,39.5575,73.0,49.394947
1605181424,39.56,73.0,49.394947
1605181425,39.5625,73.25,50.083836
1605181426,39.565,73.0,49.394947
1605181427,39.5675,72.75,49.759644
1605181428,39.57,73.0,49.394947
1605181429,39.5725,73.0,49.394947
1605181430,39.575,72.94444444444444,49.759644
1605181431,39.5775,72.88888888888889,49.759644
1605181432,39.58,72.83333333333333,49.759644
1605181433,39.582499999999996,72.77777777777779,49.759644
1605181434,39.585,72.72222222222221,50.502464
1605181435,39.5875,72.66666666666667,50.502464
1605181436,39.59,72.61111111111111,50.502464
1605181437,39.5925,72.55555555555556,50.502464
1605181438,39.595,72.5,50.502464
1605181439,39.5975,72.75,49.759644
1605181440,39.6,72.75,49.759644
1605181441,39.6025,72.25,50.960426
1605181442,39.605,72.75,49.759644
1605181443,39.6075,73.0,49.394947
1605181444,39.61,73.25,50.083836
1605181445,39.6125,73.5,50.19931
1605181446,39.615,74.0,50.205685
1605181447,39.6175,74.25,50.899757
1605181448,39.62,74.0,50.205685
1605181449,39.6225,74.5,52.141636
1605181450,39.625,75.0,51.964493
1605181451,39.6275,75.5,50.05929
1605181452,39.63,76.0,48.379032
1605181453,39.6325,75.75,48.624073
1605181454,39.635,75.75,48.624073
1605181455,39.6375,76.0,48.379032
1605181456,39.64,76.0,48.379032
1605181457,39.6425,76.0,48.379032
1605181458,39.644999999999996,75.75,48.624073
1605181459,39.6475,75.75,48.624073
1605181460,39.65,75.25,50.052803
1605181461,39.6525,75.0,51.964493
1605181462,39.655,74.5,52.141636
1605181463,39.6575,74.5,52.141636
1605181464,39.66,74.0,50.205685
1605181465,39.6625,73.75,48.733875
1605181466,39.665,73.5,50.19931
1605181467,39.6675,73.25,50.083836
1605181468,39.67,73.5,50.19931
1605181469,39.6725,73.0,49.394947
1605181470,39.675,73.0,49.394947
1605181471,39.6775,72.75,49.759644
1605181472,39.68,73.0,49.394947
1605181473,39.6825,73.25,50.083836
1605181474,39.685,73.5,50.19931
1605181475,39.6875,73.5,50.19931
1605181476,39.69,73.75,48.733875
1605181477,39.6925,74.0,50.205685
1605181478,39.695,73.5,50.19931
1605181479,39.6975,73.75,48.733875
1605181480,39.7,73.75,48.733875
1605181481,39.7025,74.0,50.205685
1605181482,39.705,74.0,50.205685
1605181483,39.707499999999996,73.75,48.733875
1605181484,39.71,73.25,50.083836
1605181485,39.7125,73.25,50.083836
1605181486,39.715,73.25,50.083836
1605181487,39.7175,73.25,50.083836
1605181488,39.72,73.25,50.083836
1605181489,39.7225,73.0,49.394947
1605181490,39.725,72.75,49.759644
1605181491,39.7275,73.0,49.394947
1605181492,39.73,72.75,49.759644
1605181493,39.7325,72.75,49.759644
1605181494,39.735,73.0,49.394947
1605181495,39.7375,73.25,50.083836
1605181496,39.74,73.25,50.083836
1605181497,39.7425,73.25,50.083836
1605181498,39.745,73.25,50.083836
1605181499,39.7475,73.5,50.19931
1605181500,39.75,73.25,50.083836
1605181501,39.7525,73.5,50.19931
1605181502,39.755,73.5,50.19931
1605181503,39.7575,73.75,48.733875
1605181504,39.76,73.5,50.19931
1605181505,39.7625,73.75,48.733875
1605181506,39.765,74.0,50.205685
1605181507,39.7675,74.0,50.205685
1605181508,39.769999999999996,74.0,50.205685
1605181509,39.7725,74.0,50.205685
1605181510,39.775,74.0,50.205685
1605181511,39.7775,74.0,50.205685
1605181512,39.78,74.0,50.205685
1605181513,39.7825,73.75,48.733875
1605181514,39.785,74.0,50.205685
1605181515,39.7875,74.25,50.899757
1605181516,39.79,74.0,50.205685
1605181517,39.7925,73.75,48.733875
1605181518,39.795,73.5,50.19931
1605181519,39.7975,73.5,50.19931
1605181520,39.8,73.25,50.083836
1605181521,39.8025,73.25,50.083836
1605181522,39.805,72.75,49.759644
1605181523,39.8075,72.75,49.759644
1605181524,39.81,72.5,50.502464
1605181525,39.8125,72.5,50.502464
1605181526,39.815,72.0,50.30758
1605181527,39.8175,72.0,50.30758
1605181528,39.82,72.0,50.30758
1605181529,39.8225,72.0,50.30758
1605181530,39.825,72.0,50.30758
1605181531,39.8275,72.0,50.30758
1605181532,39.83,71.75,50.471626
1605181533,39.832499999999996,72.25,50.960426
1605181534,39.835,72.75,49.759644
1605181535,39.8375,72.75,49.759644
1605181536,39.84,73.25,50.083836
1605181537,39.8425,73.5,50.19931
1605181538,39.845,73.75,48.733875
1605181539,39.8475,74.0,50.205685
1605181540,39.85,74.25,50.899757
1605181541,39.8525,74.5,52.141636
1605181542,39.855,74.75,51.314518
1605181543,39.8575,75.0,51.964493
1605181544,39.86,75.0,51.964493
1605181545,39.8625,74.25,50.899757
1605181546,39.865,74.0,50.205685
1605181547,39.8675,73.75,48.733875
1605181548,39.87,73.75,48.733875
1605181549,39.8725,73.75,48.733875
1605181550,39.875,73.25,50.083836
1605181551,39.8775,73.0,49.394947
1605181552,39.88,73.0,49.394947
1605181553,39.8825,73.0,49.394947
1605181554,39.885,72.5,50.502464
1605181555,39.8875,72.75,49.759644
1605181556,39.89,72.75,49.759644
1605181557,39.8925,73.0,49.394947
1605181558,39.894999999999996,73.5,50.19931
1605181559,39.8975,73.25,50.083836
1605181560,39.9,73.5,50.19931
1605181561,39.9025,74.0,50.205685
1605181562,39.905,73.75,48.733875
1605181563,39.9075,74.0,50.205685
1605181564,39.91,73.75,48.733875
1605181565,39.9125,74.0,50.205685
1605181566,39.915,74.0,50.205685
1605181567,39.9175,74.25,50.899757
1605181568,39.92,74.25,50.899757
1605181569,39.9225,74.25,50.899757
1605181570,39.925,74.0,50.205685
1605181571,39.9275,73.75,48.733875
1605181572,39.93,73.5,50.19931
1605181573,39.9325,73.75,48.733875
1605181574,39.935,73.5,50.19931
1605181575,39.9375,73.25,50.083836
1605181576,39.94,72.75,49.759644
1605181577,39.9425,72.75,49.759644
1605181578,39.945,73.0,49.394947
1605181579,39.9475,72.75,49.759644
1605181580,39.95,72.75,49.759644
1605181581,39.9525,72.75,49.759644
1605181582,39.955,72.5,50.502464
1605181583,39.957499999999996,72.75,49.759644
1605181584,39.96,72.5,50.502464
1605181585,39.9625,72.75,49.759644
1605181586,39.965,72.75,49.759644
1605181587,39.9675,72.75,49.759644
1605181588,39.97,72.75,49.759644
1605181589,39.9725,72.75,49.759644
1605181590,39.975,72.75,49.759644
1605181591,39.9775,72.75,49.759644
1605181592,39.98,73.25,50.083836
1605181593,39.9825,73.25,50.083836
1605181594,39.985,73.25,50.083836
1605181595,39.9875,73.25,50.083836
1605181596,39.99,73.25,50.083836
1605181597,39.9925,72.75,49.759644
1605181598,39.995,72.5,50.502464
1605181599,39.9975,72.5,50.502464
1605181600,40.0,72.25,50.960426
1605181601,40.0025,72.25,50.960426
1605181602,40.005,72.5,50.502464
1605181603,40.0075,72.0,50.30758
1605181604,40.01,72.25,50.960426
1605181605,40.0125,72.0,50.30758
1605181606,40.015,72.25,50.960426
1605181607,40.0175,72.25,50.960426
1605181608,40.019999999999996,72.75,49.759644
1605181609,40.0225,73.5,50.19931
1605181610,40.025,73.5,50.19931
1605181611,40.0275,73.5,50.19931
1605181612,40.03,73.75,48.733875
1605181613,40.0325,73.75,48.733875
1605181614,40.035,74.0,50.205685
1605181615,40.0375,74.25,50.899757
1605181616,40.04,74.0,50.205685
1605181617,40.0425,74.25,50.899757
1605181618,40.045,74.25,50.899757
1605181619,40.0475,74.0,50.205685
1605181620,40.05,73.75,48.733875
1605181621,40.0525,73.75,48.733875
1605181622,40.055,73.75,48.733875
1605181623,40.0575,73.75,48.733875
1605181624,40.06,73.5,50.19931
1605181625,40.0625,73.25,50.083836
1605181626,40.065,73.25,50.083836
1605181627,40.0675,73.25,50.083836
1605181628,40.07,73.25,50.083836
1605181629,40.0725,73.25,50.083836
1605181630,40.075,73.0,49.394947
1605181631,40.0775,73.25,50.083836
1605181632,40.08,72.75,49.759644
1605181633,40.082499999999996,72.75,49.759644
1605181634,40.085,72.75,49.759644
1605181635,40.0875,72.5,50.502464
1605181636,40.09,72.25,50.960426
1605181637,40.0925,72.0,50.30758
1605181638,40.095,72.25,50.960426
1605181639,40.0975,72.0,50.30758
1605181640,40.1,71.91666666666666,50.471626
1605181641,40.1025,71.83333333333333,50.471626
1605181642,40.105,71.75,50.471626
1605181643,40.1075,71.66666666666667,50.544163
1605181644,40.11,71.58333333333333,50.544163
1605181645,40.1125,71.5,50.544163
1605181646,40.115,71.41666666666667,51.26602
1605181647,40.1175,71.33333333333334,51.26602
1605181648,40.12,71.25,51.26602
1605181649,40.1225,71.25,51.26602
1605181650,40.125,71.5,50.544163
1605181651,40.1275,71.25,51.26602
1605181652,40.13,71.0,50.89201
1605181653,40.1325,71.25,51.26602
1605181654,40.135,71.5,50.544163
1605181655,40.1375,71.75,50.471626
1605181656,40.14,72.0,50.30758
1605181657,40.1425,72.0,50.30758
1605181658,40.144999999999996,72.25,50.960426
1605181659,40.1475,72.75,49.759644
1605181660,40.15,72.75,49.759644
1605181661,40.1525,72.75,49.759644
1605181662,40.155,73.25,50.083836
1605181663,40.1575,73.25,50.083836
1605181664,40.16,73.5,50.19931
1605181665,40.1625,73.5,50.19931
1605181666,40.165,73.5,50.19931
1605181667,40.1675,73.5,50.19931
1605181668,40.17,73.5,50.19931
1605181669,40.1725,73.75,48.733875
1605181670,40.175,74.0,50.205685
1605181671,40.1775,74.0,50.205685
1605181672,40.18,74.0,50.205685
1605181673,40.1825,74.0,50.205685
1605181674,40.185,74.0,50.205685
1605181675,40.1875,73.75,48.733875
1605181676,40.19,73.75,48.733875
1605181677,40.1925,74.25,50.899757
1605181678,40.195,74.0,50.205685
1605181679,40.1975,73.75,48.733875
1605181680,40.2,73.5,50.19931
1605181681,40.2025,73.5,50.19931
1605181682,40.205,73.25,50.083836
1605181683,40.207499999999996,72.75,49.759644
1605181684,40.21,72.75,49.759644
1605181685,40.2125,72.5,50.502464
1605181686,40.215,72.5,50.502464
1605181687,40.2175,72.25,50.960426
1605181688,40.22,71.75,50.471626
1605181689,40.2225,71.5,50.544163
1605181690,40.225,71.5,50.544163
1605181691,40.2275,71.5,50.544163
1605181692,40.23,71.5,50.544163
1605181693,40.2325,71.5,50.544163
1605181694,40.235,71.25,51.26602
1605181695,40.2375,71.75,50.471626
1605181696,40.24,72.0,50.30758
1605181697,40.2425,72.0,50.30758
1605181698,40.245,72.25,50.960426
1605181699,40.2475,72.5,50.502464
1605181700,40.25,72.25,50.960426
1605181701,40.2525,72.5,50.502464
1605181702,40.255,72.75,49.759644
1605181703,40.2575,73.0,49.394947
1605181704,40.26,73.0,49.394947
1605181705,40.2625,73.0,49.394947
1605181706,40.265,73.0,49.394947
1605181707,40.2675,72.75,49.759644
1605181708,40.269999999999996,73.0,49.394947
1605181709,40.2725,73.25,50.083836
1605181710,40.275,73.5,50.19931
1605181711,40.2775,73.75,48.733875
1605181712,40.28,73.5,50.19931
1605181713,40.2825,73.75,48.733875
1605181714,40.285,73.75,48.733875
1605181715,40.2875,73.75,48.733875
1605181716,40.29,74.0,50.205685
1605181717,40.2925,74.25,50.899757
1605181718,40.295,74.25,50.899757
1605181719,40.2975,74.0,50.205685
1605181720,40.3,73.5,50.19931
1605181721,40.3025,73.5,50.19931
1605181722,40.305,73.25,50.083836
1605181723,40.3075,73.0,49.394947
1605181724,40.31,72.75,49.759644
1605181725,40.3125,72.5,50.502464
1605181726,40.315,72.75,49.759644
1605181727,40.3175,72.5,50.502464
1605181728,40.32,72.0,50.30758
1605181729,40.3225,72.0,50.30758
1605181730,40.325,72.0,50.30758
1605181731,40.3275,72.0,50.30758
1605181732,40.33,72.5,50.502464
1605181733,40.332499999999996,72.25,50.960426
1605181734,40.335,72.75,49.759644
1605181735,40.3375,73.0,49.394947
1605181736,40.34,72.75,49.759644
1605181737,40.3425,73.25,50.083836
1605181738,40.345,73.25,50.083836
1605181739,40.3475,73.75,48.733875
1605181740,40.35,73.75,48.733875
1605181741,40.3525,74.0,50.205685
1605181742,40.355,74.25,50.899757
1605181743,40.3575,74.25,50.899757
1605181744,40.36,74.25,50.899757
1605181745,40.3625,74.5,52.141636
1605181746,40.365,74.0,50.205685
1605181747,40.3675,74.25,50.899757
1605181748,40.37,74.25,50.899757
1605181749,40.3725,73.5,50.19931
1605181750,40.375,74.0,50.205685
1605181751,40.3775,73.75,48.733875
1605181752,40.38,73.5,50.19931
1605181753,40.3825,73.5,50.19931
1605181754,40.385,73.25,50.083836
1605181755,40.3875,73.5,50.19931
1605181756,40.39,73.25,50.083836
1605181757,40.3925,73.5,50.19931
1605181758,40.394999999999996,73.75,48.733875
1605181759,40.3975,74.0,50.205685
1605181760,40.4,74.0,50.205685
1605181761,40.4025,73.75,48.733875
1605181762,40.405,73.75,48.733875
1605181763,40.4075,73.75,48.733875
1605181764,40.41,73.5,50.19931
1605181765,40.4125,73.75,48.733875
1605181766,40.415,73.75,48.733875
1605181767,40.4175,73.5,50.19931
1605181768,40.42,73.25,50.083836
1605181769,40.4225,73.25,50.083836
1605181770,40.425,73.25,50.083836
1605181771,40.4275,73.0,49.394947
1605181772,40.43,73.0,49.394947
1605181773,40.4325,73.0,49.394947
1605181774,40.435,73.25,50.083836
1605181775,40.4375,73.5,50.19931
1605181776,40.44,73.5,50.19931
1605181777,40.4425,73.75,48.733875
1605181778,40.445,74.25,50.899757
1605181779,40.4475,74.5,52.141636
1605181780,40.45,75.0,51.964493
1605181781,40.4525,75.25,50.052803
1605181782,40.455,75.5,50.05929
1605181783,40.457499999999996,75.5,50.05929
1605181784,40.46,76.25,47.152092
1605181785,40.4625,76.5,46.924698
1605181786,40.465,76.75,46.183815
1605181787,40.4675,76.75,46.183815
1605181788,40.47,76.75,46.183815
1605181789,40.4725,76.5,46.924698
1605181790,40.475,76.25,47.152092
1605181791,40.4775,76.0,48.379032
1605181792,40.48,75.75,48.624073
1605181793,40.4825,75.0,51.964493
1605181794,40.485,75.0,51.964493
1605181795,40.4875,74.25,50.899757
1605181796,40.49,73.75,48.733875
1605181797,40.4925,73.25,50.083836
1605181798,40.495,72.75,49.759644
1605181799,40.4975,72.25,50.960426
1605181800,40.5,72.25,50.960426
1605181801,40.5025,71.75,50.471626
1605181802,40.505,72.0,50.30758
1605181803,40.5075,71.5,50.544163
1605181804,40.51,71.25,51.26602
1605181805,40.5125,71.25,51.26602
1605181806,40.515,71.5,50.544163
1605181807,40.5175,71.5,50.544163
1605181808,40.519999999999996,71.75,50.471626
1605181809,40.5225,72.5,50.502464
1605181810,40.525,72.5,50.502464
1605181811,40.5275,73.0,49.394947
1605181812,40.53,72.75,49.759644
1605181813,40.5325,73.0,49.394947
1605181814,40.535,73.0,49.394947
1605181815,40.5375,73.5,50.19931
1605181816,40.54,73.25,50.083836
1605181817,40.5425,73.5,50.19931
1605181818,40.545,73.5,50.19931
1605181819,40.5475,73.5,50.19931
1605181820,40.55,73.5,50.19931
1605181821,40.5525,73.75,48.733875
1605181822,40.555,74.0,50.205685
1605181823,40.5575,73.75,48.733875
1605181824,40.56,73.5,50.19931
1605181825,40.5625,73.5,50.19931
1605181826,40.565,73.25,50.083836
1605181827,40.5675,73.25,50.083836
1605181828,40.57,73.0,49.394947
1605181829,40.5725,72.75,49.759644
1605181830,40.575,72.25,50.960426
1605181831,40.5775,72.25,50.960426
1605181832,40.58,71.5,50.544163
1605181833,40.582499999999996,71.75,50.471626
1605181834,40.585,71.75,50.471626
1605181835,40.5875,71.75,50.471626
1605181836,40.59,71.5,50.544163
1605181837,40.5925,71.25,51.26602
1605181838,40.595,71.25,51.26602
1605181839,40.5975,71.5,50.544163
1605181840,40.6,71.25,51.26602
1605181841,40.6025,71.25,51.26602
1605181842,40.605,71.5,50.544163
1605181843,40.6075,71.75,50.471626
1605181844,40.61,71.75,50.471626
1605181845,40.6125,71.75,50.471626
1605181846,40.615,72.25,50.960426
1605181847,40.6175,72.5,50.502464
1605181848,40.62,72.0,50.30758
1605181849,40.6225,72.0,50.30758
1605181850,40.625,72.0,50.30758
1605181851,40.6275,71.5,50.544163
1605181852,40.63,71.33333333333333,51.26602
1605181853,40.6325,71.16666666666666,50.89201
1605181854,40.635,71.0,50.89201
1605181855,40.6375,70.83333333333333,50.641895
1605181856,40.64,70.66666666666667,50.672424
1605181857,40.6425,70.5,50.672424
1605181858,40.644999999999996,70.33333333333334,50.785015
1605181859,40.6475,70.16666666666667,49.651237
1605181860,40.65,70.0,49.651237
1605181861,40.6525,69.5,47.781864
1605181862,40.655,69.5,47.781864
1605181863,40.6575,69.0,45.639843
1605181864,40.66,69.25,46.94069
1605181865,40.6625,69.5,47.781864
1605181866,40.665,70.0,49.651237
1605181867,40.6675,70.0,49.651237
1605181868,40.67,70.0,49.651237
1605181869,40.6725,70.5,50.672424
1605181870,40.675,71.0,50.89201
1605181871,40.6775,71.5,50.544163
1605181872,40.68,71.75,50.471626
1605181873,40.6825,72.0,50.30758
1605181874,40.685,72.5,50.502464
1605181875,40.6875,72.25,50.960426
1605181876,40.69,72.5,50.502464
1605181877,40.6925,73.0,49.394947
1605181878,40.695,73.5,50.19931
1605181879,40.6975,73.5,50.19931
1605181880,40.7,73.5,50.19931
1605181881,40.7025,73.5,50.19931
1605181882,40.705,73.25,50.083836
1605181883,40.707499999999996,73.0,49.394947
1605181884,40.71,72.75,49.759644
1605181885,40.7125,72.5,50.502464
1605181886,40.715,72.25,50.960426
1605181887,40.7175,72.25,50.960426
1605181888,40.72,72.25,50.960426
1605181889,40.7225,72.25,50.960426
1605181890,40.725,71.75,50.471626
1605181891,40.7275,71.5,50.544163
1605181892,40.73,72.0,50.30758
1605181893,40.7325,71.5,50.544163
1605181894,40.735,71.5,50.544163
1605181895,40.7375,71.75,50.471626
1605181896,40.74,72.0,50.30758
1605181897,40.7425,71.75,50.471626
1605181898,40.745,71.75,50.471626
1605181899,40.7475,72.0,50.30758
1605181900,40.75,72.0,50.30758
1605181901,40.7525,71.75,50.471626
1605181902,40.755,72.25,50.960426
1605181903,40.7575,72.75,49.759644
1605181904,40.76,72.5,50.502464
1605181905,40.7625,72.75,49.759644
1605181906,40.765,73.25,50.083836
1605181907,40.7675,73.0,49.394947
1605181908,40.769999999999996,73.0,49.394947
1605181909,40.7725,73.5,50.19931
1605181910,40.775,73.5,50.19931
1605181911,40.7775,73.5,50.19931
1605181912,40.78,73.25,50.083836
1605181913,40.7825,73.0,49.394947
1605181914,40.785,73.0,49.394947
1605181915,40.7875,72.25,50.960426
1605181916,40.79,71.75,50.471626
1605181917,40.7925,71.25,51.26602
1605181918,40.795,71.25,51.26602
1605181919,40.7975,70.75,50.641895
1605181920,40.8,70.5,50.672424
1605181921,40.8025,70.5,50.672424
1605181922,40.805,70.25,50.785015
1605181923,40.8075,70.25,50.785015
1605181924,40.81,70.5,50.672424
1605181925,40.8125,70.25,50.785015
1605181926,40.815,70.25,50.785015
1605181927,40.8175,70.0,49.651237
1605181928,40.82,70.25,50.785015
1605181929,40.8225,70.25,50.785015
1605181930,40.825,70.25,50.785015
1605181931,40.8275,70.5,50.672424
1605181932,40.83,70.75,50.641895
1605181933,40.832499999999996,71.0,50.89201
1605181934,40.835,71.0,50.89201
1605181935,40.8375,71.25,51.26602
1605181936,40.84,71.25,51.26602
1605181937,40.8425,71.5,50.544163
1605181938,40.845,71.75,50.471626
1605181939,40.8475,72.0,50.30758
1605181940,40.85,72.25,50.960426
1605181941,40.8525,72.25,50.960426
1605181942,40.855,72.5,50.502464
1605181943,40.8575,72.75,49.759644
1605181944,40.86,73.0,49.394947
1605181945,40.8625,72.75,49.759644
1605181946,40.865,73.0,49.394947
1605181947,40.8675,73.25,50.083836
1605181948,40.87,72.75,49.759644
1605181949,40.8725,73.25,50.083836
1605181950,40.875,73.5,50.19931
1605181951,40.8775,73.0,49.394947
1605181952,40.88,73.5,50.19931
1605181953,40.8825,73.5,50.19931
1605181954,40.885,73.75,48.733875
1605181955,40.8875,73.75,48.733875
1605181956,40.89,73.5,50.19931
1605181957,40.8925,73.5,50.19931
1605181958,40.894999999999996,73.5,50.19931
1605181959,40.8975,73.75,48.733875
1605181960,40.9,74.5,52.141636
1605181961,40.9025,74.0,50.205685
1605181962,40.905,73.75,48.733875
1605181963,40.9075,73.5,50.19931
1605181964,40.91,73.0,49.394947
1605181965,40.9125,73.0,49.394947
1605181966,40.915,72.5,50.502464
1605181967,40.9175,72.25,50.960426
1605181968,40.92,72.25,50.960426
1605181969,40.9225,72.5,50.502464
1605181970,40.925,72.5,50.502464
1605181971,40.9275,72.5,50.502464
1605181972,40.93,72.5,50.502464
1605181973,40.9325,72.25,50.960426
1605181974,40.935,72.0,50.30758
1605181975,40.9375,72.0,50.30758
1605181976,40.94,71.5,50.544163
1605181977,40.9425,71.25,51.26602
1605181978,40.945,71.25,51.26602
1605181979,40.9475,70.75,50.641895
1605181980,40.95,71.0,50.89201
1605181981,40.9525,70.75,50.641895
1605181982,40.955,70.75,50.641895
1605181983,40.957499999999996,71.25,51.26602
1605181984,40.96,71.5,50.544163
1605181985,40.9625,72.0,50.30758
1605181986,40.965,72.5,50.502464
1605181987,40.9675,72.5,50.502464
1605181988,40.97,73.0,49.394947
1605181989,40.9725,73.5,50.19931
1605181990,40.975,73.5,50.19931
1605181991,40.9775,73.5,50.19931
1605181992,40.98,73.5,50.19931
1605181993,40.9825,73.5,50.19931
1605181994,40.985,73.5,50.19931
1605181995,40.9875,73.25,50.083836
1605181996,40.99,73.25,50.083836
1605181997,40.9925,73.25,50.083836
1605181998,40.995,72.75,49.759644
1605181999,40.9975,72.75,49.759644
1605182000,41.0,72.25,50.960426
1605182001,41.0025,72.25,50.960426
1605182002,41.004999999999995,72.25,50.960426
1605182003,41.0075,72.0,50.30758
1605182004,41.01,72.0,50.30758
1605182005,41.0125,72.75,49.759644
1605182006,41.015,72.75,49.759644
1605182007,41.0175,73.0,49.394947
1605182008,41.019999999999996,73.0,49.394947
1605182009,41.0225,73.25,50.083836
1605182010,41.025,73.75,48.733875
1605182011,41.0275,73.75,48.733875
1605182012,41.03,73.75,48.733875
1605182013,41.0325,74.0,50.205685
1605182014,41.035,73.75,48.733875
1605182015,41.0375,73.75,48.733875
1605182016,41.04,73.75,48.733875
1605182017,41.0425,73.5,50.19931
1605182018,41.045,73.5,50.19931
1605182019,41.0475,73.5,50.19931
1605182020,41.05,73.25,50.083836
1605182021,41.0525,73.0,49.394947
1605182022,41.055,73.25,50.083836
1605182023,41.0575,73.25,50.083836
1605182024,41.06,73.5,50.19931
1605182025,41.0625,73.25,50.083836
1605182026,41.065,73.0,49.394947
1605182027,41.067499999999995,73.0,49.394947
1605182028,41.07,73.0,49.394947
1605182029,41.0725,73.0,49.394947
1605182030,41.075,73.75,48.733875
1605182031,41.0775,73.75,48.733875
1605182032,41.08,74.0,50.205685
1605182033,41.082499999999996,74.25,50.899757
1605182034,41.085,74.5,52.141636
1605182035,41.0875,74.5,52.141636
1605182036,41.09,75.0,51.964493
1605182037,41.0925,75.0,51.964493
1605182038,41.095,75.25,50.052803
1605182039,41.0975,75.5,50.05929
1605182040,41.1,75.25,50.052803
1605182041,41.1025,75.25,50.052803
1605182042,41.105,75.0,51.964493
1605182043,41.1075,75.0,51.964493
1605182044,41.11,74.5,52.141636
1605182045,41.1125,74.0,50.205685
1605182046,41.115,73.5,50.19931
1605182047,41.1175,73.25,50.083836
1605182048,41.12,72.75,49.759644
1605182049,41.1225,72.5,50.502464
1605182050,41.125,72.5,50.502464
1605182051,41.1275,72.0,50.30758
1605182052,41.129999999999995,72.0,50.30758
1605182053,41.1325,72.0,50.30758
1605182054,41.135,72.0,50.30758
1605182055,41.1375,71.75,50.471626
1605182056,41.14,71.75,50.471626
1605182057,41.1425,72.0,50.30758
1605182058,41.144999999999996,71.5,50.544163
1605182059,41.1475,71.5,50.544163
1605182060,41.15,71.5,50.544163
1605182061,41.1525,71.40625,51.26602
1605182062,41.155,71.3125,51.26602
1605182063,41.1575,71.21875,50.89201
1605182064,41.16,71.125,50.89201
1605182065,41.1625,71.03125,50.89201
1605182066,41.165,70.9375,50.641895
1605182067,41.1675,70.84375,50.641895
1605182068,41.17,70.75,50.641895
1605182069,41.1725,70.5,50.672424
1605182070,41.175,70.5,50.672424
1605182071,41.1775,70.5,50.672424
1605182072,41.18,70.5,50.672424
1605182073,41.1825,70.5,50.672424
1605182074,41.185,70.0,49.651237
1605182075,41.1875,70.25,50.785015
1605182076,41.19,70.5,50.672424
1605182077,41.192499999999995,70.75,50.641895
1605182078,41.195,70.5,50.672424
1605182079,41.1975,70.25,50.785015
1605182080,41.2,70.5,50.672424
1605182081,41.2025,70.5,50.672424
1605182082,41.205,70.5,50.672424
1605182083,41.207499999999996,71.0,50.89201
1605182084,41.21,71.25,51.26602
1605182085,41.2125,70.75,50.641895
1605182086,41.215,70.75,50.641895
1605182087,41.2175,71.0,50.89201
1605182088,41.22,70.75,50.641895
1605182089,41.2225,70.75,50.641895
1605182090,41.225,70.75,50.641895
1605182091,41.2275,70.75,50.641895
1605182092,41.23,70.75,50.641895
1605182093,41.2325,70.75,50.641895
1605182094,41.235,70.5,50.672424
1605182095,41.2375,70.5,50.672424
1605182096,41.24,70.5,50.672424
1605182097,41.2425,70.5,50.672424
1605182098,41.245,70.5,50.672424
1605182099,41.2475,70.75,50.641895
1605182100,41.25,70.75,50.641895
1605182101,41.2525,71.0,50.89201
1605182102,41.254999999999995,71.0,50.89201
1605182103,41.2575,71.0,50.89201
1605182104,41.26,71.0,50.89201
1605182105,41.2625,71.25,51.26602
1605182106,41.265,71.25,51.26602
1605182107,41.2675,71.25,51.26602
1605182108,41.269999999999996,71.25,51.26602
1605182109,41.2725,71.0,50.89201
1605182110,41.275,70.75,50.641895
1605182111,41.2775,70.5,50.672424
1605182112,41.28,70.25,50.785015
1605182113,41.2825,70.5,50.672424
1605182114,41.285,70.5,50.672424
1605182115,41.2875,70.75,50.641895
1605182116,41.29,70.75,50.641895
1605182117,41.2925,70.75,50.641895
1605182118,41.295,70.75,50.641895
1605182119,41.2975,71.0,50.89201
1605182120,41.3,71.0,50.89201
1605182121,41.3025,71.25,51.26602
1605182122,41.305,71.0,50.89201
1605182123,41.3075,71.0,50.89201
1605182124,41.31,70.75,50.641895
1605182125,41.3125,70.5,50.672424
1605182126,41.315,70.25,50.785015
1605182127,41.317499999999995,70.25,50.785015
1605182128,41.32,70.5,50.672424
1605182129,41.3225,70.25,50.785015
1605182130,41.325,70.0,49.651237
1605182131,41.3275,70.0,49.651237
1605182132,41.33,70.5,50.672424
1605182133,41.332499999999996,70.75,50.641895
1605182134,41.335,71.0,50.89201
1605182135,41.3375,71.5,50.544163
1605182136,41.34,71.75,50.471626
1605182137,41.3425,73.25,50.083836
1605182138,41.345,73.25,50.083836
1605182139,41.3475,74.0,50.205685
1605182140,41.35,73.75,48.733875
1605182141,41.3525,73.75,48.733875
1605182142,41.355,73.75,48.733875
1605182143,41.3575,73.25,50.083836
1605182144,41.36,73.0,49.394947
1605182145,41.3625,73.0,49.394947
1605182146,41.365,72.25,50.960426
1605182147,41.3675,72.25,50.960426
1605182148,41.37,72.0,50.30758
1605182149,41.3725,71.75,50.471626
1605182150,41.375,72.0,50.30758
1605182151,41.3775,71.75,50.471626
1605182152,41.379999999999995,72.0,50.30758
1605182153,41.3825,72.25,50.960426
1605182154,41.385,72.5,50.502464
1605182155,41.3875,72.5,50.502464
1605182156,41.39,72.5,50.502464
1605182157,41.3925,72.75,49.759644
1605182158,41.394999999999996,72.75,49.759644
1605182159,41.3975,73.25,50.083836
1605182160,41.4,73.5,50.19931
1605182161,41.4025,73.5,50.19931
1605182162,41.405,73.75,48.733875
1605182163,41.4075,74.0,50.205685
1605182164,41.41,73.75,48.733875
1605182165,41.4125,74.25,50.899757
1605182166,41.415,74.0,50.205685
1605182167,41.4175,74.0,50.205685
1605182168,41.42,73.5,50.19931
1605182169,41.4225,73.5,50.19931
1605182170,41.425,73.5,50.19931
1605182171,41.4275,73.25,50.083836
1605182172,41.43,73.25,50.083836
1605182173,41.4325,73.0,49.394947
1605182174,41.435,72.5,50.502464
1605182175,41.4375,72.25,50.960426
1605182176,41.44,72.0,50.30758
1605182177,41.442499999999995,71.75,50.471626
1605182178,41.445,71.5,50.544163
1605182179,41.4475,71.5,50.544163
1605182180,41.45,71.5,50.544163
1605182181,41.4525,71.25,51.26602
1605182182,41.455,71.0,50.89201
1605182183,41.457499999999996,71.0,50.89201
1605182184,41.46,71.0,50.89201
1605182185,41.4625,71.25,51.26602
1605182186,41.465,71.25,51.26602
1605182187,41.4675,71.75,50.471626
1605182188,41.47,71.5,50.544163
1605182189,41.4725,71.75,50.471626
1605182190,41.475,72.0,50.30758
1605182191,41.4775,72.0,50.30758
1605182192,41.48,72.5,50.502464
1605182193,41.4825,72.5,50.502464
1605182194,41.485,72.75,49.759644
1605182195,41.4875,72.0,50.30758
1605182196,41.49,72.0,50.30758
1605182197,41.4925,72.0,50.30758
1605182198,41.495,72.0,50.30758
1605182199,41.4975,71.75,50.471626
1605182200,41.5,72.0,50.30758
1605182201,41.5025,71.5,50.544163
1605182202,41.504999999999995,71.75,50.471626
1605182203,41.5075,72.0,50.30758
1605182204,41.51,71.5,50.544163
1605182205,41.5125,71.75,50.471626
1605182206,41.515,72.25,50.960426
1605182207,41.5175,71.75,50.471626
1605182208,41.519999999999996,71.75,50.471626
1605182209,41.5225,71.75,50.471626
1605182210,41.525,71.25,51.26602
1605182211,41.5275,71.25,51.26602
1605182212,41.53,71.0,50.89201
1605182213,41.5325,70.75,50.641895
1605182214,41.535,70.5,50.672424
1605182215,41.5375,70.25,50.785015
1605182216,41.54,69.75,48.146713
1605182217,41.5425,69.75,48.146713
1605182218,41.545,69.5,47.781864
1605182219,41.5475,69.5,47.781864
1605182220,41.55,69.0,45.639843
1605182221,41.5525,69.0,45.639843
1605182222,41.555,69.0,45.639843
1605182223,41.5575,69.25,46.94069
1605182224,41.56,69.25,46.94069
1605182225,41.5625,69.25,46.94069
1605182226,41.565,69.5,47.781864
1605182227,41.567499999999995,69.75,48.146713
1605182228,41.57,70.0,49.651237
1605182229,41.5725,70.5,50.672424
1605182230,41.575,71.0,50.89201
1605182231,41.5775,71.25,51.26602
1605182232,41.58,71.75,50.471626
1605182233,41.582499999999996,72.25,50.960426
1605182234,41.585,72.25,50.960426
1605182235,41.5875,72.5,50.502464
1605182236,41.59,73.0,49.394947
1605182237,41.5925,73.0,49.394947
1605182238,41.595,73.0,49.394947
1605182239,41.5975,72.5,50.502464
1605182240,41.6,72.75,49.759644
1605182241,41.6025,72.5,50.502464
1605182242,41.605,72.25,50.960426
1605182243,41.6075,72.0,50.30758
1605182244,41.61,72.0,50.30758
1605182245,41.6125,71.75,50.471626
1605182246,41.615,71.5,50.544163
1605182247,41.6175,71.25,51.26602
1605182248,41.62,71.0,50.89201
1605182249,41.6225,71.0,50.89201
1605182250,41.625,71.25,51.26602
1605182251,41.6275,71.0,50.89201
1605182252,41.629999999999995,71.0,50.89201
1605182253,41.6325,71.0,50.89201
1605182254,41.635,71.0,50.89201
1605182255,41.6375,71.0,50.89201
1605182256,41.64,70.875,50.641895
1605182257,41.6425,70.75,50.641895
1605182258,41.644999999999996,71.0,50.89201
1605182259,41.6475,71.0,50.89201
1605182260,41.65,71.25,51.26602
1605182261,41.6525,71.25,51.26602
1605182262,41.655,71.25,51.26602
1605182263,41.6575,71.25,51.26602
1605182264,41.66,71.0,50.89201
1605182265,41.6625,71.25,51.26602
1605182266,41.665,71.0,50.89201
1605182267,41.6675,71.0,50.89201
1605182268,41.67,70.75,50.641895
1605182269,41.6725,70.77777777777777,50.641895
1605182270,41.675,70.80555555555556,50.641895
1605182271,41.6775,70.83333333333334,50.641895
1605182272,41.68,70.86111111111111,50.641895
1605182273,41.6825,70.88888888888889,50.641895
1605182274,41.685,70.91666666666666,50.641895
1605182275,41.6875,70.94444444444444,50.641895
1605182276,41.69,70.97222222222223,50.641895
1605182277,41.692499999999995,71.0,50.89201
1605182278,41.695,71.0,50.89201
1605182279,41.6975,71.25,51.26602
1605182280,41.7,71.25,51.26602
1605182281,41.7025,71.75,50.471626
1605182282,41.705,71.75,50.471626
1605182283,41.707499999999996,71.75,50.471626
1605182284,41.71,71.75,50.471626
1605182285,41.7125,71.75,50.471626
1605182286,41.715,71.5,50.544163
1605182287,41.7175,71.0,50.89201
1605182288,41.72,70.75,50.641895
1605182289,41.7225,70.25,50.785015
1605182290,41.725,70.0,49.651237
1605182291,41.7275,69.5,47.781864
1605182292,41.73,69.0,45.639843
1605182293,41.7325,69.0,45.639843
1605182294,41.735,69.0,45.639843
1605182295,41.7375,69.0,45.639843
1605182296,41.74,69.25,46.94069
1605182297,41.7425,69.5,47.781864
1605182298,41.745,70.0,49.651237
1605182299,41.7475,70.0,49.651237
1605182300,41.75,70.5,50.672424
1605182301,41.7525,70.75,50.641895
1605182302,41.754999999999995,71.0,50.89201
1605182303,41.7575,71.0,50.89201
1605182304,41.76,71.0,50.89201
1605182305,41.7625,71.25,51.26602
1605182306,41.765,71.0,50.89201
1605182307,41.7675,70.75,50.641895
1605182308,41.769999999999996,71.0,50.89201
1605182309,41.7725,71.0,50.89201
1605182310,41.775,70.5,50.672424
1605182311,41.7775,70.5,50.672424
1605182312,41.78,71.0,50.89201
1605182313,41.7825,71.5,50.544163
1605182314,41.785,71.0,50.89201
1605182315,41.7875,71.25,51.26602
1605182316,41.79,71.25,51.26602
1605182317,41.7925,71.25,51.26602
1605182318,41.795,71.0,50.89201
1605182319,41.7975,70.75,50.641895
1605182320,41.8,71.0,50.89201
1605182321,41.8025,70.75,50.641895
1605182322,41.805,70.75,50.641895
1605182323,41.8075,70.5,50.672424
1605182324,41.81,70.75,50.641895
1605182325,41.8125,70.5,50.672424
1605182326,41.815,70.5,50.672424
1605182327,41.817499999999995,70.5,50.672424
1605182328,41.82,70.75,50.641895
1605182329,41.8225,70.75,50.641895
1605182330,41.825,70.5,50.672424
1605182331,41.8275,70.75,50.641895
1605182332,41.83,71.0,50.89201
1605182333,41.832499999999996,71.0,50.89201
1605182334,41.835,71.25,51.26602
1605182335,41.8375,71.25,51.26602
1605182336,41.84,71.25,51.26602
1605182337,41.8425,71.0,50.89201
1605182338,41.845,71.0,50.89201
1605182339,41.8475,71.0,50.89201
1605182340,41.85,71.0,50.89201
1605182341,41.8525,71.0,50.89201
1605182342,41.855,71.25,51.26602
1605182343,41.8575,71.0,50.89201
1605182344,41.86,71.0,50.89201
1605182345,41.8625,71.0,50.89201
1605182346,41.865,71.25,51.26602
1605182347,41.8675,71.25,51.26602
1605182348,41.87,71.5,50.544163
1605182349,41.8725,71.5,50.544163
1605182350,41.875,71.25,51.26602
1605182351,41.8775,71.5,50.544163
1605182352,41.879999999999995,71.25,51.26602
1605182353,41.8825,71.0,50.89201
1605182354,41.885,71.0,50.89201
1605182355,41.8875,70.75,50.641895
1605182356,41.89,70.25,50.785015
1605182357,41.8925,70.25,50.785015
1605182358,41.894999999999996,70.0,49.651237
1605182359,41.8975,69.75,48.146713
1605182360,41.9,69.5,47.781864
1605182361,41.9025,69.5,47.781864
1605182362,41.905,70.0,49.651237
1605182363,41.9075,69.75,48.146713
1605182364,41.91,69.75,48.146713
1605182365,41.9125,69.5,47.781864
1605182366,41.915,70.0,49.651237
1605182367,41.9175,70.0,49.651237
1605182368,41.92,69.75,48.146713
1605182369,41.9225,69.75,48.146713
1605182370,41.925,69.25,46.94069
1605182371,41.9275,69.25,46.94069
1605182372,41.93,69.5,47.781864
1605182373,41.9325,69.5,47.781864
1605182374,41.935,69.5,47.781864
1605182375,41.9375,69.25,46.94069
1605182376,41.94,69.5,47.781864
1605182377,41.942499999999995,69.75,48.146713
1605182378,41.945,70.0,49.651237
1605182379,41.9475,69.75,48.146713
1605182380,41.95,70.0,49.651237
1605182381,41.9525,70.25,50.785015
1605182382,41.955,70.25,50.785015
1605182383,41.957499999999996,70.25,50.785015
1605182384,41.96,70.0,49.651237
1605182385,41.9625,70.0,49.651237
1605182386,41.965,70.25,50.785015
1605182387,41.9675,70.25,50.785015
1605182388,41.97,70.25,50.785015
1605182389,41.9725,70.25,50.785015
1605182390,41.975,70.25,50.785015
1605182391,41.9775,70.25,50.785015
1605182392,41.98,70.25,50.785015
1605182393,41.9825,70.25,50.785015
1605182394,41.985,70.25,50.785015
1605182395,41.9875,70.25,50.785015
1605182396,41.99,70.25,50.785015
1605182397,41.9925,70.25,50.785015
1605182398,41.995,70.25,50.785015
1605182399,41.9975,70.25,50.785015
